0.000000  1.198757 -0.740379 -0.809953   152.721050 0.158203 10.232825 9.185553 8.589131 8.034060 -0.018530 -0.034460 -0.038351 0.011624 -0.007629 -0.022876 -0.034573 -0.038374 0.125455 0.054863 0.020863 0.002657 0.041914 0.077301 0.040548 0.015493 -0.001371 0.045646 0.106612 0.137107 0.145891 0.162982 8.662680 -2.349415 -2.349415 -2.349415 -2.349415 -0.040923 -0.034482 -0.036075 -0.041969
0.005000  1.193395 -0.770529 -1.335669   251.809367 0.167976 10.239949 9.190646 8.593380 8.037533 -0.015954 -0.032532 -0.036582 0.015428 -0.004609 -0.020477 -0.032651 -0.036606 0.133895 0.060427 0.025043 0.006096 0.046951 0.083780 0.045530 0.019454 0.001904 0.050835 0.114284 0.146021 0.155163 0.172950 8.666930 -2.441758 -2.441758 -2.441758 -2.441758 -0.039259 -0.032556 -0.034214 -0.040348
0.010000  1.185394 -0.799674 -1.865275   351.574741 0.177597 10.247008 9.195743 8.597661 8.041063 -0.013290 -0.030496 -0.034699 0.019278 -0.001516 -0.017985 -0.030619 -0.034724 0.142226 0.065980 0.029258 0.009594 0.051994 0.090215 0.050519 0.023457 0.005243 0.056025 0.121874 0.154811 0.164299 0.182758 8.671211 -2.530852 -2.530852 -2.530852 -2.530852 -0.037477 -0.030521 -0.032241 -0.038607
0.015000  1.174741 -0.827796 -2.395653   451.406303 0.187060 10.254000 9.200841 8.601971 8.044650 -0.010540 -0.028351 -0.032702 0.023174 0.001648 -0.015400 -0.028478 -0.032727 0.150445 0.071518 0.033504 0.013149 0.057040 0.096605 0.055513 0.027499 0.008645 0.061213 0.129378 0.163473 0.173294 0.192403 8.675522 -2.616635 -2.616635 -2.616635 -2.616635 -0.035577 -0.028376 -0.030157 -0.036747
0.020000  1.161441 -0.854877 -2.923615   550.681452 0.196359 10.260920 9.205937 8.606309 8.048291 -0.007705 -0.026098 -0.030592 0.027112 0.004882 -0.012723 -0.026230 -0.030618 0.158547 0.077037 0.037780 0.016759 0.062086 0.102946 0.060509 0.031579 0.012108 0.066395 0.136790 0.172001 0.182144 0.201878 8.679861 -2.699059 -2.699059 -2.699059 -2.699059 -0.033561 -0.026125 -0.027964 -0.034770
0.025000  1.145514 -0.880906 -3.445938   648.771612 0.205491 10.267764 9.211028 8.610671 8.051984 -0.004786 -0.023740 -0.028370 0.031090 0.008184 -0.009958 -0.023875 -0.028397 0.166528 0.082536 0.042084 0.020422 0.067129 0.109234 0.065505 0.035693 0.015630 0.071570 0.144108 0.180391 0.190843 0.211177 8.684224 -2.778086 -2.778086 -2.778086 -2.778086 -0.031430 -0.023767 -0.025662 -0.032675
0.030000  1.126997 -0.905873 -3.959384   745.048096 0.214449 10.274528 9.216111 8.615055 8.055726 -0.001788 -0.021278 -0.026040 0.035106 0.011550 -0.007106 -0.021418 -0.026068 0.174382 0.088010 0.046410 0.024135 0.072166 0.115464 0.070496 0.039839 0.019207 0.076733 0.151327 0.188638 0.199386 0.220297 8.688609 -2.853689 -2.853689 -2.853689 -2.853689 -0.029186 -0.021306 -0.023255 -0.030467
0.035000  1.105941 -0.929772 -4.460732   838.887989 0.223229 10.281208 9.221181 8.619456 8.059512 0.001287 -0.018718 -0.023605 0.039154 0.014977 -0.004171 -0.018861 -0.023633 0.182105 0.093454 0.050757 0.027894 0.077192 0.121632 0.075478 0.044012 0.022836 0.081879 0.158441 0.196737 0.207768 0.229231 8.693010 -2.925852 -2.925852 -2.925852 -2.925852 -0.026834 -0.018746 -0.020747 -0.028149
0.040000  1.082415 -0.952599 -4.946806   929.680008 0.231825 10.287798 9.226234 8.623870 8.063338 0.004434 -0.016062 -0.021069 0.043231 0.018460 -0.001158 -0.016208 -0.021098 0.189691 0.098863 0.055119 0.031694 0.082203 0.127734 0.080446 0.048208 0.026512 0.087005 0.165447 0.204682 0.215984 0.237974 8.697425 -2.994569 -2.994569 -2.994569 -2.994569 -0.024377 -0.016091 -0.018141 -0.025724
0.045000  1.056503 -0.974353 -5.414501   1016.830249 0.240232 10.294293 9.231264 8.628290 8.067199 0.007648 -0.013316 -0.018437 0.047331 0.021994 0.001928 -0.013466 -0.018467 0.197135 0.104234 0.059490 0.035531 0.087193 0.133763 0.085396 0.052422 0.030230 0.092104 0.172338 0.212469 0.224030 0.246521 8.701846 -3.059845 -3.059845 -3.059845 -3.059845 -0.021822 -0.013346 -0.015442 -0.023199
0.050000  1.028306 -0.995038 -5.860811   1099.767765 0.248444 10.300687 9.236265 8.632713 8.071089 0.010923 -0.010486 -0.015716 0.051448 0.025573 0.005081 -0.010639 -0.015747 0.204433 0.109559 0.063865 0.039397 0.092156 0.139715 0.090321 0.056647 0.033984 0.097172 0.179108 0.220092 0.231898 0.254867 8.706269 -3.121691 -3.121691 -3.121691 -3.121691 -0.019173 -0.010517 -0.012658 -0.020579
0.055000  0.997936 -1.014657 -6.282853   1177.949924 0.256456 10.306975 9.241232 8.637130 8.075002 0.014252 -0.007580 -0.012913 0.055575 0.029191 0.008295 -0.007736 -0.012944 0.211577 0.114832 0.068238 0.043287 0.097086 0.145583 0.095215 0.060877 0.037767 0.102201 0.185753 0.227545 0.239583 0.263005 8.710687 -3.180128 -3.180128 -3.180128 -3.180128 -0.016437 -0.007611 -0.009794 -0.017872
0.060000  0.965522 -1.033217 -6.677900   1250.867462 0.264262 10.313150 9.246157 8.641535 8.078929 0.017627 -0.004604 -0.010034 0.059707 0.032839 0.011561 -0.004763 -0.010066 0.218562 0.120047 0.072601 0.047194 0.101977 0.151361 0.100072 0.065106 0.041573 0.107185 0.192266 0.234822 0.247081 0.270931 8.715092 -3.235183 -3.235183 -3.235183 -3.235183 -0.013623 -0.004636 -0.006859 -0.015084
0.065000  0.931206 -1.050726 -7.043397   1318.049204 0.271855 10.319205 9.251033 8.645920 8.082864 0.021041 -0.001566 -0.007089 0.063834 0.036511 0.014873 -0.001728 -0.007121 0.225381 0.125197 0.076946 0.051109 0.106820 0.157041 0.104883 0.069324 0.045393 0.112117 0.198639 0.241917 0.254383 0.278638 8.719479 -3.286890 -3.286890 -3.286890 -3.286890 -0.010739 -0.001599 -0.003859 -0.012224
0.070000  0.895141 -1.067193 -7.376989   1379.066394 0.279230 10.325133 9.255851 8.650278 8.086798 0.024485 0.001523 -0.004086 0.067949 0.040198 0.018220 0.001359 -0.004119 0.232027 0.130274 0.081266 0.055024 0.111609 0.162617 0.109641 0.073525 0.049218 0.116989 0.204867 0.248822 0.261484 0.286119 8.723837 -3.335290 -3.335290 -3.335290 -3.335290 -0.007793 0.001491 -0.000806 -0.009302
0.075000  0.857493 -1.082631 -7.676542   1433.536585 0.286380 10.330926 9.260605 8.654599 8.090722 0.027950 0.004656 -0.001035 0.072042 0.043889 0.021594 0.004489 -0.001068 0.238494 0.135268 0.085552 0.058931 0.116334 0.168080 0.114337 0.077699 0.053041 0.121791 0.210941 0.255532 0.268377 0.293368 8.728158 -3.380426 -3.380426 -3.380426 -3.380426 -0.004795 0.004622 0.002293 -0.006326
0.080000  0.818436 -1.097050 -7.940162   1481.127071 0.293297 10.336576 9.265284 8.658875 8.094627 0.031425 0.007821 0.002055 0.076105 0.047577 0.024985 0.007652 0.002021 0.244774 0.140173 0.089795 0.062819 0.120986 0.173421 0.118963 0.081837 0.056850 0.126516 0.216853 0.262038 0.275054 0.300378 8.732434 -3.422346 -3.422346 -3.422346 -3.422346 -0.001756 0.007787 0.005427 -0.003307
0.085000  0.778154 -1.110464 -8.166214   1521.557819 0.299975 10.342075 9.269879 8.663094 8.098501 0.034901 0.011008 0.005171 0.080127 0.051250 0.028382 0.010837 0.005137 0.250858 0.144979 0.093984 0.066678 0.125557 0.178633 0.123509 0.085929 0.060637 0.131155 0.222596 0.268334 0.281509 0.307143 8.736654 -3.461101 -3.461101 -3.461101 -3.461101 0.001314 0.010974 0.008585 -0.000256
0.090000  0.736838 -1.122886 -8.353337   1554.603876 0.306405 10.347414 9.274382 8.667249 8.102336 0.038366 0.014206 0.008304 0.084098 0.054899 0.031774 0.014034 0.008270 0.256739 0.149675 0.098111 0.070499 0.130037 0.183707 0.127966 0.089965 0.064390 0.135697 0.228161 0.274411 0.287733 0.313654 8.740809 -3.496742 -3.496742 -3.496742 -3.496742 0.004404 0.014172 0.011756 0.002816
0.095000  0.694687 -1.134329 -8.500458   1580.097260 0.312581 10.352584 9.278781 8.671328 8.106121 0.041810 0.017404 0.011442 0.088008 0.058511 0.035151 0.017229 0.011407 0.262408 0.154254 0.102163 0.074270 0.134415 0.188632 0.132323 0.093935 0.068099 0.140133 0.233539 0.280260 0.293718 0.319903 8.744888 -3.529325 -3.529325 -3.529325 -3.529325 0.007502 0.017369 0.014928 0.005898
0.100000  0.651902 -1.144807 -8.606802   1597.928299 0.318493 10.357575 9.283066 8.675320 8.109843 0.045221 0.020589 0.014572 0.091845 0.062076 0.038500 0.020413 0.014537 0.267857 0.158703 0.106132 0.077981 0.138681 0.193399 0.136570 0.097827 0.071753 0.144452 0.238721 0.285873 0.299456 0.325882 8.748881 -3.558901 -3.558901 -3.558901 -3.558901 0.010596 0.020554 0.018091 0.008977
0.105000  0.608688 -1.154333 -8.671904   1608.046438 0.324133 10.362378 9.287228 8.679215 8.113493 0.048587 0.023751 0.017683 0.095600 0.065583 0.041810 0.023573 0.017648 0.273076 0.163014 0.110005 0.081620 0.142825 0.197998 0.140696 0.101631 0.075340 0.148644 0.243697 0.291242 0.304938 0.331584 8.752776 -3.585523 -3.585523 -3.585523 -3.585523 0.013674 0.023715 0.021231 0.012042
0.110000  0.565252 -1.162918 -8.695608   1610.460508 0.329492 10.366983 9.291255 8.683001 8.117058 0.051897 0.026876 0.020763 0.099259 0.069019 0.045070 0.026697 0.020728 0.278055 0.167175 0.113772 0.085176 0.146836 0.202419 0.144691 0.105336 0.078849 0.152698 0.248458 0.296357 0.310154 0.336999 8.756562 -3.609242 -3.609242 -3.609242 -3.609242 0.016724 0.026840 0.024338 0.015080
0.115000  0.521800 -1.170575 -8.678081   1605.238473 0.334562 10.371379 9.295135 8.686667 8.120528 0.055139 0.029953 0.023800 0.102813 0.072373 0.048267 0.029773 0.023764 0.282786 0.171175 0.117421 0.088636 0.150702 0.206652 0.148544 0.108929 0.082268 0.156603 0.252994 0.301208 0.315096 0.342117 8.760229 -3.630105 -3.630105 -3.630105 -3.630105 0.019734 0.029917 0.027398 0.018079
0.120000  0.478539 -1.177313 -8.619802   1592.506675 0.339332 10.375557 9.298859 8.690203 8.123890 0.058300 0.032969 0.026781 0.106249 0.075634 0.051388 0.032788 0.026745 0.287258 0.175005 0.120941 0.091991 0.154414 0.210685 0.152243 0.112400 0.085586 0.160349 0.257295 0.305786 0.319754 0.346931 8.763765 -3.648158 -3.648158 -3.648158 -3.648158 0.022692 0.032933 0.030400 0.021027
0.125000  0.435669 -1.183142 -8.521569   1572.448591 0.343793 10.379506 9.302416 8.693596 8.127133 0.061370 0.035913 0.029695 0.109556 0.078790 0.054424 0.035732 0.029658 0.291461 0.178652 0.124321 0.095227 0.157960 0.214510 0.155778 0.115738 0.088790 0.163924 0.261350 0.310081 0.324119 0.351430 8.767158 -3.663440 -3.663440 -3.663440 -3.663440 0.025585 0.035877 0.033331 0.023912
0.130000  0.393388 -1.188070 -8.384490   1545.303121 0.347936 10.383216 9.305794 8.696836 8.130246 0.064336 0.038774 0.032529 0.112723 0.081829 0.057361 0.038591 0.032493 0.295386 0.182107 0.127549 0.098335 0.161328 0.218114 0.159137 0.118931 0.091871 0.167317 0.265149 0.314083 0.328179 0.355604 8.770398 -3.675988 -3.675988 -3.675988 -3.675988 0.028403 0.038737 0.036181 0.026723
0.135000  0.351887 -1.192103 -8.209975   1511.362461 0.351750 10.386676 9.308982 8.699911 8.133218 0.067188 0.041539 0.035273 0.115739 0.084740 0.060190 0.041356 0.035236 0.299022 0.185359 0.130615 0.101302 0.164509 0.221488 0.162311 0.121968 0.094816 0.170519 0.268682 0.317783 0.331927 0.359445 8.773474 -3.685832 -3.685832 -3.685832 -3.685832 0.031132 0.041502 0.038937 0.029447
0.140000  0.311348 -1.195245 -7.999730   1470.969548 0.355226 10.389876 9.311970 8.702812 8.136037 0.069914 0.044197 0.037915 0.118593 0.087512 0.062897 0.044014 0.037878 0.302359 0.188396 0.133509 0.104118 0.167492 0.224620 0.165288 0.124838 0.097615 0.173517 0.271940 0.321169 0.335350 0.362941 8.776374 -3.692997 -3.692997 -3.692997 -3.692997 0.033764 0.044161 0.041589 0.032074
0.145000  0.271946 -1.197498 -7.755738   1424.515159 0.358354 10.392806 9.314749 8.705527 8.138695 0.072504 0.046739 0.040445 0.121275 0.090135 0.065474 0.046555 0.040408 0.305388 0.191210 0.136219 0.106773 0.170266 0.227502 0.168058 0.127532 0.100258 0.176303 0.274911 0.324233 0.338441 0.366084 8.779089 -3.697501 -3.697501 -3.697501 -3.697501 0.036286 0.046702 0.044126 0.034592
0.150000  0.233843 -1.198864 -7.480252   1372.434646 0.361124 10.395456 9.317307 8.708047 8.141179 0.074949 0.049154 0.042852 0.123775 0.092600 0.067910 0.048969 0.042816 0.308097 0.193789 0.138736 0.109256 0.172822 0.230123 0.170611 0.130039 0.102733 0.178865 0.277586 0.326964 0.341188 0.368863 8.781609 -3.699357 -3.699357 -3.699357 -3.699357 0.038688 0.049117 0.046537 0.036993
0.155000  0.197191 -1.199341 -7.175768   1315.204382 0.363527 10.397816 9.319635 8.710362 8.143482 0.077237 0.051432 0.045128 0.126083 0.094895 0.070196 0.051248 0.045091 0.310479 0.196125 0.141050 0.111558 0.175149 0.232474 0.172937 0.132350 0.105033 0.181195 0.279955 0.329353 0.343583 0.371268 8.783924 -3.698570 -3.698570 -3.698570 -3.698570 0.040963 0.051395 0.048815 0.039267
0.160000  0.162129 -1.198926 -6.845016   1253.337925 0.365552 10.399878 9.321725 8.712463 8.145594 0.079362 0.053566 0.047264 0.128190 0.097014 0.072323 0.053381 0.047227 0.312523 0.198209 0.143152 0.113671 0.177240 0.234544 0.175029 0.134455 0.107148 0.183284 0.282009 0.331391 0.345615 0.373291 8.786026 -3.695138 -3.695138 -3.695138 -3.695138 0.043100 0.053529 0.050949 0.041404
0.165000  0.128780 -1.197613 -6.490927   1187.381941 0.367191 10.401633 9.323568 8.714343 8.147508 0.081314 0.055546 0.049251 0.130089 0.098947 0.074283 0.055362 0.049215 0.314220 0.200031 0.145035 0.115585 0.179085 0.236327 0.176876 0.136347 0.109070 0.185122 0.283740 0.333067 0.347276 0.374921 8.787905 -3.689053 -3.689053 -3.689053 -3.689053 0.045092 0.055509 0.052932 0.043398
0.170000  0.097253 -1.195396 -6.116620   1117.911927 0.368435 10.403071 9.325156 8.715993 8.149215 0.083087 0.057367 0.051084 0.131772 0.100687 0.076069 0.057183 0.051047 0.315561 0.201584 0.146689 0.117295 0.180677 0.237813 0.178472 0.138018 0.110791 0.186703 0.285138 0.334374 0.348557 0.376151 8.789555 -3.680300 -3.680300 -3.680300 -3.680300 0.046932 0.057330 0.054758 0.045241
0.175000  0.067642 -1.192265 -5.725370   1045.527740 0.369274 10.404186 9.326481 8.717406 8.150708 0.084674 0.059021 0.052754 0.133231 0.102228 0.077674 0.058838 0.052718 0.316539 0.202861 0.148110 0.118792 0.182008 0.238994 0.179810 0.139461 0.112306 0.188019 0.286196 0.335303 0.349448 0.376970 8.790968 -3.668857 -3.668857 -3.668857 -3.668857 0.048613 0.058984 0.056419 0.046928
0.180000  0.040022 -1.188210 -5.320583   970.848999 0.369702 10.404970 9.327539 8.718577 8.151984 0.086070 0.060504 0.054259 0.134462 0.103564 0.079094 0.060322 0.054222 0.317147 0.203854 0.149290 0.120072 0.183073 0.239865 0.180882 0.140671 0.113608 0.189063 0.286906 0.335846 0.349944 0.377372 8.792139 -3.654694 -3.654694 -3.654694 -3.654694 0.050132 0.060468 0.057911 0.048452
0.185000  0.014453 -1.183218 -4.905771   894.510351 0.369710 10.405417 9.328322 8.719500 8.153035 0.087270 0.061811 0.055592 0.135458 0.104690 0.080323 0.061630 0.055556 0.317376 0.204559 0.150224 0.121129 0.183865 0.240419 0.181683 0.141641 0.114692 0.189830 0.287262 0.335996 0.350035 0.377348 8.793062 -3.637777 -3.637777 -3.637777 -3.637777 0.051483 0.061775 0.059229 0.049810
0.190000  -0.009025 -1.177274 -4.484519   817.156661 0.369292 10.405521 9.328826 8.720170 8.153859 0.088270 0.062940 0.056752 0.136217 0.105603 0.081359 0.062759 0.056716 0.317220 0.204971 0.150908 0.121960 0.184381 0.240650 0.182210 0.142369 0.115555 0.190315 0.287258 0.335748 0.349715 0.376891 8.793732 -3.618066 -3.618066 -3.618066 -3.618066 0.052663 0.062904 0.060371 0.050998
0.195000  -0.030387 -1.170365 -4.060458   739.438130 0.368441 10.405277 9.329048 8.720586 8.154451 0.089069 0.063887 0.057735 0.136734 0.106300 0.082198 0.063707 0.057699 0.316675 0.205084 0.151339 0.122560 0.184615 0.240554 0.182457 0.142849 0.116193 0.190515 0.286889 0.335094 0.348979 0.375996 8.794147 -3.595514 -3.595514 -3.595514 -3.595514 0.053670 0.063851 0.061333 0.052016
0.200000  -0.049631 -1.162472 -3.637235   662.005387 0.367152 10.404682 9.328984 8.720743 8.154811 0.089663 0.064652 0.058542 0.137007 0.106779 0.082839 0.064473 0.058506 0.315735 0.204897 0.151514 0.122929 0.184566 0.240128 0.182422 0.143082 0.116605 0.190426 0.286149 0.334029 0.347822 0.374656 8.794304 -3.570071 -3.570071 -3.570071 -3.570071 0.054504 0.064616 0.062115 0.052860
0.205000  -0.066767 -1.153578 -3.218480   585.504568 0.365420 10.403731 9.328632 8.720640 8.154938 0.090054 0.065234 0.059171 0.137036 0.107039 0.083282 0.065057 0.059135 0.314396 0.204406 0.151432 0.123066 0.184230 0.239367 0.182103 0.143064 0.116790 0.190046 0.285037 0.332551 0.346237 0.372866 8.794201 -3.541681 -3.541681 -3.541681 -3.541681 0.055164 0.065198 0.062716 0.053533
0.210000  -0.081829 -1.143666 -2.807780   510.572409 0.363241 10.402424 9.327992 8.720277 8.154830 0.090242 0.065634 0.059623 0.136820 0.107080 0.083527 0.065459 0.059588 0.312656 0.203611 0.151092 0.122969 0.183609 0.238272 0.181499 0.142796 0.116747 0.189374 0.283549 0.330654 0.344223 0.370624 8.793838 -3.510288 -3.510288 -3.510288 -3.510288 0.055651 0.065599 0.063139 0.054034
0.215000  -0.094864 -1.132716 -2.408645   437.831398 0.360613 10.400757 9.327063 8.719655 8.154490 0.090227 0.065856 0.059902 0.136359 0.106904 0.083577 0.065682 0.059867 0.310512 0.202511 0.150495 0.122641 0.182700 0.236840 0.180611 0.142278 0.116479 0.188410 0.281684 0.328338 0.341777 0.367925 8.793216 -3.475830 -3.475830 -3.475830 -3.475830 0.055968 0.065821 0.063384 0.054366
0.220000  -0.105940 -1.120710 -2.024483   367.884985 0.357533 10.398733 9.325847 8.718776 8.153919 0.090014 0.065900 0.060010 0.135657 0.106514 0.083434 0.065728 0.059975 0.307963 0.201107 0.149642 0.122084 0.181506 0.235072 0.179439 0.141513 0.115987 0.187156 0.279441 0.325600 0.338897 0.364767 8.792336 -3.438244 -3.438244 -3.438244 -3.438244 0.056117 0.065866 0.063454 0.054533
0.225000  -0.115140 -1.107628 -1.658567   301.312896 0.354001 10.396351 9.324346 8.717641 8.153121 0.089604 0.065773 0.059951 0.134715 0.105912 0.083102 0.065602 0.059917 0.305010 0.199401 0.148537 0.121301 0.180029 0.232970 0.177986 0.140502 0.115275 0.185613 0.276820 0.322441 0.335583 0.361151 8.791200 -3.397468 -3.397468 -3.397468 -3.397468 0.056104 0.065738 0.063355 0.054538
0.230000  -0.122562 -1.093452 -1.314008   238.666584 0.350018 10.393612 9.322563 8.716254 8.152099 0.089004 0.065478 0.059730 0.133537 0.105103 0.082585 0.065310 0.059697 0.301653 0.197396 0.147183 0.120295 0.178272 0.230535 0.176255 0.139251 0.114346 0.183784 0.273824 0.318861 0.331835 0.357076 8.789814 -3.353438 -3.353438 -3.353438 -3.353438 0.055932 0.065444 0.063091 0.054386
0.235000  -0.128320 -1.078163 -0.993733   180.464826 0.345583 10.390521 9.320501 8.714621 8.150859 0.088219 0.065021 0.059355 0.132130 0.104093 0.081890 0.064856 0.059321 0.297895 0.195095 0.145584 0.119072 0.176239 0.227771 0.174250 0.137763 0.113207 0.181674 0.270455 0.314862 0.327654 0.352542 8.788180 -3.306092 -3.306092 -3.306092 -3.306092 0.055610 0.064988 0.062669 0.054085
0.240000  -0.132544 -1.061746 -0.700455   127.189515 0.340701 10.387082 9.318167 8.712746 8.149407 0.087256 0.064411 0.058831 0.130497 0.102888 0.081022 0.064248 0.058798 0.293739 0.192504 0.143747 0.117639 0.173935 0.224683 0.171977 0.136045 0.111863 0.179287 0.266717 0.310448 0.323045 0.347554 8.786305 -3.255370 -3.255370 -3.255370 -3.255370 0.055143 0.064378 0.062094 0.053642
0.245000  -0.135374 -1.044184 -0.436653   79.281672 0.335374 10.383298 9.315566 8.710638 8.147750 0.086121 0.063654 0.058166 0.128648 0.101495 0.079991 0.063494 0.058134 0.289189 0.189629 0.141678 0.116002 0.171367 0.221275 0.169441 0.134104 0.110321 0.176630 0.262614 0.305621 0.318010 0.342114 8.784195 -3.201215 -3.201215 -3.201215 -3.201215 0.054539 0.063622 0.061376 0.053063
0.250000  -0.136963 -1.025463 -0.204550   37.137710 0.329608 10.379178 9.312706 8.708302 8.145896 0.084824 0.062760 0.057370 0.126588 0.099922 0.078804 0.062603 0.057339 0.284251 0.186476 0.139385 0.114169 0.168541 0.217555 0.166650 0.131946 0.108590 0.173710 0.258152 0.300389 0.312556 0.336227 8.781859 -3.143574 -3.143574 -3.143574 -3.143574 0.053808 0.062729 0.060522 0.052359
0.255000  -0.137475 -1.005570 -0.006092   1.105984 0.323409 10.374727 9.309595 8.705747 8.143853 0.083373 0.061737 0.056452 0.124327 0.098179 0.077470 0.061583 0.056421 0.278931 0.183053 0.136876 0.112149 0.165466 0.213529 0.163612 0.129582 0.106678 0.170535 0.253339 0.294757 0.306687 0.329900 8.779304 -3.082398 -3.082398 -3.082398 -3.082398 0.052959 0.061707 0.059543 0.051538
0.260000  -0.137083 -0.984496 0.157065   -28.516342 0.316784 10.369954 9.306242 8.702984 8.141632 0.081779 0.060597 0.055422 0.121875 0.096274 0.075999 0.060445 0.055392 0.273239 0.179370 0.134160 0.109952 0.162152 0.209207 0.160336 0.127019 0.104596 0.167114 0.248183 0.288732 0.300413 0.323139 8.776540 -3.017646 -3.017646 -3.017646 -3.017646 0.052003 0.060566 0.058448 0.050611
0.265000  -0.135966 -0.962233 0.283571   -51.486073 0.309742 10.364868 9.302655 8.700021 8.139242 0.080052 0.059348 0.054291 0.119240 0.094219 0.074403 0.059200 0.054261 0.267182 0.175436 0.131248 0.107587 0.158607 0.204598 0.156832 0.124268 0.102352 0.163457 0.242692 0.282325 0.293741 0.315953 8.773577 -2.949283 -2.949283 -2.949283 -2.949283 0.050948 0.059319 0.057248 0.049588
0.270000  -0.134310 -0.938775 0.372394   -67.616376 0.302293 10.359481 9.298848 8.696870 8.136694 0.078202 0.058003 0.053069 0.116435 0.092024 0.072691 0.057859 0.053040 0.260770 0.171261 0.128151 0.105066 0.154842 0.199712 0.153111 0.121341 0.099959 0.159574 0.236878 0.275544 0.286682 0.308353 8.770425 -2.877281 -2.877281 -2.877281 -2.877281 0.049808 0.057974 0.055955 0.048481
0.275000  -0.132306 -0.914120 0.422832   -76.778754 0.294448 10.353802 9.294829 8.693542 8.134001 0.076242 0.056574 0.051769 0.113471 0.089701 0.070875 0.056433 0.051741 0.254015 0.166857 0.124879 0.102401 0.150869 0.194561 0.149183 0.118248 0.097428 0.155477 0.230750 0.268401 0.279247 0.300348 8.767096 -2.801623 -2.801623 -2.801623 -2.801623 0.048594 0.056546 0.054579 0.047301
0.280000  -0.130146 -0.888270 0.434512   -78.904580 0.286218 10.347844 9.290612 8.690049 8.131173 0.074183 0.055071 0.050402 0.110360 0.087261 0.068968 0.054935 0.050375 0.246929 0.162235 0.121445 0.099602 0.146700 0.189156 0.145062 0.115001 0.094770 0.151178 0.224322 0.260908 0.271447 0.291952 8.763602 -2.722299 -2.722299 -2.722299 -2.722299 0.047317 0.055044 0.053133 0.046061
0.285000  -0.128026 -0.861229 0.407403   -73.986142 0.277618 10.341620 9.286210 8.686404 8.128223 0.072038 0.053508 0.048981 0.107113 0.084718 0.066982 0.053375 0.048955 0.239525 0.157410 0.117861 0.096683 0.142347 0.183511 0.140759 0.111613 0.091998 0.146689 0.217607 0.253079 0.263297 0.283177 8.759956 -2.639312 -2.639312 -2.639312 -2.639312 0.045990 0.053481 0.051628 0.044772
0.290000  -0.126137 -0.833004 0.341808   -62.077205 0.268662 10.335144 9.281634 8.682619 8.125164 0.069819 0.051896 0.047518 0.103745 0.082083 0.064929 0.051768 0.047492 0.231817 0.152393 0.114140 0.093657 0.137824 0.177639 0.136288 0.108097 0.089125 0.142023 0.210617 0.244927 0.254810 0.274039 8.756170 -2.552674 -2.552674 -2.552674 -2.552674 0.044624 0.051870 0.050078 0.043447
0.295000  -0.124671 -0.803608 0.238369   -43.293036 0.259365 10.328430 9.276900 8.678708 8.122009 0.067539 0.050248 0.046024 0.100267 0.079370 0.062821 0.050125 0.046000 0.223820 0.147199 0.110296 0.090535 0.133144 0.171553 0.131662 0.104466 0.086163 0.137195 0.203368 0.236467 0.246001 0.264552 8.752258 -2.462409 -2.462409 -2.462409 -2.462409 0.043233 0.050223 0.048494 0.042097
0.300000  -0.123814 -0.773057 0.098058   -17.809905 0.249743 10.321493 9.272021 8.674684 8.118771 0.065210 0.048577 0.044513 0.096694 0.076592 0.060671 0.048458 0.044490 0.215550 0.141841 0.106341 0.087332 0.128321 0.165270 0.126895 0.100733 0.083126 0.132218 0.195875 0.227716 0.236888 0.254733 8.748233 -2.368556 -2.368556 -2.368556 -2.368556 0.041828 0.048553 0.046889 0.040735
0.305000  -0.123749 -0.741370 -0.077830   14.135968 0.239814 10.314349 9.267010 8.670561 8.115464 0.062845 0.046893 0.042997 0.093039 0.073760 0.058492 0.046779 0.042974 0.207023 0.136335 0.102290 0.084060 0.123369 0.158804 0.122002 0.096912 0.080027 0.127106 0.188154 0.218690 0.227486 0.244600 8.744109 -2.271163 -2.271163 -2.271163 -2.271163 0.040422 0.046871 0.045276 0.039373
0.310000  -0.124649 -0.708572 -0.287686   52.250018 0.229597 10.307014 9.261884 8.666353 8.112099 0.060456 0.045211 0.041486 0.089314 0.070889 0.056297 0.045102 0.041465 0.198256 0.130696 0.098157 0.080733 0.118303 0.152170 0.116996 0.093017 0.076878 0.121875 0.180222 0.209407 0.217814 0.234170 8.739900 -2.170294 -2.170294 -2.170294 -2.170294 0.039025 0.045189 0.043664 0.038023
0.315000  -0.126680 -0.674690 -0.529601   96.181491 0.219109 10.299504 9.256656 8.662073 8.108691 0.058057 0.043540 0.039994 0.085535 0.067990 0.054096 0.043436 0.039973 0.189267 0.124937 0.093955 0.077364 0.113137 0.145385 0.111893 0.089060 0.073693 0.116538 0.172096 0.199885 0.207890 0.223464 8.735620 -2.066026 -2.066026 -2.066026 -2.066026 0.037650 0.043519 0.042068 0.036697
0.320000  -0.129995 -0.639757 -0.801381   145.526143 0.208371 10.291836 9.251341 8.657736 8.105253 0.055658 0.041893 0.038530 0.081713 0.065077 0.051902 0.041794 0.038511 0.180074 0.119075 0.089697 0.073965 0.107886 0.138465 0.106707 0.085056 0.070485 0.111111 0.163792 0.190143 0.197733 0.212501 8.731282 -1.958447 -1.958447 -1.958447 -1.958447 0.036308 0.041873 0.040497 0.035404
0.325000  -0.134739 -0.603809 -1.100565   199.829466 0.197404 10.284028 9.245953 8.653355 8.101797 0.053271 0.040280 0.037106 0.077862 0.062161 0.049726 0.040187 0.037087 0.170697 0.113125 0.085398 0.070550 0.102565 0.131425 0.101452 0.081018 0.067265 0.105609 0.155330 0.180199 0.187363 0.201301 8.726900 -1.847663 -1.847663 -1.847663 -1.847663 0.035009 0.040261 0.038962 0.034155
0.330000  -0.141042 -0.566889 -1.424447   258.590421 0.186227 10.276095 9.240507 8.648943 8.098335 0.050908 0.038711 0.035731 0.073995 0.059254 0.047580 0.038623 0.035713 0.161153 0.107102 0.081070 0.067130 0.097188 0.124283 0.096142 0.076958 0.064046 0.100045 0.146726 0.170075 0.176801 0.189886 8.722487 -1.733791 -1.733791 -1.733791 -1.733791 0.033762 0.038693 0.037473 0.032960
0.335000  -0.149020 -0.529039 -1.770093   321.265643 0.174863 10.268057 9.235018 8.644514 8.094879 0.048578 0.037195 0.034415 0.070124 0.056367 0.045472 0.037114 0.034398 0.151463 0.101021 0.076726 0.063717 0.091768 0.117054 0.090792 0.072889 0.060839 0.094435 0.137999 0.159789 0.166065 0.178278 8.718056 -1.616962 -1.616962 -1.616962 -1.616962 0.032577 0.037179 0.036041 0.031829
0.340000  -0.158774 -0.490311 -2.134372   387.274091 0.163332 10.259930 9.229499 8.640079 8.091441 0.046292 0.035743 0.033166 0.066261 0.053511 0.043414 0.035667 0.033150 0.141645 0.094896 0.072380 0.060323 0.086320 0.109755 0.085416 0.068823 0.057656 0.088792 0.129167 0.149361 0.155179 0.166497 8.713620 -1.497321 -1.497321 -1.497321 -1.497321 0.031463 0.035728 0.034673 0.030769
0.345000  -0.170389 -0.450756 -2.513977   456.002079 0.151657 10.251731 9.223964 8.635652 8.088031 0.044059 0.034361 0.031991 0.062417 0.050696 0.041413 0.034291 0.031978 0.131720 0.088741 0.068042 0.056958 0.080858 0.102403 0.080027 0.064772 0.054506 0.083130 0.120248 0.138813 0.144161 0.154567 8.709191 -1.375026 -1.375026 -1.375026 -1.375026 0.030426 0.034347 0.033377 0.029788
0.350000  -0.183933 -0.410431 -2.905454   526.808670 0.139860 10.243477 9.218425 8.631243 8.084659 0.041887 0.033056 0.030899 0.058603 0.047930 0.039478 0.032993 0.030887 0.121706 0.082572 0.063725 0.053632 0.075394 0.095011 0.074637 0.060748 0.051399 0.077463 0.111260 0.128165 0.133035 0.142509 8.704781 -1.250247 -1.250247 -1.250247 -1.250247 0.029474 0.033044 0.032161 0.028893
0.355000  -0.199457 -0.369398 -3.305228   599.031335 0.127962 10.235185 9.212897 8.626863 8.081335 0.039784 0.031836 0.029895 0.054829 0.045223 0.037616 0.031780 0.029883 0.111623 0.076402 0.059439 0.050355 0.069941 0.087597 0.069260 0.056759 0.048345 0.071803 0.102222 0.117436 0.121819 0.130346 8.700400 -1.123166 -1.123166 -1.123166 -1.123166 0.028612 0.031825 0.031030 0.028089
0.360000  -0.216993 -0.327719 -3.709638   671.991863 0.115985 10.226871 9.207390 8.622523 8.078068 0.037757 0.030706 0.028983 0.051104 0.042582 0.035833 0.030655 0.028973 0.101490 0.070243 0.055194 0.047135 0.064511 0.080175 0.063907 0.052816 0.045352 0.066163 0.093149 0.106648 0.110536 0.118101 8.696059 -0.993979 -0.993979 -0.993979 -0.993979 0.027845 0.030696 0.029991 0.027382
0.365000  -0.236555 -0.285462 -4.114961   745.002417 0.103952 10.218552 9.201916 8.618233 8.074865 0.035811 0.029669 0.028169 0.047437 0.040014 0.034135 0.029625 0.028160 0.091326 0.064108 0.050999 0.043980 0.059116 0.072760 0.058589 0.048929 0.042427 0.060555 0.084061 0.095819 0.099206 0.105795 8.691767 -0.862890 -0.862890 -0.862890 -0.862890 0.027177 0.029660 0.029046 0.026774
0.370000  -0.258138 -0.242696 -4.517446   817.371691 0.091884 10.210242 9.196487 8.614001 8.071733 0.033952 0.028730 0.027454 0.043836 0.037525 0.032527 0.028692 0.027447 0.081150 0.058009 0.046864 0.040897 0.053765 0.065365 0.053317 0.045104 0.039576 0.054988 0.074973 0.084969 0.087849 0.093451 8.687534 -0.730112 -0.730112 -0.730112 -0.730112 0.026611 0.028722 0.028200 0.026268
0.375000  -0.281719 -0.199494 -4.913345   888.411100 0.079803 10.201957 9.191111 8.609835 8.068678 0.032182 0.027890 0.026841 0.040307 0.035119 0.031011 0.027859 0.026835 0.070979 0.051958 0.042797 0.037891 0.048469 0.058004 0.048101 0.041349 0.036806 0.049474 0.065902 0.074118 0.076485 0.081090 8.683366 -0.595872 -0.595872 -0.595872 -0.595872 0.026148 0.027884 0.027455 0.025866
0.380000  -0.307255 -0.155930 -5.298943   957.440918 0.067728 10.193710 9.185798 8.605742 8.065706 0.030506 0.027151 0.026332 0.036857 0.032802 0.029591 0.027127 0.026327 0.060831 0.045963 0.038803 0.034968 0.043236 0.050689 0.042949 0.037672 0.034120 0.044022 0.056862 0.063285 0.065135 0.068734 8.679272 -0.460399 -0.460399 -0.460399 -0.460399 0.025790 0.027146 0.026811 0.025570
0.385000  -0.334685 -0.112082 -5.670588   1023.796314 0.055680 10.185516 9.180557 8.601728 8.062821 0.028925 0.026514 0.025925 0.033490 0.030576 0.028267 0.026497 0.025921 0.050723 0.040036 0.034889 0.032133 0.038076 0.043433 0.037869 0.034076 0.031523 0.038641 0.047870 0.052486 0.053816 0.056403 8.675257 -0.323934 -0.323934 -0.323934 -0.323934 0.025536 0.026510 0.026269 0.025377
0.390000  -0.363931 -0.068026 -6.024722   1086.833202 0.043679 10.177386 9.175394 8.597799 8.060025 0.027441 0.025977 0.025620 0.030211 0.028442 0.027042 0.025967 0.025618 0.040670 0.034184 0.031060 0.029388 0.032994 0.036246 0.032869 0.030567 0.029018 0.033337 0.038939 0.041741 0.042548 0.044118 8.671327 -0.186721 -0.186721 -0.186721 -0.186721 0.025383 0.025975 0.025829 0.025287
0.395000  -0.394897 -0.023843 -6.357910   1145.933856 0.031744 10.169334 9.170317 8.593960 8.057322 0.026053 0.025540 0.025414 0.027024 0.026404 0.025913 0.025536 0.025414 0.030689 0.028416 0.027321 0.026735 0.027999 0.029139 0.027955 0.027148 0.026605 0.028119 0.030083 0.031065 0.031348 0.031898 8.667486 -0.049010 -0.049010 -0.049010 -0.049010 0.025331 0.025539 0.025488 0.025298
0.400000  -0.427470 0.020388 -6.666869   1200.512221 0.019893 10.161370 9.165332 8.590213 8.054713 0.024760 0.025198 0.025305 0.023929 0.024459 0.024879 0.025201 0.025306 0.020795 0.022739 0.023675 0.024176 0.023095 0.022121 0.023133 0.023823 0.024287 0.022992 0.021314 0.020474 0.020232 0.019761 8.663738 0.088944 0.088944 0.088944 0.088944 0.025376 0.025199 0.025243 0.025405
0.405000  -0.461520 0.064585 -6.948492   1250.018869 0.008143 10.153504 9.160442 8.586561 8.052198 0.023560 0.024949 0.025289 0.020929 0.022609 0.023939 0.024959 0.025291 0.011000 0.017158 0.020123 0.021712 0.018287 0.015200 0.018406 0.020592 0.022063 0.017962 0.012643 0.009983 0.009217 0.007726 8.660085 0.226887 0.226887 0.226887 0.226887 0.025513 0.024951 0.025090 0.025604
0.410000  -0.496905 0.108667 -7.199876   1293.945546 -0.003489 10.145746 9.155653 8.583006 8.049777 0.022450 0.024789 0.025360 0.018025 0.020851 0.023088 0.024805 0.025363 0.001317 0.011679 0.016669 0.019341 0.013579 0.008385 0.013779 0.017457 0.019932 0.013031 0.004083 -0.000393 -0.001682 -0.004190 8.656528 0.364561 0.364561 0.364561 0.364561 0.025737 0.024792 0.025026 0.025891
0.415000  -0.533464 0.152555 -7.418346   1331.829282 -0.014988 10.138104 9.150967 8.579548 8.047449 0.021428 0.024710 0.025512 0.015215 0.019182 0.022324 0.024734 0.025517 -0.008240 0.006306 0.013311 0.017062 0.008974 0.001682 0.009255 0.014418 0.017892 0.008205 -0.004358 -0.010641 -0.012451 -0.015973 8.653069 0.501708 0.501708 0.501708 0.501708 0.026042 0.024715 0.025043 0.026258
0.420000  -0.571029 0.196169 -7.601474   1363.256007 -0.026339 10.130585 9.146385 8.576188 8.045211 0.020488 0.024709 0.025740 0.012498 0.017600 0.021639 0.024739 0.025746 -0.017662 0.001042 0.010050 0.014874 0.004473 -0.004903 0.004835 0.011473 0.015941 0.003484 -0.012670 -0.020749 -0.023077 -0.027605 8.649708 0.638073 0.638073 0.638073 0.638073 0.026421 0.024715 0.025137 0.026698
0.425000  -0.609417 0.239429 -7.747100   1387.863665 -0.037529 10.123197 9.141911 8.572925 8.043061 0.019624 0.024776 0.026034 0.009873 0.016099 0.021030 0.024813 0.026042 -0.026938 -0.004110 0.006885 0.012773 0.000078 -0.011366 0.000519 0.008622 0.014075 -0.001129 -0.020845 -0.030706 -0.033547 -0.039074 8.646443 0.773403 0.773403 0.773403 0.773403 0.026866 0.024783 0.025299 0.027205
0.430000  -0.648434 0.282258 -7.853350   1405.344793 -0.048545 10.115945 9.137543 8.569756 8.040994 0.018832 0.024905 0.026389 0.007336 0.014676 0.020489 0.024948 0.026397 -0.036060 -0.009148 0.003814 0.010755 -0.004211 -0.017702 -0.003691 0.005862 0.012290 -0.005634 -0.028877 -0.040502 -0.043851 -0.050367 8.643273 0.907448 0.907448 0.907448 0.907448 0.027369 0.024914 0.025521 0.027768
0.435000  -0.687882 0.324582 -7.918650   1415.448560 -0.059376 10.108833 9.133281 8.566680 8.039006 0.018104 0.025087 0.026793 0.004884 0.013325 0.020009 0.025137 0.026803 -0.045019 -0.014071 0.000834 0.008815 -0.008395 -0.023909 -0.007796 0.003188 0.010581 -0.010031 -0.036759 -0.050127 -0.053979 -0.061471 8.640196 1.039963 1.039963 1.039963 1.039963 0.027921 0.025097 0.025796 0.028380
0.440000  -0.727551 0.366325 -7.941738   1417.982250 -0.070012 10.101865 9.129124 8.563692 8.037093 0.017432 0.025314 0.027239 0.002513 0.012039 0.019583 0.025370 0.027251 -0.053809 -0.018881 -0.002059 0.006949 -0.012474 -0.029983 -0.011799 0.000599 0.008942 -0.014321 -0.044486 -0.059574 -0.063920 -0.072377 8.637207 1.170710 1.170710 1.170710 1.170710 0.028512 0.025325 0.026113 0.029030
0.445000  -0.767227 0.407419 -7.921675   1412.812208 -0.080444 10.095044 9.125071 8.560790 8.035247 0.016809 0.025575 0.027717 0.000216 0.010811 0.019201 0.025638 0.027729 -0.062423 -0.023577 -0.004868 0.005150 -0.016452 -0.035925 -0.015700 -0.001912 0.007367 -0.018505 -0.052054 -0.068835 -0.073669 -0.083074 8.634303 1.299459 1.299459 1.299459 1.299459 0.029132 0.025588 0.026465 0.029708
0.450000  -0.806694 0.447793 -7.857851   1399.864236 -0.090663 10.088373 9.121119 8.557968 8.033464 0.016227 0.025862 0.028216 -0.002010 0.009634 0.018856 0.025931 0.028230 -0.070857 -0.028161 -0.007598 0.003413 -0.020330 -0.041733 -0.019504 -0.004350 0.005849 -0.022587 -0.059461 -0.077904 -0.083217 -0.093554 8.631480 1.425986 1.425986 1.425986 1.425986 0.029771 0.025876 0.026839 0.030404
0.455000  -0.845732 0.487384 -7.749987   1379.123468 -0.100664 10.081851 9.117264 8.555221 8.031736 0.015677 0.026164 0.028726 -0.004172 0.008502 0.018539 0.026239 0.028741 -0.079107 -0.032636 -0.010254 0.001730 -0.024112 -0.047407 -0.023213 -0.006719 0.004382 -0.026569 -0.066702 -0.086777 -0.092559 -0.103810 8.628732 1.550078 1.550078 1.550078 1.550078 0.030419 0.026179 0.027228 0.031108
0.460000  -0.884121 0.526130 -7.598142   1350.633745 -0.110440 10.075480 9.113502 8.552545 8.030056 0.015150 0.026471 0.029236 -0.006277 0.007404 0.018239 0.026552 0.029252 -0.087169 -0.037004 -0.012843 0.000094 -0.027802 -0.052949 -0.026832 -0.009026 0.002957 -0.030454 -0.073778 -0.095449 -0.101691 -0.113836 8.626054 1.671533 1.671533 1.671533 1.671533 0.031064 0.026487 0.027619 0.031807
0.465000  -0.921641 0.563974 -7.402707   1314.496494 -0.119986 10.069260 9.109830 8.549932 8.028417 0.014637 0.026772 0.029736 -0.008331 0.006334 0.017948 0.026859 0.029754 -0.095041 -0.041268 -0.015369 -0.001501 -0.031404 -0.058360 -0.030364 -0.011278 0.001567 -0.034247 -0.080688 -0.103917 -0.110608 -0.123627 8.623440 1.790158 1.790158 1.790158 1.790158 0.031695 0.026789 0.028003 0.032492
0.470000  -0.958076 0.600860 -7.164402   1270.869169 -0.129300 10.063188 9.106242 8.547377 8.026811 0.014129 0.027057 0.030215 -0.010342 0.005282 0.017657 0.027149 0.030234 -0.102723 -0.045433 -0.017840 -0.003065 -0.034924 -0.063643 -0.033816 -0.013482 0.000204 -0.037953 -0.087431 -0.112179 -0.119308 -0.133178 8.620884 1.905776 1.905776 1.905776 1.905776 0.032302 0.027076 0.028368 0.033152
0.475000  -0.993215 0.636738 -6.884269   1219.963254 -0.138377 10.057263 9.102734 8.544873 8.025231 0.013616 0.027316 0.030663 -0.012316 0.004241 0.017354 0.027414 0.030682 -0.110214 -0.049503 -0.020263 -0.004605 -0.038366 -0.068800 -0.037192 -0.015644 -0.001141 -0.041576 -0.094008 -0.120234 -0.127789 -0.142487 8.618380 2.018218 2.018218 2.018218 2.018218 0.032874 0.027336 0.028706 0.033775
0.480000  -1.026852 0.671564 -6.563666   1162.041894 -0.147217 10.051483 9.099299 8.542414 8.023668 0.013089 0.027538 0.031068 -0.014262 0.003201 0.017032 0.027642 0.031089 -0.117513 -0.053482 -0.022643 -0.006129 -0.041736 -0.073835 -0.040498 -0.017771 -0.002475 -0.045122 -0.100422 -0.128082 -0.136050 -0.151552 8.615919 2.127331 2.127331 2.127331 2.127331 0.033401 0.027559 0.029004 0.034350
0.485000  -1.058787 0.705296 -6.204247   1097.417156 -0.155819 10.045846 9.095933 8.539993 8.022114 0.012539 0.027714 0.031421 -0.016186 0.002155 0.016680 0.027822 0.031443 -0.124623 -0.057376 -0.024987 -0.007644 -0.045040 -0.078751 -0.043740 -0.019871 -0.003807 -0.048596 -0.106673 -0.135723 -0.144091 -0.160372 8.613497 2.232977 2.232977 2.232977 2.232977 0.033871 0.027736 0.029253 0.034868
0.490000  -1.088833 0.737897 -5.807955   1026.446978 -0.164183 10.040347 9.092630 8.537602 8.020562 0.011957 0.027834 0.031712 -0.018095 0.001093 0.016289 0.027947 0.031735 -0.131545 -0.061189 -0.027304 -0.009159 -0.048284 -0.083552 -0.046923 -0.021951 -0.005144 -0.052003 -0.112766 -0.143158 -0.151913 -0.168946 8.611105 2.335029 2.335029 2.335029 2.335029 0.034275 0.027856 0.029444 0.035318
0.495000  -1.116809 0.769333 -5.377002   949.531842 -0.172310 10.034983 9.089383 8.535236 8.019004 0.011335 0.027888 0.031931 -0.019998 0.000007 0.015851 0.028006 0.031955 -0.138281 -0.064928 -0.029599 -0.010681 -0.051472 -0.088244 -0.050054 -0.024018 -0.006495 -0.055351 -0.118702 -0.150389 -0.159517 -0.177276 8.608738 2.433376 2.433376 2.433376 2.433376 0.034603 0.027911 0.029566 0.035691
0.500000  -1.142549 0.799578 -4.913851   867.111188 -0.180201 10.029750 9.086187 8.532886 8.017433 0.010663 0.027867 0.032070 -0.021901 -0.001109 0.015358 0.027990 0.032094 -0.144834 -0.068597 -0.031879 -0.012218 -0.054613 -0.092830 -0.053138 -0.026079 -0.007868 -0.058643 -0.124485 -0.157418 -0.166904 -0.185362 8.606388 2.527924 2.527924 2.527924 2.527924 0.034847 0.027892 0.029612 0.035978
0.505000  -1.165898 0.828609 -4.421191   779.659630 -0.187858 10.024644 9.083036 8.530548 8.015842 0.009936 0.027764 0.032119 -0.023811 -0.002264 0.014800 0.027892 0.032145 -0.151208 -0.072202 -0.034151 -0.013776 -0.057710 -0.097315 -0.056182 -0.028141 -0.009268 -0.061887 -0.130119 -0.164248 -0.174079 -0.193206 8.604048 2.618591 2.618591 2.618591 2.618591 0.034997 0.027790 0.029573 0.036169
0.510000  -1.186717 0.856405 -3.901921   687.682986 -0.195284 10.019660 9.079924 8.528215 8.014224 0.009145 0.027571 0.032072 -0.025734 -0.003464 0.014172 0.027703 0.032099 -0.157405 -0.075749 -0.036422 -0.015363 -0.060771 -0.101704 -0.059191 -0.030209 -0.010703 -0.065088 -0.135609 -0.170882 -0.181043 -0.200812 8.601714 2.705310 2.705310 2.705310 2.705310 0.035047 0.027597 0.029440 0.036258
0.515000  -1.204878 0.882954 -3.359120   591.714167 -0.202483 10.014794 9.076846 8.525880 8.012572 0.008283 0.027281 0.031922 -0.027677 -0.004717 0.013467 0.027416 0.031949 -0.163429 -0.079242 -0.038696 -0.016984 -0.063800 -0.106002 -0.062171 -0.032291 -0.012180 -0.068251 -0.140958 -0.177325 -0.187801 -0.208183 8.599379 2.788030 2.788030 2.788030 2.788030 0.034988 0.027308 0.029208 0.036237
0.520000  -1.220274 0.908245 -2.796022   492.308955 -0.209458 10.010041 9.073797 8.523539 8.010882 0.007345 0.026887 0.031661 -0.029645 -0.006027 0.012677 0.027026 0.031689 -0.169286 -0.082687 -0.040979 -0.018646 -0.066803 -0.110213 -0.065128 -0.034391 -0.013704 -0.071381 -0.146171 -0.183579 -0.194355 -0.215321 8.597037 2.866715 2.866715 2.866715 2.866715 0.034815 0.026915 0.028869 0.036100
0.525000  -1.232810 0.932273 -2.215991   390.041693 -0.216214 10.005398 9.070771 8.521186 8.009147 0.006325 0.026384 0.031284 -0.031643 -0.007401 0.011799 0.026528 0.031313 -0.174978 -0.086089 -0.043277 -0.020353 -0.069784 -0.114343 -0.068064 -0.036515 -0.015281 -0.074483 -0.151251 -0.189650 -0.200711 -0.222231 8.594684 2.941341 2.941341 2.941341 2.941341 0.034522 0.026413 0.028419 0.035841
0.530000  -1.242411 0.955036 -1.622492   285.500922 -0.222753 10.000859 9.067765 8.518818 8.007364 0.005220 0.025768 0.030788 -0.033676 -0.008842 0.010826 0.025915 0.030817 -0.180511 -0.089451 -0.045594 -0.022110 -0.072748 -0.118395 -0.070987 -0.038666 -0.016914 -0.077562 -0.156205 -0.195541 -0.206872 -0.228918 8.592314 3.011899 3.011899 3.011899 3.011899 0.034105 0.025798 0.027853 0.035456
0.535000  -1.249019 0.976537 -1.019061   179.284988 -0.229081 9.996420 9.064774 8.516429 8.005528 0.004024 0.025035 0.030168 -0.035747 -0.010354 0.009757 0.025185 0.030198 -0.185888 -0.092778 -0.047934 -0.023921 -0.075699 -0.122374 -0.073898 -0.040850 -0.018608 -0.080622 -0.161035 -0.201256 -0.212842 -0.235385 8.589925 3.078392 3.078392 3.078392 3.078392 0.033560 0.025065 0.027166 0.034940
0.540000  -1.252591 0.996782 -0.409278   71.997643 -0.235202 9.992078 9.061796 8.514017 8.003637 0.002735 0.024182 0.029421 -0.037861 -0.011941 0.008587 0.024335 0.029452 -0.191114 -0.096074 -0.050300 -0.025789 -0.078640 -0.126283 -0.076802 -0.043069 -0.020366 -0.083665 -0.165745 -0.206801 -0.218627 -0.241636 8.587512 3.140838 3.140838 3.140838 3.140838 0.032883 0.024213 0.026357 0.034293
0.545000  -1.253107 1.015780 0.203264   -35.756336 -0.241121 9.987829 9.058826 8.511579 8.001688 0.001351 0.023207 0.028546 -0.040018 -0.013604 0.007315 0.023363 0.028577 -0.196192 -0.099341 -0.052695 -0.027717 -0.081575 -0.130126 -0.079702 -0.045326 -0.022190 -0.086696 -0.170340 -0.212178 -0.224230 -0.247678 8.585074 3.199265 3.199265 3.199265 3.199265 0.032074 0.023238 0.025424 0.033510
0.550000  -1.250560 1.033545 0.814986   -143.375482 -0.246842 9.983669 9.055863 8.509114 7.999680 -0.000129 0.022109 0.027541 -0.042222 -0.015346 0.005939 0.022268 0.027573 -0.201127 -0.102582 -0.055120 -0.029705 -0.084506 -0.133905 -0.082599 -0.047623 -0.024082 -0.089716 -0.174823 -0.217393 -0.229655 -0.253513 8.582608 3.253712 3.253712 3.253712 3.253712 0.031131 0.022141 0.024365 0.032593
0.555000  -1.244964 1.050091 1.422355   -250.265915 -0.252369 9.979596 9.052904 8.506619 7.997610 -0.001706 0.020888 0.026408 -0.044473 -0.017166 0.004459 0.021050 0.026440 -0.205922 -0.105799 -0.057577 -0.031756 -0.087433 -0.137624 -0.085497 -0.049960 -0.026043 -0.092727 -0.179197 -0.222448 -0.234907 -0.259147 8.580112 3.304229 3.304229 3.304229 3.304229 0.030055 0.020920 0.023180 0.031540
0.560000  -1.236350 1.065439 2.021911   -355.845533 -0.257705 9.975608 9.049950 8.504094 7.995481 -0.003379 0.019545 0.025145 -0.046771 -0.019065 0.002876 0.019709 0.025178 -0.210580 -0.108993 -0.060067 -0.033868 -0.090359 -0.141284 -0.088394 -0.052338 -0.028071 -0.095730 -0.183464 -0.227347 -0.239988 -0.264582 8.577587 3.350874 3.350874 3.350874 3.350874 0.028846 0.019578 0.021870 0.030352
0.565000  -1.224764 1.079609 2.610291   -459.548095 -0.262856 9.971703 9.046999 8.501540 7.993291 -0.005147 0.018082 0.023757 -0.049116 -0.021042 0.001191 0.018248 0.023790 -0.215103 -0.112166 -0.062589 -0.036041 -0.093284 -0.144886 -0.091293 -0.054757 -0.030168 -0.098726 -0.187627 -0.232094 -0.244903 -0.269824 8.575032 3.393715 3.393715 3.393715 3.393715 0.027507 0.018115 0.020438 0.029033
0.570000  -1.210271 1.092623 3.184262   -560.827178 -0.267823 9.967880 9.044052 8.498957 7.991043 -0.007007 0.016502 0.022244 -0.051507 -0.023094 -0.000593 0.016670 0.022278 -0.219495 -0.115317 -0.065142 -0.038274 -0.096207 -0.148431 -0.094192 -0.057216 -0.032330 -0.101715 -0.191687 -0.236690 -0.249654 -0.274875 8.572449 3.432827 3.432827 3.432827 3.432827 0.026040 0.016535 0.018886 0.027584
0.575000  -1.192950 1.104507 3.740741   -659.159987 -0.272610 9.964137 9.041110 8.496348 7.988739 -0.008958 0.014807 0.020612 -0.053941 -0.025219 -0.002473 0.014977 0.020646 -0.223756 -0.118445 -0.067724 -0.040565 -0.099128 -0.151919 -0.097091 -0.059712 -0.034556 -0.104695 -0.195646 -0.241138 -0.254243 -0.279739 8.569840 3.468290 3.468290 3.468290 3.468290 0.024449 0.014841 0.017218 0.026010
0.580000  -1.172897 1.115286 4.276820   -754.050992 -0.277219 9.960475 9.038174 8.493714 7.986383 -0.010993 0.013003 0.018865 -0.056416 -0.027414 -0.004446 0.013175 0.018899 -0.227889 -0.121549 -0.070334 -0.042909 -0.102043 -0.155350 -0.099987 -0.062243 -0.036841 -0.107666 -0.199504 -0.245440 -0.258673 -0.284418 8.567205 3.500190 3.500190 3.500190 3.500190 0.022739 0.013037 0.015437 0.024316
0.585000  -1.150221 1.124989 4.789789   -845.035374 -0.281652 9.956895 9.035247 8.491059 7.983977 -0.013110 0.011095 0.017008 -0.058928 -0.029674 -0.006506 0.011268 0.017043 -0.231892 -0.124628 -0.072967 -0.045304 -0.104952 -0.158723 -0.102878 -0.064806 -0.039183 -0.110623 -0.203261 -0.249597 -0.262944 -0.288913 8.564550 3.528618 3.528618 3.528618 3.528618 0.020915 0.011130 0.013550 0.022506
0.590000  -1.125042 1.133641 5.277154   -931.682254 -0.285910 9.953398 9.032332 8.488386 7.981527 -0.015303 0.009089 0.015047 -0.061473 -0.031994 -0.008648 0.009263 0.015082 -0.235768 -0.127678 -0.075620 -0.047744 -0.107851 -0.162035 -0.105761 -0.067396 -0.041576 -0.113566 -0.206916 -0.253608 -0.267058 -0.293227 8.561877 3.553667 3.553667 3.553667 3.553667 0.018985 0.009123 0.011563 0.020587
0.595000  -1.097496 1.141273 5.736656   -1013.597690 -0.289993 9.949984 9.029433 8.485701 7.979038 -0.017565 0.006991 0.012989 -0.064045 -0.034368 -0.010865 0.007166 0.013024 -0.239514 -0.130697 -0.078288 -0.050224 -0.110736 -0.165285 -0.108632 -0.070009 -0.044015 -0.116490 -0.210468 -0.257475 -0.271015 -0.297360 8.559191 3.575431 3.575431 3.575431 3.575431 0.016953 0.007026 0.009481 0.018567
0.600000  -1.067725 1.147912 6.166290   -1090.427398 -0.293903 9.946658 9.026554 8.483007 7.976516 -0.019890 0.004809 0.010842 -0.066641 -0.036791 -0.013151 0.004985 0.010878 -0.243130 -0.133680 -0.080966 -0.052739 -0.113603 -0.168469 -0.111486 -0.072639 -0.046494 -0.119390 -0.213915 -0.261195 -0.274814 -0.301312 8.556498 3.594007 3.594007 3.594007 3.594007 0.014829 0.004844 0.007314 0.016452
0.605000  -1.035885 1.153586 6.564312   -1161.859207 -0.297637 9.943422 9.023700 8.480313 7.973967 -0.022270 0.002551 0.008614 -0.069252 -0.039254 -0.015497 0.002728 0.008650 -0.246613 -0.136622 -0.083648 -0.055281 -0.116447 -0.171584 -0.114319 -0.075280 -0.049005 -0.122262 -0.217254 -0.264768 -0.278455 -0.305084 8.553803 3.609491 3.609491 3.609491 3.609491 0.012621 0.002586 0.005068 0.014252
0.610000  -1.002137 1.158323 6.929256   -1227.625188 -0.301196 9.940280 9.020877 8.477622 7.971398 -0.024697 0.000225 0.006313 -0.071872 -0.041752 -0.017897 0.000403 0.006349 -0.249962 -0.139519 -0.086327 -0.057844 -0.119261 -0.174625 -0.117125 -0.077925 -0.051543 -0.125100 -0.220482 -0.268191 -0.281934 -0.308673 8.551112 3.621976 3.621976 3.621976 3.621976 0.010337 0.000261 0.002753 0.011974
0.615000  -0.966650 1.162150 7.259938   -1287.503464 -0.304576 9.937236 9.018091 8.474943 7.968818 -0.027164 -0.002159 0.003949 -0.074495 -0.044275 -0.020341 -0.001981 0.003985 -0.253173 -0.142365 -0.088998 -0.060421 -0.122040 -0.177587 -0.119897 -0.080567 -0.054098 -0.127898 -0.223596 -0.271462 -0.285251 -0.312077 8.548433 3.631556 3.631556 3.631556 3.631556 0.007986 -0.002123 0.000377 0.009629
0.620000  -0.929597 1.165091 7.555465   -1341.319662 -0.307775 9.934296 9.015348 8.472283 7.966233 -0.029661 -0.004593 0.001531 -0.077112 -0.046815 -0.022821 -0.004414 0.001567 -0.256242 -0.145154 -0.091651 -0.063002 -0.124777 -0.180464 -0.122628 -0.083200 -0.056663 -0.130650 -0.226590 -0.274578 -0.288401 -0.315295 8.545773 3.638320 3.638320 3.638320 3.638320 0.005578 -0.004557 -0.002050 0.007225
0.625000  -0.891155 1.167172 7.815239   -1388.947994 -0.310790 9.931464 9.012657 8.469649 7.963653 -0.032179 -0.007066 -0.000932 -0.079715 -0.049364 -0.025327 -0.006887 -0.000896 -0.259165 -0.147878 -0.094280 -0.065580 -0.127465 -0.183252 -0.125313 -0.085813 -0.059230 -0.133349 -0.229460 -0.277533 -0.291381 -0.318324 8.543139 3.642352 3.642352 3.642352 3.642352 0.003122 -0.007030 -0.004519 0.004773
0.630000  -0.851504 1.168414 8.038954   -1430.311948 -0.313616 9.928746 9.010023 8.467050 7.961086 -0.034709 -0.009570 -0.003428 -0.082295 -0.051912 -0.027850 -0.009390 -0.003392 -0.261936 -0.150532 -0.096876 -0.068145 -0.130097 -0.185943 -0.127942 -0.088401 -0.061788 -0.135986 -0.232200 -0.280324 -0.294187 -0.321158 8.540540 3.643733 3.643733 3.643733 3.643733 0.000630 -0.009534 -0.007020 0.002282
0.635000  -0.810825 1.168839 8.226598   -1465.384570 -0.316250 9.926150 9.007455 8.464494 7.958541 -0.037242 -0.012093 -0.005949 -0.084845 -0.054451 -0.030380 -0.011913 -0.005913 -0.264551 -0.153106 -0.099431 -0.070690 -0.132664 -0.188530 -0.130508 -0.090952 -0.064331 -0.138556 -0.234804 -0.282946 -0.296814 -0.323795 8.537984 3.642537 3.642537 3.642537 3.642537 -0.001890 -0.012057 -0.009542 -0.000237
0.640000  -0.769298 1.168464 8.378445   -1494.188329 -0.318686 9.923682 9.004961 8.461990 7.956027 -0.039767 -0.014626 -0.008484 -0.087355 -0.056970 -0.032907 -0.014446 -0.008448 -0.267003 -0.155594 -0.101936 -0.073204 -0.135158 -0.191006 -0.133003 -0.093460 -0.066847 -0.141048 -0.237265 -0.285392 -0.299255 -0.326228 8.535480 3.638833 3.638833 3.638833 3.638833 -0.004426 -0.014590 -0.012076 -0.002774
0.645000  -0.727100 1.167307 8.495051   -1516.794554 -0.320917 9.921348 9.002550 8.459547 7.953554 -0.042275 -0.017159 -0.011023 -0.089815 -0.059461 -0.035422 -0.016979 -0.010987 -0.269286 -0.157987 -0.104383 -0.075679 -0.137571 -0.193365 -0.135419 -0.095915 -0.069328 -0.143456 -0.239578 -0.287657 -0.301506 -0.328452 8.533036 3.632682 3.632682 3.632682 3.632682 -0.006969 -0.017123 -0.014611 -0.005318
0.650000  -0.684405 1.165381 8.577245   -1533.322438 -0.322939 9.919157 9.000230 8.457172 7.951130 -0.044756 -0.019681 -0.013556 -0.092218 -0.061914 -0.037914 -0.019502 -0.013520 -0.271393 -0.160277 -0.106761 -0.078105 -0.139895 -0.195597 -0.137746 -0.098308 -0.071765 -0.145770 -0.241734 -0.289733 -0.303560 -0.330461 8.530662 3.624138 3.624138 3.624138 3.624138 -0.009508 -0.019645 -0.017138 -0.007860
0.655000  -0.641383 1.162699 8.626112   -1543.937603 -0.324744 9.917117 8.998009 8.454876 7.948765 -0.047201 -0.022184 -0.016073 -0.094554 -0.064319 -0.040375 -0.022005 -0.016037 -0.273316 -0.162456 -0.109064 -0.080473 -0.142121 -0.197694 -0.139977 -0.100629 -0.074147 -0.147982 -0.243725 -0.291614 -0.305409 -0.332249 8.528366 3.613249 3.613249 3.613249 3.613249 -0.012034 -0.022148 -0.019647 -0.010390
0.660000  -0.598197 1.159269 8.642986   -1548.850242 -0.326324 9.915235 8.995896 8.452667 7.946468 -0.049600 -0.024657 -0.018564 -0.096813 -0.066668 -0.042794 -0.024479 -0.018528 -0.275049 -0.164516 -0.111280 -0.082774 -0.144241 -0.199650 -0.142103 -0.102871 -0.076467 -0.150084 -0.245545 -0.293292 -0.307047 -0.333807 8.526157 3.600051 3.600051 3.600051 3.600051 -0.014537 -0.024621 -0.022127 -0.012898
0.665000  -0.555004 1.155098 8.629429   -1548.312835 -0.327673 9.913520 8.993899 8.450554 7.944247 -0.051944 -0.027091 -0.021020 -0.098988 -0.068951 -0.045163 -0.026914 -0.020984 -0.276582 -0.166447 -0.113403 -0.084999 -0.146245 -0.201454 -0.144114 -0.105024 -0.078715 -0.152067 -0.247184 -0.294760 -0.308465 -0.335129 8.524044 3.584576 3.584576 3.584576 3.584576 -0.017008 -0.027056 -0.024570 -0.015375
0.670000  -0.511951 1.150191 8.587213   -1542.617460 -0.328783 9.911979 8.992028 8.448545 7.942112 -0.054226 -0.029478 -0.023432 -0.101069 -0.071160 -0.047473 -0.029301 -0.023397 -0.277909 -0.168241 -0.115423 -0.087140 -0.148125 -0.203100 -0.146004 -0.107079 -0.080882 -0.153923 -0.248636 -0.296010 -0.309656 -0.336207 8.522036 3.566845 3.566845 3.566845 3.566845 -0.019437 -0.029443 -0.026968 -0.017811
0.675000  -0.469176 1.144548 8.518304   -1532.092717 -0.329645 9.910621 8.990290 8.446649 7.940071 -0.056435 -0.031808 -0.025793 -0.103049 -0.073286 -0.049715 -0.031633 -0.025757 -0.279020 -0.169891 -0.117332 -0.089187 -0.149873 -0.204579 -0.147763 -0.109029 -0.082961 -0.155643 -0.249891 -0.297033 -0.310612 -0.337033 8.520140 3.546871 3.546871 3.546871 3.546871 -0.021817 -0.031773 -0.029311 -0.020199
0.680000  -0.426809 1.138169 8.424837   -1517.100291 -0.330251 9.909454 8.988693 8.444874 7.938132 -0.058564 -0.034075 -0.028093 -0.104918 -0.075321 -0.051882 -0.033900 -0.028058 -0.279909 -0.171388 -0.119122 -0.091134 -0.151482 -0.205882 -0.149383 -0.110865 -0.084942 -0.157219 -0.250942 -0.297821 -0.311325 -0.337598 8.518365 3.524659 3.524659 3.524659 3.524659 -0.024139 -0.034040 -0.031591 -0.022530
0.685000  -0.384965 1.131051 8.309092   -1498.031182 -0.330594 9.908485 8.987246 8.443227 7.936301 -0.060606 -0.036270 -0.030325 -0.106670 -0.077258 -0.053966 -0.036096 -0.030290 -0.280567 -0.172724 -0.120785 -0.092972 -0.152943 -0.207003 -0.150857 -0.112580 -0.086819 -0.158644 -0.251781 -0.298366 -0.311786 -0.337895 8.516718 3.500207 3.500207 3.500207 3.500207 -0.026397 -0.036235 -0.033802 -0.024797
0.690000  -0.343751 1.123187 8.173477   -1475.301642 -0.330665 9.907724 8.985954 8.441715 7.934588 -0.062554 -0.038387 -0.032483 -0.108297 -0.079090 -0.055960 -0.038214 -0.032449 -0.280985 -0.173893 -0.122314 -0.094695 -0.154249 -0.207933 -0.152177 -0.114166 -0.088584 -0.159910 -0.252399 -0.298661 -0.311987 -0.337915 8.515207 3.473503 3.473503 3.473503 3.473503 -0.028582 -0.038352 -0.035936 -0.026994
0.695000  -0.303259 1.114570 8.020494   -1449.348848 -0.330455 9.907176 8.984826 8.440346 7.932997 -0.064401 -0.040420 -0.034561 -0.109794 -0.080811 -0.057857 -0.040248 -0.034527 -0.281157 -0.174886 -0.123703 -0.096296 -0.155392 -0.208665 -0.153337 -0.115618 -0.090232 -0.161011 -0.252790 -0.298697 -0.311921 -0.337649 8.513838 3.444528 3.444528 3.444528 3.444528 -0.030690 -0.040385 -0.037987 -0.029114
0.700000  -0.263570 1.105191 7.852719   -1420.626371 -0.329957 9.906850 8.983868 8.439126 7.931535 -0.066142 -0.042362 -0.036553 -0.111153 -0.082414 -0.059653 -0.042193 -0.036519 -0.281073 -0.175697 -0.124945 -0.097768 -0.156368 -0.209192 -0.154329 -0.116928 -0.091756 -0.161939 -0.252946 -0.298466 -0.311579 -0.337091 8.512617 3.413259 3.413259 3.413259 3.413259 -0.032715 -0.042328 -0.039950 -0.031152
0.705000  -0.224752 1.095037 7.672777   -1389.599474 -0.329163 9.906752 8.983086 8.438059 7.930207 -0.067772 -0.044211 -0.038455 -0.112369 -0.083894 -0.061343 -0.044042 -0.038421 -0.280729 -0.176320 -0.126034 -0.099108 -0.157168 -0.209507 -0.155149 -0.118091 -0.093150 -0.162688 -0.252859 -0.297962 -0.310954 -0.336231 8.511551 3.379662 3.379662 3.379662 3.379662 -0.034652 -0.044177 -0.041821 -0.033103
0.710000  -0.186859 1.084095 7.483310   -1356.740296 -0.328066 9.906888 8.982486 8.437152 7.929019 -0.069286 -0.045960 -0.040262 -0.113438 -0.085247 -0.062921 -0.045794 -0.040229 -0.280115 -0.176750 -0.126966 -0.100309 -0.157789 -0.209605 -0.155790 -0.119102 -0.094411 -0.163254 -0.252524 -0.297176 -0.310038 -0.335063 8.510644 3.343700 3.343700 3.343700 3.343700 -0.036497 -0.045927 -0.043594 -0.034964
0.715000  -0.149931 1.072351 7.286957   -1322.522969 -0.326657 9.907264 8.982071 8.436408 7.927973 -0.070681 -0.047608 -0.041972 -0.114354 -0.086469 -0.064385 -0.047443 -0.041939 -0.279226 -0.176981 -0.127737 -0.101368 -0.158226 -0.209480 -0.156248 -0.119958 -0.095534 -0.163631 -0.251934 -0.296102 -0.308825 -0.333579 8.509901 3.305331 3.305331 3.305331 3.305331 -0.038247 -0.047575 -0.045268 -0.036731
0.720000  -0.113996 1.059788 7.086324   -1287.418732 -0.324931 9.907886 8.981847 8.435832 7.927074 -0.071954 -0.049151 -0.043581 -0.115116 -0.087557 -0.065732 -0.048989 -0.043549 -0.278056 -0.177008 -0.128341 -0.102281 -0.158473 -0.209127 -0.156519 -0.120654 -0.096515 -0.163815 -0.251084 -0.294734 -0.307308 -0.331772 8.509326 3.264508 3.264508 3.264508 3.264508 -0.039900 -0.049119 -0.046839 -0.038402
0.725000  -0.079070 1.046390 6.883960   -1251.891076 -0.322882 9.908758 8.981816 8.435427 7.926323 -0.073103 -0.050589 -0.045089 -0.115719 -0.088509 -0.066960 -0.050428 -0.045056 -0.276599 -0.176829 -0.128777 -0.103047 -0.158528 -0.208542 -0.156598 -0.121187 -0.097354 -0.163803 -0.249968 -0.293067 -0.305482 -0.329636 8.508921 3.221180 3.221180 3.221180 3.221180 -0.041454 -0.050556 -0.048305 -0.039975
0.730000  -0.045155 1.032140 6.682331   -1216.391000 -0.320504 9.909884 8.981983 8.435194 7.925724 -0.074126 -0.051918 -0.046493 -0.116162 -0.089322 -0.068066 -0.051760 -0.046462 -0.274851 -0.176440 -0.129042 -0.103662 -0.158388 -0.207721 -0.156484 -0.121555 -0.098047 -0.163591 -0.248583 -0.291094 -0.303340 -0.327166 8.508688 3.175293 3.175293 3.175293 3.175293 -0.042908 -0.051887 -0.049666 -0.041449
0.735000  -0.012242 1.017020 6.483800   -1181.352401 -0.317791 9.911268 8.982348 8.435136 7.925277 -0.075023 -0.053140 -0.047795 -0.116443 -0.089996 -0.069052 -0.052984 -0.047764 -0.272807 -0.175838 -0.129134 -0.104126 -0.158050 -0.206660 -0.156175 -0.121757 -0.098593 -0.163177 -0.246924 -0.288813 -0.300879 -0.324356 8.508631 3.126794 3.126794 3.126794 3.126794 -0.044262 -0.053109 -0.050921 -0.042824
0.740000  0.019692 1.001011 6.290599   -1147.187675 -0.314740 9.912912 8.982914 8.435254 7.924983 -0.075793 -0.054255 -0.048994 -0.116561 -0.090531 -0.069916 -0.054101 -0.048963 -0.270465 -0.175021 -0.129053 -0.104438 -0.157514 -0.205359 -0.155668 -0.121792 -0.098992 -0.162560 -0.244988 -0.286218 -0.298095 -0.321202 8.508749 3.075626 3.075626 3.075626 3.075626 -0.045517 -0.054224 -0.052071 -0.044102
0.745000  0.050677 0.984098 6.104812   -1114.283550 -0.311348 9.914818 8.983682 8.435548 7.924842 -0.076438 -0.055264 -0.050091 -0.116517 -0.090927 -0.070660 -0.055112 -0.050061 -0.267820 -0.173989 -0.128798 -0.104599 -0.156778 -0.203814 -0.154963 -0.121659 -0.099245 -0.161738 -0.242774 -0.283307 -0.294983 -0.317700 8.509044 3.021735 3.021735 3.021735 3.021735 -0.046673 -0.055233 -0.053116 -0.045282
0.750000  0.080755 0.966263 5.928353   -1082.997225 -0.307610 9.916988 8.984650 8.436017 7.924852 -0.076958 -0.056168 -0.051089 -0.116311 -0.091184 -0.071285 -0.056019 -0.051059 -0.264872 -0.172741 -0.128369 -0.104609 -0.155842 -0.202026 -0.154060 -0.121360 -0.099352 -0.160713 -0.240280 -0.280078 -0.291543 -0.313847 8.509513 2.965065 2.965065 2.965065 2.965065 -0.047733 -0.056138 -0.054059 -0.046367
0.755000  0.109979 0.947490 5.762952   -1053.652822 -0.303527 9.919422 8.985820 8.436661 7.925013 -0.077356 -0.056969 -0.051989 -0.115944 -0.091306 -0.071793 -0.056824 -0.051960 -0.261619 -0.171278 -0.127768 -0.104469 -0.154707 -0.199994 -0.152960 -0.120895 -0.099315 -0.159483 -0.237505 -0.276530 -0.287771 -0.309643 8.510158 2.905566 2.905566 2.905566 2.905566 -0.048698 -0.056940 -0.054902 -0.047359
0.760000  0.138406 0.927765 5.610132   -1026.538214 -0.299096 9.922119 8.987189 8.437478 7.925322 -0.077634 -0.057672 -0.052795 -0.115419 -0.091293 -0.072187 -0.057529 -0.052767 -0.258060 -0.169601 -0.126996 -0.104183 -0.153375 -0.197719 -0.151664 -0.120266 -0.099135 -0.158051 -0.234448 -0.272661 -0.283669 -0.305085 8.510975 2.843188 2.843188 2.843188 2.843188 -0.049573 -0.057643 -0.055647 -0.048261
0.765000  0.166103 0.907074 5.471202   -1001.902242 -0.294318 9.925078 8.988755 8.438464 7.925777 -0.077795 -0.058278 -0.053510 -0.114737 -0.091150 -0.072469 -0.058139 -0.053482 -0.254198 -0.167711 -0.126057 -0.103752 -0.151847 -0.195201 -0.150174 -0.119477 -0.098817 -0.156419 -0.231112 -0.268473 -0.279235 -0.300173 8.511962 2.777888 2.777888 2.777888 2.777888 -0.050360 -0.058250 -0.056298 -0.049077
0.770000  0.193143 0.885407 5.347243   -979.952362 -0.289194 9.928299 8.990516 8.439619 7.926374 -0.077842 -0.058792 -0.054138 -0.113902 -0.090878 -0.072644 -0.058656 -0.054111 -0.250032 -0.165611 -0.124952 -0.103180 -0.150125 -0.192445 -0.148493 -0.118529 -0.098363 -0.154589 -0.227498 -0.263966 -0.274471 -0.294909 8.513117 2.709625 2.709625 2.709625 2.709625 -0.051063 -0.058765 -0.056860 -0.049811
0.775000  0.219602 0.862753 5.239097   -960.852722 -0.283725 9.931777 8.992468 8.440937 7.927109 -0.077781 -0.059218 -0.054683 -0.112918 -0.090484 -0.072716 -0.059086 -0.054657 -0.245565 -0.163304 -0.123685 -0.102470 -0.148215 -0.189451 -0.146624 -0.117427 -0.097776 -0.152564 -0.223607 -0.259142 -0.269379 -0.289294 8.514436 2.638368 2.638368 2.638368 2.638368 -0.051687 -0.059192 -0.057335 -0.050467
0.780000  0.245561 0.839107 5.147363   -944.722705 -0.277915 9.935509 8.994608 8.442415 7.927978 -0.077615 -0.059561 -0.055151 -0.111789 -0.089969 -0.072689 -0.059432 -0.055125 -0.240800 -0.160794 -0.122261 -0.101627 -0.146118 -0.186225 -0.144571 -0.116174 -0.097062 -0.150348 -0.219445 -0.254006 -0.263961 -0.283331 8.515915 2.564089 2.564089 2.564089 2.564089 -0.052236 -0.059535 -0.057730 -0.051050
0.785000  0.271103 0.814463 5.072390   -931.635933 -0.271766 9.939492 8.996932 8.444048 7.928978 -0.077349 -0.059825 -0.055544 -0.110520 -0.089341 -0.072568 -0.059700 -0.055519 -0.235742 -0.158085 -0.120684 -0.100656 -0.143841 -0.182769 -0.142339 -0.114776 -0.096225 -0.147946 -0.215013 -0.248559 -0.258223 -0.277023 8.517549 2.486771 2.486771 2.486771 2.486771 -0.052715 -0.059800 -0.058048 -0.051564
0.790000  0.296313 0.788821 5.014276   -921.619745 -0.265285 9.943720 8.999433 8.445831 7.930101 -0.076989 -0.060016 -0.055870 -0.109115 -0.088602 -0.072357 -0.059895 -0.055846 -0.230394 -0.155183 -0.118959 -0.099562 -0.141386 -0.179089 -0.139932 -0.113237 -0.095270 -0.145363 -0.210318 -0.242808 -0.252167 -0.270376 8.519333 2.406405 2.406405 2.406405 2.406405 -0.053130 -0.059992 -0.058295 -0.052015
0.795000  0.321274 0.762182 4.972868   -914.655147 -0.258475 9.948189 9.002107 8.447760 7.931344 -0.076538 -0.060139 -0.056133 -0.107579 -0.087760 -0.072064 -0.060022 -0.056109 -0.224763 -0.152092 -0.117091 -0.098349 -0.138761 -0.175191 -0.137356 -0.111562 -0.094202 -0.142603 -0.205365 -0.236758 -0.245801 -0.263395 8.521262 2.322989 2.322989 2.322989 2.322989 -0.053486 -0.060116 -0.058476 -0.052408
0.800000  0.346069 0.734551 4.947767   -910.677225 -0.251345 9.952891 9.004948 8.449827 7.932701 -0.076004 -0.060199 -0.056338 -0.105920 -0.086819 -0.071691 -0.060086 -0.056316 -0.218855 -0.148818 -0.115086 -0.097024 -0.135971 -0.171080 -0.134616 -0.109758 -0.093028 -0.139674 -0.200161 -0.230415 -0.239130 -0.256087 8.523330 2.236535 2.236535 2.236535 2.236535 -0.053787 -0.060176 -0.058596 -0.052748
0.805000  0.370778 0.705936 4.938328   -909.576016 -0.243902 9.957820 9.007950 8.452028 7.934165 -0.075391 -0.060202 -0.056491 -0.104141 -0.085784 -0.071246 -0.060093 -0.056470 -0.212677 -0.145369 -0.112951 -0.095592 -0.133022 -0.166763 -0.131720 -0.107830 -0.091751 -0.136581 -0.194711 -0.223787 -0.232163 -0.248458 8.525532 2.147062 2.147062 2.147062 2.147062 -0.054039 -0.060180 -0.058661 -0.053041
0.810000  0.395477 0.676350 4.943675   -911.197822 -0.236153 9.962968 9.011106 8.454355 7.935732 -0.074705 -0.060152 -0.056597 -0.102250 -0.084663 -0.070734 -0.060048 -0.056577 -0.206238 -0.141750 -0.110691 -0.094059 -0.129921 -0.162248 -0.128673 -0.105784 -0.090380 -0.133330 -0.189024 -0.216882 -0.224906 -0.240519 8.527860 2.054603 2.054603 2.054603 2.054603 -0.054248 -0.060131 -0.058676 -0.053292
0.815000  0.420237 0.645807 4.962706   -915.346955 -0.228109 9.968328 9.014410 8.456803 7.937394 -0.073951 -0.060056 -0.056661 -0.100253 -0.083459 -0.070160 -0.059957 -0.056642 -0.199544 -0.137969 -0.108312 -0.092432 -0.126674 -0.157541 -0.125483 -0.103627 -0.088918 -0.129929 -0.183108 -0.209708 -0.217370 -0.232278 8.530309 1.959201 1.959201 1.959201 1.959201 -0.054418 -0.060036 -0.058647 -0.053505
0.820000  0.445125 0.614327 4.994107   -921.787883 -0.219779 9.973892 9.017853 8.459365 7.939146 -0.073136 -0.059918 -0.056689 -0.098155 -0.082180 -0.069529 -0.059823 -0.056670 -0.192607 -0.134032 -0.105822 -0.090715 -0.123288 -0.152651 -0.122155 -0.101365 -0.087373 -0.126385 -0.176972 -0.202275 -0.209563 -0.223744 8.532872 1.860910 1.860910 1.860910 1.860910 -0.054555 -0.059899 -0.058577 -0.053686
0.825000  0.470197 0.581933 5.036365   -930.247764 -0.211174 9.979650 9.021430 8.462035 7.940982 -0.072263 -0.059742 -0.056684 -0.095964 -0.080831 -0.068847 -0.059653 -0.056666 -0.185435 -0.129949 -0.103226 -0.088916 -0.119771 -0.147586 -0.118698 -0.099004 -0.085750 -0.122705 -0.170624 -0.194593 -0.201497 -0.214930 8.535543 1.759799 1.759799 1.759799 1.759799 -0.054662 -0.059724 -0.058472 -0.053840
0.830000  0.495504 0.548652 5.087788   -940.419338 -0.202306 9.985594 9.025132 8.464805 7.942896 -0.071339 -0.059535 -0.056651 -0.093684 -0.079417 -0.068118 -0.059450 -0.056634 -0.178038 -0.125726 -0.100531 -0.087040 -0.116130 -0.142354 -0.115119 -0.096551 -0.084055 -0.118896 -0.164075 -0.186673 -0.193182 -0.205847 8.538314 1.655946 1.655946 1.655946 1.655946 -0.054745 -0.059518 -0.058337 -0.053969
0.835000  0.521087 0.514515 5.146518   -951.964145 -0.193186 9.991713 9.028953 8.467670 7.944883 -0.070369 -0.059298 -0.056594 -0.091323 -0.077944 -0.067348 -0.059219 -0.056578 -0.170429 -0.121371 -0.097744 -0.085092 -0.112373 -0.136965 -0.111424 -0.094012 -0.082293 -0.114966 -0.157334 -0.178526 -0.184630 -0.196507 8.541180 1.549444 1.549444 1.549444 1.549444 -0.054807 -0.059282 -0.058175 -0.054079
0.840000  0.546978 0.479555 5.210556   -964.516058 -0.183828 9.997999 9.032884 8.470623 7.946936 -0.069355 -0.059037 -0.056517 -0.088886 -0.076416 -0.066540 -0.058964 -0.056502 -0.162617 -0.116893 -0.094871 -0.083079 -0.108506 -0.131427 -0.107621 -0.091392 -0.080470 -0.110923 -0.150412 -0.170164 -0.175854 -0.186923 8.544134 1.440397 1.440397 1.440397 1.440397 -0.054851 -0.059023 -0.057991 -0.054173
0.845000  0.573198 0.443812 5.277779   -977.685070 -0.174245 10.004442 9.036920 8.473657 7.949051 -0.068304 -0.058755 -0.056422 -0.086379 -0.074839 -0.065699 -0.058687 -0.056409 -0.154614 -0.112298 -0.091918 -0.081005 -0.104536 -0.125749 -0.103718 -0.088698 -0.078590 -0.106773 -0.143319 -0.161599 -0.166865 -0.177109 8.547169 1.328919 1.328919 1.328919 1.328919 -0.054881 -0.058741 -0.057787 -0.054253
0.850000  0.599757 0.407326 5.345966   -991.061331 -0.164450 10.011030 9.041051 8.476767 7.951222 -0.067219 -0.058454 -0.056314 -0.083808 -0.073216 -0.064827 -0.058392 -0.056301 -0.146433 -0.107596 -0.088891 -0.078875 -0.100472 -0.119941 -0.099721 -0.085936 -0.076659 -0.102525 -0.136067 -0.152844 -0.157676 -0.167079 8.550280 1.215140 1.215140 1.215140 1.215140 -0.054899 -0.058442 -0.057566 -0.054323
0.855000  0.626655 0.370144 5.412820   -1004.219387 -0.154457 10.017755 9.045272 8.479947 7.953445 -0.066102 -0.058138 -0.056192 -0.081177 -0.071551 -0.063929 -0.058081 -0.056181 -0.138085 -0.102793 -0.085796 -0.076694 -0.096320 -0.114011 -0.095637 -0.083111 -0.074680 -0.098185 -0.128665 -0.143911 -0.148302 -0.156846 8.553461 1.099199 1.099199 1.099199 1.099199 -0.054907 -0.058126 -0.057330 -0.054383
0.860000  0.653879 0.332314 5.475991   -1016.722586 -0.144282 10.024606 9.049575 8.483191 7.955716 -0.064957 -0.057807 -0.056060 -0.078491 -0.069849 -0.063006 -0.057756 -0.056050 -0.129583 -0.097898 -0.082638 -0.074466 -0.092086 -0.107970 -0.091473 -0.080227 -0.072658 -0.093761 -0.121126 -0.134813 -0.138756 -0.146427 8.556706 0.981245 0.981245 0.981245 0.981245 -0.054906 -0.057796 -0.057081 -0.054436
0.865000  0.681405 0.293887 5.533104   -1028.127622 -0.133938 10.031573 9.053954 8.486493 7.958030 -0.063786 -0.057462 -0.055918 -0.075755 -0.068113 -0.062060 -0.057417 -0.055909 -0.120939 -0.092918 -0.079422 -0.072196 -0.087778 -0.101825 -0.087236 -0.077290 -0.070597 -0.089260 -0.113460 -0.125564 -0.129051 -0.135835 8.560010 0.861438 0.861438 0.861438 0.861438 -0.054897 -0.057453 -0.056821 -0.054481
0.870000  0.709196 0.254918 5.581783   -1037.989174 -0.123441 10.038646 9.058402 8.489850 7.960385 -0.062591 -0.057106 -0.055766 -0.072973 -0.066344 -0.061094 -0.057067 -0.055758 -0.112166 -0.087860 -0.076154 -0.069886 -0.083402 -0.095586 -0.082932 -0.074305 -0.068499 -0.084687 -0.105678 -0.116178 -0.119202 -0.125086 8.563368 0.739950 0.739950 0.739950 0.739950 -0.054881 -0.057098 -0.056550 -0.054520
0.875000  0.737205 0.215464 5.619675   -1045.864606 -0.112806 10.045814 9.062914 8.493257 7.962776 -0.061373 -0.056737 -0.055605 -0.070148 -0.064545 -0.060108 -0.056704 -0.055598 -0.103275 -0.082731 -0.072837 -0.067539 -0.078963 -0.089262 -0.078566 -0.071274 -0.066367 -0.080049 -0.097792 -0.106666 -0.109223 -0.114196 8.566776 0.616960 0.616960 0.616960 0.616960 -0.054856 -0.056730 -0.056267 -0.054551
0.880000  0.765371 0.175587 5.644479   -1051.318687 -0.102047 10.053068 9.067483 8.496709 7.965203 -0.060133 -0.056355 -0.055432 -0.067284 -0.062718 -0.059102 -0.056328 -0.055427 -0.094280 -0.077539 -0.069476 -0.065158 -0.074468 -0.082860 -0.074144 -0.068202 -0.064203 -0.075353 -0.089812 -0.097044 -0.099127 -0.103180 8.570230 0.492654 0.492654 0.492654 0.492654 -0.054823 -0.056350 -0.055972 -0.054574
0.885000  0.793624 0.135346 5.653965   -1053.928295 -0.091180 10.060399 9.072103 8.500203 7.967661 -0.058872 -0.055960 -0.055248 -0.064384 -0.060865 -0.058077 -0.055939 -0.055244 -0.085193 -0.072288 -0.066073 -0.062745 -0.069921 -0.076390 -0.069672 -0.065091 -0.062009 -0.070604 -0.081749 -0.087323 -0.088929 -0.092053 8.573725 0.367229 0.367229 0.367229 0.367229 -0.054778 -0.055956 -0.055664 -0.054587
0.890000  0.821882 0.094807 5.646007   -1053.287063 -0.080219 10.067797 9.076771 8.503736 7.970151 -0.057589 -0.055549 -0.055050 -0.061450 -0.058984 -0.057032 -0.055534 -0.055047 -0.076026 -0.066987 -0.062633 -0.060302 -0.065328 -0.069860 -0.065154 -0.061945 -0.059786 -0.065806 -0.073613 -0.077518 -0.078643 -0.080831 8.577259 0.240885 0.240885 0.240885 0.240885 -0.054721 -0.055546 -0.055342 -0.054587
0.895000  0.850052 0.054034 5.618597   -1049.009923 -0.069181 10.075253 9.081481 8.507304 7.972670 -0.056282 -0.055120 -0.054836 -0.058483 -0.057078 -0.055965 -0.055112 -0.054834 -0.066791 -0.061639 -0.059157 -0.057829 -0.060694 -0.063276 -0.060594 -0.058765 -0.057535 -0.060966 -0.065416 -0.067641 -0.068282 -0.069529 8.580828 0.113829 0.113829 0.113829 0.113829 -0.054648 -0.055118 -0.055002 -0.054572
0.900000  0.878032 0.013095 5.569876   -1040.737518 -0.058078 10.082758 9.086229 8.510905 7.975218 -0.054952 -0.054671 -0.054602 -0.055486 -0.055145 -0.054875 -0.054669 -0.054601 -0.057499 -0.056250 -0.055649 -0.055327 -0.056021 -0.056647 -0.055997 -0.055554 -0.055256 -0.056087 -0.057166 -0.057705 -0.057860 -0.058163 8.584431 -0.013726 -0.013726 -0.013726 -0.013726 -0.054556 -0.054670 -0.054642 -0.054538
0.905000  0.905712 -0.027943 5.498148   -1028.140426 -0.046926 10.090303 9.091011 8.514538 7.977795 -0.053596 -0.054198 -0.054344 -0.052458 -0.053185 -0.053760 -0.054202 -0.054345 -0.048162 -0.050826 -0.052110 -0.052797 -0.051315 -0.049980 -0.051367 -0.052312 -0.052949 -0.051174 -0.048873 -0.047722 -0.047391 -0.046746 8.588065 -0.141566 -0.141566 -0.141566 -0.141566 -0.054441 -0.054198 -0.054259 -0.054481
0.910000  0.932973 -0.069011 5.401905   -1010.923169 -0.035739 10.097882 9.095823 8.518201 7.980401 -0.052212 -0.053697 -0.054060 -0.049402 -0.051196 -0.052617 -0.053708 -0.054062 -0.038791 -0.045371 -0.048540 -0.050237 -0.046578 -0.043280 -0.046706 -0.049041 -0.050613 -0.046230 -0.040548 -0.037705 -0.036887 -0.035294 8.591729 -0.269474 -0.269474 -0.269474 -0.269474 -0.054300 -0.053699 -0.053848 -0.054397
0.915000  0.959688 -0.110041 5.279844   -988.827951 -0.024530 10.105485 9.100663 8.521892 7.983037 -0.050798 -0.053165 -0.053744 -0.046316 -0.049177 -0.051444 -0.053182 -0.053747 -0.029397 -0.039890 -0.044943 -0.047649 -0.041814 -0.036555 -0.042017 -0.045741 -0.048247 -0.041259 -0.032198 -0.027666 -0.026360 -0.023820 8.595421 -0.397231 -0.397231 -0.397231 -0.397231 -0.054126 -0.053169 -0.053405 -0.054281
0.920000  0.985726 -0.150964 5.130880   -961.638101 -0.013313 10.113105 9.105528 8.525611 7.985703 -0.049349 -0.052597 -0.053391 -0.043201 -0.047127 -0.050235 -0.052621 -0.053395 -0.019991 -0.034385 -0.041317 -0.045029 -0.037025 -0.029809 -0.037303 -0.042412 -0.045850 -0.036264 -0.023833 -0.017615 -0.015824 -0.012339 8.599141 -0.524618 -0.524618 -0.524618 -0.524618 -0.053915 -0.052602 -0.052927 -0.054129
0.925000  1.010951 -0.191712 4.954165   -929.181171 -0.002101 10.120737 9.110415 8.529357 7.988400 -0.047864 -0.051989 -0.052996 -0.040056 -0.045041 -0.048989 -0.052018 -0.053002 -0.010581 -0.028860 -0.037664 -0.042378 -0.032213 -0.023050 -0.032566 -0.039054 -0.043421 -0.031246 -0.015460 -0.007564 -0.005289 -0.000864 8.602888 -0.651418 -0.651418 -0.651418 -0.651418 -0.053662 -0.051995 -0.052407 -0.053933
0.930000  1.035221 -0.232218 4.749097   -891.331647 0.009094 10.128372 9.115322 8.533130 7.991132 -0.046338 -0.051334 -0.052555 -0.036880 -0.042919 -0.047701 -0.051370 -0.052562 -0.001177 -0.023319 -0.033982 -0.039693 -0.027380 -0.016281 -0.027808 -0.035667 -0.040956 -0.026209 -0.007087 0.002477 0.005232 0.010593 8.606663 -0.777413 -0.777413 -0.777413 -0.777413 -0.053361 -0.051341 -0.051841 -0.053690
0.935000  1.058394 -0.272415 4.515329   -848.013258 0.020259 10.136005 9.120249 8.536931 7.993898 -0.044767 -0.050629 -0.052061 -0.033673 -0.040757 -0.046367 -0.050671 -0.052069 0.008210 -0.017764 -0.030273 -0.036972 -0.022528 -0.009508 -0.023030 -0.032249 -0.038454 -0.021155 0.001277 0.012497 0.015730 0.022018 8.610465 -0.902393 -0.902393 -0.902393 -0.902393 -0.053007 -0.050637 -0.051223 -0.053392
0.940000  1.080326 -0.312238 4.252781   -799.200823 0.031384 10.143631 9.125192 8.540759 7.996702 -0.043149 -0.049867 -0.051508 -0.030432 -0.038551 -0.044982 -0.049915 -0.051517 0.017574 -0.012197 -0.026536 -0.034213 -0.017658 -0.002734 -0.018234 -0.028801 -0.035912 -0.016084 0.009627 0.022488 0.026192 0.033400 8.614294 -1.026147 -1.026147 -1.026147 -1.026147 -0.052592 -0.049876 -0.050548 -0.053034
0.945000  1.100874 -0.351624 3.961640   -744.921624 0.042458 10.151243 9.130151 8.544615 7.999545 -0.041477 -0.049043 -0.050891 -0.027157 -0.036300 -0.043542 -0.049097 -0.050902 0.026905 -0.006621 -0.022769 -0.031415 -0.012771 0.004035 -0.013420 -0.025319 -0.033328 -0.010999 0.017956 0.032439 0.036610 0.044727 8.618152 -1.148473 -1.148473 -1.148473 -1.148473 -0.052112 -0.049054 -0.049810 -0.052609
0.950000  1.119895 -0.390512 3.642366   -685.256280 0.053468 10.158836 9.135126 8.548501 8.002430 -0.039749 -0.048151 -0.050204 -0.023845 -0.034000 -0.042042 -0.048211 -0.050216 0.036196 -0.001039 -0.018971 -0.028574 -0.007868 0.010797 -0.008589 -0.021804 -0.030699 -0.005900 0.026257 0.042341 0.046975 0.055989 8.622039 -1.269174 -1.269174 -1.269174 -1.269174 -0.051560 -0.048163 -0.049004 -0.052112
0.955000  1.137252 -0.428843 3.295690   -620.339084 0.064407 10.166406 9.140115 8.552417 8.005360 -0.037960 -0.047187 -0.049441 -0.020495 -0.031646 -0.040478 -0.047253 -0.049454 0.045439 0.004550 -0.015143 -0.025688 -0.002950 0.017547 -0.003741 -0.018254 -0.028021 -0.000788 0.034525 0.052188 0.057276 0.067175 8.625956 -1.388058 -1.388058 -1.388058 -1.388058 -0.050931 -0.047200 -0.048123 -0.051537
0.960000  1.152808 -0.466559 2.922611   -550.357811 0.075264 10.173949 9.145117 8.556363 8.008336 -0.036106 -0.046145 -0.048597 -0.017105 -0.029237 -0.038845 -0.046217 -0.048612 0.054628 0.010143 -0.011282 -0.022755 0.001983 0.024283 0.001122 -0.014667 -0.025293 0.004335 0.042754 0.061970 0.067506 0.078276 8.629903 -1.504945 -1.504945 -1.504945 -1.504945 -0.050218 -0.046159 -0.047163 -0.050877
0.965000  1.166436 -0.503608 2.524395   -475.552964 0.086030 10.181459 9.150133 8.560341 8.011361 -0.034184 -0.045019 -0.047666 -0.013673 -0.026769 -0.037140 -0.045097 -0.047682 0.063755 0.015738 -0.007389 -0.019772 0.006930 0.031001 0.006001 -0.011042 -0.022512 0.009469 0.050938 0.071681 0.077656 0.089281 8.633882 -1.619660 -1.619660 -1.619660 -1.619660 -0.049416 -0.045035 -0.046118 -0.050128
0.970000  1.178013 -0.539938 2.102561   -396.216467 0.096698 10.188934 9.155161 8.564352 8.014437 -0.032189 -0.043806 -0.046644 -0.010199 -0.024239 -0.035358 -0.043889 -0.046660 0.072816 0.021334 -0.003461 -0.016737 0.011891 0.037698 0.010895 -0.007377 -0.019675 0.014613 0.059074 0.081313 0.087719 0.100183 8.637894 -1.732040 -1.732040 -1.732040 -1.732040 -0.048519 -0.043823 -0.044984 -0.049283
0.975000  1.187425 -0.575501 1.658877   -312.689809 0.107258 10.196369 9.160201 8.568396 8.017566 -0.030117 -0.042500 -0.045525 -0.006679 -0.021644 -0.033496 -0.042588 -0.045543 0.081803 0.026931 0.000503 -0.013649 0.016865 0.044372 0.015804 -0.003672 -0.016780 0.019766 0.067156 0.090860 0.097688 0.110973 8.641939 -1.841930 -1.841930 -1.841930 -1.841930 -0.047524 -0.042518 -0.043756 -0.048338
0.980000  1.194568 -0.610253 1.195343   -225.361633 0.117703 10.203761 9.165252 8.572474 8.020750 -0.027967 -0.041098 -0.044305 -0.003114 -0.018983 -0.031550 -0.041191 -0.044324 0.090711 0.032526 0.004502 -0.010504 0.021853 0.051021 0.020727 0.000075 -0.013824 0.024929 0.075180 0.100315 0.107556 0.121643 8.646019 -1.949187 -1.949187 -1.949187 -1.949187 -0.046425 -0.041116 -0.042429 -0.047288
0.985000  1.199349 -0.644152 0.714180   -134.664806 0.128027 10.211106 9.170314 8.576587 8.023991 -0.025735 -0.039595 -0.042981 0.000499 -0.016252 -0.029517 -0.039694 -0.043001 0.099536 0.038118 0.008537 -0.007302 0.026852 0.057640 0.025664 0.003865 -0.010807 0.030099 0.083142 0.109673 0.117316 0.132185 8.650132 -2.053678 -2.053678 -2.053678 -2.053678 -0.045218 -0.039615 -0.041001 -0.046129
0.990000  1.201685 -0.677162 0.217812   -41.072979 0.138223 10.218400 9.175386 8.580734 8.027289 -0.023420 -0.037990 -0.041549 0.004159 -0.013450 -0.027395 -0.038094 -0.041570 0.108271 0.043706 0.012610 -0.004042 0.031863 0.064229 0.030614 0.007697 -0.007726 0.035276 0.091037 0.118928 0.126962 0.142594 8.654281 -2.155284 -2.155284 -2.155284 -2.155284 -0.043901 -0.038010 -0.039467 -0.044858
0.995000  1.201506 -0.709248 -0.291156   54.903323 0.148283 10.225641 9.180466 8.584916 8.030645 -0.021018 -0.036278 -0.040006 0.007867 -0.010576 -0.025182 -0.036387 -0.040028 0.116913 0.049288 0.016718 -0.000722 0.036884 0.070783 0.035576 0.011573 -0.004581 0.040459 0.098862 0.128074 0.136489 0.152861 8.658463 -2.253896 -2.253896 -2.253896 -2.253896 -0.042470 -0.036300 -0.037826 -0.043472
