0.000000  1.000000 0.000000 0.000000 0.000000
0.010000  0.998027 0.000000 -0.394524 5.483080
0.020000  0.992115 0.000000 -0.787492 10.796544
0.030000  0.982287 0.000000 -1.177352 15.780376
0.040000  0.968583 0.000000 -1.562565 20.292946
0.050000  0.951057 0.000000 -1.941611 24.218246
0.060000  0.929776 0.000000 -2.312995 27.471039
0.070000  0.904827 0.000000 -2.675250 29.999596
0.080000  0.876307 0.000000 -3.026948 31.785974
0.090000  0.844328 0.000000 -3.366699 32.844009
0.100000  0.809017 0.000000 -3.693164 33.215401
0.110000  0.770513 0.000000 -4.005053 32.964422
0.120000  0.728969 0.000000 -4.301136 32.171831
0.130000  0.684547 0.000000 -4.580245 30.928564
0.140000  0.637424 0.000000 -4.841277 29.329720
0.150000  0.587785 0.000000 -5.083204 27.469244
0.160000  0.535827 0.000000 -5.305069 25.435587
0.170000  0.481754 0.000000 -5.505997 23.308462
0.180000  0.425779 0.000000 -5.685196 21.156737
0.190000  0.368125 0.000000 -5.841958 19.037369
0.200000  0.309017 0.000000 -5.975664 16.995233
0.210000  0.248690 0.000000 -6.085787 15.063664
0.220000  0.187381 0.000000 -6.171893 13.265500
0.230000  0.125333 0.000000 -6.233641 11.614458
0.240000  0.062791 0.000000 -6.270787 10.116645
0.250000  -0.000000 0.000000 -6.283185 8.772105
0.260000  -0.062791 0.000000 -6.270787 7.576270
0.270000  -0.125333 0.000000 -6.233641 6.521274
0.280000  -0.187381 0.000000 -6.171893 5.597073
0.290000  -0.248690 0.000000 -6.085787 4.792376
0.300000  -0.309017 0.000000 -5.975664 4.095370
0.310000  -0.368125 0.000000 -5.841958 3.494281
0.320000  -0.425779 0.000000 -5.685196 2.977763
0.330000  -0.481754 0.000000 -5.505997 2.535165
0.340000  -0.535827 0.000000 -5.305069 2.156692
0.350000  -0.587785 0.000000 -5.083204 1.833480
0.360000  -0.637424 0.000000 -4.841277 1.557614
0.370000  -0.684547 0.000000 -4.580245 1.322104
0.380000  -0.728969 0.000000 -4.301136 1.120827
0.390000  -0.770513 0.000000 -4.005053 0.948460
0.400000  -0.809017 0.000000 -3.693164 0.800397
0.410000  -0.844328 0.000000 -3.366699 0.672667
0.420000  -0.876307 0.000000 -3.026948 0.561852
0.430000  -0.904827 0.000000 -2.675250 0.465009
0.440000  -0.929776 0.000000 -2.312995 0.379596
0.450000  -0.951057 0.000000 -1.941611 0.303410
0.460000  -0.968583 0.000000 -1.562565 0.234519
0.470000  -0.982287 0.000000 -1.177352 0.171215
0.480000  -0.992115 0.000000 -0.787492 0.111958
0.490000  -0.998027 0.000000 -0.394524 0.055331
0.500000  -1.000000 0.000000 0.000000 -0.000000
0.510000  -0.998027 0.000000 0.394524 -0.055331
0.520000  -0.992115 0.000000 0.787492 -0.111958
0.530000  -0.982287 0.000000 1.177352 -0.171215
0.540000  -0.968583 0.000000 1.562565 -0.234519
0.550000  -0.951057 0.000000 1.941611 -0.303410
0.560000  -0.929776 0.000000 2.312995 -0.379596
0.570000  -0.904827 0.000000 2.675250 -0.465009
0.580000  -0.876307 0.000000 3.026948 -0.561852
0.590000  -0.844328 0.000000 3.366699 -0.672667
0.600000  -0.809017 0.000000 3.693164 -0.800397
0.610000  -0.770513 0.000000 4.005053 -0.948460
0.620000  -0.728969 0.000000 4.301136 -1.120827
0.630000  -0.684547 0.000000 4.580245 -1.322104
0.640000  -0.637424 0.000000 4.841277 -1.557614
0.650000  -0.587785 0.000000 5.083204 -1.833480
0.660000  -0.535827 0.000000 5.305069 -2.156692
0.670000  -0.481754 0.000000 5.505997 -2.535165
0.680000  -0.425779 0.000000 5.685196 -2.977763
0.690000  -0.368125 0.000000 5.841958 -3.494281
0.700000  -0.309017 0.000000 5.975664 -4.095370
0.710000  -0.248690 0.000000 6.085787 -4.792376
0.720000  -0.187381 0.000000 6.171893 -5.597073
0.730000  -0.125333 0.000000 6.233641 -6.521274
0.740000  -0.062791 0.000000 6.270787 -7.576270
0.750000  0.000000 0.000000 6.283185 -8.772105
0.760000  0.062791 0.000000 6.270787 -10.116645
0.770000  0.125333 0.000000 6.233641 -11.614458
0.780000  0.187381 0.000000 6.171893 -13.265500
0.790000  0.248690 0.000000 6.085787 -15.063664
0.800000  0.309017 0.000000 5.975664 -16.995233
0.810000  0.368125 0.000000 5.841958 -19.037369
0.820000  0.425779 0.000000 5.685196 -21.156737
0.830000  0.481754 0.000000 5.505997 -23.308462
0.840000  0.535827 0.000000 5.305069 -25.435587
0.850000  0.587785 0.000000 5.083204 -27.469244
0.860000  0.637424 0.000000 4.841277 -29.329720
0.870000  0.684547 0.000000 4.580245 -30.928564
0.880000  0.728969 0.000000 4.301136 -32.171831
0.890000  0.770513 0.000000 4.005053 -32.964422
0.900000  0.809017 0.000000 3.693164 -33.215401
0.910000  0.844328 0.000000 3.366699 -32.844009
0.920000  0.876307 0.000000 3.026948 -31.785974
0.930000  0.904827 0.000000 2.675250 -29.999596
0.940000  0.929776 0.000000 2.312995 -27.471039
0.950000  0.951057 0.000000 1.941611 -24.218246
0.960000  0.968583 0.000000 1.562565 -20.292946
0.970000  0.982287 0.000000 1.177352 -15.780376
0.980000  0.992115 0.000000 0.787492 -10.796544
0.990000  0.998027 0.000000 0.394524 -5.483080
