          20          19
   0.00000      0.200000E-01  0.500000E-01  0.800000E-01  0.100000      0.120000      0.140000      0.160000      0.180000      0.210000      0.240000      0.300000      0.350000      0.400000      0.450000      0.500000      0.600000      0.800000       1.00000    
    1 -0.655942     -0.799722     -0.654341     -0.763829     -0.632682     -0.764630     -0.655412     -0.735090     -0.619847     -0.649909     -0.592349     -0.594907     -0.630402     -0.718355     -0.588405     -0.672979     -0.609008     -0.627998     -0.554410     -0.614496     -0.628768     -0.628950     -0.623684     -0.613905     -0.544173     -0.604604     -0.497264     -0.567186     -0.589677     -0.518845     -0.506730     -0.523100     -0.555832     -0.558547     -0.463970     -0.533296     -0.728138     -0.369557    
    2  0.432002E-01 -0.940700E-02  0.238339E-01 -0.128259E-01  0.284361E-01  0.522758E-01  0.387797E-01  0.870908E-01  0.370107E-01  0.105591      0.624150E-01  0.113338      0.995007E-01  0.150718      0.928870E-01  0.148205      0.123759      0.146580      0.116476      0.163426      0.111485      0.152210      0.134572      0.184441      0.134895      0.207653      0.126971      0.203524      0.160084      0.189327      0.160751      0.205684      0.202076      0.233253      0.219212      0.165074      0.155748      0.480735E-01
    3  0.166285E-01  0.658372E-01  0.490282E-01  0.632282E-01  0.848944E-01  0.204126E-01  0.100069     -0.394984E-02  0.831105E-01 -0.183213E-01  0.738246E-01 -0.425646E-01  0.713130E-01 -0.695868E-01  0.664448E-01 -0.713040E-01  0.428375E-01 -0.724909E-01  0.352813E-01 -0.881474E-01  0.147291E-01 -0.878087E-01 -0.176055E-01 -0.121441     -0.229250E-01 -0.141947     -0.488992E-01 -0.146612     -0.749808E-01 -0.101413     -0.861785E-01 -0.130716     -0.121400     -0.972745E-01 -0.102553     -0.392145E-01 -0.824337E-01 -0.219080E-01
    4  0.395908E-02 -0.288813E-01 -0.146646E-01 -0.365181E-01 -0.571351E-01 -0.255568E-01 -0.722966E-01 -0.137356E-01 -0.707481E-01  0.202459E-03 -0.786733E-01  0.299681E-01 -0.811885E-01  0.510967E-01 -0.777449E-01  0.519542E-01 -0.688723E-01  0.546710E-01 -0.553050E-01  0.649133E-01 -0.297407E-01  0.702476E-01  0.921287E-02  0.911138E-01  0.118883E-01  0.992347E-01  0.361101E-01  0.984007E-01  0.520550E-01  0.568479E-01  0.600101E-01  0.641699E-01  0.636452E-01  0.326543E-01  0.460047E-01  0.127687E-01  0.307528E-01 -0.192792E-02
    5 -0.588958E-02  0.805280E-02 -0.527408E-02  0.141425E-01  0.184886E-01  0.202359E-01  0.307572E-01  0.160103E-01  0.433117E-01  0.178895E-02  0.593828E-01 -0.203979E-01  0.651255E-01 -0.351191E-01  0.626815E-01 -0.385393E-01  0.584499E-01 -0.415018E-01  0.450025E-01 -0.498771E-01  0.245785E-01 -0.560399E-01 -0.374287E-02 -0.620220E-01 -0.866478E-02 -0.661539E-01 -0.252950E-01 -0.587205E-01 -0.326407E-01 -0.314272E-01 -0.412765E-01 -0.325191E-01 -0.358445E-01 -0.146529E-01 -0.244004E-01 -0.219827E-03 -0.171149E-01  0.753259E-02
    6  0.735751E-02  0.151437E-02  0.108406E-01 -0.597818E-03  0.881176E-03 -0.120952E-01 -0.896920E-02 -0.148726E-01 -0.222054E-01 -0.694546E-02 -0.361355E-01  0.637088E-02 -0.427855E-01  0.203697E-01 -0.375377E-01  0.248415E-01 -0.362429E-01  0.292452E-01 -0.298696E-01  0.362786E-01 -0.134187E-01  0.367327E-01  0.823001E-02  0.391658E-01  0.864456E-02  0.392311E-01  0.177806E-01  0.327839E-01  0.193707E-01  0.147142E-01  0.238908E-01  0.158014E-01  0.170977E-01  0.268502E-02  0.732962E-02 -0.181556E-02  0.110722E-02 -0.526946E-02
    7 -0.615025E-02 -0.394491E-02 -0.850826E-02 -0.341844E-02 -0.520834E-02  0.160631E-02 -0.119529E-02  0.530327E-02  0.672641E-02  0.632482E-02  0.188949E-01 -0.155966E-03  0.276493E-01 -0.692880E-02  0.242673E-01 -0.114773E-01  0.239226E-01 -0.194675E-01  0.200907E-01 -0.248431E-01  0.841013E-02 -0.258052E-01 -0.484612E-02 -0.230764E-01 -0.668139E-02 -0.247550E-01 -0.140120E-01 -0.183750E-01 -0.125135E-01 -0.618946E-02 -0.131713E-01 -0.652061E-02 -0.101961E-01  0.127229E-02 -0.509851E-02  0.156871E-02 -0.155899E-02  0.340767E-02
    8  0.418875E-02  0.347581E-02  0.559418E-02  0.353264E-02  0.684341E-02 -0.117669E-02  0.370616E-02 -0.264195E-02 -0.131136E-02 -0.379538E-02 -0.856785E-02 -0.386170E-02 -0.154250E-01 -0.594802E-03 -0.132497E-01  0.304511E-02 -0.147886E-01  0.943048E-02 -0.116087E-01  0.153384E-01 -0.602624E-02  0.162580E-01  0.269033E-02  0.152916E-01  0.489297E-02  0.175687E-01  0.466313E-02  0.120897E-01  0.397456E-02  0.272240E-02  0.526843E-02  0.160812E-02  0.330196E-02 -0.191076E-02  0.129898E-02 -0.855471E-03  0.118239E-02 -0.119689E-03
    9  0.190958E-03  0.254600E-04  0.396125E-03  0.133301E-03 -0.431256E-03  0.130463E-02 -0.138438E-02  0.655554E-03 -0.804515E-03  0.260134E-02  0.446812E-02  0.413136E-02  0.935569E-02  0.389682E-02  0.928157E-02  0.113784E-03  0.105330E-01 -0.473724E-02  0.838020E-02 -0.936335E-02  0.488625E-02 -0.108327E-01 -0.649915E-03 -0.102937E-01 -0.443194E-02 -0.121617E-01 -0.512907E-02 -0.869418E-02 -0.341507E-02 -0.434459E-02 -0.334049E-02 -0.314613E-02 -0.204772E-02 -0.157160E-02 -0.178107E-02 -0.876072E-03 -0.201496E-02  0.115218E-02
   10  0.704976E-03  0.614612E-03  0.185549E-02  0.108388E-02  0.232789E-02  0.245442E-02  0.122114E-02 -0.438507E-04  0.774446E-03 -0.266144E-02 -0.188637E-02 -0.421765E-02 -0.481875E-02 -0.402448E-02 -0.566586E-02 -0.152693E-02 -0.628825E-02  0.202732E-02 -0.486169E-02  0.633127E-02 -0.363152E-02  0.634667E-02  0.121149E-02  0.642939E-02  0.296816E-02  0.585399E-02  0.310427E-02  0.357944E-02  0.291377E-02 -0.569681E-03  0.309703E-02  0.848094E-03  0.253377E-02  0.165013E-02  0.224535E-02  0.191377E-02  0.227579E-03  0.683323E-03
   11 -0.463388E-03 -0.341031E-03 -0.526438E-03  0.202417E-03  0.131412E-02  0.391553E-03  0.140417E-02  0.465404E-03  0.119951E-04  0.154019E-02  0.186428E-03  0.324058E-02  0.185892E-02  0.320016E-02  0.111501E-02  0.209126E-02  0.108468E-02  0.119482E-02  0.116288E-02 -0.292164E-02  0.226135E-02 -0.403025E-02  0.595920E-04 -0.325614E-02 -0.121037E-02 -0.363536E-02 -0.132438E-02 -0.190778E-02 -0.265995E-03  0.618243E-04  0.353728E-03 -0.107642E-02  0.173390E-03 -0.171003E-02 -0.218709E-03 -0.174387E-02  0.282590E-03 -0.120480E-02
   12 -0.286117E-03  0.178882E-03  0.281155E-03  0.345085E-03  0.976452E-03  0.268403E-03 -0.290268E-03 -0.328774E-03 -0.149879E-03 -0.137134E-02 -0.419526E-03 -0.202536E-02  0.167177E-03 -0.309035E-02  0.109876E-03 -0.215526E-02 -0.774768E-04 -0.149961E-02 -0.321102E-03  0.827280E-03 -0.100842E-02  0.170357E-02 -0.424460E-03  0.212377E-02  0.673006E-03  0.134579E-02  0.551062E-03  0.678488E-03 -0.643427E-03  0.498556E-03  0.776745E-03  0.151570E-02  0.922222E-03  0.172289E-02  0.937853E-03  0.858983E-03  0.107965E-03  0.778857E-03
   13 -0.190860E-03 -0.288726E-03 -0.186578E-03 -0.263410E-04 -0.454411E-03  0.168604E-03  0.361006E-03 -0.481119E-03 -0.533067E-05 -0.543705E-03 -0.716795E-03  0.281435E-03 -0.165793E-02  0.540161E-03 -0.652385E-03  0.252844E-03  0.236475E-03  0.682704E-03 -0.876526E-03  0.318307E-03  0.114014E-03 -0.136426E-03 -0.118094E-02 -0.703117E-03 -0.104631E-02 -0.653483E-03 -0.151129E-02 -0.929784E-03 -0.948442E-03 -0.307044E-03 -0.158538E-02 -0.612182E-03 -0.102484E-02 -0.593022E-03 -0.503201E-03 -0.317635E-03 -0.739321E-03 -0.222925E-03
   14 -0.113362E-03 -0.314758E-04  0.155374E-03 -0.750370E-04  0.507096E-03  0.233318E-03  0.258722E-03 -0.443909E-03  0.767950E-03  0.122768E-03  0.489794E-03  0.139279E-03  0.750799E-03 -0.588923E-03  0.384834E-03 -0.308341E-03 -0.895593E-03 -0.360251E-03  0.987034E-04 -0.698548E-03 -0.385694E-03  0.978194E-04 -0.758867E-04 -0.186694E-03  0.389286E-03  0.793929E-03 -0.452409E-03  0.131942E-02 -0.105060E-02  0.745867E-03  0.155931E-03  0.910535E-03  0.404822E-03  0.671854E-03  0.224814E-03 -0.804180E-04 -0.992815E-04 -0.238098E-03
   15 -0.254223E-03 -0.177749E-03 -0.498513E-03 -0.286901E-03 -0.333492E-03 -0.281526E-03 -0.244222E-03  0.156247E-03 -0.344439E-03 -0.198571E-03 -0.571261E-03 -0.125782E-03 -0.997020E-03 -0.129461E-04 -0.766156E-03 -0.521055E-05 -0.279034E-03  0.431340E-03  0.467075E-04  0.339834E-03  0.717975E-03 -0.122470E-03  0.890911E-03 -0.673870E-03  0.497632E-03 -0.599100E-03  0.386064E-03 -0.245530E-03  0.488248E-03  0.112880E-03 -0.506751E-03 -0.588008E-04 -0.294241E-03  0.175759E-03 -0.337369E-03  0.146023E-03 -0.265129E-03 -0.440093E-04
   16 -0.560226E-04  0.128664E-04 -0.684102E-04  0.210099E-03 -0.167811E-03  0.414085E-03  0.171630E-03  0.160406E-04  0.296611E-03 -0.325057E-04  0.257561E-03 -0.132040E-03  0.260512E-03 -0.191302E-03  0.345648E-03  0.898746E-04  0.101209E-04  0.107977E-03  0.310995E-04  0.912763E-04 -0.670620E-03  0.504160E-03 -0.911252E-03  0.857899E-04 -0.114927E-02  0.357736E-03 -0.418660E-03 -0.213142E-04 -0.280702E-03 -0.286578E-03  0.309279E-03 -0.284863E-03  0.196097E-03  0.172750E-03 -0.100644E-03  0.867313E-05 -0.314764E-03  0.209728E-03
   17 -0.186283E-03 -0.141655E-03 -0.714522E-04 -0.157526E-03 -0.246024E-03 -0.108826E-03 -0.940462E-04  0.448854E-04  0.159348E-03 -0.144915E-03  0.124766E-03 -0.248306E-03  0.269076E-03 -0.165563E-03  0.432635E-04  0.506970E-04 -0.309506E-03 -0.946267E-04 -0.520583E-03  0.417906E-04  0.444386E-04  0.740123E-04  0.372262E-03 -0.949698E-04  0.402463E-03 -0.559715E-03  0.157323E-03 -0.240496E-03 -0.397469E-04  0.114238E-03 -0.602786E-03 -0.196809E-03 -0.230380E-03 -0.331057E-03 -0.616544E-04 -0.115960E-03 -0.267658E-03 -0.112219E-03
   18 -0.158575E-03 -0.150494E-04 -0.178262E-03  0.335290E-04 -0.252975E-03 -0.364182E-04 -0.138960E-03  0.121369E-03 -0.646530E-04  0.733092E-04  0.140094E-03 -0.565321E-04  0.313388E-03 -0.120634E-03  0.909487E-04 -0.323057E-04  0.184473E-03 -0.944716E-04 -0.257938E-03  0.128530E-04 -0.428702E-03  0.193479E-05 -0.395573E-03  0.131226E-03 -0.325608E-03  0.238326E-03  0.143621E-03  0.415533E-03  0.623596E-04  0.400714E-03 -0.172729E-03 -0.359029E-03 -0.133448E-03 -0.418291E-03 -0.277182E-04 -0.982311E-04 -0.578852E-04 -0.102409E-03
   19 -0.768975E-04 -0.552935E-04  0.495645E-04 -0.133632E-04 -0.754447E-04 -0.127439E-03 -0.969437E-05 -0.326777E-03  0.288926E-04 -0.427002E-03 -0.550499E-04 -0.301510E-03 -0.177462E-03 -0.649816E-04 -0.255225E-03 -0.130085E-03 -0.854201E-04  0.722718E-04  0.323172E-04 -0.186730E-03 -0.153213E-03 -0.115042E-03  0.133845E-03  0.939648E-04  0.271915E-04 -0.161994E-03 -0.970100E-04 -0.353755E-03  0.689676E-04 -0.325684E-03 -0.325030E-03  0.133608E-05 -0.339241E-04  0.528299E-04 -0.233350E-04 -0.134617E-03 -0.107182E-03 -0.571608E-04
   20 -0.230873E-03 -0.156252E-03 -0.223609E-03 -0.272145E-03 -0.165655E-03 -0.165533E-03 -0.146726E-03  0.623731E-04 -0.260686E-03 -0.529345E-04 -0.881970E-04  0.675658E-04  0.175205E-03  0.755065E-04  0.179210E-03 -0.173370E-04  0.118777E-04 -0.272451E-03 -0.403789E-03  0.606440E-04 -0.301109E-03  0.127803E-04 -0.108513E-03 -0.290152E-03  0.178029E-04 -0.150324E-03  0.521362E-04 -0.407733E-04 -0.139480E-03  0.193049E-03 -0.141313E-03  0.221312E-04 -0.311714E-03 -0.155413E-03 -0.802376E-04 -0.702276E-04 -0.323982E-04 -0.634925E-04
    1   1.00000     -0.704418E-16   1.00000     -0.556004E-16   1.00000     -0.407589E-16   1.00000     -0.259175E-16   1.00000     -0.514740E-16   1.00000     -0.770305E-16   1.00000     -0.102587E-15   1.00000     -0.332847E-16   1.00000      0.360177E-16   1.00000      0.105320E-15   1.00000      0.556806E-16   1.00000      0.604127E-17   1.00000     -0.435981E-16   1.00000      0.504786E-16   1.00000      0.144555E-15   1.00000      0.238632E-15   1.00000      0.306573E-15   1.00000      0.374513E-15   1.00000      0.442454E-15
    2  0.424302E-01  0.816138E-01  0.964536E-02  0.115707     -0.130084E-01  0.767941E-01 -0.106547E-01  0.555076E-01 -0.245987E-01  0.705157E-02 -0.656518E-01 -0.197390E-01 -0.102161     -0.268408E-01 -0.965651E-01 -0.158622E-01 -0.152623     -0.586871E-02 -0.167479     -0.147720E-01 -0.130997     -0.259130E-01 -0.140696     -0.234160E-01 -0.199902     -0.200406E-01 -0.195247      0.956893E-02 -0.167809     -0.373935E-01 -0.229828      0.873504E-02 -0.213745     -0.252492E-01 -0.226426     -0.134938E-01 -0.197191     -0.939514E-02
    3 -0.105897E-01 -0.390460E-01 -0.141993E-01 -0.394291E-01 -0.188475E-01 -0.398500E-01 -0.142464E-01 -0.424343E-01 -0.126607E-01 -0.194664E-01 -0.207597E-01 -0.197832E-02 -0.121918E-01  0.153377E-02 -0.844912E-02 -0.159315E-01  0.293207E-02 -0.493604E-02  0.135464E-01  0.136983E-01  0.202649E-01  0.135627E-01  0.177165E-01  0.140841E-01  0.481169E-01  0.230071E-01  0.650482E-01  0.134231E-01  0.367736E-01  0.103987E-01  0.677975E-01  0.489814E-02  0.755215E-01  0.207208E-01  0.821505E-01 -0.102933E-01  0.732695E-01 -0.213024E-01
    4  0.822020E-02  0.118774E-01  0.126668E-01  0.169339E-01 -0.950848E-03  0.111951E-01  0.482772E-02  0.131161E-01  0.539379E-02  0.124115E-01  0.134222E-01  0.108515E-01  0.173207E-01  0.817379E-02  0.121818E-01  0.246890E-01  0.192808E-01  0.680901E-02  0.820243E-02 -0.116324E-01  0.451741E-02 -0.938407E-02  0.151613E-02 -0.139382E-01 -0.123453E-01 -0.180998E-01 -0.181181E-01 -0.357457E-02 -0.193639E-01 -0.126773E-01 -0.294557E-01 -0.814629E-02 -0.311899E-01 -0.452645E-02 -0.322299E-01  0.245998E-02 -0.120490E-01  0.412968E-02
    5 -0.352807E-03 -0.958669E-03 -0.464929E-02 -0.613523E-03  0.573822E-02  0.477663E-02 -0.673178E-02 -0.544583E-03 -0.120846E-01 -0.395650E-02 -0.938724E-02 -0.454978E-02 -0.123489E-01 -0.395409E-02 -0.128101E-01 -0.442408E-02 -0.153051E-01  0.572789E-02 -0.117117E-01  0.856438E-02 -0.118043E-01  0.764677E-02 -0.121458E-01  0.491581E-02 -0.120146E-02  0.181704E-01  0.159528E-01  0.734880E-02  0.108738E-01  0.120870E-01  0.170566E-01  0.832435E-02  0.126831E-01  0.278207E-02  0.151492E-01 -0.142192E-02  0.334860E-02 -0.680970E-02
    6  0.511735E-02 -0.142921E-02  0.199584E-02 -0.760510E-03  0.613858E-02 -0.136793E-02  0.186779E-02  0.436827E-02  0.889585E-03 -0.380664E-03  0.302222E-02  0.264417E-02  0.564030E-02 -0.301652E-03 -0.700840E-03 -0.413303E-02  0.334006E-02 -0.886384E-03  0.725517E-02 -0.653935E-02  0.494513E-02  0.737713E-03  0.226969E-02 -0.285635E-02  0.284685E-03 -0.105244E-01 -0.153416E-01 -0.326894E-03 -0.305479E-02  0.970693E-03 -0.375877E-02 -0.159047E-02 -0.645668E-02 -0.138518E-02 -0.865901E-02  0.431540E-02  0.263484E-02  0.650681E-02
    7 -0.172599E-05  0.270471E-02 -0.398921E-02 -0.128533E-02 -0.510912E-02  0.231723E-02 -0.646267E-02 -0.606957E-03  0.511462E-02  0.311835E-02  0.280877E-02  0.480085E-02 -0.690559E-03  0.234944E-02 -0.196989E-02  0.265327E-02 -0.463149E-02  0.121389E-02 -0.331190E-02  0.350688E-02 -0.323074E-02 -0.485895E-02  0.364385E-03 -0.839628E-04  0.446365E-03  0.781247E-02  0.114264E-01 -0.480187E-02  0.995298E-03  0.848091E-03  0.311698E-02  0.682942E-02  0.226220E-02 -0.123746E-02  0.262553E-02 -0.655589E-03  0.287651E-02 -0.609509E-02
    8  0.957207E-03 -0.494847E-02 -0.493383E-02 -0.433410E-02 -0.660324E-02 -0.379578E-02 -0.152093E-02 -0.437270E-02 -0.153962E-02 -0.530556E-02 -0.228837E-02 -0.395950E-02 -0.358535E-02 -0.395557E-03 -0.589390E-02 -0.199844E-02 -0.462385E-03 -0.161215E-02  0.149622E-02 -0.266151E-02  0.142389E-02  0.275607E-02  0.197952E-02  0.255290E-02 -0.103550E-02 -0.150660E-02 -0.785064E-02  0.152655E-02  0.132996E-02  0.173007E-02 -0.257648E-02 -0.345094E-02 -0.302051E-02 -0.110499E-02 -0.473401E-02 -0.121051E-02 -0.282864E-02 -0.103218E-02
    9  0.328564E-02 -0.339728E-04  0.811376E-03  0.156580E-03  0.319333E-03  0.143918E-02  0.291541E-02  0.290596E-02  0.181313E-02 -0.535511E-03  0.738324E-03  0.526853E-03 -0.867847E-03  0.230368E-02 -0.549924E-02 -0.709351E-03 -0.234870E-02 -0.235698E-03 -0.207468E-02  0.446647E-03 -0.642515E-03  0.133683E-02 -0.248058E-02  0.360842E-03 -0.186310E-03 -0.166865E-02  0.233214E-02  0.340339E-02  0.335945E-02  0.342050E-02  0.433753E-02  0.287736E-02  0.102590E-02 -0.182857E-02  0.325196E-02 -0.483324E-03  0.437208E-02 -0.147972E-02
   10  0.373839E-03 -0.345807E-02 -0.561277E-02 -0.236123E-02 -0.357851E-03  0.848335E-03 -0.108363E-02  0.134870E-02 -0.848339E-03  0.274526E-02  0.306560E-03  0.134784E-02  0.159453E-02 -0.733617E-03  0.320457E-02 -0.496270E-02  0.153848E-02 -0.104216E-02  0.462518E-03  0.223115E-03  0.874991E-03 -0.241267E-03 -0.451530E-03  0.240025E-02 -0.464385E-04  0.383097E-03 -0.188440E-02  0.266205E-02 -0.357285E-02 -0.130210E-02 -0.141944E-02  0.138427E-02 -0.113165E-03  0.476647E-03 -0.273557E-02 -0.660289E-03 -0.149612E-02  0.167821E-02
   11  0.287978E-02 -0.331189E-03  0.244052E-02 -0.430293E-02 -0.389100E-02 -0.235155E-02 -0.275019E-02 -0.495761E-03 -0.394187E-03  0.664867E-03 -0.123916E-02 -0.352947E-03 -0.211186E-03  0.138053E-03  0.808480E-03 -0.497801E-03  0.218281E-02  0.806056E-03 -0.714877E-03 -0.105689E-02 -0.318828E-02  0.507203E-03 -0.122653E-02 -0.524678E-02 -0.354265E-03  0.128626E-02  0.427854E-02 -0.380207E-02  0.639894E-03  0.823965E-03 -0.433502E-03 -0.892068E-03  0.217253E-02 -0.122866E-02  0.941292E-03 -0.729722E-03  0.141983E-02 -0.216522E-02
   12 -0.168316E-03  0.228903E-03  0.245101E-02 -0.283037E-02  0.116080E-02  0.937896E-04  0.289899E-02  0.568245E-03 -0.223957E-03  0.171756E-02 -0.128603E-02  0.149857E-02  0.523538E-03  0.149896E-02  0.117394E-02  0.183849E-02 -0.221383E-02  0.951173E-03  0.596016E-03  0.139777E-02  0.172640E-02 -0.130111E-03 -0.294534E-03  0.362845E-02 -0.627463E-03 -0.119102E-03 -0.556788E-03  0.159214E-02 -0.298239E-03  0.417639E-04  0.113003E-02 -0.608972E-03 -0.529941E-03  0.124087E-02 -0.200068E-04  0.580637E-03  0.353919E-03  0.168294E-02
   13 -0.493956E-03  0.255491E-03  0.167072E-03  0.193466E-02 -0.731230E-03 -0.195862E-02  0.170864E-02 -0.528573E-02  0.178946E-02 -0.314840E-02  0.198926E-02 -0.155364E-02 -0.221135E-02 -0.882255E-03 -0.122044E-02 -0.340687E-03  0.625133E-03 -0.358682E-02  0.487232E-03 -0.150602E-02  0.556526E-03  0.147043E-02  0.529172E-03 -0.263486E-02 -0.653886E-03 -0.108896E-04  0.231147E-02  0.177857E-02  0.238458E-02  0.113514E-02  0.343963E-03  0.780758E-03  0.459851E-03  0.142813E-02  0.474453E-03  0.958591E-03 -0.128224E-02  0.327643E-03
   14 -0.389795E-03 -0.563042E-03  0.243307E-02  0.214414E-03  0.146828E-02  0.264244E-03 -0.624742E-03  0.186723E-02 -0.209983E-02 -0.206015E-02  0.269422E-04 -0.120435E-02  0.133880E-02  0.204540E-03  0.339395E-02  0.249140E-02 -0.132894E-02  0.140913E-02 -0.102520E-02  0.845515E-03 -0.177688E-02 -0.626848E-03 -0.184086E-03  0.112897E-02 -0.242167E-03 -0.307318E-03 -0.271877E-02 -0.177285E-02 -0.175725E-02  0.405487E-03  0.877790E-03 -0.140814E-03 -0.354003E-03 -0.292536E-03 -0.267897E-03 -0.264647E-03 -0.783227E-03  0.480253E-03
   15  0.117149E-02  0.560073E-03 -0.104715E-03  0.168584E-02 -0.122316E-02  0.430133E-03 -0.822347E-03  0.191913E-02 -0.509212E-03 -0.113916E-03 -0.273923E-04 -0.650565E-03  0.105968E-02  0.774796E-03  0.153102E-02  0.394184E-02  0.823760E-03 -0.881326E-03  0.103387E-02 -0.636802E-03 -0.412487E-03 -0.741745E-03  0.758165E-03 -0.139976E-02  0.990510E-03  0.515134E-03  0.103953E-02 -0.162728E-02  0.209818E-03 -0.109098E-02  0.149877E-02 -0.896012E-04 -0.119565E-03 -0.530493E-03  0.712789E-03 -0.337630E-03  0.253365E-03  0.176688E-04
   16 -0.120511E-02  0.640936E-03 -0.210523E-02 -0.589409E-03 -0.938415E-03 -0.701053E-03  0.114074E-04 -0.177961E-02  0.129320E-02  0.125833E-02  0.814382E-06  0.230997E-03 -0.692841E-03 -0.536640E-03 -0.196199E-02  0.672490E-03 -0.929169E-03  0.502436E-03  0.882823E-05  0.740808E-03 -0.365514E-03 -0.296706E-03 -0.163679E-02 -0.397509E-03 -0.230353E-02  0.402315E-03 -0.413631E-04  0.180212E-02 -0.843509E-03  0.177151E-02 -0.101151E-02  0.132740E-03  0.654747E-04 -0.120900E-03 -0.266123E-05  0.404379E-03 -0.972431E-03  0.843455E-03
   17 -0.483337E-03 -0.642305E-03  0.188045E-02 -0.214192E-02  0.167312E-02 -0.177267E-02 -0.902578E-03  0.867163E-04 -0.852449E-03  0.686990E-03 -0.361126E-03 -0.640876E-05 -0.593279E-03  0.295421E-03 -0.172968E-02  0.345592E-03  0.296469E-03  0.610728E-03 -0.378804E-04 -0.275163E-03  0.124603E-02 -0.837755E-03 -0.270808E-03  0.671520E-04  0.285116E-03 -0.546480E-03  0.165702E-02  0.224611E-03  0.235266E-04 -0.640206E-03 -0.794928E-03  0.940836E-03 -0.211182E-03  0.250330E-03 -0.586414E-03  0.512786E-04 -0.137476E-02 -0.556389E-04
   18  0.965609E-03  0.200574E-03  0.126773E-02  0.790901E-03 -0.172293E-02  0.639188E-03 -0.689168E-03  0.488418E-03  0.113868E-02  0.860767E-03  0.693301E-03  0.904930E-03 -0.437918E-03 -0.477033E-03 -0.207288E-02 -0.113223E-02 -0.452713E-03 -0.961394E-03  0.142769E-03 -0.834434E-03 -0.646684E-03  0.118971E-02 -0.104731E-02  0.511173E-03 -0.115007E-03  0.731228E-03 -0.775109E-03 -0.859227E-03 -0.226388E-02  0.851847E-03 -0.152053E-03  0.139958E-02  0.792099E-03  0.806379E-03  0.612057E-03  0.427655E-03  0.681566E-04 -0.880516E-04
   19 -0.662260E-04  0.343053E-03 -0.779927E-03 -0.595771E-03  0.693605E-03  0.175486E-03  0.108960E-02  0.189860E-02  0.566700E-04  0.244640E-03 -0.129952E-03  0.545327E-03 -0.181057E-04  0.175251E-05  0.301454E-03 -0.166273E-02 -0.350177E-03  0.553374E-05 -0.280179E-03  0.726620E-03 -0.794840E-05 -0.310643E-03 -0.322892E-03 -0.113145E-02 -0.405343E-03  0.527176E-03 -0.476701E-04 -0.931218E-03  0.116771E-02  0.199591E-03  0.256658E-03 -0.558125E-03 -0.172095E-04 -0.819399E-05  0.738019E-03 -0.655211E-03 -0.130698E-05 -0.143634E-03
   20  0.510411E-03 -0.553118E-03 -0.114177E-02  0.334408E-03 -0.141166E-02 -0.500162E-03 -0.761606E-03 -0.872174E-03  0.464096E-03  0.215375E-03  0.770906E-04 -0.485859E-03 -0.473611E-03 -0.378092E-03 -0.664374E-03  0.117813E-02  0.205147E-02  0.304618E-03  0.889310E-03 -0.192309E-03  0.201487E-03 -0.144054E-03  0.167718E-02  0.139562E-02  0.571029E-04 -0.282351E-03  0.518806E-03  0.895437E-04 -0.116576E-02  0.129356E-02  0.157811E-02  0.483038E-03  0.124521E-02  0.101755E-02  0.509062E-04  0.848570E-04 -0.384128E-05 -0.393824E-03
           0           0

