43970.250000 0.096314 66.300000 64.237812 1.000000   6.922e-01 -1.415e+00 -6.191e-01
43973.297000 0.197523 66.600000 71.073075 1.000000   4.800e-01 -3.139e+00 -7.647e-01
43976.344000 0.298732 81.800000 81.031308 1.000000   -6.000e-02 -5.983e+00 -6.287e-01
43977.277000 0.329723 81.800000 83.431726 1.000000   -2.534e-01 -6.776e+00 -5.993e-01
43978.289000 0.363337 88.700000 88.701820 1.000000   -5.123e-01 -8.467e+00 -5.137e-01
43979.301000 0.396952 84.900000 83.141829 1.000000   -7.863e-01 -7.155e+00 -3.587e-01
43980.309000 0.430434 74.700000 73.381234 1.000000   -9.743e-01 -4.440e+00 -1.451e-01
44177.609000 0.983955 54.300000 50.312047 1.000000   7.353e-01 1.921e+00 -3.960e-01
44178.570000 0.015875 58.200000 57.429221 1.000000   7.754e-01 2.186e-01 -4.946e-01
44180.551000 0.081676 63.300000 63.565314 1.000000   7.115e-01 -1.251e+00 -5.372e-01
44181.562000 0.115258 65.400000 65.732946 1.000000   6.620e-01 -1.781e+00 -7.134e-01
44183.574000 0.182088 71.000000 68.426420 1.000000   5.229e-01 -2.473e+00 -7.555e-01
44237.543000 0.974724 52.500000 51.020050 1.000000   7.180e-01 1.755e+00 -3.411e-01
44239.535000 0.040890 58.700000 62.926400 1.000000   7.619e-01 -1.091e+00 -4.630e-01
44240.527000 0.073840 62.900000 63.508021 1.000000   7.212e-01 -1.235e+00 -5.005e-01
44297.426000 0.963799 50.500000 53.950671 1.000000   7.022e-01 1.055e+00 -2.800e-01
44299.445000 0.030862 61.700000 61.367100 1.000000   7.712e-01 -7.183e-01 -4.792e-01
44301.395000 0.095633 65.500000 64.191534 1.000000   6.931e-01 -1.404e+00 -6.153e-01
44331.312000 0.089357 68.800000 63.827642 1.000000   7.017e-01 -1.315e+00 -5.792e-01
44332.344000 0.123636 57.700000 66.288263 1.000000   6.464e-01 -1.919e+00 -7.405e-01
44333.332000 0.156453 64.800000 66.892700 1.000000   5.797e-01 -2.082e+00 -7.610e-01
44336.383000 0.257795 84.400000 82.100090 1.000000   1.890e-01 -6.075e+00 -7.199e-01
44363.273000 0.150974 68.700000 66.862799 1.000000   5.910e-01 -2.072e+00 -7.634e-01
44364.285000 0.184589 69.800000 68.764602 1.000000   5.166e-01 -2.558e+00 -7.565e-01
44591.473000 0.730870 32.900000 33.784735 1.000000   1.429e-01 6.318e+00 5.038e-01
44592.496000 0.764850 37.400000 33.847127 1.000000   3.591e-01 6.136e+00 2.391e-01
44595.484000 0.864099 47.500000 46.314375 1.000000   7.568e-01 2.869e+00 -5.146e-02
44625.395000 0.857624 45.100000 44.736037 1.000000   7.369e-01 3.253e+00 3.385e-04
44637.391000 0.256083 83.700000 82.025259 1.000000   1.993e-01 -6.048e+00 -7.244e-01
44638.398000 0.289532 80.300000 81.322736 1.000000   -4.845e-03 -6.018e+00 -6.426e-01
44653.375000 0.787008 39.800000 38.996184 1.000000   4.813e-01 4.773e+00 1.341e-01
44654.309000 0.818032 43.400000 44.639023 1.000000   6.014e-01 3.332e+00 1.438e-01
44655.324000 0.851746 46.600000 43.939263 1.000000   7.171e-01 3.452e+00 4.361e-02
44656.324000 0.884962 46.700000 55.834647 1.000000   7.952e-01 5.964e-01 -2.026e-01
44692.305000 0.080108 59.400000 63.537936 1.000000   7.134e-01 -1.244e+00 -5.292e-01
44694.316000 0.146905 69.700000 66.853819 1.000000   5.994e-01 -2.067e+00 -7.645e-01
44704.289000 0.478169 74.800000 79.379833 1.000000   -1.221e+00 -6.405e+00 6.285e-01
44706.340000 0.546295 33.400000 38.903204 1.000000   -1.334e+00 6.005e+00 1.427e+00
44707.297000 0.578082 33.100000 31.169031 1.000000   -1.090e+00 8.144e+00 1.276e+00
44708.336000 0.612594 30.100000 33.192880 1.000000   -8.297e-01 7.299e+00 1.136e+00
44711.297000 0.710946 33.300000 32.664659 1.000000   1.490e-02 6.712e+00 6.003e-01
44712.301000 0.744295 38.600000 33.133274 1.000000   2.284e-01 6.417e+00 4.049e-01
44713.324000 0.778275 30.700000 36.588513 1.000000   4.369e-01 5.397e+00 1.612e-01
44714.281000 0.810063 45.500000 44.096492 1.000000   5.744e-01 3.475e+00 1.361e-01
44715.289000 0.843545 45.000000 43.669387 1.000000   6.884e-01 3.529e+00 9.330e-02
45091.254000 0.331606 88.400000 83.758273 1.000000   -2.663e-01 -6.876e+00 -5.969e-01
45093.242000 0.397640 79.700000 82.903708 1.000000   -7.912e-01 -7.091e+00 -3.552e-01
44952.906000 0.736236 36.500000 33.550177 3.800000   1.769e-01 6.352e+00 4.671e-01
44625.863000 0.873169 47.400000 49.761349 3.800000   7.793e-01 2.041e+00 -1.240e-01
44626.836000 0.905488 52.100000 66.019749 3.800000   7.809e-01 -1.823e+00 -2.587e-01
44537.965000 0.953547 52.400000 58.204944 3.800000   6.964e-01 3.447e-02 -2.385e-01
44627.785000 0.937010 49.000000 65.408946 3.800000   7.106e-01 -1.693e+00 -2.190e-01
44571.926000 0.081596 61.200000 63.563712 3.800000   7.116e-01 -1.250e+00 -5.368e-01
44542.957000 0.119361 64.000000 66.025815 3.800000   6.545e-01 -1.853e+00 -7.280e-01
44572.941000 0.115311 68.300000 65.736946 3.800000   6.619e-01 -1.782e+00 -7.136e-01
44543.957000 0.152577 71.000000 66.867897 3.800000   5.877e-01 -2.074e+00 -7.628e-01
44573.945000 0.148659 61.400000 66.857673 3.800000   5.958e-01 -2.069e+00 -7.642e-01
45383.734000 0.046628 64.000000 63.403205 3.800000   7.553e-01 -1.205e+00 -4.567e-01
45384.668000 0.077652 68.300000 63.511908 3.800000   7.165e-01 -1.237e+00 -5.173e-01
45386.719000 0.145778 71.000000 66.850658 3.800000   6.018e-01 -2.066e+00 -7.647e-01
45387.676000 0.177565 77.700000 67.909831 3.800000   5.338e-01 -2.343e+00 -7.546e-01
45388.746000 0.213107 67.900000 74.704462 3.800000   4.241e-01 -4.063e+00 -7.750e-01
45389.672000 0.243865 79.700000 80.949230 3.800000   2.715e-01 -5.721e+00 -7.527e-01
45004.785000 0.459450 82.700000 76.301583 3.800000   -1.109e+00 -5.393e+00 2.472e-01
45005.766000 0.492035 71.900000 77.621670 3.800000   -1.309e+00 -5.934e+00 9.261e-01
44946.941000 0.538102 43.400000 44.625571 3.800000   -1.376e+00 4.260e+00 1.437e+00
44948.906000 0.603372 30.400000 33.582902 3.800000   -8.965e-01 7.245e+00 1.172e+00
44949.914000 0.636854 27.700000 27.453584 3.800000   -6.376e-01 8.753e+00 1.001e+00
50501.781000 0.047784 63.100000 63.467177 1.000000   7.539e-01 -1.221e+00 -4.559e-01
50527.578000 0.904658 77.580000 65.717057 1.000000   7.824e-01 -1.751e+00 -2.585e-01
