 2  22  12.849  43969.520 285.403  -0.074   11.343  -10.000      -79.2072    -1017.7305
 3  22  12.849  43969.520 285.403   0.019    9.637  -10.000      -79.2072    -1017.7305
 4  22  12.849  43969.520 285.403   0.089    8.606  -10.000      -79.2072    -1017.7305
 5  22  12.849  43969.520 285.403   0.065    7.556  -10.000      -79.2072    -1017.7305
 2  22  12.849  43970.484 312.437  -0.078   11.499  -10.000      -79.1321    -1016.7656
 3  22  12.849  43970.484 312.437   0.005    9.713  -10.000      -79.1321    -1016.7656
 4  22  12.849  43970.484 312.437   0.068    8.647  -10.000      -79.1321    -1016.7656
 5  22  12.849  43970.484 312.437   0.051    7.577  -10.000      -79.1321    -1016.7656
 2  22  12.849  43980.520 233.600   0.006   11.081  -10.000      -78.3511    -1006.7305
 3  22  12.849  43980.520 233.600   0.074    9.503  -10.000      -78.3511    -1006.7305
 4  22  12.849  43980.520 233.600   0.151    8.543  -10.000      -78.3511    -1006.7305
 5  22  12.849  43980.520 233.600   0.099    7.523  -10.000      -78.3511    -1006.7305
 2  22  12.849  44044.320 221.158  -0.107   10.913  -10.000      -73.3857     -942.9297
 3  22  12.849  44044.320 221.158   0.049    9.447  -10.000      -73.3857     -942.9297
 4  22  12.849  44044.320 221.158   0.136    8.507  -10.000      -73.3857     -942.9297
 5  22  12.849  44044.320 221.158   0.145    7.557  -10.000      -73.3857     -942.9297
 2  22  12.849  44046.336 277.633  -0.078   11.286  -10.000      -73.2288     -940.9141
 3  22  12.849  44046.336 277.633   0.035    9.622  -10.000      -73.2288     -940.9141
 4  22  12.849  44046.336 277.633   0.101    8.597  -10.000      -73.2288     -940.9141
 5  22  12.849  44046.336 277.633   0.114    7.592  -10.000      -73.2288     -940.9141
 2  22  12.849  44047.305 304.774  -0.047   11.485  -10.000      -73.1534     -939.9453
 3  22  12.849  44047.305 304.774   0.014    9.695  -10.000      -73.1534     -939.9453
 4  22  12.849  44047.305 304.774   0.083    8.642  -10.000      -73.1534     -939.9453
 5  22  12.849  44047.305 304.774   0.102    7.615  -10.000      -73.1534     -939.9453
 2  22  12.849  44048.324 333.339  -0.095   11.596  -10.000      -73.0741     -938.9258
 3  22  12.849  44048.324 333.339  -0.014    9.765  -10.000      -73.0741     -938.9258
 4  22  12.849  44048.324 333.339   0.066    8.697  -10.000      -73.0741     -938.9258
 5  22  12.849  44048.324 333.339   0.083    7.645  -10.000      -73.0741     -938.9258
 2  22  12.849  44049.301   0.700  -0.116   11.728  -10.000      -72.9981     -937.9492
 3  22  12.849  44049.301   0.700  -0.046    9.836  -10.000      -72.9981     -937.9492
 4  22  12.849  44049.301   0.700   0.041    8.755  -10.000      -72.9981     -937.9492
 5  22  12.849  44049.301   0.700   0.050    7.676  -10.000      -72.9981     -937.9492
 2  22  12.849  44082.230 203.318  -0.204   10.948  -10.000      -70.4352     -905.0195
 3  22  12.849  44082.230 203.318  -0.061    9.438  -10.000      -70.4352     -905.0195
 4  22  12.849  44082.230 203.318   0.030    8.489  -10.000      -70.4352     -905.0195
 5  22  12.849  44082.230 203.318   0.017    7.505  -10.000      -70.4352     -905.0195
 2  22  12.849  44387.352 112.148  -0.038   11.962  -10.000      -46.6885     -599.8984
 3  22  12.849  44387.352 112.148  -0.072    9.989  -10.000      -46.6885     -599.8984
 4  22  12.849  44387.352 112.148  -0.042    8.860  -10.000      -46.6885     -599.8984
 5  22  12.849  44387.352 112.148  -0.067    7.755  -10.000      -46.6885     -599.8984
 2  22  12.849  44391.387 225.206  -0.029   11.001  -10.000      -46.3744     -595.8633
 3  22  12.849  44391.387 225.206   0.088    9.491  -10.000      -46.3744     -595.8633
 4  22  12.849  44391.387 225.206   0.161    8.535  -10.000      -46.3744     -595.8633
 5  22  12.849  44391.387 225.206   0.155    7.568  -10.000      -46.3744     -595.8633
 2  22  12.849  44646.562 174.676  -0.010   11.608  -10.000      -26.5148     -340.6875
 3  22  12.849  44646.562 174.676   0.011    9.842  -10.000      -26.5148     -340.6875
 4  22  12.849  44646.562 174.676   0.067    8.802  -10.000      -26.5148     -340.6875
 5  22  12.849  44646.562 174.676  -0.015    7.699  -10.000      -26.5148     -340.6875
 1  22  12.849  44647.547 202.256  -0.331   12.106  -10.000      -26.4382     -339.7031
 2  22  12.849  44647.547 202.256  -0.105   11.066  -10.000      -26.4382     -339.7031
 3  22  12.849  44647.547 202.256   0.044    9.556  -10.000      -26.4382     -339.7031
 4  22  12.849  44647.547 202.256   0.130    8.600  -10.000      -26.4382     -339.7031
 5  22  12.849  44647.547 202.256   0.089    7.587  -10.000      -26.4382     -339.7031
 2  22  12.849  44649.574 259.058  -0.055   11.188  -10.000      -26.2804     -337.6758
 3  22  12.849  44649.574 259.058   0.054    9.575  -10.000      -26.2804     -337.6758
 4  22  12.849  44649.574 259.058   0.144    8.596  -10.000      -26.2804     -337.6758
 5  22  12.849  44649.574 259.058   0.109    7.564  -10.000      -26.2804     -337.6758
 3  22  12.849  44653.594  11.677  -0.068    9.858  -10.000      -25.9676     -333.6562
 4  22  12.849  44653.594  11.677   0.022    8.773  -10.000      -25.9676     -333.6562
 5  22  12.849  44653.594  11.677   0.006    7.662  -10.000      -25.9676     -333.6562
 2  22  12.849  44654.625  40.570  -0.100   11.943  -10.000      -25.8873     -332.6250
 3  22  12.849  44654.625  40.570  -0.099    9.933  -10.000      -25.8873     -332.6250
 4  22  12.849  44654.625  40.570  -0.013    8.831  -10.000      -25.8873     -332.6250
 5  22  12.849  44654.625  40.570  -0.057    7.679  -10.000      -25.8873     -332.6250
 2  22  12.849  44655.574  67.165  -0.101   12.029  -10.000      -25.8134     -331.6758
 3  22  12.849  44655.574  67.165  -0.115    9.996  -10.000      -25.8134     -331.6758
 4  22  12.849  44655.574  67.165  -0.041    8.879  -10.000      -25.8134     -331.6758
 5  22  12.849  44655.574  67.165  -0.086    7.724  -10.000      -25.8134     -331.6758
 2  22  12.849  44676.496 293.351  -0.051   11.415  -10.000      -24.1851     -310.7539
 3  22  12.849  44676.496 293.351   0.054    9.699  -10.000      -24.1851     -310.7539
 4  22  12.849  44676.496 293.351   0.140    8.675  -10.000      -24.1851     -310.7539
 5  22  12.849  44676.496 293.351   0.119    7.620  -10.000      -24.1851     -310.7539
 2  22  12.849  44677.520 322.025  -0.040   11.588  -10.000      -24.1055     -309.7305
 3  22  12.849  44677.520 322.025   0.033    9.772  -10.000      -24.1055     -309.7305
 4  22  12.849  44677.520 322.025   0.119    8.720  -10.000      -24.1055     -309.7305
 5  22  12.849  44677.520 322.025   0.102    7.642  -10.000      -24.1055     -309.7305
 2  22  12.849  44679.570  19.484  -0.098   11.846  -10.000      -23.9459     -307.6797
 3  22  12.849  44679.570  19.484  -0.047    9.908  -10.000      -23.9459     -307.6797
 4  22  12.849  44679.570  19.484   0.042    8.817  -10.000      -23.9459     -307.6797
 5  22  12.849  44679.570  19.484   0.023    7.699  -10.000      -23.9459     -307.6797
 2  22  12.849  44680.559  47.173  -0.079   11.990  -10.000      -23.8690     -306.6914
 3  22  12.849  44680.559  47.173  -0.059    9.995  -10.000      -23.8690     -306.6914
 4  22  12.849  44680.559  47.173   0.017    8.881  -10.000      -23.8690     -306.6914
 5  22  12.849  44680.559  47.173  -0.009    7.746  -10.000      -23.8690     -306.6914
 2  22  12.849  44703.418 327.643  -0.049   11.610  -10.000      -22.0899     -283.8320
 3  22  12.849  44703.418 327.643   0.005    9.763  -10.000      -22.0899     -283.8320
 4  22  12.849  44703.418 327.643   0.085    8.701  -10.000      -22.0899     -283.8320
 5  22  12.849  44703.418 327.643   0.058    7.608  -10.000      -22.0899     -283.8320
 2  22  12.849  44704.484 357.521  -0.084   11.741  -10.000      -22.0069     -282.7656
 3  22  12.849  44704.484 357.521  -0.026    9.843  -10.000      -22.0069     -282.7656
 4  22  12.849  44704.484 357.521   0.060    8.763  -10.000      -22.0069     -282.7656
 5  22  12.849  44704.484 357.521   0.031    7.648  -10.000      -22.0069     -282.7656
 2  22  12.849  44706.508  54.214  -0.120   11.976  -10.000      -21.8494     -280.7422
 3  22  12.849  44706.508  54.214  -0.098    9.980  -10.000      -21.8494     -280.7422
 4  22  12.849  44706.508  54.214  -0.008    8.879  -10.000      -21.8494     -280.7422
 5  22  12.849  44706.508  54.214  -0.043    7.734  -10.000      -21.8494     -280.7422
 2  22  12.849  44712.488 221.773  -0.110   10.911  -10.000      -21.3840     -274.7617
 3  22  12.849  44712.488 221.773   0.068    9.466  -10.000      -21.3840     -274.7617
 4  22  12.849  44712.488 221.773   0.152    8.523  -10.000      -21.3840     -274.7617
 5  22  12.849  44712.488 221.773   0.121    7.533  -10.000      -21.3840     -274.7617
 2  22  12.849  44713.488 249.791  -0.068   11.115  -10.000      -21.3061     -273.7617
 3  22  12.849  44713.488 249.791   0.075    9.563  -10.000      -21.3061     -273.7617
 4  22  12.849  44713.488 249.791   0.147    8.578  -10.000      -21.3061     -273.7617
 5  22  12.849  44713.488 249.791   0.123    7.567  -10.000      -21.3061     -273.7617
 2  22  12.849  44795.312  22.328  -0.080   11.878  -10.000      -14.9380     -191.9375
 3  22  12.849  44795.312  22.328  -0.063    9.902  -10.000      -14.9380     -191.9375
 4  22  12.849  44795.312  22.328  -0.010    8.774  -10.000      -14.9380     -191.9375
 5  22  12.849  44795.312  22.328  -0.011    7.673  -10.000      -14.9380     -191.9375
 2  22  12.849  44799.277 133.415   0.018   11.816  -10.000      -14.6294     -187.9727
 3  22  12.849  44799.277 133.415  -0.018    9.923  -10.000      -14.6294     -187.9727
 4  22  12.849  44799.277 133.415  -0.007    8.809  -10.000      -14.6294     -187.9727
 5  22  12.849  44799.277 133.415  -0.061    7.707  -10.000      -14.6294     -187.9727
 2  22  12.849  44801.262 189.013   0.106   11.549  -10.000      -14.4750     -185.9883
 3  22  12.849  44801.262 189.013   0.107    9.813  -10.000      -14.4750     -185.9883
 4  22  12.849  44801.262 189.013   0.123    8.755  -10.000      -14.4750     -185.9883
 5  22  12.849  44801.262 189.013   0.049    7.679  -10.000      -14.4750     -185.9883
 2  22  12.849  44802.254 216.811  -0.180   10.842  -10.000      -14.3977     -184.9961
 3  22  12.849  44802.254 216.811   0.011    9.413  -10.000      -14.3977     -184.9961
 4  22  12.849  44802.254 216.811   0.120    8.496  -10.000      -14.3977     -184.9961
 5  22  12.849  44802.254 216.811   0.096    7.514  -10.000      -14.3977     -184.9961
 2  22  12.849  44803.250 244.720  -0.019   11.129  -10.000      -14.3202     -184.0000
 3  22  12.849  44803.250 244.720   0.075    9.544  -10.000      -14.3202     -184.0000
 4  22  12.849  44803.250 244.720   0.154    8.572  -10.000      -14.3202     -184.0000
 5  22  12.849  44803.250 244.720   0.115    7.553  -10.000      -14.3202     -184.0000
 2  22  12.849  44806.242 328.554  -0.036   11.628  -10.000      -14.0873     -181.0078
 3  22  12.849  44806.242 328.554   0.011    9.773  -10.000      -14.0873     -181.0078
 4  22  12.849  44806.242 328.554   0.078    8.696  -10.000      -14.0873     -181.0078
 5  22  12.849  44806.242 328.554   0.066    7.618  -10.000      -14.0873     -181.0078
 1  22  12.849  45006.582 181.642   0.073   13.040  -10.000        1.5046       19.3320
 2  22  12.849  45006.582 181.642   0.069   11.625  -10.000        1.5046       19.3320
 3  22  12.849  45006.582 181.642   0.054    9.841  -10.000        1.5046       19.3320
 4  22  12.849  45006.582 181.642   0.098    8.797  -10.000        1.5046       19.3320
 5  22  12.849  45006.582 181.642   0.017    7.701  -10.000        1.5046       19.3320
 1  22  12.849  45008.598 238.115  -0.111   12.260  -10.000        1.6614       21.3477
 2  22  12.849  45008.598 238.115  -0.004   11.100  -10.000        1.6614       21.3477
 3  22  12.849  45008.598 238.115   0.092    9.537  -10.000        1.6614       21.3477
 4  22  12.849  45008.598 238.115   0.163    8.566  -10.000        1.6614       21.3477
 5  22  12.849  45008.598 238.115   0.121    7.551  -10.000        1.6614       21.3477
 1  22  12.849  45009.586 265.804  -0.192   12.469  -10.000        1.7383       22.3359
 2  22  12.849  45009.586 265.804  -0.052   11.234  -10.000        1.7383       22.3359
 3  22  12.849  45009.586 265.804   0.047    9.591  -10.000        1.7383       22.3359
 4  22  12.849  45009.586 265.804   0.138    8.605  -10.000        1.7383       22.3359
 5  22  12.849  45009.586 265.804   0.120    7.583  -10.000        1.7383       22.3359
 1  22  12.849  45095.438 151.179  -0.002   13.153  -10.000        8.4199      108.1875
 2  22  12.849  45095.438 151.179   0.002   11.689  -10.000        8.4199      108.1875
 3  22  12.849  45095.438 151.179  -0.007    9.868  -10.000        8.4199      108.1875
 4  22  12.849  45095.438 151.179   0.029    8.798  -10.000        8.4199      108.1875
 5  22  12.849  45095.438 151.179  -0.026    7.712  -10.000        8.4199      108.1875
 1  22  12.849  45100.434 291.158  -0.075   12.849  -10.000        8.8088      113.1836
 2  22  12.849  45100.434 291.158  -0.044   11.409  -10.000        8.8088      113.1836
 3  22  12.849  45100.434 291.158   0.031    9.669  -10.000        8.8088      113.1836
 4  22  12.849  45100.434 291.158   0.115    8.646  -10.000        8.8088      113.1836
 5  22  12.849  45100.434 291.158   0.093    7.591  -10.000        8.8088      113.1836
 2  22  12.849  45102.449 347.632  -0.088   11.682  -10.000        8.9656      115.1992
 3  22  12.849  45102.449 347.632  -0.014    9.817  -10.000        8.9656      115.1992
 4  22  12.849  45102.449 347.632   0.077    8.749  -10.000        8.9656      115.1992
 5  22  12.849  45102.449 347.632   0.049    7.642  -10.000        8.9656      115.1992
 2  22  12.849  45104.395  42.135  -0.102   11.947  -10.000        9.1170      117.1445
 3  22  12.849  45104.395  42.135  -0.073    9.964  -10.000        9.1170      117.1445
 4  22  12.849  45104.395  42.135   0.007    8.855  -10.000        9.1170      117.1445
 5  22  12.849  45104.395  42.135  -0.017    7.724  -10.000        9.1170      117.1445
 2  22  12.849  45153.266 331.397  -0.051   11.629  -10.000       12.9205      166.0156
 3  22  12.849  45153.266 331.397   0.017    9.789  -10.000       12.9205      166.0156
 4  22  12.849  45153.266 331.397   0.096    8.722  -10.000       12.9205      166.0156
 5  22  12.849  45153.266 331.397   0.078    7.636  -10.000       12.9205      166.0156
 2  22  12.849  45154.227 358.320  -0.067   11.763  -10.000       12.9953      166.9766
 3  22  12.849  45154.227 358.320  -0.011    9.861  -10.000       12.9953      166.9766
 4  22  12.849  45154.227 358.320   0.075    8.781  -10.000       12.9953      166.9766
 5  22  12.849  45154.227 358.320   0.055    7.674  -10.000       12.9953      166.9766
 1  22  12.849  45158.234 110.611   0.176   13.828  -10.000       13.3073      170.9844
 2  22  12.849  45158.234 110.611   0.001   12.013  -10.000       13.3073      170.9844
 3  22  12.849  45158.234 110.611  -0.046   10.022  -10.000       13.3073      170.9844
 4  22  12.849  45158.234 110.611  -0.018    8.889  -10.000       13.3073      170.9844
 5  22  12.849  45158.234 110.611  -0.073    7.752  -10.000       13.3073      170.9844
 1  22  12.849  45159.211 137.972   0.095   13.360  -10.000       13.3833      171.9609
 2  22  12.849  45159.211 137.972   0.058   11.817  -10.000       13.3833      171.9609
 3  22  12.849  45159.211 137.972   0.014    9.931  -10.000       13.3833      171.9609
 4  22  12.849  45159.211 137.972   0.030    8.829  -10.000       13.3833      171.9609
 5  22  12.849  45159.211 137.972  -0.027    7.729  -10.000       13.3833      171.9609
 1  22  12.849  45160.234 166.646   0.012   13.108  -10.000       13.4629      172.9844
 2  22  12.849  45160.234 166.646   0.048   11.696  -10.000       13.4629      172.9844
 3  22  12.849  45160.234 166.646   0.024    9.875  -10.000       13.4629      172.9844
 4  22  12.849  45160.234 166.646   0.046    8.797  -10.000       13.4629      172.9844
 5  22  12.849  45160.234 166.646  -0.021    7.705  -10.000       13.4629      172.9844
 1  22  12.849  45162.234 222.682  -0.280   11.963  -10.000       13.6186      174.9844
 2  22  12.849  45162.234 222.682  -0.080   10.943  -10.000       13.6186      174.9844
 3  22  12.849  45162.234 222.682   0.069    9.468  -10.000       13.6186      174.9844
 4  22  12.849  45162.234 222.682   0.147    8.518  -10.000       13.6186      174.9844
 5  22  12.849  45162.234 222.682   0.146    7.558  -10.000       13.6186      174.9844
 2  22  12.849  45163.238 250.809  -0.040   11.149  -10.000       13.6967      175.9883
 3  22  12.849  45163.238 250.809   0.068    9.559  -10.000       13.6967      175.9883
 4  22  12.849  45163.238 250.809   0.126    8.559  -10.000       13.6967      175.9883
 5  22  12.849  45163.238 250.809   0.104    7.549  -10.000       13.6967      175.9883
 1  22  12.849  45175.223 226.585  -0.209   12.055  -10.000       14.6294      187.9727
 2  22  12.849  45175.223 226.585  -0.018   11.018  -10.000       14.6294      187.9727
 3  22  12.849  45175.223 226.585   0.104    9.510  -10.000       14.6294      187.9727
 4  22  12.849  45175.223 226.585   0.172    8.548  -10.000       14.6294      187.9727
 5  22  12.849  45175.223 226.585   0.153    7.568  -10.000       14.6294      187.9727
 0  22  12.849  43969.590 287.372   0.088  -39.100  -10.000      -79.2017    -1017.6602
 0  22  12.849  43971.582 343.191  -0.548  -31.600  -10.000      -79.0467    -1015.6680
 0  22  12.849  43972.539  10.003   0.065  -26.700  -10.000      -78.9722    -1014.7109
 0  22  12.849  43973.539  38.021   0.297  -23.100  -10.000      -78.8944    -1013.7109
 0  22  12.849  43979.488 204.706   1.307  -30.700  -10.000      -78.4314    -1007.7617
 0  22  12.849  43980.523 233.709   3.089  -34.500  -10.000      -78.3508    -1006.7266
 0  22  12.849  44298.562 144.473   1.375  -20.200  -10.000      -53.5987     -688.6875
 0  22  12.849  44299.590 173.256   1.351  -26.600  -10.000      -53.5187     -687.6602
 0  22  12.849  44331.535 348.294   1.054  -28.900  -10.000      -51.0325     -655.7148
 0  22  12.849  44332.578  17.516  -1.618  -27.700  -10.000      -50.9513     -654.6719
 0  22  12.849  44335.590 101.898  -1.555  -19.700  -10.000      -50.7169     -651.6602
 0  22  12.849  44336.582 129.698   1.770  -15.800  -10.000      -50.6397     -650.6680
 0  22  12.849  44337.566 157.278  -1.095  -27.600  -10.000      -50.5631     -649.6836
 0  22  12.849  44363.418 161.581   2.463  -23.800  -10.000      -48.5512     -623.8320
 0  22  12.849  44364.418 189.599   6.075  -24.500  -10.000      -48.4733     -622.8320
 0  22  12.849  44444.305 267.852   6.173  -34.100  -10.000      -42.2560     -542.9453
 0  22  12.849  44445.309 295.979  -2.728  -42.900  -10.000      -42.1778     -541.9414
 0  22  12.849  44446.293 323.560   1.617  -32.600  -10.000      -42.1012     -540.9570
 0  22  12.849  44447.285 351.358  -0.945  -30.500  -10.000      -42.0240     -539.9648
 0  22  12.849  44655.613  68.259   2.926  -16.400  -10.000      -25.8104     -331.6367
 0  22  12.849  44691.512 354.056   1.729  -27.600  -10.000      -23.0165     -295.7383
 0  22  12.849  44692.562  23.496  -0.096  -24.500  -10.000      -22.9347     -294.6875
 0  22  12.849  44693.570  51.733   0.625  -18.700  -10.000      -22.8563     -293.6797
 0  22  12.849  44694.555  79.313   1.615  -16.100  -10.000      -22.7797     -292.6953
 0  22  12.849  44704.547 359.273  -2.268  -30.900  -10.000      -22.0020     -282.7031
 0  22  12.849  44707.551  83.436  -0.030  -17.500  -10.000      -21.7682     -279.6992
 0  22  12.849  44772.422 100.983   2.260  -15.900  -10.000      -16.7195     -214.8281
 0  22  12.849  44774.414 156.800   2.275  -24.200  -10.000      -16.5644     -212.8359
 0  22  12.849  44775.367 183.504  -0.842  -30.700  -10.000      -16.4903     -211.8828
 0  22  12.849  44778.383 267.995  -2.443  -42.700  -10.000      -16.2556     -208.8672
 0  22  12.849  45090.484  12.403  -2.642  -29.300  -10.000        8.0345      103.2344
 0  22  12.849  45091.465  39.874  -1.965  -25.000  -10.000        8.1108      104.2148
 0  22  12.849  45093.469  96.018  -1.508  -19.600  -10.000        8.2667      106.2188
23   4  12.849  40677.496 210.059  -0.041    2.678  -10.000     -335.4165    -4309.7539
24   4  12.849  40677.496 210.059  -0.275    4.133  -10.000     -335.4165    -4309.7539
27   4  12.849  40677.496 210.059  -0.467    4.977  -10.000     -335.4165    -4309.7539
23   4  12.849  40680.543 295.422   0.013    2.960  -10.000     -335.1794    -4306.7070
24   4  12.849  40680.543 295.422  -0.001    4.878  -10.000     -335.1794    -4306.7070
27   4  12.849  40680.543 295.422   0.065    6.205  -10.000     -335.1794    -4306.7070
23   4  12.849  40682.520 350.804  -0.009    3.135  -10.000     -335.0255    -4304.7305
24   4  12.849  40682.520 350.804  -0.010    5.210  -10.000     -335.0255    -4304.7305
27   4  12.849  40682.520 350.804   0.083    6.697  -10.000     -335.0255    -4304.7305
23   4  12.849  40688.547 159.675  -0.030    3.125  -10.000     -334.5565    -4298.7031
24   4  12.849  40688.547 159.675   0.035    5.092  -10.000     -334.5565    -4298.7031
27   4  12.849  40688.547 159.675   0.041    6.332  -10.000     -334.5565    -4298.7031
23   4  12.849  40734.344   2.802  -0.059    3.135  -10.000     -330.9922    -4252.9062
24   4  12.849  40734.344   2.802  -0.002    5.292  -10.000     -330.9922    -4252.9062
27   4  12.849  40734.344   2.802   0.122    6.835  -10.000     -330.9922    -4252.9062
23   4  12.849  40735.352  31.047  -0.056    3.247  -10.000     -330.9138    -4251.8984
24   4  12.849  40735.352  31.047  -0.013    5.438  -10.000     -330.9138    -4251.8984
27   4  12.849  40735.352  31.047   0.139    7.050  -10.000     -330.9138    -4251.8984
23   4  12.849  40736.336  58.623  -0.095    3.303  -10.000     -330.8372    -4250.9141
24   4  12.849  40736.336  58.623   0.001    5.565  -10.000     -330.8372    -4250.9141
27   4  12.849  40736.336  58.623   0.039    7.082  -10.000     -330.8372    -4250.9141
23   4  12.849  40737.328  86.418  -0.107    3.327  -10.000     -330.7599    -4249.9219
24   4  12.849  40737.328  86.418   0.010    5.590  -10.000     -330.7599    -4249.9219
27   4  12.849  40737.328  86.418   0.142    7.182  -10.000     -330.7599    -4249.9219
23   4  12.849  40740.355 171.244  -0.025    3.112  -10.000     -330.5243    -4246.8945
24   4  12.849  40740.355 171.244   0.021    5.047  -10.000     -330.5243    -4246.8945
27   4  12.849  40740.355 171.244   0.123    6.372  -10.000     -330.5243    -4246.8945
23   4  12.849  40741.355 199.259  -0.009    2.835  -10.000     -330.4465    -4245.8945
24   4  12.849  40741.355 199.259  -0.153    4.438  -10.000     -330.4465    -4245.8945
27   4  12.849  40741.355 199.259  -0.250    5.430  -10.000     -330.4465    -4245.8945
23   4  12.849  40746.352 339.236   0.007    3.108  -10.000     -330.0577    -4240.8984
24   4  12.849  40746.352 339.236   0.014    5.165  -10.000     -330.0577    -4240.8984
27   4  12.849  40746.352 339.236   0.096    6.618  -10.000     -330.0577    -4240.8984
23   4  12.849  40761.324  38.738  -0.064    3.268  -10.000     -328.8924    -4225.9258
24   4  12.849  40761.324  38.738  -0.006    5.480  -10.000     -328.8924    -4225.9258
27   4  12.849  40761.324  38.738   0.265    7.220  -10.000     -328.8924    -4225.9258
23   4  12.849  40762.293  65.885  -0.129    3.285  -10.000     -328.8170    -4224.9570
24   4  12.849  40762.293  65.885   0.002    5.583  -10.000     -328.8170    -4224.9570
27   4  12.849  40762.293  65.885   0.155    7.215  -10.000     -328.8170    -4224.9570
23   4  12.849  40767.285 205.752  -0.063    2.695  -10.000     -328.4285    -4219.9648
24   4  12.849  40767.285 205.752  -0.306    4.157  -10.000     -328.4285    -4219.9648
27   4  12.849  40767.285 205.752  -0.428    5.088  -10.000     -328.4285    -4219.9648
23   4  12.849  40768.277 233.547   0.066    2.783  -10.000     -328.3513    -4218.9727
24   4  12.849  40768.277 233.547  -0.007    4.420  -10.000     -328.3513    -4218.9727
27   4  12.849  40768.277 233.547  -0.006    5.477  -10.000     -328.3513    -4218.9727
23   4  12.849  40771.277 317.604   0.007    3.030  -10.000     -328.1178    -4215.9727
24   4  12.849  40771.277 317.604   0.003    5.023  -10.000     -328.1178    -4215.9727
27   4  12.849  40771.277 317.604   0.076    6.418  -10.000     -328.1178    -4215.9727
23   4  12.849  40772.273 345.509  -0.007    3.117  -10.000     -328.0403    -4214.9766
24   4  12.849  40772.273 345.509   0.012    5.200  -10.000     -328.0403    -4214.9766
27   4  12.849  40772.273 345.509   0.155    6.727  -10.000     -328.0403    -4214.9766
23   4  12.849  40773.258  13.096  -0.062    3.173  -10.000     -327.9636    -4213.9922
24   4  12.849  40773.258  13.096  -0.025    5.330  -10.000     -327.9636    -4213.9922
27   4  12.849  40773.258  13.096   0.147    6.938  -10.000     -327.9636    -4213.9922
23   4  12.849  40774.285  41.880  -0.094    3.247  -10.000     -327.8837    -4212.9648
24   4  12.849  40774.285  41.880  -0.029    5.470  -10.000     -327.8837    -4212.9648
27   4  12.849  40774.285  41.880  -0.003    6.967  -10.000     -327.8837    -4212.9648
23   4  12.849  40777.273 125.607  -0.059    3.227  -10.000     -327.6511    -4209.9766
24   4  12.849  40777.273 125.607   0.071    5.365  -10.000     -327.6511    -4209.9766
27   4  12.849  40777.273 125.607   0.144    6.770  -10.000     -327.6511    -4209.9766
23   4  12.849  40781.219 236.140   0.049    2.775  -10.000     -327.3441    -4206.0312
24   4  12.849  40781.219 236.140  -0.015    4.430  -10.000     -327.3441    -4206.0312
27   4  12.849  40781.219 236.140  -0.013    5.497  -10.000     -327.3441    -4206.0312
23   4  12.849  40792.254 185.328   0.036    3.080  -10.000     -326.4852    -4194.9961
24   4  12.849  40792.254 185.328   0.050    4.938  -10.000     -326.4852    -4194.9961
27   4  12.849  40792.254 185.328   0.151    6.217  -10.000     -326.4852    -4194.9961
23   4  12.849  40793.238 212.904  -0.054    2.648  -10.000     -326.4086    -4194.0117
24   4  12.849  40793.238 212.904  -0.269    4.115  -10.000     -326.4086    -4194.0117
27   4  12.849  40793.238 212.904  -0.387    5.028  -10.000     -326.4086    -4194.0117
23   4  12.849  40795.223 268.506   0.032    2.878  -10.000     -326.2542    -4192.0273
24   4  12.849  40795.223 268.506  -0.024    4.660  -10.000     -326.2542    -4192.0273
27   4  12.849  40795.223 268.506   0.047    5.905  -10.000     -326.2542    -4192.0273
23   4  12.849  40796.230 296.741  -0.014    2.938  -10.000     -326.1757    -4191.0195
24   4  12.849  40796.230 296.741  -0.025    4.863  -10.000     -326.1757    -4191.0195
27   4  12.849  40796.230 296.741   0.058    6.210  -10.000     -326.1757    -4191.0195
23   4  12.849  40799.219  20.468  -0.067    3.195  -10.000     -325.9431    -4188.0312
24   4  12.849  40799.219  20.468  -0.041    5.352  -10.000     -325.9431    -4188.0312
27   4  12.849  40799.219  20.468   0.004    6.845  -10.000     -325.9431    -4188.0312
23   4  12.849  40800.215  48.373  -0.113    3.250  -10.000     -325.8656    -4187.0352
24   4  12.849  40800.215  48.373  -0.026    5.500  -10.000     -325.8656    -4187.0352
27   4  12.849  40800.215  48.373   0.001    7.003  -10.000     -325.8656    -4187.0352
23   4  12.849  40818.215 192.689  -0.001    2.945  -10.000     -324.4648    -4169.0352
24   4  12.849  40818.215 192.689  -0.029    4.713  -10.000     -324.4648    -4169.0352
27   4  12.849  40818.215 192.689   0.009    5.885  -10.000     -324.4648    -4169.0352
23   4  12.849  40821.211 276.636   0.021    2.898  -10.000     -324.2316    -4166.0391
24   4  12.849  40821.211 276.636  -0.036    4.707  -10.000     -324.2316    -4166.0391
27   4  12.849  40821.211 276.636  -0.027    5.918  -10.000     -324.2316    -4166.0391
 0  55  12.849  45391.805 174.744  -0.789  -29.210    0.690       31.4854      404.5547
 0  55  12.849  45394.820 259.235 -17.710  -57.820    1.430       31.7201      407.5703
 0  55  12.849  45397.809 342.960  -1.747  -32.850    0.620       31.9527      410.5586
 0  55  12.849  45399.746  37.245  -1.251  -24.740    1.040       32.1035      412.4961
 0  55  12.849  45518.523 125.127  -2.227  -18.830    1.530       41.3476      531.2734
18 163  12.849  47868.477  85.710  -0.137   10.030  -10.000      224.2381     2881.2266
18 163  12.849  47916.617 354.507  -0.073    9.823  -10.000      227.9847     2929.3672
18 163  12.849  47943.453  26.389  -0.096    9.922  -10.000      230.0733     2956.2031
18 163  12.849  47943.469  26.829  -0.028    9.993  -10.000      230.0745     2956.2188
18 163  12.849  47943.543  28.905  -0.022   10.007  -10.000      230.0803     2956.2930
18 163  12.849  47943.559  29.344  -0.105    9.926  -10.000      230.0815     2956.3086
18 163  12.849  47967.980 353.589   0.026    9.918  -10.000      231.9822     2980.7305
18 163  12.849  47968.086 356.545  -0.048    9.856  -10.000      231.9904     2980.8359
18 163  12.849  48012.145 150.974  -0.057    9.861  -10.000      235.4194     3024.8945
18 163  12.849  48012.234 153.490  -0.069    9.844  -10.000      235.4264     3024.9844
18 163  12.849  48012.250 153.929   0.005    9.917  -10.000      235.4276     3025.0000
18 163  12.849  48012.324 156.006  -0.046    9.861  -10.000      235.4333     3025.0742
18 163  12.849  48012.336 156.335  -0.032    9.875  -10.000      235.4343     3025.0859
18 163  12.849  48012.590 163.449  -0.090    9.808  -10.000      235.4540     3025.3398
18 163  12.849  48029.031 264.100   0.040    9.623  -10.000      236.7336     3041.7812
18 163  12.849  48029.047 264.540   0.051    9.635  -10.000      236.7348     3041.7969
18 163  12.849  48029.121 266.622   0.042    9.633  -10.000      236.7406     3041.8711
18 163  12.849  48029.137 267.056   0.053    9.645  -10.000      236.7418     3041.8867
18 163  12.849  48029.211 269.138   0.044    9.644  -10.000      236.7476     3041.9609
18 163  12.849  48029.227 269.577   0.049    9.650  -10.000      236.7488     3041.9766
18 163  12.849  48029.387 274.059   0.061    9.679  -10.000      236.7613     3042.1367
18 163  12.849  48029.402 274.499   0.077    9.696  -10.000      236.7625     3042.1523
18 163  12.849  48071.156   4.351  -0.043    9.892  -10.000      240.0121     3083.9062
18 163  12.849  48099.219  70.604  -0.166    9.988  -10.000      242.1961     3111.9688
18 163  12.849  48099.230  70.933  -0.147   10.007  -10.000      242.1970     3111.9805
18 163  12.849  48099.305  73.010  -0.123   10.034  -10.000      242.2028     3112.0547
18 163  12.849  48099.320  73.449  -0.144   10.014  -10.000      242.2040     3112.0703
18 163  12.849  48099.395  75.531  -0.190    9.971  -10.000      242.2098     3112.1445
18 163  12.849  48174.293  14.019  -0.089    9.883  -10.000      248.0389     3187.0430
18 163  12.849  48174.309  14.458  -0.078    9.896  -10.000      248.0402     3187.0586
18 163  12.849  48174.395  16.864  -0.094    9.889  -10.000      248.0468     3187.1445
18 163  12.849  48214.707  66.335  -0.132   10.014  -10.000      251.1843     3227.4570
18 163  12.849  48214.719  66.665  -0.107   10.040  -10.000      251.1852     3227.4688
18 163  12.849  48214.973  73.779  -0.155   10.003  -10.000      251.2049     3227.7227
18 163  12.849  48214.988  74.213  -0.138   10.021  -10.000      251.2061     3227.7383
18 163  12.849  48225.727  15.079  -0.069    9.908  -10.000      252.0419     3238.4766
18 163  12.849  48225.742  15.513  -0.035    9.943  -10.000      252.0431     3238.4922
18 163  12.849  48225.906  20.110  -0.117    9.877  -10.000      252.0559     3238.6562
18 163  12.849  48262.148 315.538   0.045    9.804  -10.000      254.8765     3274.8984
18 163  12.849  48262.164 315.978   0.031    9.791  -10.000      254.8777     3274.9141
18 163  12.849  48262.238 318.054   0.003    9.770  -10.000      254.8835     3274.9883
18 163  12.849  48262.250 318.384  -0.010    9.757  -10.000      254.8844     3275.0000
18 163  12.849  48283.934 205.917   0.067    9.583  -10.000      256.5720     3296.6836
18 163  12.849  48284.023 208.433   0.078    9.570  -10.000      256.5790     3296.7734
18 163  12.849  48312.176 277.196   0.039    9.667  -10.000      258.7700     3324.9258
18 163  12.849  48312.266 279.712   0.040    9.678  -10.000      258.7770     3325.0156
18 163  12.849  48349.141 232.866   0.053    9.527  -10.000      261.6469     3361.8906
18 163  12.849  48349.230 235.393   0.077    9.559  -10.000      261.6539     3361.9805
18 163  12.849  48349.422 240.754   0.096    9.597  -10.000      261.6688     3362.1719
18 163  12.849  48349.496 242.831   0.132    9.640  -10.000      261.6745     3362.2461
18 163  12.849  48367.273  20.918  -0.118    9.879  -10.000      263.0581     3380.0234
18 163  12.849  48367.363  23.434  -0.148    9.859  -10.000      263.0651     3380.1133
18 163  12.849  48367.375  23.763  -0.092    9.917  -10.000      263.0660     3380.1250
18 163  12.849  48367.453  25.950  -0.019    9.998  -10.000      263.0721     3380.2031
18 163  12.849  48367.629  30.872  -0.074    9.962  -10.000      263.0858     3380.3789
18 163  12.849  48413.852 245.929   0.095    9.614  -10.000      266.6831     3426.6016
18 163  12.849  48414.012 250.422   0.121    9.656  -10.000      266.6956     3426.7617
18 163  12.849  48414.027 250.851   0.105    9.642  -10.000      266.6968     3426.7773
18 163  12.849  48437.828 197.699   0.086    9.710  -10.000      268.5492     3450.5781
18 163  12.849  48437.844 198.138   0.137    9.755  -10.000      268.5504     3450.5938
18 163  12.849  48468.926 348.992  -0.060    9.814  -10.000      270.9694     3481.6758
18 163  12.849  48468.941 349.431  -0.039    9.838  -10.000      270.9706     3481.6914
18 163  12.849  48469.016 351.508   0.008    9.892  -10.000      270.9764     3481.7656
18 163  12.849  48469.031 351.947  -0.009    9.877  -10.000      270.9776     3481.7812
18 163  12.849  48502.523 210.322   0.011    9.488  -10.000      273.5842     3515.2734
18 163  12.849  48502.594 212.300   0.056    9.522  -10.000      273.5897     3515.3438
18 163  12.849  48502.609 212.728   0.037    9.500  -10.000      273.5909     3515.3594
18 163  12.849  48502.684 214.816   0.033    9.488  -10.000      273.5967     3515.4336
18 163  12.849  48502.699 215.244   0.014    9.467  -10.000      273.5979     3515.4492
18 163  12.849  48520.102 342.828  -0.035    9.817  -10.000      274.9523     3532.8516
18 163  12.849  48520.281 347.860  -0.018    9.853  -10.000      274.9663     3533.0312
18 163  12.849  48520.293 348.190  -0.030    9.842  -10.000      274.9672     3533.0430
18 163  12.849  48560.195  26.169  -0.092    9.926  -10.000      278.0727     3572.9453
18 163  12.849  48560.207  26.488  -0.084    9.936  -10.000      278.0736     3572.9570
18 163  12.849  48560.281  28.575  -0.094    9.933  -10.000      278.0794     3573.0312
18 163  12.849  48560.297  29.015  -0.107    9.922  -10.000      278.0806     3573.0469
18 163  12.849  48560.371  31.091  -0.093    9.944  -10.000      278.0864     3573.1211
18 163  12.849  48560.387  31.531  -0.113    9.926  -10.000      278.0876     3573.1367
18 163  12.849  48569.348 282.590   0.055    9.705  -10.000      278.7850     3582.0977
18 163  12.849  48569.363 283.030   0.009    9.661  -10.000      278.7862     3582.1133
18 163  12.849  48569.527 287.633   0.052    9.721  -10.000      278.7990     3582.2773
18 163  12.849  48569.539 287.952   0.035    9.705  -10.000      278.7999     3582.2891
18 163  12.849  48608.344 295.181   0.008    9.700  -10.000      281.8199     3621.0938
18 163  12.849  48608.359 295.620   0.046    9.740  -10.000      281.8212     3621.1094
18 163  12.849  48608.430 297.587  -0.018    9.681  -10.000      281.8266     3621.1797
18 163  12.849  48625.406  53.229  -0.124    9.988  -10.000      283.1479     3638.1562
18 163  12.849  48625.422  53.668  -0.111   10.002  -10.000      283.1491     3638.1719
18 163  12.849  48625.496  55.756  -0.142    9.979  -10.000      283.1549     3638.2461
18 163  12.849  48625.508  56.074  -0.099   10.022  -10.000      283.1558     3638.2578
18 163  12.849  48625.586  58.271  -0.147    9.980  -10.000      283.1619     3638.3359
18 163  12.849  48656.945 216.892   0.049    9.498  -10.000      285.6025     3669.6953
18 163  12.849  48656.961 217.332   0.034    9.483  -10.000      285.6037     3669.7109
18 163  12.849  48657.051 219.847   0.063    9.509  -10.000      285.6107     3669.8008
18 163  12.849  48657.125 221.924  -0.019    9.426  -10.000      285.6165     3669.8750
18 163  12.849  48657.141 222.363   0.045    9.491  -10.000      285.6177     3669.8906
18 163  12.849  48686.891 335.896   0.000    9.827  -10.000      287.9330     3699.6406
18 163  12.849  48686.906 336.335  -0.014    9.815  -10.000      287.9343     3699.6562
18 163  12.849  48709.375 245.852   0.073    9.592  -10.000      289.6829     3722.1250
18 163  12.849  48709.391 246.292   0.065    9.586  -10.000      289.6841     3722.1406
18 163  12.849  48709.465 248.368   0.111    9.639  -10.000      289.6899     3722.2148
18 163  12.849  48709.480 248.807   0.102    9.632  -10.000      289.6911     3722.2305
18 163  12.849  48709.555 250.895   0.082    9.619  -10.000      289.6969     3722.3047
18 163  12.849  48709.570 251.323   0.091    9.630  -10.000      289.6981     3722.3203
18 163  12.849  48755.863 108.358  -0.102   10.014  -10.000      293.3010     3768.6133
18 163  12.849  48774.246 263.408   0.061    9.641  -10.000      294.7317     3786.9961
18 163  12.849  48774.262 263.837   0.054    9.636  -10.000      294.7329     3787.0117
18 163  12.849  48774.426 268.440   0.041    9.639  -10.000      294.7457     3787.1758
18 163  12.849  48774.438 268.770   0.083    9.682  -10.000      294.7466     3787.1875
18 163  12.849  48774.516 270.956   0.083    9.689  -10.000      294.7527     3787.2656
18 163  12.849  48774.527 271.285   0.075    9.682  -10.000      294.7536     3787.2773
18 163  12.849  48774.602 273.362   0.057    9.672  -10.000      294.7593     3787.3516
18 163  12.849  48774.617 273.801   0.052    9.668  -10.000      294.7606     3787.3672
18 163  12.849  48968.941 318.340   0.020    9.788  -10.000      309.8843     3981.6914
18 163  12.849  48968.957 318.779   0.021    9.790  -10.000      309.8855     3981.7070
18 163  12.849  49042.488 218.969   0.071    9.517  -10.000      315.6082     4055.2383
 1   2  12.849  41761.738 348.168   0.164   13.570  -10.000     -251.0329    -3225.5117
 2   2  12.849  41761.738 348.168   0.028   11.800  -10.000     -251.0329    -3225.5117
 3   2  12.849  41761.738 348.168   0.037    9.870  -10.000     -251.0329    -3225.5117
 1   2  12.849  41762.793  17.721   0.130   13.760  -10.000     -250.9508    -3224.4570
 2   2  12.849  41762.793  17.721  -0.025   11.910  -10.000     -250.9508    -3224.4570
 3   2  12.849  41762.793  17.721   0.002    9.950  -10.000     -250.9508    -3224.4570
 1   2  12.849  41764.801  73.976   0.231   14.100  -10.000     -250.7945    -3222.4492
 2   2  12.849  41764.801  73.976  -0.057   12.080  -10.000     -250.7945    -3222.4492
 3   2  12.849  41764.801  73.976  -0.072   10.050  -10.000     -250.7945    -3222.4492
 1   2  12.849  41765.789 101.662   0.272   14.020  -10.000     -250.7176    -3221.4609
 2   2  12.849  41765.789 101.662  -0.033   12.040  -10.000     -250.7176    -3221.4609
 3   2  12.849  41765.789 101.662  -0.053   10.050  -10.000     -250.7176    -3221.4609
 1   2  12.849  41766.777 129.353   0.215   13.600  -10.000     -250.6407    -3220.4727
 2   2  12.849  41766.777 129.353   0.022   11.860  -10.000     -250.6407    -3220.4727
 3   2  12.849  41766.777 129.353  -0.005    9.960  -10.000     -250.6407    -3220.4727
 1   2  12.849  41767.824 158.687   0.129   13.250  -10.000     -250.5592    -3219.4258
 2   2  12.849  41767.824 158.687   0.045   11.710  -10.000     -250.5592    -3219.4258
 3   2  12.849  41767.824 158.687   0.049    9.910  -10.000     -250.5592    -3219.4258
 1   2  12.849  41768.812 186.372   0.106   12.980  -10.000     -250.4823    -3218.4375
 2   2  12.849  41768.812 186.372   0.091   11.580  -10.000     -250.4823    -3218.4375
 3   2  12.849  41768.812 186.372   0.111    9.850  -10.000     -250.4823    -3218.4375
 1   2  12.849  41769.793 213.843  -0.341   11.910  -10.000     -250.4060    -3217.4570
 2   2  12.849  41769.793 213.843  -0.153   10.880  -10.000     -250.4060    -3217.4570
 3   2  12.849  41769.793 213.843   0.049    9.460  -10.000     -250.4060    -3217.4570
 1   2  12.849  41770.828 242.847  -0.031   12.390  -10.000     -250.3254    -3216.4219
 2   2  12.849  41770.828 242.847   0.055   11.190  -10.000     -250.3254    -3216.4219
 3   2  12.849  41770.828 242.847   0.138    9.600  -10.000     -250.3254    -3216.4219
 1   2  12.849  41771.793 269.879   0.007   12.710  -10.000     -250.2503    -3215.4570
 2   2  12.849  41771.793 269.879   0.058   11.370  -10.000     -250.2503    -3215.4570
 3   2  12.849  41771.793 269.879   0.122    9.680  -10.000     -250.2503    -3215.4570
 1   2  12.849  41772.801 298.114  -0.018   12.970  -10.000     -250.1719    -3214.4492
 2   2  12.849  41772.801 298.114   0.007   11.500  -10.000     -250.1719    -3214.4492
 3   2  12.849  41772.801 298.114   0.061    9.720  -10.000     -250.1719    -3214.4492
 1   2  12.849  41773.801 326.135   0.030   13.260  -10.000     -250.0941    -3213.4492
 2   2  12.849  41773.801 326.135  -0.021   11.630  -10.000     -250.0941    -3213.4492
 3   2  12.849  41773.801 326.135   0.017    9.770  -10.000     -250.0941    -3213.4492
 1   2  12.849  41920.520 116.873   0.087   13.660  -10.000     -238.6754    -3066.7305
 2   2  12.849  41920.520 116.873  -0.101   11.860  -10.000     -238.6754    -3066.7305
 3   2  12.849  41920.520 116.873  -0.098    9.940  -10.000     -238.6754    -3066.7305
 6  36  12.849  45435.562 320.742   0.164    5.977  -10.000       34.8909      448.3125
 7  36  12.849  45435.562 320.742  -0.017    5.009  -10.000       34.8909      448.3125
 8  36  12.849  45435.562 320.742  -0.003    4.722  -10.000       34.8909      448.3125
 6  36  12.849  45473.453 302.355   0.177    5.980  -10.000       37.8399      486.2031
 7  36  12.849  45473.453 302.355  -0.035    4.994  -10.000       37.8399      486.2031
 8  36  12.849  45473.453 302.355  -0.019    4.713  -10.000       37.8399      486.2031
 6  36  12.849  45492.410 113.490  -0.006    6.067  -10.000       39.3153      505.1602
 7  36  12.849  45492.410 113.490  -0.203    5.067  -10.000       39.3153      505.1602
 8  36  12.849  45492.410 113.490  -0.196    4.769  -10.000       39.3153      505.1602
 6  36  12.849  45517.328  91.637  -0.012    6.059  -10.000       41.2545      530.0781
 7  36  12.849  45517.328  91.637  -0.202    5.047  -10.000       41.2545      530.0781
 8  36  12.849  45517.328  91.637  -0.184    4.756  -10.000       41.2545      530.0781
 6  36  12.849  45532.297 151.029   0.000    6.045  -10.000       42.4195      545.0469
 7  36  12.849  45532.297 151.029  -0.227    5.055  -10.000       42.4195      545.0469
 8  36  12.849  45532.297 151.029  -0.225    4.762  -10.000       42.4195      545.0469
 6  36  12.849  45574.266 246.903   0.159    5.963  -10.000       45.6858      587.0156
 7  36  12.849  45574.266 246.903  -0.073    5.008  -10.000       45.6858      587.0156
 8  36  12.849  45574.266 246.903  -0.082    4.714  -10.000       45.6858      587.0156
 6  36  12.849  45768.676 293.853   0.182    5.986  -10.000       60.8163      781.4258
 7  36  12.849  45768.676 293.853  -0.025    5.012  -10.000       60.8163      781.4258
 8  36  12.849  45768.676 293.853  -0.013    4.729  -10.000       60.8163      781.4258
 6  36  12.849  45804.461 216.475   0.168    5.979  -10.000       63.6013      817.2109
 7  36  12.849  45804.461 216.475  -0.084    5.025  -10.000       63.6013      817.2109
 8  36  12.849  45804.461 216.475  -0.096    4.733  -10.000       63.6013      817.2109
 6  36  12.849  45829.469 197.139   0.113    6.024  -10.000       65.5476      842.2188
 7  36  12.849  45829.469 197.139  -0.139    5.049  -10.000       65.5476      842.2188
 8  36  12.849  45829.469 197.139  -0.166    4.736  -10.000       65.5476      842.2188
 6  36  12.849  45841.391 171.164  -0.004    6.034  -10.000       66.4755      854.1406
 7  36  12.849  45841.391 171.164  -0.244    5.036  -10.000       66.4755      854.1406
 8  36  12.849  45841.391 171.164  -0.234    4.753  -10.000       66.4755      854.1406
 6  36  12.849  45907.273 217.057   0.156    5.966  -10.000       71.6029      920.0234
 7  36  12.849  45907.273 217.057  -0.094    5.014  -10.000       71.6029      920.0234
 8  36  12.849  45907.273 217.057  -0.106    4.722  -10.000       71.6029      920.0234
 6  36  12.849  46100.566 232.707   0.153    5.958  -10.000       86.6464     1113.3164
 7  36  12.849  46100.566 232.707  -0.069    5.027  -10.000       86.6464     1113.3164
 8  36  12.849  46100.566 232.707  -0.086    4.728  -10.000       86.6464     1113.3164
 6  36  12.849  46101.512 259.192   0.158    5.961  -10.000       86.7200     1114.2617
 7  36  12.849  46101.512 259.192  -0.048    5.020  -10.000       86.7200     1114.2617
 8  36  12.849  46101.512 259.192  -0.058    4.722  -10.000       86.7200     1114.2617
 6  36  12.849  46222.305  43.550   0.069    6.032  -10.000       96.1210     1235.0547
 7  36  12.849  46222.305  43.550  -0.117    5.018  -10.000       96.1210     1235.0547
 8  36  12.849  46222.305  43.550  -0.096    4.729  -10.000       96.1210     1235.0547
 6  36  12.849  46259.289 359.772   0.133    5.998  -10.000       98.9994     1272.0391
 7  36  12.849  46259.289 359.772  -0.045    5.009  -10.000       98.9994     1272.0391
 8  36  12.849  46259.289 359.772  -0.028    4.720  -10.000       98.9994     1272.0391
 6  36  12.849  46261.289  55.808   0.040    6.038  -10.000       99.1550     1274.0391
 7  36  12.849  46261.289  55.808  -0.146    5.022  -10.000       99.1550     1274.0391
 8  36  12.849  46261.289  55.808  -0.121    4.736  -10.000       99.1550     1274.0391
 6  36  12.849  46576.438 245.580   0.185    5.989  -10.000      123.6822     1589.1875
 7  36  12.849  46576.438 245.580  -0.062    5.021  -10.000      123.6822     1589.1875
 8  36  12.849  46576.438 245.580  -0.066    4.732  -10.000      123.6822     1589.1875
 6  36  12.849  46577.441 273.708   0.169    5.970  -10.000      123.7603     1590.1914
 7  36  12.849  46577.441 273.708  -0.049    5.004  -10.000      123.7603     1590.1914
 8  36  12.849  46577.441 273.708  -0.043    4.719  -10.000      123.7603     1590.1914
 6  36  12.849  46595.430  57.700   0.035    6.038  -10.000      125.1603     1608.1797
 7  36  12.849  46595.430  57.700  -0.151    5.022  -10.000      125.1603     1608.1797
 8  36  12.849  46595.430  57.700  -0.126    4.736  -10.000      125.1603     1608.1797
 0 170  12.849  50274.504 177.363  -0.769  -29.860    0.370      411.4927     5287.2539
 0 170  12.849  50275.523 205.928  -3.406  -35.660    0.560      411.5720     5288.2734
 0 170  12.849  50276.512 233.624  -9.148  -46.690    0.550      411.6490     5289.2617
 0 170  12.849  50278.504 289.435  -8.382  -47.960    0.480      411.8040     5291.2539
 0 170  12.849  50279.496 317.241  -3.406  -38.950    0.380      411.8812     5292.2461
 0 170  12.849  50281.492  13.162  -0.671  -27.290    0.320      412.0366     5294.2422
 0 170  12.849  50533.750 240.875  -9.534  -49.990    0.670      431.6691     5546.5000
 0 170  12.849  50533.840 243.402  -9.653  -50.370    0.740      431.6761     5546.5898
 0 170  12.849  50534.727 268.242 -13.611  -53.840    0.640      431.7451     5547.4766
 0 170  12.849  50535.738 296.587  -6.337  -46.430    0.570      431.8239     5548.4883
 0 170  12.849  50536.766 325.371  -4.216  -37.740    0.410      431.9038     5549.5156
 0 170  12.849  50645.496 131.759   1.753  -16.440    0.750      440.3660     5658.2461
 0 170  12.849  50645.555 133.407   0.967  -17.720    0.750      440.3706     5658.3047
 0 170  12.849  50646.496 159.785  -1.361  -27.800    0.460      440.4438     5659.2461
 0 170  12.849  50646.574 161.971  -1.847  -28.070    0.480      440.4499     5659.3242
 0 170  12.849  50647.492 187.690  -0.279  -30.590    0.410      440.5214     5660.2422
 0 170  12.849  50647.559 189.547  -0.151  -30.720    0.510      440.5265     5660.3086
 0 170  12.849  50648.496 215.815  -3.825  -38.160    0.570      440.5995     5661.2461
 0 170  12.849  50648.562 217.672  -3.962  -38.370    0.580      440.6046     5661.3125
 0 170  12.849  50649.492 243.721 -10.659  -51.380    0.670      440.6770     5662.2422
 0 170  12.849  50649.555 245.479 -11.531  -52.170    0.900      440.6819     5662.3047
 0 170  12.849  50650.520 272.505 -12.452  -52.040    0.570      440.7570     5663.2695
 0 170  12.849  50651.496 299.872  -6.363  -45.510    0.490      440.8330     5664.2461
 0 170  12.849  50795.738  21.226  -2.267  -27.360    0.560      452.0590     5808.4883
 0 170  12.849  50795.793  22.753  -1.529  -26.150    0.410      452.0632     5808.5430
 0 170  12.849  50796.805  51.097  -5.073  -24.480    0.500      452.1419     5809.5547
 0 170  12.849  50797.812  79.332 -10.217  -27.930    0.410      452.2204     5810.5625
 0 170  12.849  50798.824 107.688  -9.234  -27.220    0.400      452.2991     5811.5742
 0 170  12.849  50799.820 135.593  -2.897  -22.170    0.560      452.3766     5812.5703
 0 170  12.849  50800.812 163.389  -2.504  -28.610    0.390      452.4539     5813.5625
 0 170  12.849  50801.836 192.063  -0.605  -31.520    0.500      452.5335     5814.5859
 1 123  12.849  41400.594 309.683   0.146   13.240  -10.000     -279.1398    -3586.6562
 2 123  12.849  41400.594 309.683  -0.011   11.550  -10.000     -279.1398    -3586.6562
 3 123  12.849  41400.594 309.683  -0.009    9.690  -10.000     -279.1398    -3586.6562
 1 123  12.849  41401.652 339.346   0.193   13.530  -10.000     -279.0574    -3585.5977
 2 123  12.849  41401.652 339.346  -0.024   11.700  -10.000     -279.0574    -3585.5977
 3 123  12.849  41401.652 339.346  -0.041    9.760  -10.000     -279.0574    -3585.5977
 1 123  12.849  41408.555 172.727   0.133   13.200  -10.000     -278.5202    -3578.6953
 2 123  12.849  41408.555 172.727   0.061   11.690  -10.000     -278.5202    -3578.6953
 3 123  12.849  41408.555 172.727   0.012    9.850  -10.000     -278.5202    -3578.6953
 1 123  12.849  41409.551 200.643  -0.220   12.260  -10.000     -278.4427    -3577.6992
 2 123  12.849  41409.551 200.643  -0.092   11.110  -10.000     -278.4427    -3577.6992
 3 123  12.849  41409.551 200.643   0.005    9.540  -10.000     -278.4427    -3577.6992
 1 123  12.849  41410.555 228.768  -0.001   12.280  -10.000     -278.3645    -3576.6953
 2 123  12.849  41410.555 228.768   0.043   11.090  -10.000     -278.3645    -3576.6953
 3 123  12.849  41410.555 228.768   0.088    9.500  -10.000     -278.3645    -3576.6953
 1 123  12.849  41415.559   8.965   0.119   13.690  -10.000     -277.9751    -3571.6914
 2 123  12.849  41415.559   8.965  -0.081   11.810  -10.000     -277.9751    -3571.6914
 3 123  12.849  41415.559   8.965  -0.056    9.860  -10.000     -277.9751    -3571.6914
 1 123  12.849  41416.523  36.002   0.184   13.930  -10.000     -277.9000    -3570.7266
 2 123  12.849  41416.523  36.002  -0.065   11.960  -10.000     -277.9000    -3570.7266
 3 123  12.849  41416.523  36.002  -0.047    9.970  -10.000     -277.9000    -3570.7266
 1 123  12.849  41420.539 148.513  -0.031   13.140  -10.000     -277.5875    -3566.7109
 2 123  12.849  41420.539 148.513  -0.068   11.630  -10.000     -277.5875    -3566.7109
 3 123  12.849  41420.539 148.513  -0.081    9.800  -10.000     -277.5875    -3566.7109
 1 123  12.849  41772.625 293.192   0.067   13.010  -10.000     -250.1856    -3214.6250
 2 123  12.849  41772.625 293.192  -0.015   11.450  -10.000     -250.1856    -3214.6250
 3 123  12.849  41772.625 293.192   0.046    9.690  -10.000     -250.1856    -3214.6250
 1 123  12.849  41773.598 320.444   0.147   13.330  -10.000     -250.1099    -3213.6523
 2 123  12.849  41773.598 320.444   0.000   11.620  -10.000     -250.1099    -3213.6523
 3 123  12.849  41773.598 320.444   0.016    9.750  -10.000     -250.1099    -3213.6523
 2 123  12.849  41778.594 100.421   0.059   12.140  -10.000     -249.7211    -3208.6562
 3 123  12.849  41778.594 100.421  -0.017   10.090  -10.000     -249.7211    -3208.6562
 1 123  12.849  41779.582 128.112   0.116   13.520  -10.000     -249.6441    -3207.6680
 2 123  12.849  41779.582 128.112   0.019   11.870  -10.000     -249.6441    -3207.6680
 3 123  12.849  41779.582 128.112  -0.052    9.920  -10.000     -249.6441    -3207.6680
 1 123  12.849  41784.715 271.923  -0.174   12.550  -10.000     -249.2447    -3202.5352
 2 123  12.849  41784.715 271.923  -0.065   11.260  -10.000     -249.2447    -3202.5352
 3 123  12.849  41784.715 271.923   0.004    9.570  -10.000     -249.2447    -3202.5352
 1 123  12.849  41785.602 296.768   0.334   13.310  -10.000     -249.1756    -3201.6484
 2 123  12.849  41785.602 296.768   0.055   11.540  -10.000     -249.1756    -3201.6484
 3 123  12.849  41785.602 296.768   0.065    9.720  -10.000     -249.1756    -3201.6484
 0 123  12.849  41412.574 285.348   9.085  -29.800  -10.000     -278.2074    -3574.6758
 0 123  12.849  41413.562 313.044   6.668  -28.600  -10.000     -278.1304    -3573.6875
 0 123  12.849  41414.570 341.279  -0.364  -31.800  -10.000     -278.0520    -3572.6797
 0 123  12.849  41793.637 161.895  -0.169  -26.400  -10.000     -248.5503    -3193.6133
 0 123  12.849  41795.801 222.528   3.927  -30.400  -10.000     -248.3819    -3191.4492
 3   9  12.849  44019.570 247.717   0.090    9.570  -10.000      -75.3119     -967.6797
14   9  12.849  44019.570 247.717   0.001   11.810  -10.000      -75.3119     -967.6797
15   9  12.849  44019.570 247.717   0.076   10.060  -10.000      -75.3119     -967.6797
16   9  12.849  44019.570 247.717   0.161    8.660  -10.000      -75.3119     -967.6797
17   9  12.849  44019.570 247.717   0.147    7.540  -10.000      -75.3119     -967.6797
 3   9  12.849  44023.648   1.978  -0.077    9.810  -10.000      -74.9945     -963.6016
14   9  12.849  44023.648   1.978  -0.020   12.650  -10.000      -74.9945     -963.6016
15   9  12.849  44023.648   1.978  -0.085   10.370  -10.000      -74.9945     -963.6016
16   9  12.849  44023.648   1.978  -0.012    8.770  -10.000      -74.9945     -963.6016
17   9  12.849  44023.648   1.978   0.024    7.600  -10.000      -74.9945     -963.6016
 3   9  12.849  44025.531  54.731  -0.140    9.940  -10.000      -74.8480     -961.7188
14   9  12.849  44025.531  54.731  -0.022   12.930  -10.000      -74.8480     -961.7188
15   9  12.849  44025.531  54.731  -0.140   10.520  -10.000      -74.8480     -961.7188
16   9  12.849  44025.531  54.731  -0.060    8.890  -10.000      -74.8480     -961.7188
17   9  12.849  44025.531  54.731  -0.034    7.690  -10.000      -74.8480     -961.7188
 3   9  12.849  44015.539 134.769  -0.113    9.820  -10.000      -75.6256     -971.7109
14   9  12.849  44015.539 134.769   0.037   12.570  -10.000      -75.6256     -971.7109
15   9  12.849  44015.539 134.769  -0.075   10.400  -10.000      -75.6256     -971.7109
16   9  12.849  44015.539 134.769  -0.058    8.820  -10.000      -75.6256     -971.7109
17   9  12.849  44015.539 134.769  -0.083    7.630  -10.000      -75.6256     -971.7109
 3   9  12.849  44016.520 162.241  -0.086    9.770  -10.000      -75.5493     -970.7305
14   9  12.849  44016.520 162.241  -0.011   12.360  -10.000      -75.5493     -970.7305
15   9  12.849  44016.520 162.241  -0.066   10.320  -10.000      -75.5493     -970.7305
16   9  12.849  44016.520 162.241  -0.044    8.780  -10.000      -75.5493     -970.7305
17   9  12.849  44016.520 162.241  -0.067    7.610  -10.000      -75.5493     -970.7305
 3   9  12.849  44017.531 190.588   0.025    9.710  -10.000      -75.4706     -969.7188
14   9  12.849  44017.531 190.588   0.041   12.120  -10.000      -75.4706     -969.7188
15   9  12.849  44017.531 190.588   0.022   10.220  -10.000      -75.4706     -969.7188
16   9  12.849  44017.531 190.588   0.054    8.740  -10.000      -75.4706     -969.7188
17   9  12.849  44017.531 190.588   0.044    7.610  -10.000      -75.4706     -969.7188
