23   4  35.547  40677.418 329.299   0.049   -3.027  -10.000     -136.0853    -4837.3672
23   4  35.547  40680.461   0.115   0.052   -2.918  -10.000     -135.9997    -4834.3242
24   4  35.547  40680.461   0.115   0.114   -1.308  -10.000     -135.9997    -4834.3242
25   4  35.547  40680.461   0.115   0.266    0.563  -10.000     -135.9997    -4834.3242
26   4  35.547  40680.461   0.115   0.344    1.645  -10.000     -135.9997    -4834.3242
27   4  35.547  40680.461   0.115   0.177    0.278  -10.000     -135.9997    -4834.3242
23   4  35.547  40682.434  20.094   0.073   -2.832  -10.000     -135.9442    -4832.3516
24   4  35.547  40682.434  20.094   0.132   -1.195  -10.000     -135.9442    -4832.3516
25   4  35.547  40682.434  20.094   0.290    0.695  -10.000     -135.9442    -4832.3516
26   4  35.547  40682.434  20.094   0.366    1.780  -10.000     -135.9442    -4832.3516
27   4  35.547  40682.434  20.094   0.201    0.423  -10.000     -135.9442    -4832.3516
23   4  35.547  40684.398  39.996   0.063   -2.790  -10.000     -135.8889    -4830.3867
24   4  35.547  40684.398  39.996   0.120   -1.140  -10.000     -135.8889    -4830.3867
25   4  35.547  40684.398  39.996   0.305    0.785  -10.000     -135.8889    -4830.3867
26   4  35.547  40684.398  39.996   0.366    1.857  -10.000     -135.8889    -4830.3867
27   4  35.547  40684.398  39.996   0.192    0.495  -10.000     -135.8889    -4830.3867
23   4  35.547  40728.289 124.497  -0.081   -2.722  -10.000     -134.6542    -4786.4961
24   4  35.547  40728.289 124.497  -0.127   -1.195  -10.000     -134.6542    -4786.4961
25   4  35.547  40728.289 124.497  -0.072    0.590  -10.000     -134.6542    -4786.4961
26   4  35.547  40728.289 124.497  -0.065    1.605  -10.000     -134.6542    -4786.4961
27   4  35.547  40728.289 124.497  -0.164    0.313  -10.000     -134.6542    -4786.4961
23   4  35.547  40729.305 134.786  -0.109   -2.740  -10.000     -134.6256    -4785.4805
24   4  35.547  40729.305 134.786  -0.170   -1.247  -10.000     -134.6256    -4785.4805
25   4  35.547  40729.305 134.786  -0.144    0.498  -10.000     -134.6256    -4785.4805
26   4  35.547  40729.305 134.786  -0.117    1.530  -10.000     -134.6256    -4785.4805
27   4  35.547  40729.305 134.786  -0.230    0.218  -10.000     -134.6256    -4785.4805
23   4  35.547  40733.324 175.490  -0.035   -3.243  -10.000     -134.5125    -4781.4609
24   4  35.547  40733.324 175.490  -0.034   -2.068  -10.000     -134.5125    -4781.4609
25   4  35.547  40733.324 175.490  -0.164   -0.668  -10.000     -134.5125    -4781.4609
26   4  35.547  40733.324 175.490  -0.142    0.305  -10.000     -134.5125    -4781.4609
27   4  35.547  40733.324 175.490  -0.148   -1.008  -10.000     -134.5125    -4781.4609
23   4  35.547  40734.273 185.103   0.017   -3.360  -10.000     -134.4858    -4780.5117
24   4  35.547  40734.273 185.103   0.044   -2.247  -10.000     -134.4858    -4780.5117
25   4  35.547  40734.273 185.103  -0.046   -0.852  -10.000     -134.4858    -4780.5117
26   4  35.547  40734.273 185.103  -0.007    0.125  -10.000     -134.4858    -4780.5117
27   4  35.547  40734.273 185.103  -0.020   -1.220  -10.000     -134.4858    -4780.5117
23   4  35.547  40735.262 195.112   0.028   -3.425  -10.000     -134.4580    -4779.5234
24   4  35.547  40735.262 195.112   0.040   -2.355  -10.000     -134.4580    -4779.5234
25   4  35.547  40735.262 195.112  -0.027   -0.950  -10.000     -134.4580    -4779.5234
26   4  35.547  40735.262 195.112   0.024    0.035  -10.000     -134.4580    -4779.5234
27   4  35.547  40735.262 195.112  -0.004   -1.332  -10.000     -134.4580    -4779.5234
23   4  35.547  40736.262 205.241   0.001   -3.463  -10.000     -134.4299    -4778.5234
24   4  35.547  40736.262 205.241  -0.006   -2.395  -10.000     -134.4299    -4778.5234
25   4  35.547  40736.262 205.241  -0.077   -0.985  -10.000     -134.4299    -4778.5234
26   4  35.547  40736.262 205.241  -0.005    0.022  -10.000     -134.4299    -4778.5234
27   4  35.547  40736.262 205.241  -0.058   -1.365  -10.000     -134.4299    -4778.5234
23   4  35.547  40737.262 215.370  -0.014   -3.460  -10.000     -134.4017    -4777.5234
24   4  35.547  40737.262 215.370  -0.033   -2.370  -10.000     -134.4017    -4777.5234
25   4  35.547  40737.262 215.370  -0.093   -0.932  -10.000     -134.4017    -4777.5234
26   4  35.547  40737.262 215.370  -0.046    0.055  -10.000     -134.4017    -4777.5234
27   4  35.547  40737.262 215.370  -0.074   -1.297  -10.000     -134.4017    -4777.5234
23   4  35.547  40738.266 225.538  -0.023   -3.438  -10.000     -134.3735    -4776.5195
24   4  35.547  40738.266 225.538  -0.054   -2.318  -10.000     -134.3735    -4776.5195
25   4  35.547  40738.266 225.538  -0.123   -0.868  -10.000     -134.3735    -4776.5195
26   4  35.547  40738.266 225.538  -0.043    0.160  -10.000     -134.3735    -4776.5195
27   4  35.547  40738.266 225.538  -0.098   -1.207  -10.000     -134.3735    -4776.5195
23   4  35.547  40740.270 245.830   0.006   -3.340  -10.000     -134.3171    -4774.5156
24   4  35.547  40740.270 245.830  -0.012   -2.122  -10.000     -134.3171    -4774.5156
25   4  35.547  40740.270 245.830  -0.066   -0.615  -10.000     -134.3171    -4774.5156
26   4  35.547  40740.270 245.830  -0.028    0.382  -10.000     -134.3171    -4774.5156
27   4  35.547  40740.270 245.830  -0.033   -0.912  -10.000     -134.3171    -4774.5156
23   4  35.547  40741.270 255.959   0.007   -3.307  -10.000     -134.2890    -4773.5156
24   4  35.547  40741.270 255.959   0.008   -2.032  -10.000     -134.2890    -4773.5156
25   4  35.547  40741.270 255.959  -0.012   -0.472  -10.000     -134.2890    -4773.5156
26   4  35.547  40741.270 255.959   0.048    0.553  -10.000     -134.2890    -4773.5156
27   4  35.547  40741.270 255.959   0.004   -0.770  -10.000     -134.2890    -4773.5156
23   4  35.547  40746.258 306.480   0.020   -3.128  -10.000     -134.1487    -4768.5273
24   4  35.547  40746.258 306.480   0.071   -1.643  -10.000     -134.1487    -4768.5273
25   4  35.547  40746.258 306.480   0.139    0.085  -10.000     -134.1487    -4768.5273
26   4  35.547  40746.258 306.480   0.188    1.122  -10.000     -134.1487    -4768.5273
27   4  35.547  40746.258 306.480   0.112   -0.188  -10.000     -134.1487    -4768.5273
23   4  35.547  40752.254   7.202   0.076   -2.870  -10.000     -133.9800    -4762.5312
24   4  35.547  40752.254   7.202   0.133   -1.252  -10.000     -133.9800    -4762.5312
25   4  35.547  40752.254   7.202   0.304    0.643  -10.000     -133.9800    -4762.5312
26   4  35.547  40752.254   7.202   0.378    1.723  -10.000     -133.9800    -4762.5312
27   4  35.547  40752.254   7.202   0.183    0.330  -10.000     -133.9800    -4762.5312
23   4  35.547  40753.230  17.095   0.066   -2.848  -10.000     -133.9525    -4761.5547
24   4  35.547  40753.230  17.095   0.134   -1.205  -10.000     -133.9525    -4761.5547
25   4  35.547  40753.230  17.095   0.316    0.707  -10.000     -133.9525    -4761.5547
26   4  35.547  40753.230  17.095   0.375    1.775  -10.000     -133.9525    -4761.5547
27   4  35.547  40753.230  17.095   0.181    0.388  -10.000     -133.9525    -4761.5547
23   4  35.547  40754.230  27.219   0.077   -2.812  -10.000     -133.9244    -4760.5547
24   4  35.547  40754.230  27.219   0.145   -1.160  -10.000     -133.9244    -4760.5547
25   4  35.547  40754.230  27.219   0.321    0.750  -10.000     -133.9244    -4760.5547
26   4  35.547  40754.230  27.219   0.403    1.842  -10.000     -133.9244    -4760.5547
27   4  35.547  40754.230  27.219   0.202    0.450  -10.000     -133.9244    -4760.5547
23   4  35.547  40759.238  77.937   0.025   -2.733  -10.000     -133.7835    -4755.5469
24   4  35.547  40759.238  77.937   0.056   -1.100  -10.000     -133.7835    -4755.5469
25   4  35.547  40759.238  77.937   0.192    0.780  -10.000     -133.7835    -4755.5469
26   4  35.547  40759.238  77.937   0.270    1.870  -10.000     -133.7835    -4755.5469
27   4  35.547  40759.238  77.937   0.051    0.465  -10.000     -133.7835    -4755.5469
23   4  35.547  40760.234  88.028   0.014   -2.713  -10.000     -133.7555    -4754.5508
24   4  35.547  40760.234  88.028   0.027   -1.098  -10.000     -133.7555    -4754.5508
25   4  35.547  40760.234  88.028   0.148    0.767  -10.000     -133.7555    -4754.5508
26   4  35.547  40760.234  88.028   0.199    1.830  -10.000     -133.7555    -4754.5508
27   4  35.547  40760.234  88.028   0.002    0.447  -10.000     -133.7555    -4754.5508
23   4  35.547  40761.230  98.113  -0.012   -2.710  -10.000     -133.7275    -4753.5547
24   4  35.547  40761.230  98.113   0.002   -1.100  -10.000     -133.7275    -4753.5547
25   4  35.547  40761.230  98.113   0.098    0.738  -10.000     -133.7275    -4753.5547
26   4  35.547  40761.230  98.113   0.137    1.788  -10.000     -133.7275    -4753.5547
27   4  35.547  40761.230  98.113  -0.043    0.420  -10.000     -133.7275    -4753.5547
23   4  35.547  40762.219 108.122  -0.039   -2.713  -10.000     -133.6997    -4752.5664
24   4  35.547  40762.219 108.122  -0.031   -1.115  -10.000     -133.6997    -4752.5664
25   4  35.547  40762.219 108.122   0.043    0.697  -10.000     -133.6997    -4752.5664
26   4  35.547  40762.219 108.122   0.087    1.752  -10.000     -133.6997    -4752.5664
27   4  35.547  40762.219 108.122  -0.079    0.397  -10.000     -133.6997    -4752.5664
23   4  35.547  40763.219 118.251  -0.052   -2.705  -10.000     -133.6715    -4751.5664
24   4  35.547  40763.219 118.251  -0.071   -1.142  -10.000     -133.6715    -4751.5664
25   4  35.547  40763.219 118.251  -0.022    0.640  -10.000     -133.6715    -4751.5664
26   4  35.547  40763.219 118.251   0.017    1.688  -10.000     -133.6715    -4751.5664
27   4  35.547  40763.219 118.251  -0.127    0.353  -10.000     -133.6715    -4751.5664
23   4  35.547  40767.227 158.840  -0.107   -2.962  -10.000     -133.5588    -4747.5586
24   4  35.547  40767.227 158.840  -0.159   -1.632  -10.000     -133.5588    -4747.5586
25   4  35.547  40767.227 158.840  -0.264   -0.102  -10.000     -133.5588    -4747.5586
26   4  35.547  40767.227 158.840  -0.245    0.898  -10.000     -133.5588    -4747.5586
27   4  35.547  40767.227 158.840  -0.287   -0.392  -10.000     -133.5588    -4747.5586
23   4  35.547  40768.215 168.849  -0.070   -3.130  -10.000     -133.5310    -4746.5703
24   4  35.547  40768.215 168.849  -0.101   -1.902  -10.000     -133.5310    -4746.5703
25   4  35.547  40768.215 168.849  -0.224   -0.452  -10.000     -133.5310    -4746.5703
26   4  35.547  40768.215 168.849  -0.229    0.505  -10.000     -133.5310    -4746.5703
27   4  35.547  40768.215 168.849  -0.219   -0.767  -10.000     -133.5310    -4746.5703
23   4  35.547  40771.211 199.193   0.020   -3.442  -10.000     -133.4467    -4743.5742
24   4  35.547  40771.211 199.193   0.019   -2.382  -10.000     -133.4467    -4743.5742
25   4  35.547  40771.211 199.193  -0.060   -0.987  -10.000     -133.4467    -4743.5742
26   4  35.547  40771.211 199.193  -0.037   -0.030  -10.000     -133.4467    -4743.5742
27   4  35.547  40771.211 199.193  -0.026   -1.357  -10.000     -133.4467    -4743.5742
23   4  35.547  40772.207 209.279   0.003   -3.455  -10.000     -133.4187    -4742.5781
24   4  35.547  40772.207 209.279  -0.014   -2.385  -10.000     -133.4187    -4742.5781
25   4  35.547  40772.207 209.279  -0.070   -0.955  -10.000     -133.4187    -4742.5781
26   4  35.547  40772.207 209.279  -0.066   -0.012  -10.000     -133.4187    -4742.5781
27   4  35.547  40772.207 209.279  -0.062   -1.340  -10.000     -133.4187    -4742.5781
23   4  35.547  40774.203 229.493  -0.007   -3.408  -10.000     -133.3625    -4740.5820
24   4  35.547  40774.203 229.493  -0.031   -2.263  -10.000     -133.3625    -4740.5820
25   4  35.547  40774.203 229.493  -0.086   -0.790  -10.000     -133.3625    -4740.5820
26   4  35.547  40774.203 229.493  -0.041    0.205  -10.000     -133.3625    -4740.5820
27   4  35.547  40774.203 229.493  -0.075   -1.138  -10.000     -133.3625    -4740.5820
23   4  35.547  40776.188 249.593  -0.008   -3.342  -10.000     -133.3067    -4738.5977
24   4  35.547  40776.188 249.593  -0.016   -2.100  -10.000     -133.3067    -4738.5977
25   4  35.547  40776.188 249.593  -0.044   -0.560  -10.000     -133.3067    -4738.5977
26   4  35.547  40776.188 249.593   0.007    0.453  -10.000     -133.3067    -4738.5977
27   4  35.547  40776.188 249.593  -0.023   -0.862  -10.000     -133.3067    -4738.5977
23   4  35.547  40777.199 259.838   0.004   -3.298  -10.000     -133.2782    -4737.5859
24   4  35.547  40777.199 259.838  -0.002   -2.015  -10.000     -133.2782    -4737.5859
25   4  35.547  40777.199 259.838  -0.026   -0.453  -10.000     -133.2782    -4737.5859
26   4  35.547  40777.199 259.838   0.017    0.557  -10.000     -133.2782    -4737.5859
27   4  35.547  40777.199 259.838   0.004   -0.730  -10.000     -133.2782    -4737.5859
23   4  35.547  41134.191 275.295   0.027   -3.217  -10.000     -123.2353    -4380.5938
24   4  35.547  41134.191 275.295   0.033   -1.867  -10.000     -123.2353    -4380.5938
25   4  35.547  41134.191 275.295   0.018   -0.267  -10.000     -123.2353    -4380.5938
26   4  35.547  41134.191 275.295   0.051    0.740  -10.000     -123.2353    -4380.5938
27   4  35.547  41134.191 275.295   0.065   -0.505  -10.000     -123.2353    -4380.5938
23   4  35.547  41136.184 295.472   0.042   -3.140  -10.000     -123.1792    -4378.6016
24   4  35.547  41136.184 295.472   0.056   -1.723  -10.000     -123.1792    -4378.6016
27   4  35.547  41136.184 295.472   0.114   -0.278  -10.000     -123.1792    -4378.6016
23   4  35.547  41139.188 325.896   0.050   -3.038  -10.000     -123.0947    -4375.5977
24   4  35.547  41139.188 325.896   0.082   -1.528  -10.000     -123.0947    -4375.5977
27   4  35.547  41139.188 325.896   0.159    0.005  -10.000     -123.0947    -4375.5977
23   4  35.547  41140.191 336.061   0.055   -2.997  -10.000     -123.0665    -4374.5938
24   4  35.547  41140.191 336.061   0.083   -1.470  -10.000     -123.0665    -4374.5938
27   4  35.547  41140.191 336.061   0.164    0.088  -10.000     -123.0665    -4374.5938
23   4  35.547  41141.199 346.267   0.063   -2.955  -10.000     -123.0381    -4373.5859
24   4  35.547  41141.199 346.267   0.109   -1.388  -10.000     -123.0381    -4373.5859
27   4  35.547  41141.199 346.267   0.190    0.190  -10.000     -123.0381    -4373.5859
23   4  35.547  41142.199 356.396   0.050   -2.932  -10.000     -123.0100    -4372.5859
24   4  35.547  41142.199 356.396   0.088   -1.352  -10.000     -123.0100    -4372.5859
27   4  35.547  41142.199 356.396   0.159    0.233  -10.000     -123.0100    -4372.5859
23   4  35.547  41147.191  46.956   0.083   -2.747  -10.000     -122.8696    -4367.5938
24   4  35.547  41147.191  46.956   0.119   -1.112  -10.000     -122.8696    -4367.5938
25   4  35.547  41147.191  46.956   0.306    0.818  -10.000     -122.8696    -4367.5938
26   4  35.547  41147.191  46.956   0.339    1.863  -10.000     -122.8696    -4367.5938
27   4  35.547  41147.191  46.956   0.153    0.490  -10.000     -122.8696    -4367.5938
23   4  35.547  41149.195  67.250   0.070   -2.717  -10.000     -122.8132    -4365.5898
24   4  35.547  41149.195  67.250   0.098   -1.090  -10.000     -122.8132    -4365.5898
27   4  35.547  41149.195  67.250   0.126    0.508  -10.000     -122.8132    -4365.5898
 0 126  35.547  34016.602 191.514  14.259    7.400  -10.000     -323.4680   -11498.1836
 0 126  35.547  34020.500 230.999   0.440  -15.900  -10.000     -323.3583   -11494.2852
 0 126  35.547  34022.559 251.840  -1.975  -16.300  -10.000     -323.3004   -11492.2266
 0 126  35.547  34025.461 281.239  -5.829  -16.400  -10.000     -323.2188   -11489.3242
 0 126  35.547  34027.609 302.992  -5.725  -12.600  -10.000     -323.1584   -11487.1758
 0 126  35.547  34029.422 321.350  -7.949  -11.900  -10.000     -323.1074   -11485.3633
 0 126  35.547  34031.512 342.521  -4.945   -5.300  -10.000     -323.0486   -11483.2734
 0 126  35.547  34044.441 113.467  -2.035   16.000  -10.000     -322.6848   -11470.3438
 0 126  35.547  34053.379 203.983  11.774   -1.500  -10.000     -322.4334   -11461.4062
 0 126  35.547  34057.480 245.522  -3.915  -18.500  -10.000     -322.3180   -11457.3047
 0 126  35.547  34077.398  87.242  -0.682   15.100  -10.000     -321.7577   -11437.3867
 0 126  35.547  34080.391 117.543   1.311   19.700  -10.000     -321.6735   -11434.3945
 0 126  35.547  34085.379 168.058   0.420   15.700  -10.000     -321.5332   -11429.4062
 0 126  35.547  34110.410  61.567  -0.822   11.100  -10.000     -320.8290   -11404.3750
 0 126  35.547  34113.320  91.044  -0.293   16.800  -10.000     -320.7471   -11401.4648
 0 126  35.547  34117.340 131.748   1.142   22.700  -10.000     -320.6340   -11397.4453
 0 126  35.547  34175.160 357.330  -6.407   -5.900  -10.000     -319.0074   -11339.6250
 0 126  35.547  34176.172   7.570  -6.528   -1.900  -10.000     -318.9790   -11338.6133
 0 126  35.547  34177.160  17.578  -4.298    0.300  -10.000     -318.9512   -11337.6250
 0 126  35.547  34179.160  37.837  -3.670    5.200  -10.000     -318.8949   -11335.6250
 0 126  35.547  34181.160  58.096  -2.992    8.500  -10.000     -318.8386   -11333.6250
 0 169  35.547  53037.648 228.208   1.740  -14.440    0.140      211.6339     7522.8633
 0 169  35.547  53040.629 258.393  -0.192  -12.980    0.160      211.7178     7525.8438
 0 169  35.547  53047.691 329.919  -1.207   -2.010    0.250      211.9164     7532.9062
 0 169  35.547  53048.621 339.335   0.798   -0.380    0.150      211.9426     7533.8359
 0 169  35.547  53049.672 349.980   0.272    1.450    0.180      211.9722     7534.8867
 0 169  35.547  53015.719   6.114   0.327    4.580    0.140      211.0170     7500.9336
 0 169  35.547  53051.680  10.311   0.149    4.940    0.130      212.0286     7536.8945
 0 169  35.547  53016.691  15.969   1.881    6.320    0.190      211.0444     7501.9062
 0 169  35.547  53052.641  20.045   1.522    6.670    0.180      212.0557     7537.8555
 0 169  35.547  53017.711  26.290   1.337    8.120    0.130      211.0730     7502.9258
 0 169  35.547  53053.691  30.685   1.111    8.450    0.180      212.0852     7538.9062
 0 169  35.547  53054.672  40.616   0.581   10.080    0.220      212.1128     7539.8867
 0 169  35.547  53055.699  51.021   1.764   11.690    0.180      212.1417     7540.9141
 0 169  35.547  53020.840  57.980   1.799   13.270    0.280      211.1611     7506.0547
 0 169  35.547  53056.699  61.150   1.275   13.170    0.200      212.1699     7541.9141
 0 169  35.547  53021.852  68.225   2.139   14.680    0.170      211.1895     7507.0664
 0 169  35.547  53057.699  71.274   1.049   14.510    0.200      212.1980     7542.9141
 0 169  35.547  53058.711  81.524   0.342   15.670    0.190      212.2265     7543.9258
 0 169  35.547  53023.660  86.545   1.072   16.690    0.140      211.2404     7508.8750
 0 169  35.547  53024.852  98.608  -0.482   17.590    0.160      211.2739     7510.0664
 0 169  35.547  53025.871 108.935   0.847   18.100    0.130      211.3026     7511.0859
 0 169  35.547  53026.852 118.867  -0.030   18.480    0.130      211.3302     7512.0664
 0 169  35.547  53028.691 137.499  -0.524   19.280    0.130      211.3819     7513.9062
 0 169  35.547  53029.648 147.189   0.053   19.610    0.130      211.4089     7514.8633
 0 169  35.547  53030.801 158.862   2.174   19.200    0.110      211.4413     7516.0156
 0 169  35.547  53031.660 167.563   2.056   17.570    0.150      211.4655     7516.8750
 0 169  35.547  53032.719 178.286   6.331   12.120    0.150      211.4952     7517.9336
 0 169  35.547  53033.629 187.504   6.157    3.450    0.170      211.5208     7518.8438
 0 169  35.547  53034.672 198.067   5.856   -5.730    0.130      211.5502     7519.8867
 0 169  35.547  53035.660 208.076   4.037  -10.820    0.120      211.5780     7520.8750
 0 169  35.547  53036.648 218.084   3.595  -13.410    0.170      211.6058     7521.8633
 3 150  35.547  50542.324 156.676  -0.040    3.934  -10.000      141.4352     5027.5391
 5 150  35.547  50542.324 156.676  -0.002    2.731  -10.000      141.4352     5027.5391
 3 150  35.547  50542.371 157.154  -0.053    3.914  -10.000      141.4365     5027.5859
 5 150  35.547  50542.371 157.154   0.000    2.728  -10.000      141.4365     5027.5859
 3 150  35.547  50543.223 165.778   0.025    3.828  -10.000      141.4605     5028.4375
 5 150  35.547  50543.223 165.778   0.025    2.657  -10.000      141.4605     5028.4375
 3 150  35.547  50568.199  58.727   0.067    4.047  -10.000      142.1631     5053.4141
 4 150  35.547  50568.199  58.727  -0.608    2.664  -10.000      142.1631     5053.4141
 3 150  35.547  50570.215  79.140   0.028    4.060  -10.000      142.2198     5055.4297
 4 150  35.547  50570.215  79.140  -0.633    2.690  -10.000      142.2198     5055.4297
 3 150  35.547  50571.199  89.110  -0.001    4.061  -10.000      142.2475     5056.4141
 5 150  35.547  50571.199  89.110   0.071    2.764  -10.000      142.2475     5056.4141
 3 150  35.547  50572.191  99.157  -0.013    4.077  -10.000      142.2754     5057.4062
 5 150  35.547  50572.191  99.157   0.050    2.774  -10.000      142.2754     5057.4062
 3 150  35.547  50573.191 109.286  -0.050    4.064  -10.000      142.3036     5058.4062
 5 150  35.547  50573.191 109.286   0.026    2.779  -10.000      142.3036     5058.4062
 3 150  35.547  50573.195 109.325  -0.060    4.054  -10.000      142.3037     5058.4102
 5 150  35.547  50573.195 109.325   0.019    2.772  -10.000      142.3037     5058.4102
 3 150  35.547  50575.191 129.540  -0.111    4.042  -10.000      142.3598     5060.4062
 5 150  35.547  50575.191 129.540  -0.025    2.783  -10.000      142.3598     5060.4062
 3 150  35.547  50576.191 139.669  -0.124    4.023  -10.000      142.3880     5061.4062
 5 150  35.547  50576.191 139.669  -0.031    2.789  -10.000      142.3880     5061.4062
 3 150  35.547  50579.188 170.013   0.008    3.721  -10.000      142.4723     5064.4023
 5 150  35.547  50579.188 170.013   0.007    2.584  -10.000      142.4723     5064.4023
 3 150  35.547  50580.188 180.143   0.095    3.597  -10.000      142.5004     5065.4023
 5 150  35.547  50580.188 180.143   0.069    2.514  -10.000      142.5004     5065.4023
 3 150  35.547  50581.191 190.305   0.106    3.484  -10.000      142.5286     5066.4062
 5 150  35.547  50581.191 190.305   0.081    2.440  -10.000      142.5286     5066.4062
 3 150  35.547  50581.207 190.464   0.110    3.486  -10.000      142.5291     5066.4219
 5 150  35.547  50581.207 190.464   0.069    2.428  -10.000      142.5291     5066.4219
 3 150  35.547  50582.184 200.358   0.073    3.415  -10.000      142.5565     5067.3984
 5 150  35.547  50582.184 200.358   0.060    2.384  -10.000      142.5565     5067.3984
 3 150  35.547  50582.254 201.066   0.052    3.393  -10.000      142.5585     5067.4688
 5 150  35.547  50582.254 201.066   0.048    2.371  -10.000      142.5585     5067.4688
 3 150  35.547  50583.215 210.800   0.005    3.354  -10.000      142.5856     5068.4297
 5 150  35.547  50583.215 210.800   0.017    2.329  -10.000      142.5856     5068.4297
 3 150  35.547  50583.250 211.157   0.005    3.355  -10.000      142.5865     5068.4648
 5 150  35.547  50583.250 211.157   0.014    2.326  -10.000      142.5865     5068.4648
 3 150  35.547  50584.184 220.611   0.034    3.405  -10.000      142.6128     5069.3984
 5 150  35.547  50584.184 220.611   0.039    2.349  -10.000      142.6128     5069.3984
 2 150  35.547  50890.418  82.018  -0.021    5.480  -10.000      151.2278     5375.6328
 3 150  35.547  50890.418  82.018   0.007    4.048  -10.000      151.2278     5375.6328
 4 150  35.547  50890.418  82.018  -0.032    3.300  -10.000      151.2278     5375.6328
 5 150  35.547  50890.418  82.018   0.070    2.742  -10.000      151.2278     5375.6328
 3 150  35.547  50891.230  90.247   0.005    4.070  -10.000      151.2507     5376.4453
 4 150  35.547  50891.230  90.247  -0.003    3.354  -10.000      151.2507     5376.4453
 5 150  35.547  50891.230  90.247   0.109    2.806  -10.000      151.2507     5376.4453
 2 150  35.547  50891.234  90.286  -0.047    5.477  -10.000      151.2508     5376.4492
 3 150  35.547  50891.234  90.286  -0.009    4.056  -10.000      151.2508     5376.4492
 4 150  35.547  50891.234  90.286  -0.019    3.338  -10.000      151.2508     5376.4492
 5 150  35.547  50891.234  90.286   0.071    2.768  -10.000      151.2508     5376.4492
 2 150  35.547  50892.230 100.371  -0.080    5.467  -10.000      151.2788     5377.4453
 3 150  35.547  50892.230 100.371  -0.038    4.055  -10.000      151.2788     5377.4453
 4 150  35.547  50892.230 100.371  -0.048    3.338  -10.000      151.2788     5377.4453
 5 150  35.547  50892.230 100.371   0.058    2.786  -10.000      151.2788     5377.4453
 2 150  35.547  50892.504 103.140  -0.093    5.460  -10.000      151.2865     5377.7188
 3 150  35.547  50892.504 103.140  -0.040    4.060  -10.000      151.2865     5377.7188
 4 150  35.547  50892.504 103.140  -0.058    3.336  -10.000      151.2865     5377.7188
 5 150  35.547  50892.504 103.140   0.041    2.777  -10.000      151.2865     5377.7188
 2 150  35.547  50893.227 110.462  -0.118    5.448  -10.000      151.3068     5378.4414
 3 150  35.547  50893.227 110.462  -0.062    4.055  -10.000      151.3068     5378.4414
 4 150  35.547  50893.227 110.462  -0.075    3.338  -10.000      151.3068     5378.4414
 5 150  35.547  50893.227 110.462   0.035    2.791  -10.000      151.3068     5378.4414
 2 150  35.547  50893.531 113.544  -0.132    5.438  -10.000      151.3154     5378.7461
 3 150  35.547  50893.531 113.544  -0.088    4.035  -10.000      151.3154     5378.7461
 4 150  35.547  50893.531 113.544  -0.071    3.349  -10.000      151.3154     5378.7461
 5 150  35.547  50893.531 113.544   0.026    2.791  -10.000      151.3154     5378.7461
 2 150  35.547  50896.445 143.058  -0.178    5.346  -10.000      151.3974     5381.6602
 3 150  35.547  50896.445 143.058  -0.109    4.021  -10.000      151.3974     5381.6602
 4 150  35.547  50896.445 143.058  -0.118    3.332  -10.000      151.3974     5381.6602
 5 150  35.547  50896.445 143.058  -0.029    2.786  -10.000      151.3974     5381.6602
 2 150  35.547  50896.465 143.256  -0.196    5.325  -10.000      151.3979     5381.6797
 3 150  35.547  50896.465 143.256  -0.124    4.005  -10.000      151.3979     5381.6797
 4 150  35.547  50896.465 143.256  -0.130    3.319  -10.000      151.3979     5381.6797
 5 150  35.547  50896.465 143.256  -0.033    2.781  -10.000      151.3979     5381.6797
 2 150  35.547  50897.223 150.930  -0.153    5.252  -10.000      151.4193     5382.4375
 3 150  35.547  50897.223 150.930  -0.107    3.951  -10.000      151.4193     5382.4375
 4 150  35.547  50897.223 150.930  -0.116    3.280  -10.000      151.4193     5382.4375
 5 150  35.547  50897.223 150.930  -0.023    2.756  -10.000      151.4193     5382.4375
 2 150  35.547  50897.363 152.353  -0.135    5.240  -10.000      151.4232     5382.5781
 3 150  35.547  50897.363 152.353  -0.099    3.940  -10.000      151.4232     5382.5781
 4 150  35.547  50897.363 152.353  -0.106    3.276  -10.000      151.4232     5382.5781
 5 150  35.547  50897.363 152.353  -0.023    2.746  -10.000      151.4232     5382.5781
 2 150  35.547  50901.215 191.360   0.121    4.510  -10.000      151.5316     5386.4297
 3 150  35.547  50901.215 191.360   0.097    3.468  -10.000      151.5316     5386.4297
 4 150  35.547  50901.215 191.360   0.079    2.925  -10.000      151.5316     5386.4297
 5 150  35.547  50901.215 191.360   0.077    2.431  -10.000      151.5316     5386.4297
 2 150  35.547  50902.211 201.451   0.056    4.419  -10.000      151.5596     5387.4258
 3 150  35.547  50902.211 201.451   0.045    3.386  -10.000      151.5596     5387.4258
 4 150  35.547  50902.211 201.451   0.045    2.860  -10.000      151.5596     5387.4258
 5 150  35.547  50902.211 201.451   0.043    2.365  -10.000      151.5596     5387.4258
 2 150  35.547  50902.391 203.269   0.014    4.380  -10.000      151.5646     5387.6055
 3 150  35.547  50902.391 203.269   0.018    3.359  -10.000      151.5646     5387.6055
 4 150  35.547  50902.391 203.269   0.024    2.838  -10.000      151.5646     5387.6055
 5 150  35.547  50902.391 203.269   0.032    2.351  -10.000      151.5646     5387.6055
 2 150  35.547  50902.453 203.901   0.013    4.380  -10.000      151.5664     5387.6680
 3 150  35.547  50902.453 203.901   0.006    3.347  -10.000      151.5664     5387.6680
 4 150  35.547  50902.453 203.901   0.007    2.820  -10.000      151.5664     5387.6680
 5 150  35.547  50902.453 203.901   0.023    2.342  -10.000      151.5664     5387.6680
 2 150  35.547  50904.211 221.704  -0.096    4.357  -10.000      151.6158     5389.4258
 3 150  35.547  50904.211 221.704  -0.043    3.332  -10.000      151.6158     5389.4258
 4 150  35.547  50904.211 221.704  -0.018    2.807  -10.000      151.6158     5389.4258
 5 150  35.547  50904.211 221.704   0.029    2.339  -10.000      151.6158     5389.4258
 2 150  35.547  50904.395 223.566  -0.109    4.357  -10.000      151.6210     5389.6094
 3 150  35.547  50904.395 223.566  -0.050    3.331  -10.000      151.6210     5389.6094
 4 150  35.547  50904.395 223.566  -0.031    2.797  -10.000      151.6210     5389.6094
 5 150  35.547  50904.395 223.566   0.000    2.311  -10.000      151.6210     5389.6094
 2 150  35.547  50904.461 224.236  -0.117    4.353  -10.000      151.6229     5389.6758
 3 150  35.547  50904.461 224.236  -0.061    3.322  -10.000      151.6229     5389.6758
 4 150  35.547  50904.461 224.236  -0.033    2.796  -10.000      151.6229     5389.6758
 5 150  35.547  50904.461 224.236  -0.004    2.307  -10.000      151.6229     5389.6758
 2 150  35.547  50905.211 231.833  -0.117    4.406  -10.000      151.6440     5390.4258
 3 150  35.547  50905.211 231.833  -0.055    3.354  -10.000      151.6440     5390.4258
 4 150  35.547  50905.211 231.833  -0.033    2.811  -10.000      151.6440     5390.4258
 5 150  35.547  50905.211 231.833   0.005    2.321  -10.000      151.6440     5390.4258
 2 150  35.547  50905.219 231.910  -0.132    4.392  -10.000      151.6442     5390.4336
 3 150  35.547  50905.219 231.910  -0.063    3.346  -10.000      151.6442     5390.4336
 4 150  35.547  50905.219 231.910  -0.027    2.817  -10.000      151.6442     5390.4336
 5 150  35.547  50905.219 231.910   0.006    2.322  -10.000      151.6442     5390.4336
 2 150  35.547  50906.430 244.177  -0.112    4.492  -10.000      151.6783     5391.6445
 3 150  35.547  50906.430 244.177  -0.040    3.408  -10.000      151.6783     5391.6445
 4 150  35.547  50906.430 244.177  -0.017    2.849  -10.000      151.6783     5391.6445
 5 150  35.547  50906.430 244.177   0.032    2.354  -10.000      151.6783     5391.6445
 2 150  35.547  50906.484 244.731  -0.132    4.475  -10.000      151.6798     5391.6992
 3 150  35.547  50906.484 244.731  -0.052    3.398  -10.000      151.6798     5391.6992
 4 150  35.547  50906.484 244.731  -0.033    2.834  -10.000      151.6798     5391.6992
 5 150  35.547  50906.484 244.731   0.016    2.338  -10.000      151.6798     5391.6992
 2 150  35.547  50907.211 252.087  -0.092    4.560  -10.000      151.7002     5392.4258
 3 150  35.547  50907.211 252.087  -0.026    3.446  -10.000      151.7002     5392.4258
 4 150  35.547  50907.211 252.087  -0.014    2.866  -10.000      151.7002     5392.4258
 5 150  35.547  50907.211 252.087   0.030    2.356  -10.000      151.7002     5392.4258
 2 150  35.547  50907.371 253.707  -0.109    4.553  -10.000      151.7047     5392.5859
 3 150  35.547  50907.371 253.707  -0.041    3.436  -10.000      151.7047     5392.5859
 4 150  35.547  50907.371 253.707  -0.026    2.856  -10.000      151.7047     5392.5859
 5 150  35.547  50907.371 253.707   0.024    2.351  -10.000      151.7047     5392.5859
 2 150  35.547  50908.340 263.524  -0.074    4.649  -10.000      151.7320     5393.5547
 3 150  35.547  50908.340 263.524  -0.006    3.502  -10.000      151.7320     5393.5547
 4 150  35.547  50908.340 263.524  -0.012    2.890  -10.000      151.7320     5393.5547
 5 150  35.547  50908.340 263.524   0.036    2.371  -10.000      151.7320     5393.5547
 2 150  35.547  50909.211 272.346  -0.020    4.761  -10.000      151.7565     5394.4258
 3 150  35.547  50909.211 272.346   0.029    3.570  -10.000      151.7565     5394.4258
 4 150  35.547  50909.211 272.346   0.060    2.983  -10.000      151.7565     5394.4258
 5 150  35.547  50909.211 272.346   0.097    2.444  -10.000      151.7565     5394.4258
 2 150  35.547  50910.207 282.431  -0.051    4.789  -10.000      151.7845     5395.4219
 3 150  35.547  50910.207 282.431   0.000    3.572  -10.000      151.7845     5395.4219
 4 150  35.547  50910.207 282.431   0.002    2.945  -10.000      151.7845     5395.4219
 5 150  35.547  50910.207 282.431   0.081    2.437  -10.000      151.7845     5395.4219
 2 150  35.547  50910.422 284.606  -0.014    4.837  -10.000      151.7906     5395.6367
 3 150  35.547  50910.422 284.606   0.025    3.603  -10.000      151.7906     5395.6367
 4 150  35.547  50910.422 284.606   0.019    2.966  -10.000      151.7906     5395.6367
 5 150  35.547  50910.422 284.606   0.080    2.438  -10.000      151.7906     5395.6367
 2 150  35.547  50911.207 292.560  -0.038    4.855  -10.000      151.8127     5396.4219
 3 150  35.547  50911.207 292.560   0.013    3.614  -10.000      151.8127     5396.4219
 4 150  35.547  50911.207 292.560   0.019    2.982  -10.000      151.8127     5396.4219
 5 150  35.547  50911.207 292.560   0.075    2.442  -10.000      151.8127     5396.4219
 2 150  35.547  50912.207 302.684  -0.014    4.934  -10.000      151.8408     5397.4219
 3 150  35.547  50912.207 302.684   0.022    3.655  -10.000      151.8408     5397.4219
 4 150  35.547  50912.207 302.684   0.001    2.986  -10.000      151.8408     5397.4219
 5 150  35.547  50912.207 302.684   0.081    2.461  -10.000      151.8408     5397.4219
 2 150  35.547  50912.441 305.057  -0.026    4.934  -10.000      151.8474     5397.6562
 3 150  35.547  50912.441 305.057   0.006    3.646  -10.000      151.8474     5397.6562
 4 150  35.547  50912.441 305.057  -0.002    2.988  -10.000      151.8474     5397.6562
 5 150  35.547  50912.441 305.057   0.074    2.457  -10.000      151.8474     5397.6562
 2 150  35.547  50913.207 312.814  -0.013    4.984  -10.000      151.8689     5398.4219
 3 150  35.547  50913.207 312.814   0.022    3.685  -10.000      151.8689     5398.4219
 4 150  35.547  50913.207 312.814   0.011    3.017  -10.000      151.8689     5398.4219
 5 150  35.547  50913.207 312.814   0.086    2.480  -10.000      151.8689     5398.4219
 2 150  35.547  50914.203 322.899  -0.007    5.039  -10.000      151.8969     5399.4180
 3 150  35.547  50914.203 322.899   0.021    3.714  -10.000      151.8969     5399.4180
 4 150  35.547  50914.203 322.899   0.004    3.033  -10.000      151.8969     5399.4180
 5 150  35.547  50914.203 322.899   0.087    2.496  -10.000      151.8969     5399.4180
 2 150  35.547  50914.434 325.234  -0.003    5.055  -10.000      151.9034     5399.6484
 3 150  35.547  50914.434 325.234   0.018    3.718  -10.000      151.9034     5399.6484
 4 150  35.547  50914.434 325.234   0.015    3.049  -10.000      151.9034     5399.6484
 5 150  35.547  50914.434 325.234   0.086    2.499  -10.000      151.9034     5399.6484
 2 150  35.547  50915.203 333.029   0.001    5.098  -10.000      151.9251     5400.4180
 3 150  35.547  50915.203 333.029   0.029    3.755  -10.000      151.9251     5400.4180
 4 150  35.547  50915.203 333.029   0.007    3.061  -10.000      151.9251     5400.4180
 5 150  35.547  50915.203 333.029   0.093    2.520  -10.000      151.9251     5400.4180
 3 150  35.547  50915.367 334.693   0.040    3.772  -10.000      151.9297     5400.5820
 5 150  35.547  50915.367 334.693   0.100    2.531  -10.000      151.9297     5400.5820
 2 150  35.547  50916.203 343.158  -0.001    5.148  -10.000      151.9532     5401.4180
 3 150  35.547  50916.203 343.158   0.016    3.776  -10.000      151.9532     5401.4180
 4 150  35.547  50916.203 343.158   0.002    3.083  -10.000      151.9532     5401.4180
 5 150  35.547  50916.203 343.158   0.103    2.550  -10.000      151.9532     5401.4180
 2 150  35.547  50916.430 345.449   0.011    5.172  -10.000      151.9596     5401.6445
 3 150  35.547  50916.430 345.449   0.019    3.787  -10.000      151.9596     5401.6445
 4 150  35.547  50916.430 345.449   0.018    3.105  -10.000      151.9596     5401.6445
 5 150  35.547  50916.430 345.449   0.099    2.551  -10.000      151.9596     5401.6445
 2 150  35.547  50917.203 353.282   0.007    5.207  -10.000      151.9813     5402.4180
 3 150  35.547  50917.203 353.282   0.030    3.824  -10.000      151.9813     5402.4180
 4 150  35.547  50917.203 353.282   0.012    3.120  -10.000      151.9813     5402.4180
 5 150  35.547  50917.203 353.282   0.107    2.576  -10.000      151.9813     5402.4180
 2 150  35.547  50917.355 354.825   0.009    5.217  -10.000      151.9856     5402.5703
 3 150  35.547  50917.355 354.825   0.019    3.819  -10.000      151.9856     5402.5703
 4 150  35.547  50917.355 354.825   0.005    3.117  -10.000      151.9856     5402.5703
 5 150  35.547  50917.355 354.825   0.090    2.562  -10.000      151.9856     5402.5703
18 163  35.547  47865.531  47.310   0.087    4.210  -10.000       66.1314     2350.7461
18 163  35.547  47865.547  47.469   0.093    4.217  -10.000       66.1319     2350.7617
18 163  35.547  47865.621  48.219   0.095    4.221  -10.000       66.1339     2350.8359
18 163  35.547  47865.637  48.378   0.099    4.225  -10.000       66.1344     2350.8516
18 163  35.547  47886.961 264.339   0.004    3.690  -10.000       66.7343     2372.1758
18 163  35.547  47916.801 206.546  -0.040    3.482  -10.000       67.5737     2402.0156
18 163  35.547  47916.816 206.702  -0.037    3.486  -10.000       67.5742     2402.0312
18 163  35.547  47916.891 207.455  -0.035    3.488  -10.000       67.5763     2402.1055
18 163  35.547  47947.281 155.237  -0.178    3.991  -10.000       68.4312     2432.4961
18 163  35.547  47947.293 155.358  -0.167    4.001  -10.000       68.4315     2432.5078
18 163  35.547  47947.367 156.107  -0.166    3.989  -10.000       68.4336     2432.5820
18 163  35.547  47972.086  46.447   0.086    4.206  -10.000       69.1290     2457.3008
18 163  35.547  47972.164  47.238   0.095    4.218  -10.000       69.1312     2457.3789
18 163  35.547  47972.176  47.359   0.088    4.211  -10.000       69.1316     2457.3906
18 163  35.547  47972.250  48.109   0.079    4.204  -10.000       69.1336     2457.4648
18 163  35.547  47972.266  48.268   0.088    4.213  -10.000       69.1341     2457.4805
18 163  35.547  47972.340  49.021   0.081    4.209  -10.000       69.1362     2457.5547
18 163  35.547  47972.355  49.178   0.098    4.226  -10.000       69.1366     2457.5703
18 163  35.547  48009.125  61.565   0.083    4.236  -10.000       70.1710     2494.3398
18 163  35.547  48009.215  62.474   0.087    4.243  -10.000       70.1735     2494.4297
18 163  35.547  48009.227  62.592   0.087    4.242  -10.000       70.1739     2494.4414
18 163  35.547  48035.250 326.146   0.068    3.941  -10.000       70.9060     2520.4648
18 163  35.547  48035.266 326.305   0.066    3.940  -10.000       70.9064     2520.4805
18 163  35.547  48035.340 327.055   0.068    3.944  -10.000       70.9085     2520.5547
18 163  35.547  48035.355 327.214   0.073    3.950  -10.000       70.9089     2520.5703
18 163  35.547  48035.430 327.967   0.073    3.952  -10.000       70.9110     2520.6445
18 163  35.547  48035.445 328.123   0.078    3.958  -10.000       70.9115     2520.6602
18 163  35.547  48066.703 284.689   0.036    3.786  -10.000       71.7908     2551.9180
18 163  35.547  48066.719 284.848   0.034    3.785  -10.000       71.7912     2551.9336
18 163  35.547  48066.793 285.598   0.030    3.784  -10.000       71.7933     2552.0078
18 163  35.547  48066.809 285.757   0.030    3.784  -10.000       71.7938     2552.0234
18 163  35.547  48066.883 286.510   0.030    3.785  -10.000       71.7959     2552.0977
18 163  35.547  48098.945 251.224   0.004    3.648  -10.000       72.6978     2584.1602
18 163  35.547  48099.125 253.043   0.009    3.659  -10.000       72.7029     2584.3398
18 163  35.547  48099.137 253.163   0.003    3.654  -10.000       72.7032     2584.3516
18 163  35.547  48157.848 127.760  -0.099    4.220  -10.000       74.3549     2643.0625
18 163  35.547  48157.863 127.919  -0.096    4.223  -10.000       74.3553     2643.0781
18 163  35.547  48157.953 128.828  -0.094    4.227  -10.000       74.3579     2643.1680
18 163  35.547  48174.109 292.451   0.049    3.822  -10.000       74.8124     2659.3242
18 163  35.547  48174.125 292.610   0.045    3.818  -10.000       74.8128     2659.3398
18 163  35.547  48174.199 293.362   0.043    3.819  -10.000       74.8149     2659.4141
18 163  35.547  48174.289 294.272   0.039    3.818  -10.000       74.8174     2659.5039
18 163  35.547  48174.305 294.431   0.050    3.830  -10.000       74.8179     2659.5195
18 163  35.547  48210.531 301.317   0.031    3.832  -10.000       75.8370     2695.7461
18 163  35.547  48210.547 301.476   0.032    3.833  -10.000       75.8374     2695.7617
18 163  35.547  48210.621 302.226   0.033    3.837  -10.000       75.8395     2695.8359
18 163  35.547  48210.633 302.344   0.036    3.840  -10.000       75.8398     2695.8477
18 163  35.547  48210.711 303.138   0.037    3.844  -10.000       75.8420     2695.9258
18 163  35.547  48261.266  95.131  -0.016    4.230  -10.000       77.2643     2746.4805
18 163  35.547  48261.281  95.290  -0.010    4.237  -10.000       77.2647     2746.4961
18 163  35.547  48261.355  96.042  -0.006    4.242  -10.000       77.2668     2746.5703
18 163  35.547  48261.367  96.161  -0.001    4.248  -10.000       77.2671     2746.5820
18 163  35.547  48287.836   4.224   0.066    4.065  -10.000       78.0117     2773.0508
18 163  35.547  48287.848   4.342   0.066    4.066  -10.000       78.0121     2773.0625
18 163  35.547  48287.922   5.095   0.069    4.071  -10.000       78.0142     2773.1367
18 163  35.547  48287.938   5.251   0.076    4.078  -10.000       78.0146     2773.1523
18 163  35.547  48314.402 273.277   0.008    3.726  -10.000       78.7591     2799.6172
18 163  35.547  48314.492 274.186   0.014    3.734  -10.000       78.7616     2799.7070
18 163  35.547  48314.508 274.345   0.016    3.737  -10.000       78.7621     2799.7227
18 163  35.547  48314.582 275.098   0.012    3.736  -10.000       78.7642     2799.7969
18 163  35.547  48314.594 275.216   0.019    3.743  -10.000       78.7645     2799.8086
18 163  35.547  48349.945 273.241   0.020    3.738  -10.000       79.7590     2835.1602
18 163  35.547  48349.961 273.398   0.015    3.733  -10.000       79.7594     2835.1758
18 163  35.547  48350.035 274.150   0.020    3.740  -10.000       79.7615     2835.2500
18 163  35.547  48350.047 274.268   0.018    3.738  -10.000       79.7619     2835.2617
18 163  35.547  48350.137 275.177   0.018    3.742  -10.000       79.7644     2835.3516
18 163  35.547  48374.488 161.801  -0.137    3.919  -10.000       80.4494     2859.7031
18 163  35.547  48374.562 162.551  -0.135    3.907  -10.000       80.4515     2859.7773
18 163  35.547  48374.578 162.710  -0.138    3.901  -10.000       80.4520     2859.7930
18 163  35.547  48374.738 164.333  -0.133    3.874  -10.000       80.4565     2859.9531
18 163  35.547  48409.391 155.275  -0.163    4.006  -10.000       81.4313     2894.6055
18 163  35.547  48409.406 155.435  -0.168    3.998  -10.000       81.4318     2894.6211
18 163  35.547  48409.480 156.184  -0.162    3.993  -10.000       81.4338     2894.6953
18 163  35.547  48409.496 156.344  -0.160    3.991  -10.000       81.4343     2894.7109
18 163  35.547  48409.570 157.096  -0.163    3.977  -10.000       81.4364     2894.7852
18 163  35.547  48409.586 157.253  -0.154    3.983  -10.000       81.4368     2894.8008
18 163  35.547  48464.938 357.830   0.068    4.047  -10.000       82.9940     2950.1523
18 163  35.547  48465.016 358.621   0.069    4.050  -10.000       82.9962     2950.2305
18 163  35.547  48465.027 358.739   0.077    4.058  -10.000       82.9965     2950.2422
18 163  35.547  48500.281 355.776   0.082    4.053  -10.000       83.9883     2985.4961
18 163  35.547  48500.297 355.935   0.078    4.051  -10.000       83.9887     2985.5117
18 163  35.547  48500.371 356.685   0.081    4.056  -10.000       83.9908     2985.5859
18 163  35.547  48500.383 356.803   0.081    4.056  -10.000       83.9911     2985.5977
18 163  35.547  48500.461 357.594   0.083    4.061  -10.000       83.9933     2985.6758
18 163  35.547  48518.145 176.688  -0.061    3.685  -10.000       84.4908     3003.3594
18 163  35.547  48518.156 176.806  -0.065    3.679  -10.000       84.4911     3003.3711
18 163  35.547  48518.234 177.597  -0.065    3.663  -10.000       84.4933     3003.4492
18 163  35.547  48518.246 177.715  -0.056    3.670  -10.000       84.4937     3003.4609
18 163  35.547  48518.320 178.467  -0.060    3.652  -10.000       84.4957     3003.5352
18 163  35.547  48555.395 193.939   0.000    3.537  -10.000       85.5387     3040.6094
18 163  35.547  48555.406 194.057  -0.002    3.534  -10.000       85.5390     3040.6211
18 163  35.547  48572.012   2.230   0.088    4.081  -10.000       86.0062     3057.2266
18 163  35.547  48572.191   4.048   0.073    4.072  -10.000       86.0112     3057.4062
18 163  35.547  48572.203   4.169   0.070    4.069  -10.000       86.0116     3057.4180
18 163  35.547  48606.141 347.871   0.076    4.021  -10.000       86.9663     3091.3555
18 163  35.547  48606.215 348.624   0.076    4.024  -10.000       86.9684     3091.4297
18 163  35.547  48629.230 221.715  -0.033    3.520  -10.000       87.6159     3114.4453
18 163  35.547  48629.242 221.833  -0.033    3.520  -10.000       87.6162     3114.4570
18 163  35.547  48657.930 152.369  -0.141    4.069  -10.000       88.4232     3143.1445
18 163  35.547  48657.945 152.526  -0.145    4.063  -10.000       88.4237     3143.1602
18 163  35.547  48658.020 153.279  -0.136    4.062  -10.000       88.4258     3143.2344
18 163  35.547  48658.031 153.397  -0.141    4.055  -10.000       88.4261     3143.2461
18 163  35.547  48714.621   6.515   0.047    4.054  -10.000       90.0181     3199.8359
18 163  35.547  48714.637   6.671   0.052    4.059  -10.000       90.0185     3199.8516
18 163  35.547  48714.727   7.583   0.054    4.064  -10.000       90.0211     3199.9414
18 163  35.547  48778.867 297.169   0.011    3.799  -10.000       91.8255     3264.0820
18 163  35.547  48778.879 297.287   0.018    3.807  -10.000       91.8258     3264.0938
18 163  35.547  48778.953 298.040   0.009    3.800  -10.000       91.8279     3264.1680
18 163  35.547  48778.969 298.199   0.018    3.810  -10.000       91.8283     3264.1836
18 163  35.547  48951.621 246.745  -0.010    3.622  -10.000       96.6854     3436.8359
18 163  35.547  48951.695 247.497  -0.013    3.621  -10.000       96.6875     3436.9102
18 163  35.547  49017.902 198.012   0.018    3.543  -10.000       98.5500     3503.1172
18 163  35.547  49017.914 198.130   0.033    3.558  -10.000       98.5504     3503.1289
18 163  35.547  49017.992 198.921   0.003    3.527  -10.000       98.5526     3503.2070
18 163  35.547  49018.004 199.039   0.014    3.537  -10.000       98.5529     3503.2188
18 163  35.547  49044.961 112.050  -0.062    4.226  -10.000       99.3112     3530.1758
18 163  35.547  49044.977 112.206  -0.056    4.232  -10.000       99.3117     3530.1914
18 163  35.547  49045.066 113.118  -0.071    4.219  -10.000       99.3142     3530.2812
 1   2  35.547  41647.844  77.338   0.023    6.860  -10.000     -108.7852    -3866.9414
 2   2  35.547  41647.844  77.338  -0.025    5.460  -10.000     -108.7852    -3866.9414
 3   2  35.547  41647.844  77.338  -0.076    3.950  -10.000     -108.7852    -3866.9414
 1   2  35.547  41648.836  87.388  -0.059    6.810  -10.000     -108.7573    -3865.9492
 2   2  35.547  41648.836  87.388  -0.067    5.450  -10.000     -108.7573    -3865.9492
 3   2  35.547  41648.836  87.388  -0.077    3.980  -10.000     -108.7573    -3865.9492
 1   2  35.547  41649.809  97.237  -0.107    6.780  -10.000     -108.7299    -3864.9766
 2   2  35.547  41649.809  97.237  -0.120    5.420  -10.000     -108.7299    -3864.9766
 3   2  35.547  41649.809  97.237  -0.154    3.930  -10.000     -108.7299    -3864.9766
 1   2  35.547  41650.840 107.682  -0.132    6.770  -10.000     -108.7009    -3863.9453
 2   2  35.547  41650.840 107.682  -0.121    5.440  -10.000     -108.7009    -3863.9453
 3   2  35.547  41650.840 107.682  -0.131    3.980  -10.000     -108.7009    -3863.9453
 1   2  35.547  41651.852 117.927  -0.186    6.720  -10.000     -108.6724    -3862.9336
 2   2  35.547  41651.852 117.927  -0.136    5.440  -10.000     -108.6724    -3862.9336
 3   2  35.547  41651.852 117.927  -0.142    3.990  -10.000     -108.6724    -3862.9336
 1   2  35.547  41652.844 127.977  -0.249    6.650  -10.000     -108.6445    -3861.9414
 2   2  35.547  41652.844 127.977  -0.183    5.400  -10.000     -108.6445    -3861.9414
 3   2  35.547  41652.844 127.977  -0.181    3.970  -10.000     -108.6445    -3861.9414
 1   2  35.547  41654.855 148.351  -0.339    6.340  -10.000     -108.5879    -3859.9297
 2   2  35.547  41654.855 148.351  -0.211    5.240  -10.000     -108.5879    -3859.9297
 3   2  35.547  41654.855 148.351  -0.187    3.900  -10.000     -108.5879    -3859.9297
 1   2  35.547  41655.852 158.439  -0.322    6.030  -10.000     -108.5599    -3858.9336
 2   2  35.547  41655.852 158.439  -0.179    5.050  -10.000     -108.5599    -3858.9336
 3   2  35.547  41655.852 158.439  -0.155    3.790  -10.000     -108.5599    -3858.9336
 1   2  35.547  41658.852 188.822   0.075    5.270  -10.000     -108.4755    -3855.9336
 2   2  35.547  41658.852 188.822   0.117    4.530  -10.000     -108.4755    -3855.9336
 3   2  35.547  41658.852 188.822   0.021    3.410  -10.000     -108.4755    -3855.9336
 1   2  35.547  41760.688 140.169  -0.339    6.490  -10.000     -105.6106    -3754.0977
 2   2  35.547  41760.688 140.169  -0.229    5.320  -10.000     -105.6106    -3754.0977
 3   2  35.547  41760.688 140.169  -0.155    3.990  -10.000     -105.6106    -3754.0977
 1   2  35.547  41761.660 150.021  -0.285    6.350  -10.000     -105.5833    -3753.1250
 2   2  35.547  41761.660 150.021  -0.162    5.260  -10.000     -105.5833    -3753.1250
 3   2  35.547  41761.660 150.021  -0.089    3.980  -10.000     -105.5833    -3753.1250
 1   2  35.547  41762.684 160.387  -0.205    6.070  -10.000     -105.5545    -3752.1016
 2   2  35.547  41762.684 160.387  -0.116    5.060  -10.000     -105.5545    -3752.1016
 3   2  35.547  41762.684 160.387  -0.060    3.850  -10.000     -105.5545    -3752.1016
 1   2  35.547  41763.617 169.840  -0.147    5.710  -10.000     -105.5282    -3751.1680
 2   2  35.547  41763.617 169.840  -0.015    4.870  -10.000     -105.5282    -3751.1680
 3   2  35.547  41763.617 169.840   0.004    3.720  -10.000     -105.5282    -3751.1680
 1   2  35.547  41764.664 180.442  -0.003    5.400  -10.000     -105.4988    -3750.1211
 2   2  35.547  41764.664 180.442   0.056    4.620  -10.000     -105.4988    -3750.1211
 3   2  35.547  41764.664 180.442   0.043    3.540  -10.000     -105.4988    -3750.1211
 1   2  35.547  41765.707 191.006   0.072    5.240  -10.000     -105.4694    -3749.0781
 2   2  35.547  41765.707 191.006   0.078    4.470  -10.000     -105.4694    -3749.0781
 3   2  35.547  41765.707 191.006   0.067    3.440  -10.000     -105.4694    -3749.0781
 1   2  35.547  41766.699 201.055   0.039    5.180  -10.000     -105.4415    -3748.0859
 2   2  35.547  41766.699 201.055   0.058    4.420  -10.000     -105.4415    -3748.0859
 3   2  35.547  41766.699 201.055   0.049    3.390  -10.000     -105.4415    -3748.0859
 1   2  35.547  41767.719 211.380   0.005    5.210  -10.000     -105.4128    -3747.0664
 2   2  35.547  41767.719 211.380   0.025    4.420  -10.000     -105.4128    -3747.0664
 3   2  35.547  41767.719 211.380   0.040    3.390  -10.000     -105.4128    -3747.0664
 1   2  35.547  41768.719 221.506  -0.025    5.280  -10.000     -105.3847    -3746.0664
 2   2  35.547  41768.719 221.506   0.008    4.460  -10.000     -105.3847    -3746.0664
 3   2  35.547  41768.719 221.506   0.036    3.410  -10.000     -105.3847    -3746.0664
 1   2  35.547  41769.703 231.476  -0.020    5.400  -10.000     -105.3570    -3745.0820
 2   2  35.547  41769.703 231.476   0.009    4.530  -10.000     -105.3570    -3745.0820
 3   2  35.547  41769.703 231.476   0.032    3.440  -10.000     -105.3570    -3745.0820
 1   2  35.547  41770.742 241.999   0.005    5.540  -10.000     -105.3278    -3744.0430
 2   2  35.547  41770.742 241.999   0.020    4.610  -10.000     -105.3278    -3744.0430
 3   2  35.547  41770.742 241.999   0.039    3.480  -10.000     -105.3278    -3744.0430
 1   2  35.547  41771.711 251.809   0.084    5.720  -10.000     -105.3005    -3743.0742
 2   2  35.547  41771.711 251.809   0.050    4.700  -10.000     -105.3005    -3743.0742
 3   2  35.547  41771.711 251.809   0.069    3.540  -10.000     -105.3005    -3743.0742
 1   2  35.547  41772.719 262.018  -0.018    5.720  -10.000     -105.2722    -3742.0664
 2   2  35.547  41772.719 262.018  -0.003    4.710  -10.000     -105.2722    -3742.0664
 3   2  35.547  41772.719 262.018   0.007    3.510  -10.000     -105.2722    -3742.0664
 1   2  35.547  41773.719 272.145  -0.014    5.830  -10.000     -105.2440    -3741.0664
 2   2  35.547  41773.719 272.145  -0.010    4.770  -10.000     -105.2440    -3741.0664
 3   2  35.547  41773.719 272.145   0.000    3.540  -10.000     -105.2440    -3741.0664
 1   2  35.547  41774.656 281.640   0.006    5.940  -10.000     -105.2177    -3740.1289
 2   2  35.547  41774.656 281.640   0.014    4.850  -10.000     -105.2177    -3740.1289
 3   2  35.547  41774.656 281.640   0.010    3.580  -10.000     -105.2177    -3740.1289
 0 128  35.547  35642.184  94.691  -0.246   17.900  -10.000     -277.7370    -9872.6016
 0 128  35.547  35647.176 145.239   0.630   19.900  -10.000     -277.5966    -9867.6094
 0 128  35.547  35653.180 206.049   3.990  -10.000  -10.000     -277.4276    -9861.6055
 0 128  35.547  35656.176 236.393  -0.721  -16.500  -10.000     -277.3434    -9858.6094
 0 128  35.547  39198.379 110.248   1.006   18.500  -10.000     -177.6938    -6316.4062
 0 128  35.547  39225.348  23.379   4.375   10.500  -10.000     -176.9351    -6289.4375
 0 128  35.547  39262.176  36.354  -3.172    5.300  -10.000     -175.8990    -6252.6094
 0 128  35.547  39267.191  87.149  -0.559   15.200  -10.000     -175.7579    -6247.5938
 6  36  35.547  46575.359 301.023   0.020    1.656  -10.000       29.8362     1060.5742
 7  36  35.547  46575.359 301.023   0.016    1.088  -10.000       29.8362     1060.5742
 8  36  35.547  46575.359 301.023   0.019    0.973  -10.000       29.8362     1060.5742
 6  36  35.547  46576.305 310.597   0.019    1.659  -10.000       29.8628     1061.5195
 7  36  35.547  46576.305 310.597   0.018    1.088  -10.000       29.8628     1061.5195
 8  36  35.547  46576.305 310.597   0.021    0.971  -10.000       29.8628     1061.5195
 6  36  35.547  46597.219 162.405  -0.054    1.904  -10.000       30.4511     1082.4336
 7  36  35.547  46597.219 162.405  -0.032    1.383  -10.000       30.4511     1082.4336
 8  36  35.547  46597.219 162.405  -0.016    1.286  -10.000       30.4511     1082.4336
 6  36  35.547  46601.246 203.193  -0.010    1.694  -10.000       30.5644     1086.4609
 7  36  35.547  46601.246 203.193   0.010    1.242  -10.000       30.5644     1086.4609
 8  36  35.547  46601.246 203.193  -0.007    1.129  -10.000       30.5644     1086.4609
 6  36  35.547  46603.262 223.606  -0.007    1.662  -10.000       30.6211     1088.4766
 7  36  35.547  46603.262 223.606   0.008    1.185  -10.000       30.6211     1088.4766
 8  36  35.547  46603.262 223.606  -0.008    1.069  -10.000       30.6211     1088.4766
 6  36  35.547  46607.258 264.077   0.012    1.648  -10.000       30.7335     1092.4727
 7  36  35.547  46607.258 264.077   0.015    1.118  -10.000       30.7335     1092.4727
 8  36  35.547  46607.258 264.077   0.020    1.012  -10.000       30.7335     1092.4727
 6  36  35.547  46609.250 284.253   0.002    1.635  -10.000       30.7896     1094.4648
 7  36  35.547  46609.250 284.253  -0.001    1.081  -10.000       30.7896     1094.4648
 8  36  35.547  46609.250 284.253   0.009    0.975  -10.000       30.7896     1094.4648
 6  36  35.547  46610.266 294.539   0.008    1.642  -10.000       30.8182     1095.4805
 7  36  35.547  46610.266 294.539   0.022    1.097  -10.000       30.8182     1095.4805
 8  36  35.547  46610.266 294.539   0.032    0.990  -10.000       30.8182     1095.4805
 6  36  35.547  46611.230 304.310   0.025    1.662  -10.000       30.8453     1096.4453
 7  36  35.547  46611.230 304.310   0.028    1.099  -10.000       30.8453     1096.4453
 8  36  35.547  46611.230 304.310   0.026    0.978  -10.000       30.8453     1096.4453
 6  36  35.547  46740.633 174.839  -0.044    1.812  -10.000       34.4857     1225.8477
 7  36  35.547  46740.633 174.839  -0.013    1.341  -10.000       34.4857     1225.8477
 8  36  35.547  46740.633 174.839  -0.031    1.220  -10.000       34.4857     1225.8477
 6  36  35.547  46741.617 184.809  -0.021    1.755  -10.000       34.5134     1226.8320
 7  36  35.547  46741.617 184.809  -0.010    1.289  -10.000       34.5134     1226.8320
 8  36  35.547  46741.617 184.809  -0.019    1.183  -10.000       34.5134     1226.8320
 6  36  35.547  46758.566 356.462   0.048    1.736  -10.000       34.9902     1243.7812
 7  36  35.547  46758.566 356.462   0.041    1.133  -10.000       34.9902     1243.7812
 8  36  35.547  46758.566 356.462   0.041    1.007  -10.000       34.9902     1243.7812
 6  36  35.547  46782.559 239.446  -0.001    1.652  -10.000       35.6651     1267.7734
 7  36  35.547  46782.559 239.446   0.013    1.157  -10.000       35.6651     1267.7734
 8  36  35.547  46782.559 239.446  -0.006    1.033  -10.000       35.6651     1267.7734
 6  36  35.547  46803.520  91.728  -0.014    1.879  -10.000       36.2548     1288.7344
 7  36  35.547  46803.520  91.728  -0.002    1.280  -10.000       36.2548     1288.7344
 8  36  35.547  46803.520  91.728  -0.002    1.150  -10.000       36.2548     1288.7344
 6  36  35.547  46834.414  44.614   0.054    1.828  -10.000       37.1239     1319.6289
 7  36  35.547  46834.414  44.614   0.039    1.202  -10.000       37.1239     1319.6289
 8  36  35.547  46834.414  44.614   0.043    1.077  -10.000       37.1239     1319.6289
 6  36  35.547  46862.547 329.531   0.028    1.682  -10.000       37.9154     1347.7617
 7  36  35.547  46862.547 329.531   0.026    1.099  -10.000       37.9154     1347.7617
 8  36  35.547  46862.547 329.531   0.035    0.985  -10.000       37.9154     1347.7617
 6  36  35.547  46863.547 339.659   0.036    1.702  -10.000       37.9435     1348.7617
 7  36  35.547  46863.547 339.659   0.029    1.108  -10.000       37.9435     1348.7617
 8  36  35.547  46863.547 339.659   0.028    0.983  -10.000       37.9435     1348.7617
 6  36  35.547  46880.262 148.939  -0.089    1.938  -10.000       38.4137     1365.4766
 7  36  35.547  46880.262 148.939  -0.051    1.396  -10.000       38.4137     1365.4766
 8  36  35.547  46880.262 148.939  -0.051    1.274  -10.000       38.4137     1365.4766
 6  36  35.547  46881.504 161.520  -0.066    1.899  -10.000       38.4487     1366.7188
 7  36  35.547  46881.504 161.520  -0.021    1.398  -10.000       38.4487     1366.7188
 8  36  35.547  46881.504 161.520  -0.030    1.275  -10.000       38.4487     1366.7188
 6  36  35.547  46886.492 212.039  -0.023    1.664  -10.000       38.5890     1371.7070
 7  36  35.547  46886.492 212.039   0.002    1.210  -10.000       38.5890     1371.7070
 8  36  35.547  46886.492 212.039  -0.012    1.098  -10.000       38.5890     1371.7070
 6  36  35.547  46898.355 332.184   0.018    1.675  -10.000       38.9227     1383.5703
 7  36  35.547  46898.355 332.184   0.012    1.086  -10.000       38.9227     1383.5703
 8  36  35.547  46898.355 332.184   0.027    0.978  -10.000       38.9227     1383.5703
 6  36  35.547  46899.340 342.154   0.029    1.698  -10.000       38.9504     1384.5547
 7  36  35.547  46899.340 342.154   0.019    1.099  -10.000       38.9504     1384.5547
 8  36  35.547  46899.340 342.154   0.018    0.974  -10.000       38.9504     1384.5547
 6  36  35.547  46914.316 133.830  -0.062    1.964  -10.000       39.3717     1399.5312
 7  36  35.547  46914.316 133.830  -0.032    1.394  -10.000       39.3717     1399.5312
 8  36  35.547  46914.316 133.830  -0.032    1.267  -10.000       39.3717     1399.5312
 6  36  35.547  46915.395 144.748  -0.068    1.966  -10.000       39.4021     1400.6094
 7  36  35.547  46915.395 144.748  -0.044    1.403  -10.000       39.4021     1400.6094
 8  36  35.547  46915.395 144.748  -0.049    1.274  -10.000       39.4021     1400.6094
 6  36  35.547  46967.254 309.957  -0.002    1.637  -10.000       40.8610     1452.4688
 7  36  35.547  46967.254 309.957   0.001    1.071  -10.000       40.8610     1452.4688
 8  36  35.547  46967.254 309.957  -0.004    0.946  -10.000       40.8610     1452.4688
 6  36  35.547  46972.285   0.912   0.032    1.726  -10.000       41.0025     1457.5000
 7  36  35.547  46972.285   0.912   0.033    1.129  -10.000       41.0025     1457.5000
 8  36  35.547  46972.285   0.912   0.041    1.010  -10.000       41.0025     1457.5000
 6  36  35.547  46978.262  61.440   0.054    1.863  -10.000       41.1707     1463.4766
 7  36  35.547  46978.262  61.440   0.046    1.243  -10.000       41.1707     1463.4766
 8  36  35.547  46978.262  61.440   0.043    1.110  -10.000       41.1707     1463.4766
 6  36  35.547  46981.246  91.663   0.014    1.907  -10.000       41.2546     1466.4609
 7  36  35.547  46981.246  91.663   0.036    1.318  -10.000       41.2546     1466.4609
 8  36  35.547  46981.246  91.663   0.040    1.192  -10.000       41.2546     1466.4609
 6  36  35.547  46982.238 101.711   0.006    1.932  -10.000       41.2825     1467.4531
 7  36  35.547  46982.238 101.711   0.017    1.334  -10.000       41.2825     1467.4531
 8  36  35.547  46982.238 101.711   0.020    1.207  -10.000       41.2825     1467.4531
 6  36  35.547  46983.238 111.839  -0.021    1.936  -10.000       41.3107     1468.4531
 7  36  35.547  46983.238 111.839   0.003    1.352  -10.000       41.3107     1468.4531
 8  36  35.547  46983.238 111.839   0.009    1.229  -10.000       41.3107     1468.4531
 6  36  35.547  46985.207 131.778  -0.059    1.961  -10.000       41.3661     1470.4219
 7  36  35.547  46985.207 131.778  -0.021    1.398  -10.000       41.3661     1470.4219
 8  36  35.547  46985.207 131.778  -0.010    1.282  -10.000       41.3661     1470.4219
 0 170  35.547  48373.539 152.188  -2.652   16.550    0.340       80.4227     2858.7539
 0 170  35.547  49392.746  34.261   2.644   10.590    0.280      109.0952     3877.9609
 0 170  35.547  50497.797  65.726   2.185   14.330    0.270      140.1826     4983.0117
 0 170  35.547  50499.848  86.495   0.293   15.900    0.290      140.2403     4985.0625
 0 170  35.547  50505.527 144.014  -0.706   18.380    0.290      140.4000     4990.7422
 0 170  35.547  50526.730 358.753   2.469    3.320    0.270      140.9965     5011.9453
 0 170  35.547  50527.719   8.762   0.101    4.880    0.270      141.0243     5012.9336
 0 170  35.547  50528.746  19.166   1.683    6.600    0.280      141.0532     5013.9609
 0 170  35.547  50530.695  38.903   1.058   10.200    0.270      141.1081     5015.9102
 0 170  35.547  50531.664  48.719   2.069   11.820    0.270      141.1353     5016.8789
 0 170  35.547  50532.699  59.200   1.248   12.930    0.270      141.1644     5017.9141
 0 170  35.547  50533.602  68.340   1.682   14.250    0.270      141.1898     5018.8164
 0 170  35.547  50534.605  78.508   0.088   15.430    0.280      141.2181     5019.8203
 0 170  35.547  50535.605  88.632   0.026   16.230    0.280      141.2462     5020.8203
 0 170  35.547  50536.594  98.641  -0.876   17.190    0.280      141.2740     5021.8086
 0 170  35.547  50796.734 213.228   0.618  -16.260    0.320      148.5923     5281.9492
 0 170  35.547  50797.660 222.605   0.696  -15.520    0.320      148.6183     5282.8750
 0 170  35.547  50800.766 254.059  -0.259  -14.170    0.290      148.7057     5285.9805
 0 170  35.547  50802.797 274.631  -0.865  -11.770    0.280      148.7629     5288.0117
33 177  35.547  53960.984 219.348   0.071    1.020    0.028      237.6093     8446.1992
34 177  35.547  53960.984 219.348   0.024    1.020    0.049      237.6093     8446.1992
35 177  35.547  53960.984 219.348   0.049    1.003    0.048      237.6093     8446.1992
36 177  35.547  53960.984 219.348   0.016    0.927    0.033      237.6093     8446.1992
 0  10  35.547  39870.480  76.992  -1.382   13.800  -10.000     -158.7861    -5644.3047
 0  10  35.547  39898.363 359.379  -2.872   -1.800  -10.000     -158.0017    -5616.4219
 0  10  35.547  39966.352 327.936  -1.975   -3.300  -10.000     -156.0891    -5548.4336
 0  10  35.547  40321.289 322.586  -0.190   -3.800  -10.000     -146.1039    -5193.4961
 0  10  35.547  40323.215 342.087  -3.496   -4.000  -10.000     -146.0498    -5191.5703
 0  10  35.547  40324.211 352.172  -2.656   -1.800  -10.000     -146.0217    -5190.5742
 0  10  35.547  40332.215  73.235  -0.269   13.900  -10.000     -145.7966    -5182.5703
 0  10  35.547  40350.211 255.493  -2.836  -16.400  -10.000     -145.2903    -5164.5742
 0  10  35.547  40353.254 286.309  -3.714  -12.300  -10.000     -145.2047    -5161.5312
 0  10  35.547  40359.199 346.520   4.253    5.200  -10.000     -145.0374    -5155.5859
 0  10  35.547  40396.172   0.961  -0.176    1.600  -10.000     -143.9973    -5118.6133
 0  10  35.547  40621.480 122.789  -0.436   18.900  -10.000     -137.6589    -4893.3047
 0  10  35.547  40632.422 233.597  -3.267  -19.500  -10.000     -137.3511    -4882.3633
 0  10  35.547  40636.395 273.829  -3.628  -14.500  -10.000     -137.2394    -4878.3906
 0  10  35.547  40651.309  64.874   2.322   14.400  -10.000     -136.8198    -4863.4766
 0  10  35.547  40717.254  12.739  -0.681    3.900  -10.000     -134.9646    -4797.5312
 0  10  35.547  40719.281  33.272   0.663    8.400  -10.000     -134.9076    -4795.5039
