 2  79  15.088  45648.320 220.460  -0.112   11.779  -10.000        7.6124      114.8594
 3  79  15.088  45648.320 220.460  -0.100   10.405  -10.000        7.6124      114.8594
 4  79  15.088  45648.320 220.460  -0.082    9.511  -10.000        7.6124      114.8594
 2  79  15.088  45649.328 244.506   0.048   12.163  -10.000        7.6792      115.8672
 3  79  15.088  45649.328 244.506   0.044   10.671  -10.000        7.6792      115.8672
 4  79  15.088  45649.328 244.506   0.007    9.681  -10.000        7.6792      115.8672
 2  79  15.088  45660.273 145.653   0.057   12.917  -10.000        8.4046      126.8125
 3  79  15.088  45660.273 145.653   0.020   11.213  -10.000        8.4046      126.8125
 4  79  15.088  45660.273 145.653  -0.027   10.138  -10.000        8.4046      126.8125
 2  79  15.088  45665.293 265.415   0.056   12.356  -10.000        8.7373      131.8320
 3  79  15.088  45665.293 265.415   0.039   10.766  -10.000        8.7373      131.8320
 4  79  15.088  45665.293 265.415   0.025    9.763  -10.000        8.7373      131.8320
 2  79  15.088  45666.215 287.410   0.063   12.525  -10.000        8.7984      132.7539
 3  79  15.088  45666.215 287.410   0.037   10.852  -10.000        8.7984      132.7539
 4  79  15.088  45666.215 287.410   0.017    9.812  -10.000        8.7984      132.7539
 2  79  15.088  45668.230 335.502   0.029   12.832  -10.000        8.9319      134.7695
 3  79  15.088  45668.230 335.502   0.006   11.031  -10.000        8.9319      134.7695
 4  79  15.088  45668.230 335.502   0.007    9.958  -10.000        8.9319      134.7695
 2  79  15.088  45674.238 118.844   0.024   13.207  -10.000        9.3301      140.7773
 3  79  15.088  45674.238 118.844  -0.004   11.377  -10.000        9.3301      140.7773
 4  79  15.088  45674.238 118.844  -0.001   10.296  -10.000        9.3301      140.7773
 2  79  15.088  45676.234 166.469  -0.015   12.815  -10.000        9.4624      142.7734
 3  79  15.088  45676.234 166.469  -0.061   11.122  -10.000        9.4624      142.7734
 4  79  15.088  45676.234 166.469  -0.083   10.081  -10.000        9.4624      142.7734
 2  79  15.088  45677.191 189.303   0.064   12.328  -10.000        9.5258      143.7305
 3  79  15.088  45677.191 189.303   0.002   10.790  -10.000        9.5258      143.7305
 4  79  15.088  45677.191 189.303  -0.029    9.810  -10.000        9.5258      143.7305
 2  79  15.088  45679.188 236.928   0.020   12.058  -10.000        9.6581      145.7266
 3  79  15.088  45679.188 236.928  -0.017   10.568  -10.000        9.6581      145.7266
 4  79  15.088  45679.188 236.928  -0.026    9.620  -10.000        9.6581      145.7266
 2  79  15.088  45683.207 332.831   0.103   12.888  -10.000        9.9245      149.7461
 3  79  15.088  45683.207 332.831   0.036   11.049  -10.000        9.9245      149.7461
 4  79  15.088  45683.207 332.831   0.004    9.946  -10.000        9.9245      149.7461
 3  79  15.088  45688.156  90.916  -0.011   11.470  -10.000       10.2525      154.6953
 4  79  15.088  45688.156  90.916   0.016   10.371  -10.000       10.2525      154.6953
 2  79  15.088  45689.203 115.894  -0.064   13.153  -10.000       10.3219      155.7422
 3  79  15.088  45689.203 115.894  -0.025   11.375  -10.000       10.3219      155.7422
 4  79  15.088  45689.203 115.894  -0.052   10.257  -10.000       10.3219      155.7422
 1  79  15.088  45691.164 162.680  -0.063   14.051  -10.000       10.4519      157.7031
 2  79  15.088  45691.164 162.680  -0.011   12.824  -10.000       10.4519      157.7031
 3  79  15.088  45691.164 162.680  -0.045   11.141  -10.000       10.4519      157.7031
 4  79  15.088  45691.164 162.680  -0.060   10.105  -10.000       10.4519      157.7031
 1  79  15.088  45694.145 233.792   0.086   13.100  -10.000       10.6494      160.6836
 2  79  15.088  45694.145 233.792  -0.017   11.992  -10.000       10.6494      160.6836
 3  79  15.088  45694.145 233.792  -0.023   10.546  -10.000       10.6494      160.6836
 4  79  15.088  45694.145 233.792  -0.035    9.601  -10.000       10.6494      160.6836
 1  79  15.088  45695.148 257.744   0.095   13.480  -10.000       10.7160      161.6875
 2  79  15.088  45695.148 257.744   0.040   12.282  -10.000       10.7160      161.6875
 3  79  15.088  45695.148 257.744   0.025   10.722  -10.000       10.7160      161.6875
 4  79  15.088  45695.148 257.744   0.012    9.731  -10.000       10.7160      161.6875
 1  79  15.088  45701.152  40.993  -0.030   14.830  -10.000       11.1139      167.6914
 2  79  15.088  45701.152  40.993   0.004   13.253  -10.000       11.1139      167.6914
 3  79  15.088  45701.152  40.993   0.025   11.371  -10.000       11.1139      167.6914
 4  79  15.088  45701.152  40.993   0.023   10.243  -10.000       11.1139      167.6914
 1  79  15.088  45706.109 159.264  -0.032   14.080  -10.000       11.4424      172.6484
 2  79  15.088  45706.109 159.264  -0.007   12.827  -10.000       11.4424      172.6484
 3  79  15.088  45706.109 159.264  -0.039   11.145  -10.000       11.4424      172.6484
 4  79  15.088  45706.109 159.264  -0.055   10.108  -10.000       11.4424      172.6484
 1  79  15.088  45707.109 183.124   0.024   13.673  -10.000       11.5087      173.6484
 2  79  15.088  45707.109 183.124   0.005   12.509  -10.000       11.5087      173.6484
 3  79  15.088  45707.109 183.124  -0.022   10.935  -10.000       11.5087      173.6484
 4  79  15.088  45707.109 183.124  -0.038    9.941  -10.000       11.5087      173.6484
 2  79  15.088  47399.457 241.290   0.024   12.106  -10.000      123.6702     1865.9961
 3  79  15.088  47399.457 241.290   0.021   10.630  -10.000      123.6702     1865.9961
 4  79  15.088  47399.457 241.290   0.019    9.681  -10.000      123.6702     1865.9961
 2  79  15.088  47400.352 262.634   0.004   12.284  -10.000      123.7295     1866.8906
 3  79  15.088  47400.352 262.634  -0.007   10.710  -10.000      123.7295     1866.8906
 4  79  15.088  47400.352 262.634   0.023    9.755  -10.000      123.7295     1866.8906
 2  79  15.088  47401.336 286.120  -0.019   12.435  -10.000      123.7948     1867.8750
 3  79  15.088  47401.336 286.120  -0.001   10.810  -10.000      123.7948     1867.8750
 4  79  15.088  47401.336 286.120   0.021    9.814  -10.000      123.7948     1867.8750
 2  79  15.088  47402.332 309.886   0.011   12.631  -10.000      123.8608     1868.8711
 3  79  15.088  47402.332 309.886   0.025   10.933  -10.000      123.8608     1868.8711
 4  79  15.088  47402.332 309.886   0.034    9.895  -10.000      123.8608     1868.8711
 2  79  15.088  47403.363 334.490   0.016   12.812  -10.000      123.9291     1869.9023
 3  79  15.088  47403.363 334.490   0.000   11.021  -10.000      123.9291     1869.9023
 4  79  15.088  47403.363 334.490   0.031    9.978  -10.000      123.9291     1869.9023
 2  79  15.088  47404.367 358.443   0.005   12.965  -10.000      123.9957     1870.9062
 3  79  15.088  47404.367 358.443   0.025   11.157  -10.000      123.9957     1870.9062
 4  79  15.088  47404.367 358.443   0.041   10.079  -10.000      123.9957     1870.9062
 2  79  15.088  47408.328  92.947  -0.110   13.270  -10.000      124.2582     1874.8672
 3  79  15.088  47408.328  92.947  -0.070   11.411  -10.000      124.2582     1874.8672
 4  79  15.088  47408.328  92.947  -0.022   10.334  -10.000      124.2582     1874.8672
 2  79  15.088  47409.320 116.620  -0.087   13.122  -10.000      124.3239     1875.8594
 3  79  15.088  47409.320 116.620  -0.045   11.350  -10.000      124.3239     1875.8594
 4  79  15.088  47409.320 116.620  -0.037   10.269  -10.000      124.3239     1875.8594
 2  79  15.088  47410.344 141.040   0.096   12.994  -10.000      124.3918     1876.8828
 3  79  15.088  47410.344 141.040   0.038   11.252  -10.000      124.3918     1876.8828
 4  79  15.088  47410.344 141.040   0.006   10.184  -10.000      124.3918     1876.8828
 2  79  15.088  47411.344 164.899  -0.045   12.789  -10.000      124.4581     1877.8828
 3  79  15.088  47411.344 164.899  -0.048   11.137  -10.000      124.4581     1877.8828
 4  79  15.088  47411.344 164.899  -0.059   10.106  -10.000      124.4581     1877.8828
 2  79  15.088  47413.309 211.778  -0.055   11.776  -10.000      124.5883     1879.8477
 3  79  15.088  47413.309 211.778  -0.067   10.405  -10.000      124.5883     1879.8477
 4  79  15.088  47413.309 211.778  -0.054    9.518  -10.000      124.5883     1879.8477
 2  79  15.088  47413.422 214.481  -0.093   11.750  -10.000      124.5958     1879.9609
 3  79  15.088  47413.422 214.481  -0.050   10.427  -10.000      124.5958     1879.9609
 4  79  15.088  47413.422 214.481  -0.046    9.529  -10.000      124.5958     1879.9609
 2  79  15.088  47414.309 235.638  -0.032   11.994  -10.000      124.6545     1880.8477
 3  79  15.088  47414.309 235.638  -0.061   10.517  -10.000      124.6545     1880.8477
 4  79  15.088  47414.309 235.638  -0.033    9.608  -10.000      124.6545     1880.8477
 2  79  15.088  47415.285 258.937   0.053   12.305  -10.000      124.7193     1881.8242
 3  79  15.088  47415.285 258.937   0.024   10.726  -10.000      124.7193     1881.8242
 4  79  15.088  47415.285 258.937   0.033    9.756  -10.000      124.7193     1881.8242
 2  79  15.088  47416.281 282.703  -0.001   12.430  -10.000      124.7853     1882.8203
 3  79  15.088  47416.281 282.703   0.021   10.819  -10.000      124.7853     1882.8203
 4  79  15.088  47416.281 282.703   0.030    9.815  -10.000      124.7853     1882.8203
 2  79  15.088  47417.273 306.376   0.013   12.606  -10.000      124.8510     1883.8125
 3  79  15.088  47417.273 306.376   0.011   10.902  -10.000      124.8510     1883.8125
 4  79  15.088  47417.273 306.376   0.032    9.881  -10.000      124.8510     1883.8125
 2  79  15.088  47418.270 330.142  -0.006   12.760  -10.000      124.9171     1884.8086
 3  79  15.088  47418.270 330.142   0.000   11.001  -10.000      124.9171     1884.8086
 4  79  15.088  47418.270 330.142   0.017    9.949  -10.000      124.9171     1884.8086
 2  79  15.088  47419.250 353.535   0.014   12.938  -10.000      124.9820     1885.7891
 3  79  15.088  47419.250 353.535   0.033   11.140  -10.000      124.9820     1885.7891
 4  79  15.088  47419.250 353.535   0.039   10.056  -10.000      124.9820     1885.7891
 2  79  15.088  47420.242  17.207   0.002   13.092  -10.000      125.0478     1886.7812
 3  79  15.088  47420.242  17.207   0.004   11.228  -10.000      125.0478     1886.7812
 4  79  15.088  47420.242  17.207   0.009   10.122  -10.000      125.0478     1886.7812
 2  79  15.088  47421.238  40.974   0.002   13.251  -10.000      125.1138     1887.7773
 3  79  15.088  47421.238  40.974   0.021   11.367  -10.000      125.1138     1887.7773
 4  79  15.088  47421.238  40.974   0.040   10.259  -10.000      125.1138     1887.7773
 2  79  15.088  47422.250  65.113   0.046   13.414  -10.000      125.1809     1888.7891
 3  79  15.088  47422.250  65.113   0.078   11.524  -10.000      125.1809     1888.7891
 4  79  15.088  47422.250  65.113   0.082   10.393  -10.000      125.1809     1888.7891
 2  79  15.088  47423.375  91.956  -0.090   13.292  -10.000      125.2554     1889.9141
 3  79  15.088  47423.375  91.956  -0.049   11.432  -10.000      125.2554     1889.9141
 4  79  15.088  47423.375  91.956  -0.021   10.335  -10.000      125.2554     1889.9141
 2  79  15.088  47424.266 113.206  -0.048   13.198  -10.000      125.3145     1890.8047
 3  79  15.088  47424.266 113.206   0.012   11.427  -10.000      125.3145     1890.8047
 4  79  15.088  47424.266 113.206   0.018   10.337  -10.000      125.3145     1890.8047
 2  79  15.088  47425.285 137.530   0.056   12.994  -10.000      125.3820     1891.8242
 3  79  15.088  47425.285 137.530   0.011   11.248  -10.000      125.3820     1891.8242
 4  79  15.088  47425.285 137.530   0.002   10.196  -10.000      125.3820     1891.8242
 2  79  15.088  47427.324 186.180   0.186   12.574  -10.000      125.5172     1893.8633
 3  79  15.088  47427.324 186.180   0.100   10.975  -10.000      125.5172     1893.8633
 4  79  15.088  47427.324 186.180   0.099   10.010  -10.000      125.5172     1893.8633
 2  79  15.088  47428.254 208.361  -0.046   11.782  -10.000      125.5788     1894.7930
 3  79  15.088  47428.254 208.361  -0.067   10.407  -10.000      125.5788     1894.7930
 4  79  15.088  47428.254 208.361  -0.038    9.538  -10.000      125.5788     1894.7930
 2  79  15.088  47428.410 212.091  -0.054   11.778  -10.000      125.5891     1894.9492
 3  79  15.088  47428.410 212.091  -0.075   10.397  -10.000      125.5891     1894.9492
 4  79  15.088  47428.410 212.091  -0.048    9.524  -10.000      125.5891     1894.9492
 2  79  15.088  47429.254 232.221  -0.039   11.956  -10.000      125.6451     1895.7930
 3  79  15.088  47429.254 232.221  -0.060   10.502  -10.000      125.6451     1895.7930
 4  79  15.088  47429.254 232.221  -0.031    9.600  -10.000      125.6451     1895.7930
 2  79  15.088  47430.238 255.707   0.036   12.260  -10.000      125.7103     1896.7773
 3  79  15.088  47430.238 255.707   0.004   10.691  -10.000      125.7103     1896.7773
 4  79  15.088  47430.238 255.707   0.015    9.728  -10.000      125.7103     1896.7773
 2  79  15.088  47430.441 260.555   0.104   12.369  -10.000      125.7238     1896.9805
 3  79  15.088  47430.441 260.555   0.051   10.760  -10.000      125.7238     1896.9805
 4  79  15.088  47430.441 260.555   0.051    9.778  -10.000      125.7238     1896.9805
 2  79  15.088  47431.289 280.778   0.048   12.465  -10.000      125.7799     1897.8281
 3  79  15.088  47431.289 280.778   0.029   10.820  -10.000      125.7799     1897.8281
 4  79  15.088  47431.289 280.778   0.043    9.823  -10.000      125.7799     1897.8281
 2  79  15.088  47432.277 304.360  -0.015   12.562  -10.000      125.8454     1898.8164
 3  79  15.088  47432.277 304.360   0.019   10.901  -10.000      125.8454     1898.8164
 4  79  15.088  47432.277 304.360   0.023    9.865  -10.000      125.8454     1898.8164
 2  79  15.088  47433.270 328.033  -0.005   12.746  -10.000      125.9112     1899.8086
 3  79  15.088  47433.270 328.033   0.018   11.009  -10.000      125.9112     1899.8086
 4  79  15.088  47433.270 328.033   0.013    9.937  -10.000      125.9112     1899.8086
 2  79  15.088  47434.266 351.799   0.025   12.936  -10.000      125.9772     1900.8047
 3  79  15.088  47434.266 351.799   0.005   11.104  -10.000      125.9772     1900.8047
 4  79  15.088  47434.266 351.799   0.026   10.036  -10.000      125.9772     1900.8047
 2  79  15.088  49617.297 237.316  -0.102   11.940  -10.000      270.6592     4083.8359
 3  79  15.088  49617.297 237.316  -0.047   10.540  -10.000      270.6592     4083.8359
 4  79  15.088  49617.297 237.316  -0.035    9.612  -10.000      270.6592     4083.8359
 2  79  15.088  49620.434 312.155  -0.055   12.582  -10.000      270.8671     4086.9727
 3  79  15.088  49620.434 312.155  -0.006   10.913  -10.000      270.8671     4086.9727
 4  79  15.088  49620.434 312.155   0.012    9.882  -10.000      270.8671     4086.9727
 2  79  15.088  49622.410 359.308  -0.020   12.946  -10.000      270.9981     4088.9492
 3  79  15.088  49622.410 359.308   0.012   11.149  -10.000      270.9981     4088.9492
 4  79  15.088  49622.410 359.308   0.027   10.068  -10.000      270.9981     4088.9492
 2  79  15.088  49622.465   0.615  -0.006   12.969  -10.000      271.0017     4089.0039
 3  79  15.088  49622.465   0.615   0.012   11.155  -10.000      271.0017     4089.0039
 4  79  15.088  49622.465   0.615   0.015   10.062  -10.000      271.0017     4089.0039
 2  79  15.088  49623.367  22.148   0.030   13.156  -10.000      271.0615     4089.9062
 3  79  15.088  49623.367  22.148   0.037   11.288  -10.000      271.0615     4089.9062
 4  79  15.088  49623.367  22.148   0.034   10.170  -10.000      271.0615     4089.9062
 2  79  15.088  49623.438  23.818   0.063   13.201  -10.000      271.0662     4089.9766
 3  79  15.088  49623.438  23.818   0.013   11.273  -10.000      271.0662     4089.9766
 4  79  15.088  49623.438  23.818   0.038   10.182  -10.000      271.0662     4089.9766
 3  79  15.088  49624.418  47.219   0.017   11.393  -10.000      271.1312     4090.9570
 4  79  15.088  49624.418  47.219   0.020   10.266  -10.000      271.1312     4090.9570
 2  79  15.088  49624.473  48.527   0.095   13.388  -10.000      271.1348     4091.0117
 3  79  15.088  49624.473  48.527   0.013   11.394  -10.000      271.1348     4091.0117
 4  79  15.088  49624.473  48.527   0.055   10.307  -10.000      271.1348     4091.0117
 2  79  15.088  49625.352  69.489   0.024   13.402  -10.000      271.1930     4091.8906
 3  79  15.088  49625.352  69.489   0.002   11.457  -10.000      271.1930     4091.8906
 4  79  15.088  49625.352  69.489   0.026   10.347  -10.000      271.1930     4091.8906
 2  79  15.088  49625.441  71.631   0.049   13.430  -10.000      271.1990     4091.9805
 3  79  15.088  49625.441  71.631   0.023   11.482  -10.000      271.1990     4091.9805
 4  79  15.088  49625.441  71.631   0.015   10.340  -10.000      271.1990     4091.9805
 2  79  15.088  49625.477  72.477  -0.026   13.356  -10.000      271.2013     4092.0156
 3  79  15.088  49625.477  72.477  -0.007   11.454  -10.000      271.2013     4092.0156
 4  79  15.088  49625.477  72.477   0.025   10.352  -10.000      271.2013     4092.0156
 2  79  15.088  49631.340 212.366   0.051   11.884  -10.000      271.5899     4097.8789
 3  79  15.088  49631.340 212.366   0.012   10.484  -10.000      271.5899     4097.8789
 4  79  15.088  49631.340 212.366   0.015    9.587  -10.000      271.5899     4097.8789
 2  79  15.088  49632.340 236.228  -0.130   11.901  -10.000      271.6562     4098.8789
 3  79  15.088  49632.340 236.228  -0.096   10.485  -10.000      271.6562     4098.8789
 4  79  15.088  49632.340 236.228  -0.053    9.590  -10.000      271.6562     4098.8789
 2  79  15.088  49632.422 238.184  -0.104   11.946  -10.000      271.6616     4098.9609
 3  79  15.088  49632.422 238.184  -0.067   10.524  -10.000      271.6616     4098.9609
 4  79  15.088  49632.422 238.184  -0.044    9.606  -10.000      271.6616     4098.9609
 2  79  15.088  49632.469 239.304  -0.134   11.927  -10.000      271.6647     4099.0078
 3  79  15.088  49632.469 239.304  -0.117   10.481  -10.000      271.6647     4099.0078
 4  79  15.088  49632.469 239.304  -0.073    9.581  -10.000      271.6647     4099.0078
 2  79  15.088  49633.379 261.013   0.004   12.272  -10.000      271.7250     4099.9180
 3  79  15.088  49633.379 261.013   0.027   10.738  -10.000      271.7250     4099.9180
 4  79  15.088  49633.379 261.013   0.019    9.747  -10.000      271.7250     4099.9180
 2  79  15.088  49633.441 262.507  -0.032   12.247  -10.000      271.7292     4099.9805
 3  79  15.088  49633.441 262.507   0.002   10.718  -10.000      271.7292     4099.9805
 4  79  15.088  49633.441 262.507   0.008    9.740  -10.000      271.7292     4099.9805
 2  79  15.088  49634.320 283.480  -0.069   12.367  -10.000      271.7874     4100.8594
 3  79  15.088  49634.320 283.480  -0.021   10.780  -10.000      271.7874     4100.8594
 4  79  15.088  49634.320 283.480   0.002    9.788  -10.000      271.7874     4100.8594
 2  79  15.088  49635.340 307.804   0.018   12.622  -10.000      271.8550     4101.8789
 3  79  15.088  49635.340 307.804   0.009   10.907  -10.000      271.8550     4101.8789
 4  79  15.088  49635.340 307.804   0.026    9.880  -10.000      271.8550     4101.8789
 2  79  15.088  49635.449 310.419  -0.018   12.606  -10.000      271.8623     4101.9883
 3  79  15.088  49635.449 310.419  -0.001   10.910  -10.000      271.8623     4101.9883
 4  79  15.088  49635.449 310.419   0.030    9.893  -10.000      271.8623     4101.9883
 3  79  15.088  49935.438 267.913   0.002   10.738  -10.000      291.7442     4401.9766
 4  79  15.088  49935.438 267.913  -0.026    9.718  -10.000      291.7442     4401.9766
 5  79  15.088  49935.438 267.913  -0.024    8.793  -10.000      291.7442     4401.9766
 3  79  15.088  49936.430 291.588   0.130   10.960  -10.000      291.8100     4402.9688
 4  79  15.088  49936.430 291.588   0.090    9.895  -10.000      291.8100     4402.9688
 5  79  15.088  49936.430 291.588   0.093    8.941  -10.000      291.8100     4402.9688
 3  79  15.088  49942.438  74.927   0.027   11.492  -10.000      292.2081     4408.9766
 5  79  15.088  49942.438  74.927   0.013    9.289  -10.000      292.2081     4408.9766
 3  79  15.088  49943.414  98.229   0.056   11.531  -10.000      292.2729     4409.9531
 5  79  15.088  49943.414  98.229   0.005    9.316  -10.000      292.2729     4409.9531
 3  79  15.088  49944.430 122.465   0.047   11.403  -10.000      292.3402     4410.9688
 5  79  15.088  49944.430 122.465  -0.032    9.243  -10.000      292.3402     4410.9688
 3  79  15.088  49946.434 170.266   0.042   11.209  -10.000      292.4730     4412.9727
 5  79  15.088  49946.434 170.266  -0.042    9.161  -10.000      292.4730     4412.9727
 3  79  15.088  49947.402 193.381   0.321   10.999  -10.000      292.5372     4413.9414
 5  79  15.088  49947.402 193.381   0.171    9.050  -10.000      292.5372     4413.9414
 3  79  15.088  49948.371 216.497  -0.012   10.473  -10.000      292.6014     4414.9102
 5  79  15.088  49948.371 216.497  -0.022    8.711  -10.000      292.6014     4414.9102
 3  79  15.088  49949.375 240.447  -0.031   10.573  -10.000      292.6679     4415.9141
 5  79  15.088  49949.375 240.447  -0.024    8.751  -10.000      292.6679     4415.9141
 2  79  15.088  49950.414 265.243  -0.002   12.297  -10.000      292.7368     4416.9531
 3  79  15.088  49950.414 265.243   0.037   10.763  -10.000      292.7368     4416.9531
 4  79  15.088  49950.414 265.243   0.006    9.744  -10.000      292.7368     4416.9531
 5  79  15.088  49950.414 265.243   0.007    8.822  -10.000      292.7368     4416.9531
 3  79  15.088  49952.410 312.869   0.140   11.062  -10.000      292.8691     4418.9492
 5  79  15.088  49952.410 312.869   0.146    9.038  -10.000      292.8691     4418.9492
 3  79  15.088  49954.395   0.209   0.045   11.186  -10.000      293.0006     4420.9336
 5  79  15.088  49954.395   0.209   0.013    9.036  -10.000      293.0006     4420.9336
 3  79  15.088  49955.359  23.236   0.008   11.264  -10.000      293.0645     4421.8984
 5  79  15.088  49955.359  23.236   0.003    9.104  -10.000      293.0645     4421.8984
 2 150  15.088  50310.398 214.200   0.060   11.902  -10.000      316.5950     4776.9375
 3 150  15.088  50310.398 214.200  -0.025   10.452  -10.000      316.5950     4776.9375
 4 150  15.088  50310.398 214.200  -0.037    9.537  -10.000      316.5950     4776.9375
 2 150  15.088  50311.418 238.524  -0.158   11.896  -10.000      316.6626     4777.9570
 3 150  15.088  50311.418 238.524  -0.089   10.504  -10.000      316.6626     4777.9570
 4 150  15.088  50311.418 238.524  -0.071    9.580  -10.000      316.6626     4777.9570
 2 150  15.088  50312.398 261.925  -0.026   12.249  -10.000      316.7276     4778.9375
 3 150  15.088  50312.398 261.925  -0.008   10.706  -10.000      316.7276     4778.9375
 4 150  15.088  50312.398 261.925  -0.005    9.725  -10.000      316.7276     4778.9375
 2 150  15.088  50314.375 309.078  -0.056   12.558  -10.000      316.8586     4780.9141
 3 150  15.088  50314.375 309.078  -0.007   10.897  -10.000      316.8586     4780.9141
 4 150  15.088  50314.375 309.078  -0.027    9.832  -10.000      316.8586     4780.9141
 2 150  15.088  50315.324 331.732  -0.027   12.750  -10.000      316.9215     4781.8633
 3 150  15.088  50315.324 331.732  -0.019   10.989  -10.000      316.9215     4781.8633
 4 150  15.088  50315.324 331.732  -0.011    9.927  -10.000      316.9215     4781.8633
 2 150  15.088  50316.324 355.583  -0.024   12.915  -10.000      316.9877     4782.8633
 3 150  15.088  50316.324 355.583  -0.017   11.101  -10.000      316.9877     4782.8633
 4 150  15.088  50316.324 355.583  -0.020   10.006  -10.000      316.9877     4782.8633
 2 150  15.088  50317.336  19.731  -0.008   13.100  -10.000      317.0548     4783.8750
 3 150  15.088  50317.336  19.731  -0.037   11.201  -10.000      317.0548     4783.8750
 4 150  15.088  50317.336  19.731  -0.022   10.103  -10.000      317.0548     4783.8750
 2 150  15.088  50318.340  43.682  -0.058   13.208  -10.000      317.1213     4784.8789
 3 150  15.088  50318.340  43.682  -0.038   11.321  -10.000      317.1213     4784.8789
 4 150  15.088  50318.340  43.682  -0.013   10.219  -10.000      317.1213     4784.8789
 2 150  15.088  50319.312  66.885  -0.034   13.339  -10.000      317.1858     4785.8516
 3 150  15.088  50319.312  66.885  -0.030   11.420  -10.000      317.1858     4785.8516
 4 150  15.088  50319.312  66.885  -0.024   10.291  -10.000      317.1858     4785.8516
 2 150  15.088  50320.336  91.307  -0.004   13.380  -10.000      317.2536     4786.8750
 3 150  15.088  50320.336  91.307  -0.020   11.461  -10.000      317.2536     4786.8750
 4 150  15.088  50320.336  91.307  -0.064   10.291  -10.000      317.2536     4786.8750
 2 150  15.088  50321.328 114.983   0.017   13.245  -10.000      317.3194     4787.8672
 3 150  15.088  50321.328 114.983   0.002   11.407  -10.000      317.3194     4787.8672
 4 150  15.088  50321.328 114.983  -0.101   10.212  -10.000      317.3194     4787.8672
 2 150  15.088  50322.332 138.933   0.167   13.088  -10.000      317.3859     4788.8711
 3 150  15.088  50322.332 138.933   0.096   11.323  -10.000      317.3859     4788.8711
 4 150  15.088  50322.332 138.933   0.027   10.214  -10.000      317.3859     4788.8711
 2 150  15.088  50323.320 162.510   0.129   12.964  -10.000      317.4514     4789.8594
 3 150  15.088  50323.320 162.510   0.030   11.216  -10.000      317.4514     4789.8594
 4 150  15.088  50323.320 162.510  -0.028   10.137  -10.000      317.4514     4789.8594
 2 150  15.088  50324.312 186.185   0.306   12.694  -10.000      317.5172     4790.8516
 3 150  15.088  50324.312 186.185   0.179   11.054  -10.000      317.5172     4790.8516
 4 150  15.088  50324.312 186.185   0.127   10.038  -10.000      317.5172     4790.8516
 2 150  15.088  50325.297 209.674   0.209   12.036  -10.000      317.5824     4791.8359
 3 150  15.088  50325.297 209.674   0.091   10.563  -10.000      317.5824     4791.8359
 4 150  15.088  50325.297 209.674   0.070    9.643  -10.000      317.5824     4791.8359
 2 150  15.088  50326.238 232.130  -0.117   11.878  -10.000      317.6448     4792.7773
 3 150  15.088  50326.238 232.130  -0.087   10.475  -10.000      317.6448     4792.7773
 4 150  15.088  50326.238 232.130  -0.061    9.570  -10.000      317.6448     4792.7773
 0 119  15.088  49996.574 286.589   0.944  -72.290    0.530      295.7961     4463.1133
 0 119  15.088  49998.516 332.908  -0.768  -60.720    0.460      295.9247     4465.0547
 0 151  15.088  49996.574 286.589   0.944  -72.290    0.530      295.7961     4463.1133
 0 151  15.088  49998.516 332.908  -0.768  -60.720    0.460      295.9247     4465.0547
 3   9  15.088  44048.910 219.713  -0.121   10.380  -10.000      -98.3897    -1484.5508
14   9  15.088  44048.910 219.713  -0.103   12.240  -10.000      -98.3897    -1484.5508
15   9  15.088  44048.910 219.713  -0.117   10.810  -10.000      -98.3897    -1484.5508
16   9  15.088  44048.910 219.713  -0.108    9.560  -10.000      -98.3897    -1484.5508
17   9  15.088  44048.910 219.713  -0.089    8.610  -10.000      -98.3897    -1484.5508
 3   9  15.088  43717.820 240.156  -0.012   10.590  -10.000     -120.3329    -1815.6406
14   9  15.088  43717.820 240.156   0.047   12.630  -10.000     -120.3329    -1815.6406
15   9  15.088  43717.820 240.156   0.002   11.050  -10.000     -120.3329    -1815.6406
16   9  15.088  43717.820 240.156  -0.012    9.720  -10.000     -120.3329    -1815.6406
17   9  15.088  43717.820 240.156  -0.022    8.710  -10.000     -120.3329    -1815.6406
 3   9  15.088  43869.641 262.474   0.004   10.720  -10.000     -110.2709    -1663.8203
14   9  15.088  43869.641 262.474   0.026   12.880  -10.000     -110.2709    -1663.8203
15   9  15.088  43869.641 262.474   0.016   11.200  -10.000     -110.2709    -1663.8203
16   9  15.088  43869.641 262.474   0.007    9.810  -10.000     -110.2709    -1663.8203
17   9  15.088  43869.641 262.474   0.012    8.780  -10.000     -110.2709    -1663.8203
 3   9  15.088  43990.969 277.276   0.045   10.820  -10.000     -102.2298    -1542.4922
14   9  15.088  43990.969 277.276   0.093   13.090  -10.000     -102.2298    -1542.4922
15   9  15.088  43990.969 277.276   0.055   11.310  -10.000     -102.2298    -1542.4922
16   9  15.088  43990.969 277.276   0.051    9.890  -10.000     -102.2298    -1542.4922
17   9  15.088  43990.969 277.276   0.044    8.830  -10.000     -102.2298    -1542.4922
 3   9  15.088  44051.922 291.572   0.051   10.880  -10.000      -98.1901    -1481.5391
14   9  15.088  44051.922 291.572   0.044   13.170  -10.000      -98.1901    -1481.5391
15   9  15.088  44051.922 291.572   0.050   11.370  -10.000      -98.1901    -1481.5391
16   9  15.088  44051.922 291.572   0.057    9.930  -10.000      -98.1901    -1481.5391
17   9  15.088  44051.922 291.572   0.037    8.840  -10.000      -98.1901    -1481.5391
 3   9  15.088  44052.922 315.431   0.006   10.940  -10.000      -98.1238    -1480.5391
14   9  15.088  44052.922 315.431  -0.002   13.340  -10.000      -98.1238    -1480.5391
15   9  15.088  44052.922 315.431   0.030   11.470  -10.000      -98.1238    -1480.5391
16   9  15.088  44052.922 315.431   0.034    9.980  -10.000      -98.1238    -1480.5391
17   9  15.088  44052.922 315.431   0.028    8.880  -10.000      -98.1238    -1480.5391
 3   9  15.088  43814.801  34.036  -0.030   11.280  -10.000     -113.9055    -1718.6602
14   9  15.088  43814.801  34.036  -0.053   13.940  -10.000     -113.9055    -1718.6602
15   9  15.088  43814.801  34.036  -0.015   11.840  -10.000     -113.9055    -1718.6602
16   9  15.088  43814.801  34.036   0.002   10.250  -10.000     -113.9055    -1718.6602
17   9  15.088  43814.801  34.036   0.018    9.110  -10.000     -113.9055    -1718.6602
 3   9  15.088  43784.820  38.724   0.016   11.350  -10.000     -115.8924    -1748.6406
14   9  15.088  43784.820  38.724   0.012   14.040  -10.000     -115.8924    -1748.6406
15   9  15.088  43784.820  38.724   0.030   11.910  -10.000     -115.8924    -1748.6406
16   9  15.088  43784.820  38.724   0.051   10.320  -10.000     -115.8924    -1748.6406
17   9  15.088  43784.820  38.724   0.039    9.150  -10.000     -115.8924    -1748.6406
 3   9  15.088  43785.828  62.770  -0.059   11.380  -10.000     -115.8256    -1747.6328
14   9  15.088  43785.828  62.770  -0.108   14.060  -10.000     -115.8256    -1747.6328
15   9  15.088  43785.828  62.770  -0.050   11.940  -10.000     -115.8256    -1747.6328
16   9  15.088  43785.828  62.770  -0.024   10.340  -10.000     -115.8256    -1747.6328
17   9  15.088  43785.828  62.770  -0.008    9.190  -10.000     -115.8256    -1747.6328
 3   9  15.088  43787.840 110.770  -0.068   11.360  -10.000     -115.6923    -1745.6211
14   9  15.088  43787.840 110.770  -0.156   13.870  -10.000     -115.6923    -1745.6211
15   9  15.088  43787.840 110.770  -0.071   11.890  -10.000     -115.6923    -1745.6211
16   9  15.088  43787.840 110.770  -0.049   10.340  -10.000     -115.6923    -1745.6211
17   9  15.088  43787.840 110.770  -0.043    9.210  -10.000     -115.6923    -1745.6211
 3   9  15.088  43427.930 163.575  -0.066   11.120  -10.000     -139.5456    -2105.5312
14   9  15.088  43427.930 163.575  -0.075   13.390  -10.000     -139.5456    -2105.5312
15   9  15.088  43427.930 163.575  -0.064   11.610  -10.000     -139.5456    -2105.5312
16   9  15.088  43427.930 163.575  -0.054   10.180  -10.000     -139.5456    -2105.5312
17   9  15.088  43427.930 163.575  -0.078    9.090  -10.000     -139.5456    -2105.5312
 3   9  15.088  43790.781 180.948  -0.029   10.980  -10.000     -115.4974    -1742.6797
14   9  15.088  43790.781 180.948   0.013   13.170  -10.000     -115.4974    -1742.6797
15   9  15.088  43790.781 180.948   0.001   11.480  -10.000     -115.4974    -1742.6797
16   9  15.088  43790.781 180.948  -0.033   10.060  -10.000     -115.4974    -1742.6797
17   9  15.088  43790.781 180.948  -0.056    9.000  -10.000     -115.4974    -1742.6797
 3   9  15.088  43428.781 183.895  -0.027   10.910  -10.000     -139.4892    -2104.6797
14   9  15.088  43428.781 183.895   0.005   13.040  -10.000     -139.4892    -2104.6797
15   9  15.088  43428.781 183.895  -0.019   11.380  -10.000     -139.4892    -2104.6797
16   9  15.088  43428.781 183.895  -0.034   10.000  -10.000     -139.4892    -2104.6797
17   9  15.088  43428.781 183.895  -0.049    8.960  -10.000     -139.4892    -2104.6797
 3   9  15.088  43806.801 203.162  -0.034   10.470  -10.000     -114.4357    -1726.6602
14   9  15.088  43806.801 203.162  -0.009   12.300  -10.000     -114.4357    -1726.6602
15   9  15.088  43806.801 203.162  -0.035   10.890  -10.000     -114.4357    -1726.6602
16   9  15.088  43806.801 203.162  -0.031    9.650  -10.000     -114.4357    -1726.6602
17   9  15.088  43806.801 203.162  -0.030    8.690  -10.000     -114.4357    -1726.6602
