 1  79  15.110  45488.285 345.300   0.033   12.588  -10.000      -13.0408     -197.0508
 2  79  15.110  45488.285 345.300   0.018   11.141  -10.000      -13.0408     -197.0508
 3  79  15.110  45488.285 345.300  -0.011    9.472  -10.000      -13.0408     -197.0508
 4  79  15.110  45488.285 345.300  -0.004    8.582  -10.000      -13.0408     -197.0508
 1  79  15.110  45503.258 342.021  -0.011   12.516  -10.000      -12.0499     -182.0781
 2  79  15.110  45503.258 342.021  -0.006   11.098  -10.000      -12.0499     -182.0781
 3  79  15.110  45503.258 342.021  -0.029    9.441  -10.000      -12.0499     -182.0781
 4  79  15.110  45503.258 342.021  -0.015    8.560  -10.000      -12.0499     -182.0781
 1  79  15.110  45505.250  29.485   0.174   13.116  -10.000      -11.9181     -180.0859
 2  79  15.110  45505.250  29.485   0.026   11.431  -10.000      -11.9181     -180.0859
 3  79  15.110  45505.250  29.485  -0.009    9.674  -10.000      -11.9181     -180.0859
 4  79  15.110  45505.250  29.485   0.007    8.760  -10.000      -11.9181     -180.0859
 1  79  15.110  45508.230 100.494  -0.107   12.988  -10.000      -11.7209     -177.1055
 2  79  15.110  45508.230 100.494   0.049   11.613  -10.000      -11.7209     -177.1055
 3  79  15.110  45508.230 100.494   0.005    9.854  -10.000      -11.7209     -177.1055
 4  79  15.110  45508.230 100.494   0.015    8.935  -10.000      -11.7209     -177.1055
 1  79  15.110  45509.242 124.598  -0.129   12.617  -10.000      -11.6539     -176.0938
 2  79  15.110  45509.242 124.598   0.015   11.361  -10.000      -11.6539     -176.0938
 3  79  15.110  45509.242 124.598   0.006    9.736  -10.000      -11.6539     -176.0938
 4  79  15.110  45509.242 124.598  -0.012    8.831  -10.000      -11.6539     -176.0938
 1  79  15.110  45512.250 196.258   0.019   11.324  -10.000      -11.4548     -173.0859
 2  79  15.110  45512.250 196.258   0.052   10.397  -10.000      -11.4548     -173.0859
 3  79  15.110  45512.250 196.258   0.047    9.113  -10.000      -11.4548     -173.0859
 4  79  15.110  45512.250 196.258   0.029    8.348  -10.000      -11.4548     -173.0859
 1  79  15.110  45648.234 196.062   0.054   11.367  -10.000       -2.4554      -37.1016
 2  79  15.110  45648.234 196.062   0.060   10.410  -10.000       -2.4554      -37.1016
 3  79  15.110  45648.234 196.062   0.054    9.123  -10.000       -2.4554      -37.1016
 4  79  15.110  45648.234 196.062   0.043    8.365  -10.000       -2.4554      -37.1016
 1  79  15.110  45649.250 220.259  -0.038   11.138  -10.000       -2.3882      -36.0859
 2  79  15.110  45649.250 220.259  -0.040   10.195  -10.000       -2.3882      -36.0859
 3  79  15.110  45649.250 220.259  -0.027    8.943  -10.000       -2.3882      -36.0859
 4  79  15.110  45649.250 220.259  -0.040    8.189  -10.000       -2.3882      -36.0859
 2  79  15.110  45658.184  73.100   0.177   11.770  -10.000       -1.7969      -27.1523
 3  79  15.110  45658.184  73.100   0.112    9.953  -10.000       -1.7969      -27.1523
 4  79  15.110  45658.184  73.100   0.139    9.036  -10.000       -1.7969      -27.1523
 2  79  15.110  45660.230 121.867   0.007   11.385  -10.000       -1.6615      -25.1055
 3  79  15.110  45660.230 121.867  -0.029    9.720  -10.000       -1.6615      -25.1055
 4  79  15.110  45660.230 121.867  -0.030    8.826  -10.000       -1.6615      -25.1055
 1  79  15.110  45665.219 240.712  -0.130   11.316  -10.000       -1.3314      -20.1172
 2  79  15.110  45665.219 240.712  -0.067   10.338  -10.000       -1.3314      -20.1172
 3  79  15.110  45665.219 240.712  -0.052    9.011  -10.000       -1.3314      -20.1172
 4  79  15.110  45665.219 240.712  -0.052    8.238  -10.000       -1.3314      -20.1172
 1  79  15.110  45666.168 263.327  -0.078   11.673  -10.000       -1.2685      -19.1680
 2  79  15.110  45666.168 263.327  -0.015   10.581  -10.000       -1.2685      -19.1680
 3  79  15.110  45666.168 263.327  -0.034    9.133  -10.000       -1.2685      -19.1680
 4  79  15.110  45666.168 263.327  -0.049    8.309  -10.000       -1.2685      -19.1680
 2  79  15.110  45668.215 312.093  -0.017   10.899  -10.000       -1.1331      -17.1211
 3  79  15.110  45668.215 312.093  -0.023    9.325  -10.000       -1.1331      -17.1211
 4  79  15.110  45668.215 312.093  -0.027    8.454  -10.000       -1.1331      -17.1211
 2  79  15.110  45674.180  94.204  -0.015   11.573  -10.000       -0.7383      -11.1562
 3  79  15.110  45674.180  94.204  -0.037    9.821  -10.000       -0.7383      -11.1562
 4  79  15.110  45674.180  94.204  -0.032    8.891  -10.000       -0.7383      -11.1562
 2  79  15.110  45675.188 118.215   0.062   11.480  -10.000       -0.6716      -10.1484
 3  79  15.110  45675.188 118.215   0.012    9.784  -10.000       -0.6716      -10.1484
 4  79  15.110  45675.188 118.215  -0.001    8.871  -10.000       -0.6716      -10.1484
 1  79  15.110  45676.172 141.668  -0.052   12.385  -10.000       -0.6065       -9.1641
 2  79  15.110  45676.172 141.668  -0.013   11.132  -10.000       -0.6065       -9.1641
 3  79  15.110  45676.172 141.668  -0.037    9.575  -10.000       -0.6065       -9.1641
 4  79  15.110  45676.172 141.668  -0.056    8.703  -10.000       -0.6065       -9.1641
 1  79  15.110  45679.152 212.677   0.027   11.123  -10.000       -0.4092       -6.1836
 2  79  15.110  45679.152 212.677   0.029   10.214  -10.000       -0.4092       -6.1836
 3  79  15.110  45679.152 212.677   0.010    8.952  -10.000       -0.4092       -6.1836
 4  79  15.110  45679.152 212.677  -0.004    8.207  -10.000       -0.4092       -6.1836
 1  79  15.110  47399.352 156.118  -0.034   12.311  -10.000      113.4337     1714.0156
 2  79  15.110  47399.352 156.118   0.018   11.109  -10.000      113.4337     1714.0156
 3  79  15.110  47399.352 156.118   0.001    9.587  -10.000      113.4337     1714.0156
 4  79  15.110  47399.352 156.118  -0.020    8.725  -10.000      113.4337     1714.0156
 2  79  15.110  47400.289 178.454   0.000   10.928  -10.000      113.4957     1714.9531
 3  79  15.110  47400.289 178.454  -0.009    9.468  -10.000      113.4957     1714.9531
 4  79  15.110  47400.289 178.454  -0.029    8.629  -10.000      113.4957     1714.9531
 1  79  15.110  47401.285 202.184   0.060   11.199  -10.000      113.5616     1715.9492
 2  79  15.110  47401.285 202.184   0.113   10.337  -10.000      113.5616     1715.9492
 3  79  15.110  47401.285 202.184   0.058    9.037  -10.000      113.5616     1715.9492
 4  79  15.110  47401.285 202.184   0.046    8.292  -10.000      113.5616     1715.9492
 2  79  15.110  47402.293 226.198  -0.012   10.273  -10.000      113.6283     1716.9570
 3  79  15.110  47402.293 226.198  -0.007    8.992  -10.000      113.6283     1716.9570
 4  79  15.110  47402.293 226.198  -0.013    8.236  -10.000      113.6283     1716.9570
 2  79  15.110  47403.328 250.859  -0.022   10.477  -10.000      113.6968     1717.9922
 3  79  15.110  47403.328 250.859  -0.033    9.082  -10.000      113.6968     1717.9922
 4  79  15.110  47403.328 250.859  -0.023    8.301  -10.000      113.6968     1717.9922
 2  79  15.110  47404.293 273.845  -0.002   10.664  -10.000      113.7607     1718.9570
 3  79  15.110  47404.293 273.845  -0.014    9.190  -10.000      113.7607     1718.9570
 4  79  15.110  47404.293 273.845   0.014    8.395  -10.000      113.7607     1718.9570
 3  79  15.110  47407.289 345.226  -0.029    9.454  -10.000      113.9590     1721.9531
 4  79  15.110  47407.289 345.226  -0.026    8.560  -10.000      113.9590     1721.9531
 2  79  15.110  47408.297   9.240   0.026   11.302  -10.000      114.0257     1722.9609
 3  79  15.110  47408.297   9.240  -0.015    9.575  -10.000      114.0257     1722.9609
 4  79  15.110  47408.297   9.240   0.000    8.673  -10.000      114.0257     1722.9609
 2  79  15.110  47409.293  32.970   0.052   11.477  -10.000      114.0916     1723.9570
 3  79  15.110  47409.293  32.970   0.043    9.742  -10.000      114.0916     1723.9570
 4  79  15.110  47409.293  32.970   0.040    8.806  -10.000      114.0916     1723.9570
 2  79  15.110  47410.305  57.074   0.055   11.606  -10.000      114.1585     1724.9688
 3  79  15.110  47410.305  57.074   0.030    9.831  -10.000      114.1585     1724.9688
 4  79  15.110  47410.305  57.074   0.022    8.881  -10.000      114.1585     1724.9688
 2  79  15.110  47411.309  80.991   0.045   11.644  -10.000      114.2250     1725.9727
 3  79  15.110  47411.309  80.991   0.028    9.881  -10.000      114.2250     1725.9727
 4  79  15.110  47411.309  80.991   0.026    8.938  -10.000      114.2250     1725.9727
 2  79  15.110  47413.285 128.084   0.038   11.342  -10.000      114.3558     1727.9492
 3  79  15.110  47413.285 128.084   0.009    9.714  -10.000      114.3558     1727.9492
 4  79  15.110  47413.285 128.084  -0.016    8.809  -10.000      114.3558     1727.9492
 2  79  15.110  47414.285 151.908   0.073   11.167  -10.000      114.4220     1728.9492
 3  79  15.110  47414.285 151.908  -0.002    9.584  -10.000      114.4220     1728.9492
 2  79  15.110  47415.262 175.174   0.061   11.061  -10.000      114.4866     1729.9258
 3  79  15.110  47415.262 175.174   0.037    9.564  -10.000      114.4866     1729.9258
 4  79  15.110  47415.262 175.174   0.015    8.715  -10.000      114.4866     1729.9258
 2  79  15.110  47416.262 198.998   0.109   10.388  -10.000      114.5528     1730.9258
 3  79  15.110  47416.262 198.998   0.076    9.094  -10.000      114.5528     1730.9258
 4  79  15.110  47416.262 198.998   0.059    8.339  -10.000      114.5528     1730.9258
 2  79  15.110  47417.250 222.545  -0.018   10.236  -10.000      114.6182     1731.9141
 3  79  15.110  47417.250 222.545  -0.025    8.957  -10.000      114.6182     1731.9141
 4  79  15.110  47417.250 222.545  -0.019    8.218  -10.000      114.6182     1731.9141
 2  79  15.110  47418.250 246.371  -0.031   10.427  -10.000      114.6844     1732.9141
 3  79  15.110  47418.250 246.371  -0.040    9.052  -10.000      114.6844     1732.9141
 4  79  15.110  47418.250 246.371  -0.037    8.273  -10.000      114.6844     1732.9141
 2  79  15.110  47419.227 269.637   0.030   10.667  -10.000      114.7490     1733.8906
 3  79  15.110  47419.227 269.637   0.000    9.188  -10.000      114.7490     1733.8906
 4  79  15.110  47419.227 269.637   0.000    8.370  -10.000      114.7490     1733.8906
 2  79  15.110  47420.227 293.461   0.016   10.808  -10.000      114.8152     1734.8906
 3  79  15.110  47420.227 293.461  -0.016    9.257  -10.000      114.8152     1734.8906
 4  79  15.110  47420.227 293.461  -0.010    8.417  -10.000      114.8152     1734.8906
 2  79  15.110  47421.215 317.008   0.062   11.010  -10.000      114.8806     1735.8789
 3  79  15.110  47421.215 317.008   0.019    9.387  -10.000      114.8806     1735.8789
 4  79  15.110  47421.215 317.008   0.032    8.528  -10.000      114.8806     1735.8789
 2  79  15.110  47422.227 341.112  -0.006   11.093  -10.000      114.9475     1736.8906
 3  79  15.110  47422.227 341.112  -0.042    9.424  -10.000      114.9475     1736.8906
 4  79  15.110  47422.227 341.112  -0.033    8.540  -10.000      114.9475     1736.8906
 2  79  15.110  47423.234   5.122   0.044   11.295  -10.000      115.0142     1737.8984
 3  79  15.110  47423.234   5.122   0.014    9.586  -10.000      115.0142     1737.8984
 4  79  15.110  47423.234   5.122   0.015    8.674  -10.000      115.0142     1737.8984
 2  79  15.110  47424.242  29.133   0.011   11.414  -10.000      115.0809     1738.9062
 3  79  15.110  47424.242  29.133  -0.001    9.681  -10.000      115.0809     1738.9062
 4  79  15.110  47424.242  29.133  -0.012    8.739  -10.000      115.0809     1738.9062
 2  79  15.110  47425.262  53.424   0.060   11.594  -10.000      115.1484     1739.9258
 3  79  15.110  47425.262  53.424   0.035    9.822  -10.000      115.1484     1739.9258
 4  79  15.110  47425.262  53.424   0.039    8.885  -10.000      115.1484     1739.9258
 2  79  15.110  47427.297 101.909   0.106   11.663  -10.000      115.2831     1741.9609
 3  79  15.110  47427.297 101.909   0.061    9.906  -10.000      115.2831     1741.9609
 4  79  15.110  47427.297 101.909   0.069    8.987  -10.000      115.2831     1741.9609
 2  79  15.110  47428.227 124.060   0.017   11.370  -10.000      115.3446     1742.8906
 3  79  15.110  47428.227 124.060  -0.020    9.714  -10.000      115.3446     1742.8906
 4  79  15.110  47428.227 124.060  -0.015    8.831  -10.000      115.3446     1742.8906
 2  79  15.110  47429.230 147.978   0.043   11.148  -10.000      115.4110     1743.8945
 3  79  15.110  47429.230 147.978   0.020    9.610  -10.000      115.4110     1743.8945
 4  79  15.110  47429.230 147.978  -0.007    8.739  -10.000      115.4110     1743.8945
 2  79  15.110  47430.215 171.431   0.082   11.137  -10.000      115.4762     1744.8789
 3  79  15.110  47430.215 171.431   0.020    9.585  -10.000      115.4762     1744.8789
 4  79  15.110  47430.215 171.431   0.005    8.736  -10.000      115.4762     1744.8789
 2  79  15.110  47431.266 196.466   0.092   10.432  -10.000      115.5457     1745.9297
 3  79  15.110  47431.266 196.466   0.055    9.117  -10.000      115.5457     1745.9297
 4  79  15.110  47431.266 196.466   0.033    8.348  -10.000      115.5457     1745.9297
 2  79  15.110  47432.246 219.825  -0.019   10.213  -10.000      115.6106     1746.9102
 3  79  15.110  47432.246 219.825  -0.002    8.966  -10.000      115.6106     1746.9102
 4  79  15.110  47432.246 219.825  -0.012    8.216  -10.000      115.6106     1746.9102
 2  79  15.110  47433.246 243.649  -0.033   10.399  -10.000      115.6768     1747.9102
 3  79  15.110  47433.246 243.649  -0.015    9.063  -10.000      115.6768     1747.9102
 4  79  15.110  47433.246 243.649  -0.026    8.274  -10.000      115.6768     1747.9102
 2  79  15.110  47434.246 267.473  -0.008   10.615  -10.000      115.7430     1748.9102
 3  79  15.110  47434.246 267.473  -0.033    9.147  -10.000      115.7430     1748.9102
 4  79  15.110  47434.246 267.473  -0.031    8.335  -10.000      115.7430     1748.9102
 3  79  15.110  49934.395  73.070   0.038    9.879  -10.000      281.2030     4249.0586
 4  79  15.110  49934.395  73.070  -0.039    8.858  -10.000      281.2030     4249.0586
 5  79  15.110  49934.395  73.070   0.053    8.072  -10.000      281.2030     4249.0586
 3  79  15.110  49935.391  96.801  -0.027    9.828  -10.000      281.2689     4250.0547
 4  79  15.110  49935.391  96.801  -0.102    8.821  -10.000      281.2689     4250.0547
 5  79  15.110  49935.391  96.801  -0.041    8.014  -10.000      281.2689     4250.0547
 3  79  15.110  49936.387 120.531   0.005    9.762  -10.000      281.3348     4251.0508
 4  79  15.110  49936.387 120.531  -0.073    8.789  -10.000      281.3348     4251.0508
 5  79  15.110  49936.387 120.531  -0.031    7.997  -10.000      281.3348     4251.0508
 3  79  15.110  49937.363 143.800   0.002    9.604  -10.000      281.3994     4252.0273
 4  79  15.110  49937.363 143.800  -0.046    8.707  -10.000      281.3994     4252.0273
 3  79  15.110  49938.402 168.552   0.012    9.593  -10.000      281.4682     4253.0664
 4  79  15.110  49938.402 168.552  -0.019    8.725  -10.000      281.4682     4253.0664
 5  79  15.110  49938.402 168.552  -0.027    7.935  -10.000      281.4682     4253.0664
 3  79  15.110  49939.395 192.195   0.033    9.188  -10.000      281.5339     4254.0586
 4  79  15.110  49939.395 192.195   0.007    8.399  -10.000      281.5339     4254.0586
 5  79  15.110  49939.395 192.195   0.004    7.684  -10.000      281.5339     4254.0586
 3  79  15.110  49941.367 239.183   0.037    9.092  -10.000      281.6644     4256.0312
 5  79  15.110  49941.367 239.183   0.021    7.586  -10.000      281.6644     4256.0312
 3  79  15.110  49942.348 262.551   0.017    9.181  -10.000      281.7293     4257.0117
 5  79  15.110  49942.348 262.551  -0.020    7.581  -10.000      281.7293     4257.0117
 3  79  15.110  49943.348 286.370   0.053    9.304  -10.000      281.7955     4258.0117
 5  79  15.110  49943.348 286.370   0.013    7.642  -10.000      281.7955     4258.0117
 3  79  15.110  49944.383 311.034   0.021    9.365  -10.000      281.8640     4259.0469
 5  79  15.110  49944.383 311.034  -0.023    7.648  -10.000      281.8640     4259.0469
 3  79  15.110  49945.387 334.951   0.041    9.484  -10.000      281.9304     4260.0508
 5  79  15.110  49945.387 334.951   0.045    7.770  -10.000      281.9304     4260.0508
 3  79  15.110  49946.375 358.495   0.048    9.590  -10.000      281.9958     4261.0391
 5  79  15.110  49946.375 358.495   0.042    7.830  -10.000      281.9958     4261.0391
 3  79  15.110  49947.332  21.302   0.044    9.689  -10.000      282.0592     4261.9961
 5  79  15.110  49947.332  21.302   0.051    7.908  -10.000      282.0592     4261.9961
 3  79  15.110  49948.301  44.385   0.032    9.783  -10.000      282.1233     4262.9648
 5  79  15.110  49948.301  44.385   0.055    7.994  -10.000      282.1233     4262.9648
 3  79  15.110  49949.309  68.390   0.039    9.872  -10.000      282.1900     4263.9727
 5  79  15.110  49949.309  68.390   0.061    8.070  -10.000      282.1900     4263.9727
 3  79  15.110  49950.289  91.747   0.018    9.877  -10.000      282.2549     4264.9531
 5  79  15.110  49950.289  91.747   0.022    8.073  -10.000      282.2549     4264.9531
 3  79  15.110  49952.293 139.493  -0.030    9.594  -10.000      282.3875     4266.9570
 5  79  15.110  49952.293 139.493  -0.070    7.899  -10.000      282.3875     4266.9570
 3  79  15.110  49953.367 165.092   0.012    9.601  -10.000      282.4586     4268.0312
 5  79  15.110  49953.367 165.092  -0.037    7.929  -10.000      282.4586     4268.0312
 3  79  15.110  49954.309 187.515   0.036    9.308  -10.000      282.5209     4268.9727
 5  79  15.110  49954.309 187.515   0.027    7.785  -10.000      282.5209     4268.9727
 3  79  15.110  49955.281 210.685   0.058    8.999  -10.000      282.5852     4269.9453
 5  79  15.110  49955.281 210.685   0.008    7.536  -10.000      282.5852     4269.9453
 2 162  15.110  36751.852 281.316  -0.039   10.680  -10.000     -591.2186    -8933.4844
 3 162  15.110  36751.852 281.316   0.046    9.280  -10.000     -591.2186    -8933.4844
 2 162  15.110  36773.789  83.979   0.032   11.631  -10.000     -589.7667    -8911.5469
 3 162  15.110  36773.789  83.979  -0.014    9.842  -10.000     -589.7667    -8911.5469
 2 162  15.110  36774.730 106.414   0.043   11.570  -10.000     -589.7044    -8910.6055
 3 162  15.110  36774.730 106.414   0.000    9.830  -10.000     -589.7044    -8910.6055
 2 162  15.110  36775.758 130.891  -0.069   11.200  -10.000     -589.6364    -8909.5781
 3 162  15.110  36775.758 130.891  -0.054    9.630  -10.000     -589.6364    -8909.5781
 1 162  15.110  36777.828 180.198  -0.146   11.902  -10.000     -589.4995    -8907.5078
 2 162  15.110  36777.828 180.198   0.011   10.892  -10.000     -589.4995    -8907.5078
 3 162  15.110  36777.828 180.198   0.027    9.471  -10.000     -589.4995    -8907.5078
 1 162  15.110  36778.805 203.467   0.062   11.180  -10.000     -589.4348    -8906.5312
 2 162  15.110  36778.805 203.467   0.072   10.280  -10.000     -589.4348    -8906.5312
 3 162  15.110  36778.805 203.467   0.063    9.030  -10.000     -589.4348    -8906.5312
 1 162  15.110  36784.758 345.300   0.125   12.680  -10.000     -589.0408    -8900.5781
 2 162  15.110  36784.758 345.300   0.036   11.160  -10.000     -589.0408    -8900.5781
 3 162  15.110  36784.758 345.300   0.007    9.490  -10.000     -589.0408    -8900.5781
 2 162  15.110  36785.758   9.141   0.045   11.320  -10.000     -588.9746    -8899.5781
 3 162  15.110  36785.758   9.141   0.031    9.620  -10.000     -588.9746    -8899.5781
 1 162  15.110  36786.742  32.585   0.085   13.050  -10.000     -588.9095    -8898.5938
 2 162  15.110  36786.742  32.585   0.028   11.450  -10.000     -588.9095    -8898.5938
 3 162  15.110  36786.742  32.585  -0.007    9.690  -10.000     -588.9095    -8898.5938
 2 162  15.110  36787.742  56.404   0.012   11.560  -10.000     -588.8433    -8897.5938
 3 162  15.110  36787.742  56.404  -0.029    9.770  -10.000     -588.8433    -8897.5938
 1 162  15.110  36789.773 104.810   0.031   13.083  -10.000     -588.7089    -8895.5625
 2 162  15.110  36789.773 104.810  -0.016   11.523  -10.000     -588.7089    -8895.5625
 3 162  15.110  36789.773 104.810  -0.014    9.822  -10.000     -588.7089    -8895.5625
 1 162  15.110  36791.727 151.326  -0.084   12.270  -10.000     -588.5797    -8893.6094
 2 162  15.110  36791.727 151.326  -0.015   11.080  -10.000     -588.5797    -8893.6094
 3 162  15.110  36791.727 151.326  -0.016    9.570  -10.000     -588.5797    -8893.6094
 1 162  15.110  36792.738 175.430  -0.096   12.110  -10.000     -588.5127    -8892.5977
 2 162  15.110  36792.738 175.430   0.015   11.010  -10.000     -588.5127    -8892.5977
 3 162  15.110  36792.738 175.430   0.016    9.540  -10.000     -588.5127    -8892.5977
 1 162  15.110  36793.742 199.358   0.056   11.260  -10.000     -588.4462    -8891.5938
 2 162  15.110  36793.742 199.358   0.088   10.360  -10.000     -588.4462    -8891.5938
 3 162  15.110  36793.742 199.358   0.057    9.070  -10.000     -588.4462    -8891.5938
 1 162  15.110  36807.723 172.441  -0.052   12.221  -10.000     -587.5210    -8877.6133
 2 162  15.110  36807.723 172.441   0.008   11.051  -10.000     -587.5210    -8877.6133
 3 162  15.110  36807.723 172.441   0.014    9.571  -10.000     -587.5210    -8877.6133
 1 162  15.110  36808.727 196.348   0.056   11.358  -10.000     -587.4546    -8876.6094
 2 162  15.110  36808.727 196.348   0.060   10.403  -10.000     -587.4546    -8876.6094
 3 162  15.110  36808.727 196.348   0.052    9.116  -10.000     -587.4546    -8876.6094
 1 162  15.110  36809.715 219.902  -0.025   11.147  -10.000     -587.3892    -8875.6211
 2 162  15.110  36809.715 219.902  -0.021   10.211  -10.000     -587.3892    -8875.6211
 3 162  15.110  36809.715 219.902  -0.012    8.957  -10.000     -587.3892    -8875.6211
 1 162  15.110  36810.719 243.831  -0.127   11.365  -10.000     -587.3227    -8874.6172
 2 162  15.110  36810.719 243.831  -0.070   10.364  -10.000     -587.3227    -8874.6172
 3 162  15.110  36810.719 243.831  -0.062    9.017  -10.000     -587.3227    -8874.6172
 1 162  15.110  36811.691 266.990  -0.036   11.754  -10.000     -587.2584    -8873.6445
 2 162  15.110  36811.691 266.990  -0.022   10.598  -10.000     -587.2584    -8873.6445
 3 162  15.110  36811.691 266.990  -0.020    9.159  -10.000     -587.2584    -8873.6445
 1 162  15.110  36812.680 290.544   0.013   12.051  -10.000     -587.1929    -8872.6562
 2 162  15.110  36812.680 290.544  -0.036   10.739  -10.000     -587.1929    -8872.6562
 3 162  15.110  36812.680 290.544  -0.032    9.232  -10.000     -587.1929    -8872.6562
 1 162  15.110  36813.680 314.363   0.057   12.331  -10.000     -587.1268    -8871.6562
 2 162  15.110  36813.680 314.363   0.020   10.951  -10.000     -587.1268    -8871.6562
 3 162  15.110  36813.680 314.363   0.013    9.371  -10.000     -587.1268    -8871.6562
 1 162  15.110  36819.715  98.152  -0.065   13.048  -10.000     -586.7274    -8865.6211
 2 162  15.110  36819.715  98.152   0.003   11.578  -10.000     -586.7274    -8865.6211
 3 162  15.110  36819.715  98.152   0.013    9.866  -10.000     -586.7274    -8865.6211
 2  18  15.110  44908.641 215.372  -0.022   10.176  -10.000      -51.4017     -776.6953
 3  18  15.110  44908.641 215.372   0.010    8.959  -10.000      -51.4017     -776.6953
 9  18  15.110  44908.641 215.372   0.013    7.894  -10.000      -51.4017     -776.6953
10  18  15.110  44908.641 215.372  -0.006    7.054  -10.000      -51.4017     -776.6953
 2  18  15.110  44107.926 218.482  -0.037   10.184  -10.000     -104.3931    -1577.4102
 3  18  15.110  44107.926 218.482   0.007    8.969  -10.000     -104.3931    -1577.4102
 9  18  15.110  44107.926 218.482  -0.007    7.880  -10.000     -104.3931    -1577.4102
10  18  15.110  44107.926 218.482  -0.002    7.060  -10.000     -104.3931    -1577.4102
 2  18  15.110  44485.820 221.754  -0.059   10.189  -10.000      -79.3840    -1199.5156
 3  18  15.110  44485.820 221.754   0.001    8.979  -10.000      -79.3840    -1199.5156
 9  18  15.110  44485.820 221.754  -0.010    7.886  -10.000      -79.3840    -1199.5156
10  18  15.110  44485.820 221.754  -0.010    7.056  -10.000      -79.3840    -1199.5156
 2  18  15.110  44077.961 224.577  -0.049   10.222  -10.000     -106.3762    -1607.3750
 3  18  15.110  44077.961 224.577  -0.018    8.973  -10.000     -106.3762    -1607.3750
 9  18  15.110  44077.961 224.577  -0.023    7.880  -10.000     -106.3762    -1607.3750
10  18  15.110  44077.961 224.577  -0.050    7.020  -10.000     -106.3762    -1607.3750
 2  18  15.110  44909.656 239.569  -0.076   10.318  -10.000      -51.3345     -775.6797
 3  18  15.110  44909.656 239.569  -0.019    9.038  -10.000      -51.3345     -775.6797
 9  18  15.110  44909.656 239.569  -0.017    7.916  -10.000      -51.3345     -775.6797
10  18  15.110  44909.656 239.569  -0.001    7.076  -10.000      -51.3345     -775.6797
 2  18  15.110  44486.883 247.066  -0.067   10.397  -10.000      -79.3137    -1198.4531
 3  18  15.110  44486.883 247.066  -0.023    9.073  -10.000      -79.3137    -1198.4531
 9  18  15.110  44486.883 247.066  -0.029    7.923  -10.000      -79.3137    -1198.4531
10  18  15.110  44486.883 247.066  -0.031    7.053  -10.000      -79.3137    -1198.4531
 2  18  15.110  44910.637 262.929  -0.072   10.521  -10.000      -51.2696     -774.6992
 3  18  15.110  44910.637 262.929  -0.014    9.151  -10.000      -51.2696     -774.6992
 9  18  15.110  44910.637 262.929   0.007    7.990  -10.000      -51.2696     -774.6992
10  18  15.110  44910.637 262.929  -0.003    7.090  -10.000      -51.2696     -774.6992
 2  18  15.110  44941.605 280.754  -0.040   10.675  -10.000      -49.2201     -743.7305
 3  18  15.110  44941.605 280.754  -0.027    9.204  -10.000      -49.2201     -743.7305
 9  18  15.110  44941.605 280.754   0.006    8.020  -10.000      -49.2201     -743.7305
10  18  15.110  44941.605 280.754   0.018    7.120  -10.000      -49.2201     -743.7305
 2  18  15.110  44564.562 297.771  -0.046   10.772  -10.000      -74.1729    -1120.7734
 3  18  15.110  44564.562 297.771  -0.008    9.280  -10.000      -74.1729    -1120.7734
 9  18  15.110  44564.562 297.771  -0.007    8.034  -10.000      -74.1729    -1120.7734
10  18  15.110  44564.562 297.771   0.022    7.134  -10.000      -74.1729    -1120.7734
 2  18  15.110  44459.941 325.193  -0.045   10.955  -10.000      -81.0967    -1225.3945
 3  18  15.110  44459.941 325.193   0.013    9.414  -10.000      -81.0967    -1225.3945
 9  18  15.110  44459.941 325.193  -0.002    8.108  -10.000      -81.0967    -1225.3945
10  18  15.110  44459.941 325.193   0.034    7.188  -10.000      -81.0967    -1225.3945
 2  18  15.110  44460.910 348.272  -0.011   11.131  -10.000      -81.0326    -1224.4258
 3  18  15.110  44460.910 348.272  -0.001    9.495  -10.000      -81.0326    -1224.4258
 9  18  15.110  44460.910 348.272   0.011    8.186  -10.000      -81.0326    -1224.4258
10  18  15.110  44460.910 348.272   0.056    7.256  -10.000      -81.0326    -1224.4258
 2  18  15.110  44461.891  11.632   0.002   11.293  -10.000      -80.9677    -1223.4453
 3  18  15.110  44461.891  11.632   0.011    9.611  -10.000      -80.9677    -1223.4453
 9  18  15.110  44461.891  11.632   0.011    8.262  -10.000      -80.9677    -1223.4453
10  18  15.110  44461.891  11.632   0.053    7.312  -10.000      -80.9677    -1223.4453
 2  18  15.110  44099.844  25.930   0.019   11.403  -10.000     -104.9280    -1585.4922
 3  18  15.110  44099.844  25.930   0.007    9.675  -10.000     -104.9280    -1585.4922
 9  18  15.110  44099.844  25.930   0.020    8.322  -10.000     -104.9280    -1585.4922
10  18  15.110  44099.844  25.930   0.032    7.332  -10.000     -104.9280    -1585.4922
 2  18  15.110  44432.969  42.575   0.003   11.483  -10.000      -82.8817    -1252.3672
 3  18  15.110  44432.969  42.575   0.007    9.750  -10.000      -82.8817    -1252.3672
 9  18  15.110  44432.969  42.575   0.029    8.393  -10.000      -82.8817    -1252.3672
10  18  15.110  44432.969  42.575   0.059    7.413  -10.000      -82.8817    -1252.3672
 2  18  15.110  44100.898  51.059  -0.014   11.509  -10.000     -104.8582    -1584.4375
 3  18  15.110  44100.898  51.059  -0.025    9.753  -10.000     -104.8582    -1584.4375
 9  18  15.110  44100.898  51.059  -0.030    8.364  -10.000     -104.8582    -1584.4375
10  18  15.110  44100.898  51.059   0.003    7.384  -10.000     -104.8582    -1584.4375
 2  18  15.110  44886.754  53.925   0.005   11.541  -10.000      -52.8502     -798.5820
 3  18  15.110  44886.754  53.925   0.000    9.789  -10.000      -52.8502     -798.5820
 9  18  15.110  44886.754  53.925   0.015    8.419  -10.000      -52.8502     -798.5820
10  18  15.110  44886.754  53.925   0.079    7.469  -10.000      -52.8502     -798.5820
 2  18  15.110  44494.859  77.108   0.031   11.628  -10.000      -78.7858    -1190.4766
 3  18  15.110  44494.859  77.108   0.001    9.848  -10.000      -78.7858    -1190.4766
 9  18  15.110  44494.859  77.108   0.014    8.475  -10.000      -78.7858    -1190.4766
10  18  15.110  44494.859  77.108   0.018    7.465  -10.000      -78.7858    -1190.4766
 2  18  15.110  44555.578  83.721  -0.017   11.582  -10.000      -74.7674    -1129.7578
 3  18  15.110  44555.578  83.721  -0.019    9.837  -10.000      -74.7674    -1129.7578
 9  18  15.110  44555.578  83.721  -0.008    8.465  -10.000      -74.7674    -1129.7578
10  18  15.110  44555.578  83.721   0.044    7.505  -10.000      -74.7674    -1129.7578
 2  18  15.110  44434.953  89.852  -0.060   11.535  -10.000      -82.7504    -1250.3828
 3  18  15.110  44434.953  89.852  -0.006    9.853  -10.000      -82.7504    -1250.3828
 9  18  15.110  44434.953  89.852   0.019    8.500  -10.000      -82.7504    -1250.3828
10  18  15.110  44434.953  89.852   0.059    7.530  -10.000      -82.7504    -1250.3828
 2  18  15.110  44556.582 107.639  -0.038   11.479  -10.000      -74.7010    -1128.7539
 3  18  15.110  44556.582 107.639  -0.030    9.795  -10.000      -74.7010    -1128.7539
 9  18  15.110  44556.582 107.639  -0.031    8.443  -10.000      -74.7010    -1128.7539
10  18  15.110  44556.582 107.639   0.021    7.503  -10.000      -74.7010    -1128.7539
 2  18  15.110  45267.566 126.715  -0.019   11.302  -10.000      -27.6480     -417.7695
 3  18  15.110  45267.566 126.715  -0.016    9.699  -10.000      -27.6480     -417.7695
 9  18  15.110  45267.566 126.715  -0.012    8.408  -10.000      -27.6480     -417.7695
10  18  15.110  45267.566 126.715  -0.023    7.438  -10.000      -27.6480     -417.7695
 2  18  15.110  45267.715 130.252  -0.031   11.246  -10.000      -27.6382     -417.6211
 3  18  15.110  45267.715 130.252  -0.008    9.681  -10.000      -27.6382     -417.6211
 9  18  15.110  45267.715 130.252  -0.003    8.402  -10.000      -27.6382     -417.6211
10  18  15.110  45267.715 130.252  -0.031    7.422  -10.000      -27.6382     -417.6211
 2  18  15.110  44436.938 137.129  -0.039   11.153  -10.000      -82.6191    -1248.3984
 3  18  15.110  44436.938 137.129  -0.016    9.623  -10.000      -82.6191    -1248.3984
 9  18  15.110  44436.938 137.129  -0.035    8.342  -10.000      -82.6191    -1248.3984
10  18  15.110  44436.938 137.129  -0.036    7.402  -10.000      -82.6191    -1248.3984
 2  18  15.110  44105.883 169.810   0.002   11.072  -10.000     -104.5283    -1579.4531
 3  18  15.110  44105.883 169.810   0.011    9.587  -10.000     -104.5283    -1579.4531
 9  18  15.110  44105.883 169.810  -0.006    8.345  -10.000     -104.5283    -1579.4531
10  18  15.110  44105.883 169.810  -0.010    7.425  -10.000     -104.5283    -1579.4531
 2  18  15.110  44106.883 193.634   0.045   10.468  -10.000     -104.4621    -1578.4531
 3  18  15.110  44106.883 193.634   0.083    9.204  -10.000     -104.4621    -1578.4531
 9  18  15.110  44106.883 193.634   0.059    8.078  -10.000     -104.4621    -1578.4531
10  18  15.110  44106.883 193.634   0.041    7.218  -10.000     -104.4621    -1578.4531
 2  18  15.110  44938.605 209.279   0.049   10.227  -10.000      -49.4187     -746.7305
 3  18  15.110  44938.605 209.279   0.058    8.999  -10.000      -49.4187     -746.7305
 9  18  15.110  44938.605 209.279   0.032    7.913  -10.000      -49.4187     -746.7305
10  18  15.110  44938.605 209.279   0.029    7.093  -10.000      -49.4187     -746.7305
 2 150  15.110  50305.305 269.934  -0.003   10.636  -10.000      305.7498     4619.9688
 3 150  15.110  50305.305 269.934  -0.001    9.188  -10.000      305.7498     4619.9688
 4 150  15.110  50305.305 269.934   0.008    8.379  -10.000      305.7498     4619.9688
 2 150  15.110  50306.316 294.038   0.007   10.802  -10.000      305.8168     4620.9805
 3 150  15.110  50306.316 294.038   0.004    9.279  -10.000      305.8168     4620.9805
 4 150  15.110  50306.316 294.038   0.006    8.434  -10.000      305.8168     4620.9805
 2 150  15.110  50307.301 317.494   0.023   10.974  -10.000      305.8819     4621.9648
 3 150  15.110  50307.301 317.494   0.021    9.391  -10.000      305.8819     4621.9648
 4 150  15.110  50307.301 317.494   0.032    8.530  -10.000      305.8819     4621.9648
 2 150  15.110  50310.289  28.685  -0.013   11.387  -10.000      306.0797     4624.9531
 3 150  15.110  50310.289  28.685  -0.007    9.673  -10.000      306.0797     4624.9531
 4 150  15.110  50310.289  28.685   0.012    8.761  -10.000      306.0797     4624.9531
 2 150  15.110  50311.266  51.954   0.009   11.536  -10.000      306.1443     4625.9297
 3 150  15.110  50311.266  51.954   0.011    9.792  -10.000      306.1443     4625.9297
 4 150  15.110  50311.266  51.954   0.026    8.866  -10.000      306.1443     4625.9297
 2 150  15.110  50312.289  76.333   0.008   11.604  -10.000      306.2120     4626.9531
 3 150  15.110  50312.289  76.333   0.005    9.851  -10.000      306.2120     4626.9531
 4 150  15.110  50312.289  76.333   0.026    8.929  -10.000      306.2120     4626.9531
 2 150  15.110  50313.285 100.063  -0.023   11.543  -10.000      306.2780     4627.9492
 3 150  15.110  50313.285 100.063  -0.024    9.826  -10.000      306.2780     4627.9492
 4 150  15.110  50313.285 100.063  -0.017    8.904  -10.000      306.2780     4627.9492
 2 150  15.110  50314.273 123.618  -0.036   11.322  -10.000      306.3434     4628.9375
 3 150  15.110  50314.273 123.618  -0.047    9.690  -10.000      306.3434     4628.9375
 4 150  15.110  50314.273 123.618  -0.034    8.814  -10.000      306.3434     4628.9375
 2 150  15.110  50315.281 147.623  -0.030   11.076  -10.000      306.4101     4629.9453
 3 150  15.110  50315.281 147.623  -0.038    9.553  -10.000      306.4101     4629.9453
 4 150  15.110  50315.281 147.623  -0.046    8.700  -10.000      306.4101     4629.9453
 2 150  15.110  50316.215 169.871   0.008   11.078  -10.000      306.4719     4630.8789
 3 150  15.110  50316.215 169.871   0.006    9.581  -10.000      306.4719     4630.8789
 4 150  15.110  50316.215 169.871   0.012    8.751  -10.000      306.4719     4630.8789
 2 150  15.110  50317.234 194.161   0.066   10.472  -10.000      306.5393     4631.8984
 3 150  15.110  50317.234 194.161   0.060    9.169  -10.000      306.5393     4631.8984
 4 150  15.110  50317.234 194.161   0.063    8.418  -10.000      306.5393     4631.8984
 2 150  15.110  50318.266 218.727  -0.006   10.217  -10.000      306.6076     4632.9297
 3 150  15.110  50318.266 218.727   0.000    8.963  -10.000      306.6076     4632.9297
 4 150  15.110  50318.266 218.727   0.005    8.229  -10.000      306.6076     4632.9297
 2 150  15.110  50319.242 241.996  -0.045   10.372  -10.000      306.6722     4633.9062
 3 150  15.110  50319.242 241.996  -0.035    9.035  -10.000      306.6722     4633.9062
 4 150  15.110  50319.242 241.996  -0.016    8.278  -10.000      306.6722     4633.9062
 2 150  15.110  50320.238 265.726   0.001   10.612  -10.000      306.7381     4634.9023
 3 150  15.110  50320.238 265.726  -0.004    9.171  -10.000      306.7381     4634.9023
 4 150  15.110  50320.238 265.726   0.020    8.382  -10.000      306.7381     4634.9023
 2 150  15.110  50321.227 289.270  -0.004   10.764  -10.000      306.8035     4635.8906
 3 150  15.110  50321.227 289.270  -0.004    9.256  -10.000      306.8035     4635.8906
 4 150  15.110  50321.227 289.270   0.006    8.424  -10.000      306.8035     4635.8906
 2 150  15.110  50322.262 313.934   0.005   10.933  -10.000      306.8720     4636.9258
 3 150  15.110  50322.262 313.934  -0.001    9.355  -10.000      306.8720     4636.9258
 4 150  15.110  50322.262 313.934   0.007    8.494  -10.000      306.8720     4636.9258
 2 150  15.110  50323.262 337.764   0.042   11.121  -10.000      306.9382     4637.9258
 3 150  15.110  50323.262 337.764   0.007    9.461  -10.000      306.9382     4637.9258
 4 150  15.110  50323.262 337.764   0.028    8.590  -10.000      306.9382     4637.9258
 2 150  15.110  50324.262   1.582  -0.001   11.228  -10.000      307.0044     4638.9258
 3 150  15.110  50324.262   1.582  -0.002    9.554  -10.000      307.0044     4638.9258
 4 150  15.110  50324.262   1.582   0.012    8.658  -10.000      307.0044     4638.9258
 2 150  15.110  50325.227  24.565   0.016   11.391  -10.000      307.0682     4639.8906
 3 150  15.110  50325.227  24.565   0.019    9.680  -10.000      307.0682     4639.8906
 4 150  15.110  50325.227  24.565   0.034    8.767  -10.000      307.0682     4639.8906
 2 150  15.110  50326.184  47.373   0.049   11.554  -10.000      307.1316     4640.8477
 3 150  15.110  50326.184  47.373   0.038    9.801  -10.000      307.1316     4640.8477
 4 150  15.110  50326.184  47.373   0.049    8.873  -10.000      307.1316     4640.8477
18 163  15.110  47914.461 188.509   0.073    9.438  -10.000      147.5236     2229.1250
18 163  15.110  47914.535 190.278   0.055    9.376  -10.000      147.5285     2229.1992
18 163  15.110  47914.551 190.646   0.046    9.357  -10.000      147.5296     2229.2148
18 163  15.110  47914.625 192.415   0.034    9.302  -10.000      147.5345     2229.2891
18 163  15.110  47914.641 192.788   0.066    9.326  -10.000      147.5355     2229.3047
18 163  15.110  47953.098  29.020  -0.021    9.769  -10.000      150.0806     2267.7617
18 163  15.110  47975.672 206.845   0.069    9.138  -10.000      151.5746     2290.3359
18 163  15.110  47975.688 207.219   0.060    9.128  -10.000      151.5756     2290.3516
18 163  15.110  48010.059 306.107  -0.001    9.433  -10.000      153.8503     2324.7227
18 163  15.110  48010.074 306.475   0.008    9.444  -10.000      153.8513     2324.7383
18 163  15.110  48063.836 147.338  -0.031    9.674  -10.000      157.4093     2378.5000
18 163  15.110  48101.035 313.605  -0.002    9.465  -10.000      159.8711     2415.6992
18 163  15.110  48101.047 313.885   0.011    9.479  -10.000      159.8719     2415.7109
18 163  15.110  48101.121 315.654   0.052    9.527  -10.000      159.8768     2415.7852
18 163  15.110  48101.137 316.027  -0.009    9.468  -10.000      159.8779     2415.8008
18 163  15.110  48116.602 324.470   0.000    9.510  -10.000      160.9013     2431.2656
18 163  15.110  48116.676 326.239   0.011    9.528  -10.000      160.9062     2431.3398
18 163  15.110  48116.691 326.613   0.009    9.528  -10.000      160.9073     2431.3555
18 163  15.110  48155.582 173.172   0.024    9.688  -10.000      163.4810     2470.2461
18 163  15.110  48155.598 173.546   0.004    9.665  -10.000      163.4821     2470.2617
18 163  15.110  48171.859 200.978   0.028    9.141  -10.000      164.5583     2486.5234
18 163  15.110  48171.934 202.747  -0.024    9.070  -10.000      164.5632     2486.5977
18 163  15.110  48171.949 203.121   0.055    9.146  -10.000      164.5642     2486.6133
18 163  15.110  48206.312 301.816   0.001    9.418  -10.000      166.8384     2520.9766
18 163  15.110  48206.328 302.190  -0.020    9.398  -10.000      166.8394     2520.9922
18 163  15.110  48230.922 168.135   0.006    9.703  -10.000      168.4670     2545.5859
18 163  15.110  48230.938 168.503   0.015    9.711  -10.000      168.4681     2545.6016
18 163  15.110  48231.012 170.272   0.005    9.693  -10.000      168.4730     2545.6758
18 163  15.110  48258.023  93.823  -0.062    9.903  -10.000      170.2606     2572.6875
18 163  15.110  48258.039  94.197  -0.009    9.957  -10.000      170.2617     2572.7031
18 163  15.110  48258.113  95.966   0.058   10.022  -10.000      170.2666     2572.7773
18 163  15.110  48258.125  96.240   0.008    9.972  -10.000      170.2673     2572.7891
18 163  15.110  48258.203  98.102   0.024    9.986  -10.000      170.2725     2572.8672
18 163  15.110  48258.215  98.383   0.005    9.966  -10.000      170.2733     2572.8789
18 163  15.110  48293.297 214.206  -0.011    9.056  -10.000      172.5950     2607.9609
18 163  15.110  48293.312 214.579   0.014    9.082  -10.000      172.5961     2607.9766
18 163  15.110  48293.477 218.485  -0.003    9.080  -10.000      172.6069     2608.1406
18 163  15.110  48293.488 218.765  -0.016    9.068  -10.000      172.6077     2608.1523
18 163  15.110  48293.562 220.534  -0.057    9.036  -10.000      172.6126     2608.2266
18 163  15.110  48315.070  12.953   0.007    9.722  -10.000      174.0360     2629.7344
18 163  15.110  48315.086  13.326   0.009    9.725  -10.000      174.0370     2629.7500
18 163  15.110  48315.336  19.281  -0.002    9.742  -10.000      174.0536     2630.0000
18 163  15.110  48353.012 196.902   0.042    9.216  -10.000      176.5470     2667.6758
18 163  15.110  48353.102 199.045   0.073    9.212  -10.000      176.5529     2667.7656
18 163  15.110  48353.117 199.413   0.112    9.245  -10.000      176.5539     2667.7812
18 163  15.110  48379.848 116.263  -0.039    9.854  -10.000      178.3230     2694.5117
18 163  15.110  48380.039 120.822  -0.031    9.835  -10.000      178.3356     2694.7031
18 163  15.110  48407.750  61.029   0.012    9.934  -10.000      180.1695     2722.4141
18 163  15.110  48407.766  61.403   0.013    9.937  -10.000      180.1706     2722.4297
18 163  15.110  48407.840  63.171  -0.002    9.927  -10.000      180.1755     2722.5039
18 163  15.110  48407.852  63.452   0.010    9.939  -10.000      180.1763     2722.5156
18 163  15.110  48499.883  96.081  -0.040    9.925  -10.000      186.2669     2814.5469
18 163  15.110  48499.895  96.361  -0.009    9.955  -10.000      186.2677     2814.5586
18 163  15.110  48499.969  98.124  -0.042    9.919  -10.000      186.2726     2814.6328
18 163  15.110  48499.984  98.498   0.007    9.968  -10.000      186.2736     2814.6484
18 163  15.110  48500.059 100.267  -0.043    9.915  -10.000      186.2785     2814.7227
18 163  15.110  48514.367  81.167  -0.027    9.933  -10.000      187.2255     2829.0312
18 163  15.110  48514.383  81.541   0.052   10.013  -10.000      187.2265     2829.0469
18 163  15.110  48514.547  85.446  -0.025    9.940  -10.000      187.2374     2829.2109
18 163  15.110  48514.559  85.726  -0.013    9.952  -10.000      187.2381     2829.2227
18 163  15.110  48551.367 242.688  -0.022    9.170  -10.000      189.6741     2866.0312
18 163  15.110  48551.441 244.451  -0.032    9.169  -10.000      189.6790     2866.1055
18 163  15.110  48551.453 244.731  -0.028    9.174  -10.000      189.6798     2866.1172
18 163  15.110  48551.531 246.594  -0.029    9.183  -10.000      189.6850     2866.1953
18 163  15.110  48572.234  19.841   0.022    9.769  -10.000      191.0551     2886.8984
18 163  15.110  48572.246  20.121   0.032    9.780  -10.000      191.0559     2886.9102
18 163  15.110  48572.320  21.890   0.024    9.781  -10.000      191.0608     2886.9844
18 163  15.110  48572.336  22.264   0.049    9.807  -10.000      191.0618     2887.0000
18 163  15.110  48602.363  17.661   0.018    9.754  -10.000      193.0491     2917.0273
18 163  15.110  48602.438  19.429   0.021    9.766  -10.000      193.0540     2917.1016
18 163  15.110  48602.453  19.797   0.000    9.746  -10.000      193.0550     2917.1172
18 163  15.110  48633.105  30.086   0.005    9.799  -10.000      195.0836     2947.7695
18 163  15.110  48633.180  31.855  -0.050    9.752  -10.000      195.0885     2947.8438
18 163  15.110  48633.195  32.228   0.039    9.842  -10.000      195.0895     2947.8594
18 163  15.110  48633.270  33.992   0.038    9.849  -10.000      195.0944     2947.9336
18 163  15.110  48633.285  34.365   0.015    9.828  -10.000      195.0955     2947.9492
18 163  15.110  48656.301 222.709  -0.015    9.088  -10.000      196.6186     2970.9648
18 163  15.110  48656.551 228.664  -0.004    9.125  -10.000      196.6352     2971.2148
18 163  15.110  48695.203  69.549   0.012    9.954  -10.000      199.1932     3009.8672
18 163  15.110  48695.293  71.691  -0.016    9.930  -10.000      199.1991     3009.9570
18 163  15.110  48695.305  71.971   0.008    9.954  -10.000      199.1999     3009.9688
18 163  15.110  48719.109 279.113   0.001    9.341  -10.000      200.7753     3033.7734
18 163  15.110  48719.125 279.487  -0.008    9.333  -10.000      200.7764     3033.7891
18 163  15.110  48719.199 281.255  -0.007    9.341  -10.000      200.7813     3033.8633
18 163  15.110  48719.289 283.392  -0.024    9.332  -10.000      200.7872     3033.9531
18 163  15.110  48719.301 283.672  -0.006    9.351  -10.000      200.7880     3033.9648
18 163  15.110  48805.051 166.652   0.019    9.720  -10.000      206.4629     3119.7148
18 163  15.110  48975.016 256.036  -0.021    9.235  -10.000      217.7112     3289.6797
18 163  15.110  48975.031 256.404  -0.017    9.240  -10.000      217.7122     3289.6953
18 163  15.110  48975.105 258.173  -0.039    9.225  -10.000      217.7171     3289.7695
18 163  15.110  48975.117 258.453  -0.005    9.260  -10.000      217.7179     3289.7812
18 163  15.110  49023.445 329.865  -0.030    9.503  -10.000      220.9163     3338.1094
18 163  15.110  49023.461 330.238  -0.002    9.532  -10.000      220.9173     3338.1250
18 163  15.110  49023.535 332.001  -0.010    9.532  -10.000      220.9222     3338.1992
18 163  15.110  49045.555 136.615  -0.033    9.722  -10.000      222.3795     3360.2188
18 163  15.110  49045.629 138.384  -0.034    9.710  -10.000      222.3844     3360.2930
18 163  15.110  49045.641 138.664  -0.043    9.699  -10.000      222.3852     3360.3047
 0  29  15.110  44062.910 225.994  -4.606  -36.900    3.800     -107.3722    -1622.4258
 0  29  15.110  44472.816 271.936   1.822  -29.900    3.800      -80.2446    -1212.5195
 0  29  15.110  44444.875 326.239   3.867  -13.800    3.800      -82.0938    -1240.4609
 0  29  15.110  44475.789 342.760   0.764  -13.800    3.800      -80.0479    -1209.5469
 0  29  15.110  44537.621  15.897  -0.362   -9.900    3.800      -75.9558    -1147.7148
 0  29  15.110  44946.625  40.343  -6.021   -4.900    3.800      -48.8879     -738.7109
 0  29  15.110  44887.680  75.981   7.965   15.100    3.800      -52.7889     -797.6562
 0  29  15.110  44948.539  85.945   5.527   12.200    3.800      -48.7613     -736.7969
 0  29  15.110  44797.848  95.750   8.207   17.700    3.800      -58.7340     -887.4883
 0  29  15.110  44571.586 105.103  -1.645   11.100    3.800      -73.7080    -1113.7500
 0  29  15.110  44949.539 109.770  -2.625   13.700    3.800      -48.6951     -735.7969
 0  29  15.110  44798.852 119.667   4.509   19.500    3.800      -58.6676     -886.4844
 0  29  15.110  44179.582 125.681   1.581   13.900    3.800      -99.6509    -1505.7539
 0  29  15.110  44512.652 141.021   2.259   12.000    3.800      -77.6083    -1172.6836
 0  29  15.110  44799.879 144.143  -0.959    7.100    3.800      -58.5996     -885.4570
 0  29  15.110  44573.566 152.287  -1.317   -1.900    3.800      -73.5770    -1111.7695
 0  29  15.110  44059.906 154.427   6.605    3.400    3.800     -107.5710    -1625.4297
 0  29  15.110  44044.910 157.146  10.985    5.300    3.800     -108.5635    -1640.4258
 0  29  15.110  44543.660 159.777   5.172   -1.600    3.800      -75.5562    -1141.6758
 0  29  15.110  44060.922 178.624   6.048   -5.400    3.800     -107.5038    -1624.4141
 0  29  15.110  44439.828 205.996  -7.257  -31.300    3.800      -82.4278    -1245.5078
 2  14  15.110  43298.469  13.315  -0.031   11.270  -10.000     -157.9630    -2386.8672
 3  14  15.110  43298.469  13.315   0.003    9.610  -10.000     -157.9630    -2386.8672
 3  14  15.110  43337.480 222.759  -0.053    8.930  -10.000     -155.3812    -2347.8555
 2  14  15.110  43437.262  80.030   0.021   11.620  -10.000     -148.7777    -2248.0742
 3  14  15.110  43437.262  80.030  -0.022    9.830  -10.000     -148.7777    -2248.0742
 2  14  15.110  43483.297  96.812  -0.040   11.540  -10.000     -145.7311    -2202.0391
 3  14  15.110  43483.297  96.812  -0.045    9.810  -10.000     -145.7311    -2202.0391
 2  14  15.110  43693.523  65.424  -0.010   11.570  -10.000     -131.8183    -1991.8125
 3  14  15.110  43693.523  65.424  -0.017    9.810  -10.000     -131.8183    -1991.8125
 2  14  15.110  43714.500 205.186   0.087   10.280  -10.000     -130.4300    -1970.8359
 3  14  15.110  43714.500 205.186   0.065    9.020  -10.000     -130.4300    -1970.8359
 3  14  15.110  43720.539 349.063  -0.009    9.490  -10.000     -130.0304    -1964.7969
 2  14  15.110  43722.535  36.617  -0.026   11.420  -10.000     -129.8983    -1962.8008
 3  14  15.110  43722.535  36.617  -0.025    9.690  -10.000     -129.8983    -1962.8008
 2  14  15.110  43743.520 176.567  -0.052   10.920  -10.000     -128.5095    -1941.8164
 3  14  15.110  43743.520 176.567   0.042    9.550  -10.000     -128.5095    -1941.8164
 2  14  15.110  43763.438 291.110   0.002   10.780  -10.000     -127.1914    -1921.8984
 3  14  15.110  43763.438 291.110  -0.075    9.190  -10.000     -127.1914    -1921.8984
 2  14  15.110  43772.406 144.789  -0.061   11.060  -10.000     -126.5978    -1912.9297
 3  14  15.110  43772.406 144.789  -0.059    9.540  -10.000     -126.5978    -1912.9297
 2  14  15.110  43777.277 260.843  -0.159   10.420  -10.000     -126.2754    -1908.0586
 3  14  15.110  43777.277 260.843  -0.098    9.060  -10.000     -126.2754    -1908.0586
 2  14  15.110  43789.426 190.278   0.162   10.700  -10.000     -125.4715    -1895.9102
 3  14  15.110  43789.426 190.278   0.108    9.310  -10.000     -125.4715    -1895.9102
 3  14  15.110  43791.363 236.437  -0.072    8.970  -10.000     -125.3432    -1893.9727
 2  14  15.110  43795.367 331.831  -0.094   10.950  -10.000     -125.0782    -1889.9688
 3  14  15.110  43795.367 331.831  -0.070    9.360  -10.000     -125.0782    -1889.9688
 2  14  15.110  43803.270 160.101  -0.013   11.080  -10.000     -124.5553    -1882.0664
 3  14  15.110  43803.270 160.101  -0.028    9.560  -10.000     -124.5553    -1882.0664
 2  14  15.110  44054.395  23.110   0.024   11.390  -10.000     -107.9358    -1630.9414
 3  14  15.110  44054.395  23.110   0.006    9.660  -10.000     -107.9358    -1630.9414
 2  14  15.110  44066.406 309.287  -0.046   10.850  -10.000     -107.1409    -1618.9297
 3  14  15.110  44066.406 309.287  -0.076    9.260  -10.000     -107.1409    -1618.9297
 0 171  15.110  44910.270 254.181   0.397  -35.380    0.320      -51.2939     -775.0664
 0 171  15.110  44911.367 280.333   1.073  -29.340    0.390      -51.2213     -773.9688
 0 171  15.110  44871.340  46.688   0.334    0.500    0.410      -53.8703     -813.9961
 0 171  15.110  44904.266 111.139  -4.371   12.760    0.710      -51.6913     -781.0703
 0 171  15.110  44905.293 135.615  -2.599    9.110    0.640      -51.6233     -780.0430
 0 171  15.110  44906.266 158.788   2.676   -3.840    0.560      -51.5589     -779.0703
 0 171  15.110  44909.410 233.707  -0.418  -36.890    0.550      -51.3508     -775.9258
 0 171  15.110  45133.480 172.142   2.073   -5.870    0.560      -36.5218     -551.8555
 0 171  15.110  45134.512 196.710  -0.802  -15.580    0.620      -36.4536     -550.8242
 0 171  15.110  45135.516 220.629  -8.163  -36.020    0.490      -36.3871     -549.8203
 0 171  15.110  45136.477 243.523  -1.808  -37.290    0.430      -36.3235     -548.8594
 0 171  15.110  45137.469 267.161   0.984  -32.940    0.480      -36.2579     -547.8672
 0 171  15.110  45139.562 317.045   0.777  -20.970    0.340      -36.1193     -545.7734
 0 171  15.110  45491.539  62.824   4.245    4.800    0.480      -12.8255     -193.7969
 0 171  15.110  45492.543  86.742   2.399    9.020    0.410      -12.7591     -192.7930
 0 171  15.110  45493.531 110.287  -4.550   12.110    0.640      -12.6936     -191.8047
 0 171  15.110  45669.285 337.593   0.032  -15.810    0.540       -1.0622      -16.0508
 0 171  15.110  45852.508  22.840   0.868   -4.820    0.530       11.0634      167.1719
 0 171  15.110  45963.371 144.139  -5.592    2.470    0.630       18.4004      278.0352
 0 171  15.110  45844.496 191.962   1.916  -12.160    0.770       10.5332      159.1602
 0 171  15.110  45849.504 311.273  -1.156  -22.620    0.510       10.8646      164.1680
 0 171  15.110  45850.512 335.284  -0.989  -16.760    0.430       10.9313      165.1758
 0 171  15.110  45851.488 358.550   0.880  -10.530    0.350       10.9960      166.1523
 0 171  15.110  46234.582 125.690  -0.618   11.700    0.530       36.3491      549.2461
 0 171  15.110  46237.547 196.327  -0.116  -14.780    0.510       36.5454      552.2109
 0 171  15.110  46613.477 152.785  -0.096   -1.320    0.800       61.4244      928.1406
 0 171  15.110  46614.578 179.030   4.732   -6.870    0.500       61.4973      929.2422
 0 171  15.110  46615.555 202.297  -2.537  -21.570    0.420       61.5619      930.2188
 0 171  15.110  46689.484 163.658   1.801   -4.760    0.460       66.4546     1004.1484
 0 171  15.110  46978.438 207.916  -0.891  -27.340    1.560       85.5775     1293.1016
 0 171  15.110  46895.645  35.387  -1.178   -2.210    0.420       80.0983     1210.3086
 0 171  15.110  47057.336 287.655   2.184  -27.930    0.310       90.7990     1372.0000
 0 171  15.110  47063.395  72.002   1.895    5.410    0.310       91.2000     1378.0586
 0 171  15.110  46975.539 138.862  -5.026    5.610    0.760       85.3857     1290.2031
 0 171  15.110  47408.379  11.192   3.097   -8.040    0.280      114.0311     1723.0430
 0 171  15.110  47718.465 198.935  -1.425  -17.270    0.450      134.5526     2033.1289
 0 171  15.110  47719.520 224.061  -6.969  -37.200    0.470      134.6224     2034.1836
 0 171  15.110  47813.324 298.943  -0.943  -25.680    0.330      140.8304     2127.9883
 0 171  15.110  47814.379 324.069   0.375  -18.760    0.280      140.9002     2129.0430
 0 171  15.110  49286.449 115.884  -5.610   11.670    0.620      238.3219     3601.1133
 0 171  15.110  49289.258 182.796   3.639   -9.020    0.420      238.5078     3603.9219
 0 171  15.110  49540.543  49.625   1.022    1.100    0.540      255.1378     3855.2070
 0 171  15.110  49542.438  94.763   1.533   10.700    0.810      255.2632     3857.1016
 3   9  15.110  43427.859 216.024  -0.022    8.930  -10.000     -149.3999    -2257.4766
14   9  15.110  43427.859 216.024  -0.018   10.660  -10.000     -149.3999    -2257.4766
15   9  15.110  43427.859 216.024  -0.003    9.300  -10.000     -149.3999    -2257.4766
16   9  15.110  43427.859 216.024  -0.026    8.230  -10.000     -149.3999    -2257.4766
17   9  15.110  43427.859 216.024  -0.019    7.490  -10.000     -149.3999    -2257.4766
 3   9  15.110  43460.660 277.493  -0.089    9.130  -10.000     -147.2292    -2224.6758
14   9  15.110  43460.660 277.493  -0.062   11.250  -10.000     -147.2292    -2224.6758
15   9  15.110  43460.660 277.493  -0.071    9.550  -10.000     -147.2292    -2224.6758
16   9  15.110  43460.660 277.493  -0.083    8.340  -10.000     -147.2292    -2224.6758
17   9  15.110  43460.660 277.493  -0.065    7.530  -10.000     -147.2292    -2224.6758
 3   9  15.110  43462.648 324.866  -0.070    9.330  -10.000     -147.0976    -2222.6875
14   9  15.110  43462.648 324.866   0.012   11.710  -10.000     -147.0976    -2222.6875
15   9  15.110  43462.648 324.866  -0.041    9.790  -10.000     -147.0976    -2222.6875
16   9  15.110  43462.648 324.866  -0.048    8.500  -10.000     -147.0976    -2222.6875
17   9  15.110  43462.648 324.866  -0.034    7.640  -10.000     -147.0976    -2222.6875
 3   9  15.110  43314.898  44.747  -0.062    9.690  -10.000     -156.8757    -2370.4375
14   9  15.110  43314.898  44.747   0.037   12.320  -10.000     -156.8757    -2370.4375
15   9  15.110  43314.898  44.747  -0.017   10.200  -10.000     -156.8757    -2370.4375
16   9  15.110  43314.898  44.747  -0.037    8.800  -10.000     -156.8757    -2370.4375
17   9  15.110  43314.898  44.747  -0.022    7.890  -10.000     -156.8757    -2370.4375
 3   9  15.110  43315.922  69.131  -0.034    9.800  -10.000     -156.8080    -2369.4141
14   9  15.110  43315.922  69.131   0.053   12.440  -10.000     -156.8080    -2369.4141
15   9  15.110  43315.922  69.131  -0.001   10.300  -10.000     -156.8080    -2369.4141
16   9  15.110  43315.922  69.131  -0.023    8.890  -10.000     -156.8080    -2369.4141
17   9  15.110  43315.922  69.131  -0.003    7.980  -10.000     -156.8080    -2369.4141
 3   9  15.110  43392.871 102.431  -0.073    9.770  -10.000     -151.7155    -2292.4648
14   9  15.110  43392.871 102.431  -0.006   12.320  -10.000     -151.7155    -2292.4648
15   9  15.110  43392.871 102.431  -0.041   10.260  -10.000     -151.7155    -2292.4648
16   9  15.110  43392.871 102.431  -0.061    8.880  -10.000     -151.7155    -2292.4648
17   9  15.110  43392.871 102.431  -0.037    7.990  -10.000     -151.7155    -2292.4648
 3   9  15.110  43393.871 126.255  -0.068    9.650  -10.000     -151.6493    -2291.4648
14   9  15.110  43393.871 126.255   0.007   12.040  -10.000     -151.6493    -2291.4648
15   9  15.110  43393.871 126.255  -0.022   10.130  -10.000     -151.6493    -2291.4648
16   9  15.110  43393.871 126.255  -0.072    8.790  -10.000     -151.6493    -2291.4648
17   9  15.110  43393.871 126.255  -0.065    7.920  -10.000     -151.6493    -2291.4648
 3   9  15.110  43304.801 164.174  -0.020    9.570  -10.000     -157.5440    -2380.5352
14   9  15.110  43304.801 164.174   0.009   11.740  -10.000     -157.5440    -2380.5352
15   9  15.110  43304.801 164.174   0.011   10.010  -10.000     -157.5440    -2380.5352
16   9  15.110  43304.801 164.174  -0.031    8.750  -10.000     -157.5440    -2380.5352
17   9  15.110  43304.801 164.174  -0.032    7.910  -10.000     -157.5440    -2380.5352
 3   9  15.110  43456.660 182.197  -0.052    9.350  -10.000     -147.4939    -2228.6758
14   9  15.110  43456.660 182.197  -0.006   11.400  -10.000     -147.4939    -2228.6758
15   9  15.110  43456.660 182.197  -0.022    9.770  -10.000     -147.4939    -2228.6758
16   9  15.110  43456.660 182.197  -0.060    8.570  -10.000     -147.4939    -2228.6758
17   9  15.110  43456.660 182.197  -0.062    7.760  -10.000     -147.4939    -2228.6758
 3   9  15.110  43351.941 207.290  -0.026    8.920  -10.000     -154.4242    -2333.3945
14   9  15.110  43351.941 207.290   0.023   10.670  -10.000     -154.4242    -2333.3945
15   9  15.110  43351.941 207.290   0.007    9.300  -10.000     -154.4242    -2333.3945
16   9  15.110  43351.941 207.290  -0.047    8.210  -10.000     -154.4242    -2333.3945
17   9  15.110  43351.941 207.290  -0.056    7.460  -10.000     -154.4242    -2333.3945
