 2  22  18.165  43907.539  17.144   0.011   10.232  -10.000      -86.9524    -1579.5195
 3  22  18.165  43907.539  17.144   0.026    8.921  -10.000      -86.9524    -1579.5195
 4  22  18.165  43907.539  17.144   0.034    8.209  -10.000      -86.9524    -1579.5195
 5  22  18.165  43907.539  17.144   0.028    7.530  -10.000      -86.9524    -1579.5195
 2  22  18.165  43937.395 248.818  -0.033    9.405  -10.000      -85.3088    -1549.6641
 3  22  18.165  43937.395 248.818   0.006    8.417  -10.000      -85.3088    -1549.6641
 4  22  18.165  43937.395 248.818   0.011    7.826  -10.000      -85.3088    -1549.6641
 5  22  18.165  43937.395 248.818   0.000    7.256  -10.000      -85.3088    -1549.6641
 2  22  18.165  43939.445 289.460  -0.028    9.668  -10.000      -85.1959    -1547.6133
 3  22  18.165  43939.445 289.460   0.002    8.555  -10.000      -85.1959    -1547.6133
 4  22  18.165  43939.445 289.460   0.003    7.911  -10.000      -85.1959    -1547.6133
 5  22  18.165  43939.445 289.460  -0.001    7.304  -10.000      -85.1959    -1547.6133
 2  22  18.165  43940.328 306.955  -0.007    9.801  -10.000      -85.1473    -1546.7305
 3  22  18.165  43940.328 306.955   0.026    8.644  -10.000      -85.1473    -1546.7305
 4  22  18.165  43940.328 306.955   0.029    7.984  -10.000      -85.1473    -1546.7305
 5  22  18.165  43940.328 306.955   0.029    7.363  -10.000      -85.1473    -1546.7305
 2  22  18.165  43944.355  26.771   0.029   10.302  -10.000      -84.9256    -1542.7031
 3  22  18.165  43944.355  26.771   0.034    8.969  -10.000      -84.9256    -1542.7031
 4  22  18.165  43944.355  26.771   0.020    8.229  -10.000      -84.9256    -1542.7031
 5  22  18.165  43944.355  26.771   0.027    7.558  -10.000      -84.9256    -1542.7031
 2  22  18.165  43945.363  46.741  -0.001   10.359  -10.000      -84.8702    -1541.6953
 3  22  18.165  43945.363  46.741   0.015    9.019  -10.000      -84.8702    -1541.6953
 4  22  18.165  43945.363  46.741   0.025    8.296  -10.000      -84.8702    -1541.6953
 5  22  18.165  43945.363  46.741   0.031    7.618  -10.000      -84.8702    -1541.6953
 2  22  18.165  43977.410 321.847   0.019    9.919  -10.000      -83.1060    -1509.6484
 3  22  18.165  43977.410 321.847   0.026    8.701  -10.000      -83.1060    -1509.6484
 4  22  18.165  43977.410 321.847   0.021    8.018  -10.000      -83.1060    -1509.6484
 5  22  18.165  43977.410 321.847   0.019    7.381  -10.000      -83.1060    -1509.6484
 2  22  18.165  43978.391 341.277   0.034   10.047  -10.000      -83.0520    -1508.6680
 3  22  18.165  43978.391 341.277   0.037    8.785  -10.000      -83.0520    -1508.6680
 4  22  18.165  43978.391 341.277   0.032    8.086  -10.000      -83.0520    -1508.6680
 5  22  18.165  43978.391 341.277   0.020    7.425  -10.000      -83.0520    -1508.6680
 2  22  18.165  43980.375  20.602   0.047   10.288  -10.000      -82.9428    -1506.6836
 3  22  18.165  43980.375  20.602   0.045    8.955  -10.000      -82.9428    -1506.6836
 4  22  18.165  43980.375  20.602   0.034    8.222  -10.000      -82.9428    -1506.6836
 5  22  18.165  43980.375  20.602   0.032    7.545  -10.000      -82.9428    -1506.6836
 2  22  18.165  44031.234 308.532   0.001    9.819  -10.000      -80.1430    -1455.8242
 3  22  18.165  44031.234 308.532   0.026    8.650  -10.000      -80.1430    -1455.8242
 4  22  18.165  44031.234 308.532   0.023    7.982  -10.000      -80.1430    -1455.8242
 5  22  18.165  44031.234 308.532   0.012    7.349  -10.000      -80.1430    -1455.8242
 2  22  18.165  44032.250 328.659   0.009    9.948  -10.000      -80.0871    -1454.8086
 3  22  18.165  44032.250 328.659   0.021    8.721  -10.000      -80.0871    -1454.8086
 4  22  18.165  44032.250 328.659   0.012    8.028  -10.000      -80.0871    -1454.8086
 5  22  18.165  44032.250 328.659   0.014    7.390  -10.000      -80.0871    -1454.8086
 2  22  18.165  44046.234 245.803  -0.053    9.365  -10.000      -79.3172    -1440.8242
 3  22  18.165  44046.234 245.803  -0.018    8.383  -10.000      -79.3172    -1440.8242
 4  22  18.165  44046.234 245.803  -0.007    7.801  -10.000      -79.3172    -1440.8242
 5  22  18.165  44046.234 245.803  -0.011    7.242  -10.000      -79.3172    -1440.8242
 2  22  18.165  44048.211 284.974  -0.019    9.648  -10.000      -79.2084    -1438.8477
 3  22  18.165  44048.211 284.974   0.005    8.541  -10.000      -79.2084    -1438.8477
 4  22  18.165  44048.211 284.974   0.007    7.903  -10.000      -79.2084    -1438.8477
 5  22  18.165  44048.211 284.974   0.002    7.300  -10.000      -79.2084    -1438.8477
 2  22  18.165  44049.238 305.332  -0.025    9.773  -10.000      -79.1519    -1437.8203
 3  22  18.165  44049.238 305.332   0.014    8.626  -10.000      -79.1519    -1437.8203
 4  22  18.165  44049.238 305.332   0.013    7.963  -10.000      -79.1519    -1437.8203
 5  22  18.165  44049.238 305.332   0.014    7.345  -10.000      -79.1519    -1437.8203
 2  22  18.165  44240.527 136.294   0.074   10.219  -10.000      -68.6214    -1246.5312
 3  22  18.165  44240.527 136.294   0.051    8.986  -10.000      -68.6214    -1246.5312
 4  22  18.165  44240.527 136.294   0.032    8.295  -10.000      -68.6214    -1246.5312
 5  22  18.165  44240.527 136.294   0.032    7.666  -10.000      -68.6214    -1246.5312
 2  22  18.165  44255.586  74.724  -0.053   10.372  -10.000      -67.7924    -1231.4727
 3  22  18.165  44255.586  74.724  -0.014    9.056  -10.000      -67.7924    -1231.4727
 4  22  18.165  44255.586  74.724  -0.007    8.330  -10.000      -67.7924    -1231.4727
 5  22  18.165  44255.586  74.724   0.013    7.665  -10.000      -67.7924    -1231.4727
 2  22  18.165  44257.582 114.283  -0.022   10.272  -10.000      -67.6825    -1229.4766
 3  22  18.165  44257.582 114.283  -0.008    9.008  -10.000      -67.6825    -1229.4766
 4  22  18.165  44257.582 114.283  -0.018    8.297  -10.000      -67.6825    -1229.4766
 5  22  18.165  44257.582 114.283  -0.013    7.647  -10.000      -67.6825    -1229.4766
 3  22  18.165  44258.598 134.409   0.039    8.980  -10.000      -67.6266    -1228.4609
 4  22  18.165  44258.598 134.409   0.003    8.270  -10.000      -67.6266    -1228.4609
 5  22  18.165  44258.598 134.409   0.004    7.640  -10.000      -67.6266    -1228.4609
 2  22  18.165  44259.590 154.072   0.019   10.090  -10.000      -67.5720    -1227.4688
 3  22  18.165  44259.590 154.072   0.002    8.901  -10.000      -67.5720    -1227.4688
 4  22  18.165  44259.590 154.072  -0.026    8.216  -10.000      -67.5720    -1227.4688
 5  22  18.165  44259.590 154.072  -0.028    7.600  -10.000      -67.5720    -1227.4688
 2  22  18.165  44391.273 243.773  -0.033    9.372  -10.000      -60.3229    -1095.7852
 3  22  18.165  44391.273 243.773  -0.005    8.389  -10.000      -60.3229    -1095.7852
 4  22  18.165  44391.273 243.773  -0.004    7.800  -10.000      -60.3229    -1095.7852
 5  22  18.165  44391.273 243.773  -0.003    7.249  -10.000      -60.3229    -1095.7852
 2  22  18.165  44393.254 283.022  -0.012    9.642  -10.000      -60.2138    -1093.8047
 3  22  18.165  44393.254 283.022   0.010    8.539  -10.000      -60.2138    -1093.8047
 4  22  18.165  44393.254 283.022   0.006    7.898  -10.000      -60.2138    -1093.8047
 5  22  18.165  44393.254 283.022   0.014    7.309  -10.000      -60.2138    -1093.8047
 2  22  18.165  44646.465 261.146  -0.022    9.496  -10.000      -46.2746     -840.5938
 3  22  18.165  44646.465 261.146   0.000    8.454  -10.000      -46.2746     -840.5938
 4  22  18.165  44646.465 261.146   0.001    7.844  -10.000      -46.2746     -840.5938
 5  22  18.165  44646.465 261.146   0.004    7.274  -10.000      -46.2746     -840.5938
 1  22  18.165  44647.469 281.041  -0.082   10.375  -10.000      -46.2193     -839.5898
 2  22  18.165  44647.469 281.041  -0.005    9.637  -10.000      -46.2193     -839.5898
 3  22  18.165  44647.469 281.041   0.015    8.537  -10.000      -46.2193     -839.5898
 4  22  18.165  44647.469 281.041   0.019    7.906  -10.000      -46.2193     -839.5898
 5  22  18.165  44647.469 281.041   0.021    7.314  -10.000      -46.2193     -839.5898
 2  22  18.165  44648.477 301.014  -0.003    9.768  -10.000      -46.1638     -838.5820
 3  22  18.165  44648.477 301.014   0.013    8.610  -10.000      -46.1638     -838.5820
 4  22  18.165  44648.477 301.014   0.005    7.944  -10.000      -46.1638     -838.5820
 5  22  18.165  44648.477 301.014   0.016    7.340  -10.000      -46.1638     -838.5820
 2  22  18.165  44649.469 320.677   0.014    9.907  -10.000      -46.1092     -837.5898
 3  22  18.165  44649.469 320.677   0.029    8.700  -10.000      -46.1092     -837.5898
 4  22  18.165  44649.469 320.677   0.027    8.021  -10.000      -46.1092     -837.5898
 5  22  18.165  44649.469 320.677   0.037    7.397  -10.000      -46.1092     -837.5898
 3  22  18.165  44653.559  41.729   0.019    9.007  -10.000      -45.8841     -833.5000
 4  22  18.165  44653.559  41.729   0.008    8.264  -10.000      -45.8841     -833.5000
 5  22  18.165  44653.559  41.729   0.024    7.597  -10.000      -45.8841     -833.5000
 2  22  18.165  44654.574  61.857  -0.024   10.382  -10.000      -45.8282     -832.4844
 3  22  18.165  44654.574  61.857  -0.005    9.041  -10.000      -45.8282     -832.4844
 4  22  18.165  44654.574  61.857  -0.014    8.298  -10.000      -45.8282     -832.4844
 5  22  18.165  44654.574  61.857  -0.005    7.621  -10.000      -45.8282     -832.4844
 2  22  18.165  44655.520  80.592  -0.050   10.376  -10.000      -45.7761     -831.5391
 3  22  18.165  44655.520  80.592  -0.028    9.046  -10.000      -45.7761     -831.5391
 4  22  18.165  44655.520  80.592  -0.029    8.314  -10.000      -45.7761     -831.5391
 5  22  18.165  44655.520  80.592  -0.014    7.646  -10.000      -45.7761     -831.5391
 3  22  18.165  44661.359 196.326  -0.001    8.319  -10.000      -45.4547     -825.6992
 4  22  18.165  44661.359 196.326  -0.016    7.756  -10.000      -45.4547     -825.6992
 5  22  18.165  44661.359 196.326  -0.019    7.239  -10.000      -45.4547     -825.6992
 3  22  18.165  44663.375 236.271  -0.007    8.361  -10.000      -45.3437     -823.6836
 4  22  18.165  44663.375 236.271  -0.005    7.784  -10.000      -45.3437     -823.6836
 5  22  18.165  44663.375 236.271  -0.005    7.241  -10.000      -45.3437     -823.6836
 2  22  18.165  44795.219 329.145   0.026    9.968  -10.000      -38.0857     -691.8398
 3  22  18.165  44795.219 329.145   0.027    8.729  -10.000      -38.0857     -691.8398
 4  22  18.165  44795.219 329.145   0.023    8.040  -10.000      -38.0857     -691.8398
 5  22  18.165  44795.219 329.145   0.022    7.399  -10.000      -38.0857     -691.8398
 2  22  18.165  44967.590 145.188   0.102   10.198  -10.000      -28.5967     -519.4688
 3  22  18.165  44967.590 145.188   0.060    8.969  -10.000      -28.5967     -519.4688
 2  22  18.165  44968.594 165.084  -0.050    9.951  -10.000      -28.5414     -518.4648
 3  22  18.165  44968.594 165.084  -0.057    8.799  -10.000      -28.5414     -518.4648
 2  22  18.165  44988.562 200.824  -0.030    9.172  -10.000      -27.4422     -498.4961
 3  22  18.165  44988.562 200.824  -0.014    8.284  -10.000      -27.4422     -498.4961
 4  22  18.165  44988.562 200.824  -0.010    7.743  -10.000      -27.4422     -498.4961
 5  22  18.165  44988.562 200.824  -0.028    7.214  -10.000      -27.4422     -498.4961
 2  22  18.165  44989.547 220.332  -0.093    9.170  -10.000      -27.3880     -497.5117
 3  22  18.165  44989.547 220.332  -0.056    8.268  -10.000      -27.3880     -497.5117
 4  22  18.165  44989.547 220.332  -0.045    7.720  -10.000      -27.3880     -497.5117
 5  22  18.165  44989.547 220.332  -0.042    7.198  -10.000      -27.3880     -497.5117
 2  22  18.165  44991.602 261.052  -0.047    9.470  -10.000      -27.2749     -495.4570
 3  22  18.165  44991.602 261.052   0.002    8.456  -10.000      -27.2749     -495.4570
 4  22  18.165  44991.602 261.052   0.006    7.848  -10.000      -27.2749     -495.4570
 5  22  18.165  44991.602 261.052   0.006    7.276  -10.000      -27.2749     -495.4570
 2  22  18.165  44994.543 319.344   0.001    9.886  -10.000      -27.1129     -492.5156
 3  22  18.165  44994.543 319.344   0.025    8.691  -10.000      -27.1129     -492.5156
 4  22  18.165  44994.543 319.344   0.018    8.008  -10.000      -27.1129     -492.5156
 5  22  18.165  44994.543 319.344   0.023    7.381  -10.000      -27.1129     -492.5156
 2  22  18.165  44995.566 339.627   0.016   10.019  -10.000      -27.0566     -491.4922
 3  22  18.165  44995.566 339.627   0.034    8.776  -10.000      -27.0566     -491.4922
 4  22  18.165  44995.566 339.627   0.036    8.085  -10.000      -27.0566     -491.4922
 5  22  18.165  44995.566 339.627   0.035    7.436  -10.000      -27.0566     -491.4922
 1  22  18.165  45003.430 135.461   0.113   11.198  -10.000      -26.6237     -483.6289
 2  22  18.165  45003.430 135.461   0.084   10.234  -10.000      -26.6237     -483.6289
 3  22  18.165  45003.430 135.461   0.058    8.996  -10.000      -26.6237     -483.6289
 4  22  18.165  45003.430 135.461   0.032    8.296  -10.000      -26.6237     -483.6289
 5  22  18.165  45003.430 135.461   0.031    7.666  -10.000      -26.6237     -483.6289
 1  22  18.165  45003.535 137.552   0.091   11.156  -10.000      -26.6179     -483.5234
 2  22  18.165  45003.535 137.552   0.074   10.211  -10.000      -26.6179     -483.5234
 3  22  18.165  45003.535 137.552   0.058    8.989  -10.000      -26.6179     -483.5234
 4  22  18.165  45003.535 137.552   0.043    8.303  -10.000      -26.6179     -483.5234
 5  22  18.165  45003.535 137.552   0.046    7.679  -10.000      -26.6179     -483.5234
 1  22  18.165  45004.469 156.053   0.049   10.994  -10.000      -26.5665     -482.5898
 2  22  18.165  45004.469 156.053   0.031   10.096  -10.000      -26.5665     -482.5898
 3  22  18.165  45004.469 156.053   0.018    8.914  -10.000      -26.5665     -482.5898
 4  22  18.165  45004.469 156.053  -0.013    8.228  -10.000      -26.5665     -482.5898
 5  22  18.165  45004.469 156.053  -0.024    7.604  -10.000      -26.5665     -482.5898
 1  22  18.165  45004.527 157.214   0.027   10.965  -10.000      -26.5633     -482.5312
 2  22  18.165  45004.527 157.214   0.018   10.079  -10.000      -26.5633     -482.5312
 3  22  18.165  45004.527 157.214   0.011    8.905  -10.000      -26.5633     -482.5312
 4  22  18.165  45004.527 157.214  -0.030    8.210  -10.000      -26.5633     -482.5312
 5  22  18.165  45004.527 157.214  -0.043    7.585  -10.000      -26.5633     -482.5312
 1  22  18.165  45005.336 173.239  -0.023   10.609  -10.000      -26.5188     -481.7227
 2  22  18.165  45005.336 173.239  -0.031    9.817  -10.000      -26.5188     -481.7227
 3  22  18.165  45005.336 173.239  -0.035    8.717  -10.000      -26.5188     -481.7227
 4  22  18.165  45005.336 173.239  -0.052    8.075  -10.000      -26.5188     -481.7227
 5  22  18.165  45005.336 173.239  -0.065    7.477  -10.000      -26.5188     -481.7227
 1  22  18.165  45005.383 174.168  -0.017   10.581  -10.000      -26.5162     -481.6758
 2  22  18.165  45005.383 174.168  -0.040    9.784  -10.000      -26.5162     -481.6758
 3  22  18.165  45005.383 174.168  -0.018    8.717  -10.000      -26.5162     -481.6758
 4  22  18.165  45005.383 174.168  -0.044    8.069  -10.000      -26.5162     -481.6758
 5  22  18.165  45005.383 174.168  -0.054    7.477  -10.000      -26.5162     -481.6758
 1  22  18.165  45005.473 175.949  -0.023   10.504  -10.000      -26.5113     -481.5859
 2  22  18.165  45005.473 175.949  -0.040    9.733  -10.000      -26.5113     -481.5859
 3  22  18.165  45005.473 175.949  -0.030    8.670  -10.000      -26.5113     -481.5859
 4  22  18.165  45005.473 175.949  -0.035    8.049  -10.000      -26.5113     -481.5859
 5  22  18.165  45005.473 175.949  -0.028    7.480  -10.000      -26.5113     -481.5859
 1  22  18.165  45005.508 176.645  -0.019   10.479  -10.000      -26.5093     -481.5508
 2  22  18.165  45005.508 176.645  -0.039    9.713  -10.000      -26.5093     -481.5508
 3  22  18.165  45005.508 176.645  -0.022    8.663  -10.000      -26.5093     -481.5508
 4  22  18.165  45005.508 176.645  -0.032    8.040  -10.000      -26.5093     -481.5508
 5  22  18.165  45005.508 176.645  -0.036    7.463  -10.000      -26.5093     -481.5508
 1  22  18.165  45005.559 177.652  -0.015   10.439  -10.000      -26.5065     -481.5000
 2  22  18.165  45005.559 177.652  -0.034    9.687  -10.000      -26.5065     -481.5000
 3  22  18.165  45005.559 177.652  -0.025    8.638  -10.000      -26.5065     -481.5000
 4  22  18.165  45005.559 177.652  -0.038    8.017  -10.000      -26.5065     -481.5000
 5  22  18.165  45005.559 177.652  -0.026    7.458  -10.000      -26.5065     -481.5000
 1  22  18.165  45005.598 178.426  -0.038   10.381  -10.000      -26.5044     -481.4609
 2  22  18.165  45005.598 178.426  -0.009    9.687  -10.000      -26.5044     -481.4609
 3  22  18.165  45005.598 178.426  -0.010    8.636  -10.000      -26.5044     -481.4609
 4  22  18.165  45005.598 178.426  -0.014    8.026  -10.000      -26.5044     -481.4609
 5  22  18.165  45005.598 178.426  -0.007    7.466  -10.000      -26.5044     -481.4609
 3  22  18.165  45005.617 178.813  -0.013    8.624  -10.000      -26.5033     -481.4414
 4  22  18.165  45005.617 178.813  -0.019    8.014  -10.000      -26.5033     -481.4414
 5  22  18.165  45005.617 178.813  -0.023    7.444  -10.000      -26.5033     -481.4414
 1  22  18.165  45006.465 195.612   0.162    9.946  -10.000      -26.4566     -480.5938
 2  22  18.165  45006.465 195.612   0.020    9.259  -10.000      -26.4566     -480.5938
 3  22  18.165  45006.465 195.612   0.017    8.343  -10.000      -26.4566     -480.5938
 4  22  18.165  45006.465 195.612   0.013    7.790  -10.000      -26.4566     -480.5938
 5  22  18.165  45006.465 195.612   0.001    7.263  -10.000      -26.4566     -480.5938
 1  22  18.165  45006.527 196.850   0.139    9.905  -10.000      -26.4532     -480.5312
 2  22  18.165  45006.527 196.850   0.017    9.243  -10.000      -26.4532     -480.5312
 3  22  18.165  45006.527 196.850   0.017    8.333  -10.000      -26.4532     -480.5312
 4  22  18.165  45006.527 196.850   0.001    7.770  -10.000      -26.4532     -480.5312
 5  22  18.165  45006.527 196.850  -0.012    7.243  -10.000      -26.4532     -480.5312
 1  22  18.165  45006.621 198.708   0.073    9.820  -10.000      -26.4480     -480.4375
 2  22  18.165  45006.621 198.708   0.001    9.212  -10.000      -26.4480     -480.4375
 3  22  18.165  45006.621 198.708   0.007    8.313  -10.000      -26.4480     -480.4375
 4  22  18.165  45006.621 198.708  -0.012    7.748  -10.000      -26.4480     -480.4375
 5  22  18.165  45006.621 198.708  -0.025    7.223  -10.000      -26.4480     -480.4375
 1  22  18.165  45007.422 214.578   0.133    9.922  -10.000      -26.4039     -479.6367
 2  22  18.165  45007.422 214.578   0.020    9.252  -10.000      -26.4039     -479.6367
 3  22  18.165  45007.422 214.578  -0.038    8.270  -10.000      -26.4039     -479.6367
 4  22  18.165  45007.422 214.578  -0.046    7.710  -10.000      -26.4039     -479.6367
 5  22  18.165  45007.422 214.578  -0.047    7.190  -10.000      -26.4039     -479.6367
 1  22  18.165  45007.531 216.746   0.038    9.846  -10.000      -26.3979     -479.5273
 2  22  18.165  45007.531 216.746  -0.077    9.166  -10.000      -26.3979     -479.5273
 3  22  18.165  45007.531 216.746  -0.041    8.273  -10.000      -26.3979     -479.5273
 4  22  18.165  45007.531 216.746  -0.036    7.723  -10.000      -26.3979     -479.5273
 5  22  18.165  45007.531 216.746  -0.035    7.203  -10.000      -26.3979     -479.5273
 1  22  18.165  45008.547 236.873   0.046   10.047  -10.000      -26.3420     -478.5117
 2  22  18.165  45008.547 236.873  -0.032    9.327  -10.000      -26.3420     -478.5117
 3  22  18.165  45008.547 236.873  -0.004    8.366  -10.000      -26.3420     -478.5117
 4  22  18.165  45008.547 236.873  -0.010    7.780  -10.000      -26.3420     -478.5117
 5  22  18.165  45008.547 236.873  -0.031    7.216  -10.000      -26.3420     -478.5117
 1  22  18.165  45009.516 256.072  -0.004   10.203  -10.000      -26.2887     -477.5430
 2  22  18.165  45009.516 256.072  -0.032    9.453  -10.000      -26.2887     -477.5430
 3  22  18.165  45009.516 256.072   0.005    8.441  -10.000      -26.2887     -477.5430
 4  22  18.165  45009.516 256.072  -0.009    7.822  -10.000      -26.2887     -477.5430
 5  22  18.165  45009.516 256.072  -0.013    7.251  -10.000      -26.2887     -477.5430
 1  22  18.165  45095.348 157.088   0.004   10.943  -10.000      -21.5636     -391.7109
 2  22  18.165  45095.348 157.088   0.003   10.065  -10.000      -21.5636     -391.7109
 3  22  18.165  45095.348 157.088   0.004    8.898  -10.000      -21.5636     -391.7109
 4  22  18.165  45095.348 157.088  -0.019    8.221  -10.000      -21.5636     -391.7109
 5  22  18.165  45095.348 157.088  -0.020    7.608  -10.000      -21.5636     -391.7109
 1  22  18.165  45100.375 256.720   0.003   10.216  -10.000      -21.2869     -386.6836
 2  22  18.165  45100.375 256.720  -0.026    9.463  -10.000      -21.2869     -386.6836
 3  22  18.165  45100.375 256.720   0.010    8.448  -10.000      -21.2869     -386.6836
 4  22  18.165  45100.375 256.720   0.015    7.847  -10.000      -21.2869     -386.6836
 5  22  18.165  45100.375 256.720   0.024    7.288  -10.000      -21.2869     -386.6836
 2  22  18.165  45102.371 296.278  -0.008    9.733  -10.000      -21.1770     -384.6875
 3  22  18.165  45102.371 296.278   0.014    8.593  -10.000      -21.1770     -384.6875
 4  22  18.165  45102.371 296.278   0.012    7.939  -10.000      -21.1770     -384.6875
 5  22  18.165  45102.371 296.278   0.027    7.343  -10.000      -21.1770     -384.6875
 1  22  18.165  45346.594  96.273  -0.110   11.367  -10.000       -7.7326     -140.4648
 2  22  18.165  45346.594  96.273  -0.061   10.331  -10.000       -7.7326     -140.4648
 3  22  18.165  45346.594  96.273  -0.021    9.043  -10.000       -7.7326     -140.4648
 4  22  18.165  45346.594  96.273  -0.013    8.330  -10.000       -7.7326     -140.4648
 5  22  18.165  45346.594  96.273   0.003    7.673  -10.000       -7.7326     -140.4648
 1  22  18.165  45349.574 155.340   0.029   10.977  -10.000       -7.5685     -137.4844
 2  22  18.165  45349.574 155.340   0.025   10.093  -10.000       -7.5685     -137.4844
 3  22  18.165  45349.574 155.340   0.018    8.915  -10.000       -7.5685     -137.4844
 4  22  18.165  45349.574 155.340  -0.003    8.239  -10.000       -7.5685     -137.4844
 5  22  18.165  45349.574 155.340  -0.013    7.615  -10.000       -7.5685     -137.4844
 1  22  18.165  45773.340 273.511  -0.047   10.338  -10.000       15.7598      286.2812
 2  22  18.165  45773.340 273.511  -0.042    9.554  -10.000       15.7598      286.2812
 3  22  18.165  45773.340 273.511  -0.004    8.493  -10.000       15.7598      286.2812
 4  22  18.165  45773.340 273.511   0.010    7.880  -10.000       15.7598      286.2812
 5  22  18.165  45773.340 273.511   0.001    7.285  -10.000       15.7598      286.2812
 1  22  18.165  45774.367 293.871  -0.048   10.539  -10.000       15.8163      287.3086
 2  22  18.165  45774.367 293.871  -0.035    9.691  -10.000       15.8163      287.3086
 3  22  18.165  45774.367 293.871   0.008    8.578  -10.000       15.8163      287.3086
 4  22  18.165  45774.367 293.871   0.014    7.934  -10.000       15.8163      287.3086
 5  22  18.165  45774.367 293.871   0.013    7.325  -10.000       15.8163      287.3086
 1  22  18.165  45775.340 313.147  -0.055   10.717  -10.000       15.8699      288.2812
 2  22  18.165  45775.340 313.147  -0.024    9.823  -10.000       15.8699      288.2812
 3  22  18.165  45775.340 313.147   0.011    8.653  -10.000       15.8699      288.2812
 4  22  18.165  45775.340 313.147   0.035    8.007  -10.000       15.8699      288.2812
 5  22  18.165  45775.340 313.147   0.023    7.368  -10.000       15.8699      288.2812
 1  22  18.165  45776.363 333.429  -0.039   10.912  -10.000       15.9262      289.3047
 2  22  18.165  45776.363 333.429  -0.011    9.956  -10.000       15.9262      289.3047
 3  22  18.165  45776.363 333.429   0.016    8.734  -10.000       15.9262      289.3047
 4  22  18.165  45776.363 333.429   0.032    8.062  -10.000       15.9262      289.3047
 5  22  18.165  45776.363 333.429   0.020    7.406  -10.000       15.9262      289.3047
 1  22  18.165  45778.477  15.310  -0.033   11.258  -10.000       16.0425      291.4180
 2  22  18.165  45778.477  15.310   0.010   10.220  -10.000       16.0425      291.4180
 3  22  18.165  45778.477  15.310   0.018    8.905  -10.000       16.0425      291.4180
 4  22  18.165  45778.477  15.310   0.020    8.188  -10.000       16.0425      291.4180
 5  22  18.165  45778.477  15.310   0.022    7.519  -10.000       16.0425      291.4180
 1  22  18.165  45779.410  33.812  -0.044   11.373  -10.000       16.0939      292.3516
 2  22  18.165  45779.410  33.812  -0.009   10.297  -10.000       16.0939      292.3516
 3  22  18.165  45779.410  33.812   0.019    8.979  -10.000       16.0939      292.3516
 4  22  18.165  45779.410  33.812   0.014    8.246  -10.000       16.0939      292.3516
 5  22  18.165  45779.410  33.812   0.018    7.569  -10.000       16.0939      292.3516
11  17  18.165  45108.512  57.973  -0.094    6.490  -10.000      -20.8390     -378.5469
12  17  18.165  45108.512  57.973  -0.068    6.010  -10.000      -20.8390     -378.5469
13  17  18.165  45108.512  57.973  -0.050    5.870  -10.000      -20.8390     -378.5469
11  17  18.165  45109.516  77.868  -0.108    6.520  -10.000      -20.7837     -377.5430
12  17  18.165  45109.516  77.868  -0.094    6.030  -10.000      -20.7837     -377.5430
13  17  18.165  45109.516  77.868  -0.076    5.890  -10.000      -20.7837     -377.5430
23   1  18.165  37811.262 161.356  -0.041    2.058  -10.000     -422.5518    -7675.7969
24   1  18.165  37811.262 161.356  -0.041    3.258  -10.000     -422.5518    -7675.7969
25   1  18.165  37811.262 161.356  -0.065    4.825  -10.000     -422.5518    -7675.7969
26   1  18.165  37811.262 161.356  -0.152    5.780  -10.000     -422.5518    -7675.7969
27   1  18.165  37811.262 161.356  -0.056    4.275  -10.000     -422.5518    -7675.7969
23   1  18.165  37812.273 181.406  -0.011    1.778  -10.000     -422.4961    -7674.7852
24   1  18.165  37812.273 181.406   0.002    2.823  -10.000     -422.4961    -7674.7852
25   1  18.165  37812.273 181.406   0.038    4.365  -10.000     -422.4961    -7674.7852
26   1  18.165  37812.273 181.406   0.015    5.360  -10.000     -422.4961    -7674.7852
27   1  18.165  37812.273 181.406   0.003    3.700  -10.000     -422.4961    -7674.7852
23   1  18.165  37814.230 220.188  -0.066    1.465  -10.000     -422.3884    -7672.8281
24   1  18.165  37814.230 220.188  -0.098    2.365  -10.000     -422.3884    -7672.8281
25   1  18.165  37814.230 220.188   0.005    3.925  -10.000     -422.3884    -7672.8281
26   1  18.165  37814.230 220.188  -0.008    4.915  -10.000     -422.3884    -7672.8281
27   1  18.165  37814.230 220.188  -0.089    3.158  -10.000     -422.3884    -7672.8281
23   1  18.165  37815.273 240.864  -0.042    1.553  -10.000     -422.3309    -7671.7852
24   1  18.165  37815.273 240.864  -0.063    2.540  -10.000     -422.3309    -7671.7852
25   1  18.165  37815.273 240.864  -0.014    4.085  -10.000     -422.3309    -7671.7852
26   1  18.165  37815.273 240.864  -0.101    5.012  -10.000     -422.3309    -7671.7852
27   1  18.165  37815.273 240.864  -0.079    3.380  -10.000     -422.3309    -7671.7852
23   1  18.165  37817.262 280.261   0.005    1.740  -10.000     -422.2215    -7669.7969
24   1  18.165  37817.262 280.261  -0.030    2.858  -10.000     -422.2215    -7669.7969
25   1  18.165  37817.262 280.261  -0.044    4.410  -10.000     -422.2215    -7669.7969
26   1  18.165  37817.262 280.261  -0.044    5.445  -10.000     -422.2215    -7669.7969
27   1  18.165  37817.262 280.261  -0.080    3.795  -10.000     -422.2215    -7669.7969
23   1  18.165  37818.262 300.081   0.016    1.827  -10.000     -422.1664    -7668.7969
24   1  18.165  37818.262 300.081  -0.020    3.010  -10.000     -422.1664    -7668.7969
25   1  18.165  37818.262 300.081  -0.033    4.597  -10.000     -422.1664    -7668.7969
26   1  18.165  37818.262 300.081  -0.012    5.662  -10.000     -422.1664    -7668.7969
27   1  18.165  37818.262 300.081  -0.014    4.065  -10.000     -422.1664    -7668.7969
23   1  18.165  37820.250 339.489   0.040    2.005  -10.000     -422.0570    -7666.8086
24   1  18.165  37820.250 339.489   0.027    3.317  -10.000     -422.0570    -7666.8086
25   1  18.165  37820.250 339.489   0.002    4.947  -10.000     -422.0570    -7666.8086
26   1  18.165  37820.250 339.489  -0.095    5.910  -10.000     -422.0570    -7666.8086
27   1  18.165  37820.250 339.489   0.062    4.503  -10.000     -422.0570    -7666.8086
23   1  18.165  37821.250 359.308   0.046    2.092  -10.000     -422.0019    -7665.8086
24   1  18.165  37821.250 359.308   0.039    3.455  -10.000     -422.0019    -7665.8086
25   1  18.165  37821.250 359.308   0.022    5.115  -10.000     -422.0019    -7665.8086
26   1  18.165  37821.250 359.308   0.056    6.215  -10.000     -422.0019    -7665.8086
27   1  18.165  37821.250 359.308   0.079    4.685  -10.000     -422.0019    -7665.8086
23   1  18.165  37822.242  18.962   0.038    2.168  -10.000     -421.9473    -7664.8164
24   1  18.165  37822.242  18.962   0.034    3.572  -10.000     -421.9473    -7664.8164
25   1  18.165  37822.242  18.962   0.018    5.253  -10.000     -421.9473    -7664.8164
26   1  18.165  37822.242  18.962  -0.001    6.305  -10.000     -421.9473    -7664.8164
27   1  18.165  37822.242  18.962   0.088    4.852  -10.000     -421.9473    -7664.8164
23   1  18.165  37825.262  78.805  -0.003    2.298  -10.000     -421.7811    -7661.7969
24   1  18.165  37825.262  78.805  -0.005    3.735  -10.000     -421.7811    -7661.7969
25   1  18.165  37825.262  78.805  -0.068    5.383  -10.000     -421.7811    -7661.7969
26   1  18.165  37825.262  78.805  -0.287    6.240  -10.000     -421.7811    -7661.7969
27   1  18.165  37825.262  78.805  -0.038    4.955  -10.000     -421.7811    -7661.7969
23   1  18.165  37826.223  97.855  -0.011    2.278  -10.000     -421.7282    -7660.8359
24   1  18.165  37826.223  97.855  -0.051    3.640  -10.000     -421.7282    -7660.8359
25   1  18.165  37826.223  97.855  -0.092    5.293  -10.000     -421.7282    -7660.8359
26   1  18.165  37826.223  97.855  -0.206    6.250  -10.000     -421.7282    -7660.8359
27   1  18.165  37826.223  97.855  -0.072    4.840  -10.000     -421.7282    -7660.8359
23   1  18.165  37829.230 157.456   0.020    2.132  -10.000     -421.5626    -7657.8281
24   1  18.165  37829.230 157.456   0.027    3.350  -10.000     -421.5626    -7657.8281
25   1  18.165  37829.230 157.456  -0.005    4.915  -10.000     -421.5626    -7657.8281
26   1  18.165  37829.230 157.456  -0.168    5.795  -10.000     -421.5626    -7657.8281
27   1  18.165  37829.230 157.456   0.034    4.400  -10.000     -421.5626    -7657.8281
23   1  18.165  37839.242 355.869   0.049    2.080  -10.000     -421.0115    -7647.8164
24   1  18.165  37839.242 355.869   0.041    3.435  -10.000     -421.0115    -7647.8164
25   1  18.165  37839.242 355.869   0.016    5.082  -10.000     -421.0115    -7647.8164
26   1  18.165  37839.242 355.869   0.036    6.167  -10.000     -421.0115    -7647.8164
27   1  18.165  37839.242 355.869   0.091    4.668  -10.000     -421.0115    -7647.8164
23   1  18.165  37840.223  15.304   0.124    2.237  -10.000     -420.9575    -7646.8359
24   1  18.165  37840.223  15.304   0.115    3.630  -10.000     -420.9575    -7646.8359
25   1  18.165  37840.223  15.304   0.100    5.307  -10.000     -420.9575    -7646.8359
26   1  18.165  37840.223  15.304  -0.059    6.220  -10.000     -420.9575    -7646.8359
27   1  18.165  37840.223  15.304   0.170    4.905  -10.000     -420.9575    -7646.8359
23   1  18.165  37841.230  35.277   0.047    2.240  -10.000     -420.9020    -7645.8281
24   1  18.165  37841.230  35.277   0.040    3.665  -10.000     -420.9020    -7645.8281
25   1  18.165  37841.230  35.277   0.030    5.363  -10.000     -420.9020    -7645.8281
26   1  18.165  37841.230  35.277   0.047    6.455  -10.000     -420.9020    -7645.8281
27   1  18.165  37841.230  35.277   0.100    4.972  -10.000     -420.9020    -7645.8281
23   1  18.165  37842.211  54.712   0.032    2.288  -10.000     -420.8480    -7644.8477
24   1  18.165  37842.211  54.712   0.012    3.715  -10.000     -420.8480    -7644.8477
25   1  18.165  37842.211  54.712   0.025    5.443  -10.000     -420.8480    -7644.8477
26   1  18.165  37842.211  54.712  -0.092    6.403  -10.000     -420.8480    -7644.8477
27   1  18.165  37842.211  54.712   0.059    5.023  -10.000     -420.8480    -7644.8477
23   1  18.165  37844.211  94.340  -0.013    2.280  -10.000     -420.7379    -7642.8477
24   1  18.165  37844.211  94.340  -0.070    3.635  -10.000     -420.7379    -7642.8477
25   1  18.165  37844.211  94.340  -0.125    5.278  -10.000     -420.7379    -7642.8477
26   1  18.165  37844.211  94.340  -0.175    6.300  -10.000     -420.7379    -7642.8477
27   1  18.165  37844.211  94.340  -0.081    4.852  -10.000     -420.7379    -7642.8477
23   1  18.165  37845.211 114.159   0.018    2.257  -10.000     -420.6829    -7641.8477
24   1  18.165  37845.211 114.159   0.004    3.592  -10.000     -420.6829    -7641.8477
25   1  18.165  37845.211 114.159  -0.009    5.245  -10.000     -420.6829    -7641.8477
26   1  18.165  37845.211 114.159  -0.032    6.285  -10.000     -420.6829    -7641.8477
27   1  18.165  37845.211 114.159   0.012    4.770  -10.000     -420.6829    -7641.8477
23   1  18.165  37846.211 133.978   0.065    2.227  -10.000     -420.6278    -7640.8477
24   1  18.165  37846.211 133.978   0.083    3.517  -10.000     -420.6278    -7640.8477
25   1  18.165  37846.211 133.978   0.056    5.117  -10.000     -420.6278    -7640.8477
26   1  18.165  37846.211 133.978   0.011    6.125  -10.000     -420.6278    -7640.8477
27   1  18.165  37846.211 133.978   0.114    4.648  -10.000     -420.6278    -7640.8477
23   1  18.165  37850.211 213.256  -0.067    1.445  -10.000     -420.4076    -7636.8477
24   1  18.165  37850.211 213.256  -0.079    2.342  -10.000     -420.4076    -7636.8477
25   1  18.165  37850.211 213.256   0.048    3.915  -10.000     -420.4076    -7636.8477
26   1  18.165  37850.211 213.256   0.058    4.925  -10.000     -420.4076    -7636.8477
27   1  18.165  37850.211 213.256  -0.061    3.122  -10.000     -420.4076    -7636.8477
 3 150  18.165  50541.496  88.649  -0.015    9.056  -10.000      278.2462     5054.4375
 5 150  18.165  50541.496  88.649  -0.042    7.624  -10.000      278.2462     5054.4375
 3 150  18.165  50542.504 108.622   0.008    9.044  -10.000      278.3017     5055.4453
 5 150  18.165  50542.504 108.622  -0.027    7.639  -10.000      278.3017     5055.4453
 3 150  18.165  50568.340 260.629  -0.045    8.407  -10.000      279.7240     5081.2812
 5 150  18.165  50568.340 260.629  -0.035    7.234  -10.000      279.7240     5081.2812
 3 150  18.165  50570.301 299.498  -0.049    8.542  -10.000      279.8319     5083.2422
 5 150  18.165  50570.301 299.498  -0.030    7.292  -10.000      279.8319     5083.2422
 3 150  18.165  50571.285 318.999  -0.001    8.664  -10.000      279.8861     5084.2266
 5 150  18.165  50571.285 318.999  -0.007    7.350  -10.000      279.8861     5084.2266
 3 150  18.165  50572.273 338.588  -0.012    8.726  -10.000      279.9405     5085.2148
 5 150  18.165  50572.273 338.588  -0.028    7.370  -10.000      279.9405     5085.2148
 3 150  18.165  50573.281 358.561  -0.007    8.812  -10.000      279.9960     5086.2227
 5 150  18.165  50573.281 358.561  -0.012    7.438  -10.000      279.9960     5086.2227
 3 150  18.165  50575.277  38.123  -0.006    8.970  -10.000      280.1059     5088.2188
 5 150  18.165  50575.277  38.123  -0.018    7.545  -10.000      280.1059     5088.2188
 3 150  18.165  50575.391  40.364  -0.024    8.959  -10.000      280.1121     5088.3320
 5 150  18.165  50575.391  40.364  -0.021    7.548  -10.000      280.1121     5088.3320
 3 150  18.165  50576.281  58.019  -0.019    9.018  -10.000      280.1612     5089.2227
 5 150  18.165  50576.281  58.019  -0.026    7.591  -10.000      280.1612     5089.2227
 3 150  18.165  50576.375  59.875  -0.020    9.022  -10.000      280.1663     5089.3164
 5 150  18.165  50576.375  59.875  -0.021    7.600  -10.000      280.1663     5089.3164
 3 150  18.165  50577.375  79.695   0.001    9.075  -10.000      280.2214     5090.3164
 5 150  18.165  50577.375  79.695  -0.023    7.637  -10.000      280.2214     5090.3164
 3 150  18.165  50578.270  97.416   0.012    9.075  -10.000      280.2706     5091.2109
 5 150  18.165  50578.270  97.416  -0.007    7.663  -10.000      280.2706     5091.2109
 3 150  18.165  50578.309  98.196  -0.019    9.043  -10.000      280.2728     5091.2500
 5 150  18.165  50578.309  98.196  -0.035    7.636  -10.000      280.2728     5091.2500
 3 150  18.165  50579.395 119.718   0.045    9.038  -10.000      280.3326     5092.3359
 5 150  18.165  50579.395 119.718  -0.016    7.636  -10.000      280.3326     5092.3359
 3 150  18.165  50580.281 137.285   0.088    9.020  -10.000      280.3813     5093.2227
 5 150  18.165  50580.281 137.285   0.023    7.656  -10.000      280.3813     5093.2227
 3 150  18.165  50580.367 138.988   0.087    9.013  -10.000      280.3861     5093.3086
 5 150  18.165  50580.367 138.988   0.015    7.646  -10.000      280.3861     5093.3086
 3 150  18.165  50582.305 177.385   0.131    8.800  -10.000      280.4927     5095.2461
 5 150  18.165  50582.305 177.385   0.034    7.522  -10.000      280.4927     5095.2461
 3 150  18.165  50582.379 178.857   0.129    8.765  -10.000      280.4968     5095.3203
 5 150  18.165  50582.379 178.857   0.031    7.497  -10.000      280.4968     5095.3203
 3 150  18.165  50583.293 196.974   0.176    8.491  -10.000      280.5471     5096.2344
 5 150  18.165  50583.293 196.974   0.079    7.334  -10.000      280.5471     5096.2344
 3 150  18.165  50583.367 198.446   0.151    8.458  -10.000      280.5512     5096.3086
 5 150  18.165  50583.367 198.446   0.065    7.314  -10.000      280.5512     5096.3086
 3 150  18.165  50584.285 216.639  -0.051    8.263  -10.000      280.6018     5097.2266
 5 150  18.165  50584.285 216.639  -0.055    7.183  -10.000      280.6018     5097.2266
 3 150  18.165  50584.355 218.035  -0.059    8.259  -10.000      280.6057     5097.2969
 5 150  18.165  50584.355 218.035  -0.062    7.177  -10.000      280.6057     5097.2969
 3 150  18.165  50890.480 164.806   0.064    8.922  -10.000      297.4578     5403.4219
 5 150  18.165  50890.480 164.806  -0.009    7.599  -10.000      297.4578     5403.4219
 3 150  18.165  50891.391 182.845   0.231    8.774  -10.000      297.5079     5404.3320
 5 150  18.165  50891.391 182.845   0.108    7.513  -10.000      297.5079     5404.3320
 3 150  18.165  50891.441 183.845   0.204    8.723  -10.000      297.5107     5404.3828
 5 150  18.165  50891.441 183.845   0.093    7.483  -10.000      297.5107     5404.3828
 3 150  18.165  50892.438 203.588   0.095    8.388  -10.000      297.5655     5405.3789
 5 150  18.165  50892.438 203.588   0.041    7.278  -10.000      297.5655     5405.3789
 3 150  18.165  50893.301 220.693  -0.070    8.255  -10.000      297.6130     5406.2422
 5 150  18.165  50893.301 220.693  -0.060    7.180  -10.000      297.6130     5406.2422
 3 150  18.165  50893.457 223.792  -0.087    8.246  -10.000      297.6216     5406.3984
 5 150  18.165  50893.457 223.792  -0.069    7.172  -10.000      297.6216     5406.3984
 3 150  18.165  50896.461 283.326  -0.034    8.496  -10.000      297.7870     5409.4023
 5 150  18.165  50896.461 283.326  -0.007    7.289  -10.000      297.7870     5409.4023
 3 150  18.165  50897.316 300.278  -0.037    8.557  -10.000      297.8341     5410.2578
 5 150  18.165  50897.316 300.278   0.006    7.329  -10.000      297.8341     5410.2578
 3 150  18.165  50897.363 301.212  -0.031    8.566  -10.000      297.8367     5410.3047
 5 150  18.165  50897.363 301.212  -0.027    7.297  -10.000      297.8367     5410.3047
 3 150  18.165  50897.445 302.838  -0.011    8.592  -10.000      297.8412     5410.3867
 5 150  18.165  50897.445 302.838   0.006    7.333  -10.000      297.8412     5410.3867
 3 150  18.165  50901.512  23.423  -0.007    8.915  -10.000      298.0651     5414.4531
 5 150  18.165  50901.512  23.423  -0.008    7.514  -10.000      298.0651     5414.4531
 3 150  18.165  50902.293  38.903  -0.020    8.958  -10.000      298.1081     5415.2344
 5 150  18.165  50902.293  38.903   0.002    7.567  -10.000      298.1081     5415.2344
 3 150  18.165  50902.398  40.990  -0.026    8.959  -10.000      298.1139     5415.3398
 5 150  18.165  50902.398  40.990  -0.012    7.559  -10.000      298.1139     5415.3398
 3 150  18.165  50902.461  42.231  -0.024    8.965  -10.000      298.1173     5415.4023
 5 150  18.165  50902.461  42.231  -0.014    7.560  -10.000      298.1173     5415.4023
 3 150  18.165  50904.305  78.772  -0.019    9.054  -10.000      298.2188     5417.2461
 5 150  18.165  50904.305  78.772  -0.017    7.641  -10.000      298.2188     5417.2461
 3 150  18.165  50904.355  79.783  -0.026    9.048  -10.000      298.2216     5417.2969
 5 150  18.165  50904.355  79.783  -0.028    7.632  -10.000      298.2216     5417.2969
 3 150  18.165  50904.457  81.793  -0.033    9.041  -10.000      298.2272     5417.3984
 5 150  18.165  50904.457  81.793  -0.032    7.630  -10.000      298.2272     5417.3984
 3 150  18.165  50905.316  98.822  -0.010    9.051  -10.000      298.2745     5418.2578
 5 150  18.165  50905.316  98.822  -0.012    7.659  -10.000      298.2745     5418.2578
 3 150  18.165  50906.492 122.124   0.018    9.001  -10.000      298.3392     5419.4336
 5 150  18.165  50906.492 122.124  -0.012    7.636  -10.000      298.3392     5419.4336
 3 150  18.165  50907.395 140.010   0.067    8.990  -10.000      298.3889     5420.3359
 5 150  18.165  50907.395 140.010   0.003    7.633  -10.000      298.3889     5420.3359
 3 150  18.165  50907.469 141.482   0.079    8.997  -10.000      298.3930     5420.4102
 3 150  18.165  50908.395 159.829   0.015    8.902  -10.000      298.4440     5421.3359
 5 150  18.165  50908.395 159.829  -0.050    7.574  -10.000      298.4440     5421.3359
 3 150  18.165  50908.477 161.455   0.056    8.936  -10.000      298.4485     5421.4180
 5 150  18.165  50908.477 161.455  -0.029    7.592  -10.000      298.4485     5421.4180
 3 150  18.165  50909.410 179.956   0.149    8.760  -10.000      298.4999     5422.3516
 5 150  18.165  50909.410 179.956   0.047    7.497  -10.000      298.4999     5422.3516
 3 150  18.165  50910.281 197.216   0.182    8.496  -10.000      298.5478     5423.2227
 5 150  18.165  50910.281 197.216   0.086    7.340  -10.000      298.5478     5423.2227
 3 150  18.165  50910.359 198.765   0.160    8.465  -10.000      298.5521     5423.3008
 5 150  18.165  50910.359 198.765   0.071    7.318  -10.000      298.5521     5423.3008
 3 150  18.165  50910.434 200.237   0.148    8.448  -10.000      298.5562     5423.3750
 5 150  18.165  50910.434 200.237   0.069    7.312  -10.000      298.5562     5423.3750
 3 150  18.165  50912.285 236.931  -0.069    8.301  -10.000      298.6581     5425.2266
 5 150  18.165  50912.285 236.931  -0.052    7.195  -10.000      298.6581     5425.2266
 3 150  18.165  50912.371 238.634  -0.062    8.314  -10.000      298.6629     5425.3125
 5 150  18.165  50912.371 238.634  -0.043    7.205  -10.000      298.6629     5425.3125
 3 150  18.165  50912.453 240.260  -0.072    8.310  -10.000      298.6674     5425.3945
 5 150  18.165  50912.453 240.260  -0.034    7.215  -10.000      298.6674     5425.3945
 3 150  18.165  50913.281 256.674  -0.039    8.399  -10.000      298.7130     5426.2227
 5 150  18.165  50913.281 256.674  -0.022    7.242  -10.000      298.7130     5426.2227
 3 150  18.165  50913.367 258.376  -0.036    8.408  -10.000      298.7177     5426.3086
 5 150  18.165  50913.367 258.376  -0.017    7.249  -10.000      298.7177     5426.3086
 3 150  18.165  50913.438 259.761  -0.042    8.407  -10.000      298.7216     5426.3789
 5 150  18.165  50913.438 259.761  -0.024    7.244  -10.000      298.7216     5426.3789
 3 150  18.165  50914.281 276.482  -0.032    8.474  -10.000      298.7680     5427.2227
 5 150  18.165  50914.281 276.482  -0.017    7.270  -10.000      298.7680     5427.2227
 3 150  18.165  50914.355 277.954  -0.030    8.481  -10.000      298.7721     5427.2969
 5 150  18.165  50914.355 277.954  -0.010    7.279  -10.000      298.7721     5427.2969
 3 150  18.165  50914.438 279.580  -0.023    8.494  -10.000      298.7766     5427.3789
 5 150  18.165  50914.438 279.580  -0.003    7.288  -10.000      298.7766     5427.3789
 3 150  18.165  50915.301 296.697  -0.040    8.541  -10.000      298.8242     5428.2422
 5 150  18.165  50915.301 296.697  -0.008    7.309  -10.000      298.8242     5428.2422
 3 150  18.165  50915.355 297.773  -0.021    8.564  -10.000      298.8271     5428.2969
 5 150  18.165  50915.355 297.773   0.000    7.319  -10.000      298.8271     5428.2969
 3 150  18.165  50915.453 299.707  -0.032    8.560  -10.000      298.8325     5428.3945
 5 150  18.165  50915.453 299.707  -0.022    7.300  -10.000      298.8325     5428.3945
 3 150  18.165  50916.262 315.736  -0.028    8.624  -10.000      298.8770     5429.2031
 5 150  18.165  50916.262 315.736  -0.006    7.345  -10.000      298.8770     5429.2031
 3 150  18.165  50916.352 317.516  -0.015    8.644  -10.000      298.8820     5429.2930
 5 150  18.165  50916.352 317.516   0.004    7.358  -10.000      298.8820     5429.2930
 3 150  18.165  50916.434 319.142  -0.016    8.649  -10.000      298.8865     5429.3750
 5 150  18.165  50916.434 319.142  -0.001    7.356  -10.000      298.8865     5429.3750
 3 150  18.165  50917.262 335.555  -0.020    8.707  -10.000      298.9321     5430.2031
 5 150  18.165  50917.262 335.555  -0.010    7.381  -10.000      298.9321     5430.2031
 3 150  18.165  50917.371 337.720  -0.014    8.721  -10.000      298.9381     5430.3125
 5 150  18.165  50917.371 337.720  -0.003    7.393  -10.000      298.9381     5430.3125
 3 150  18.165  50917.445 339.192  -0.013    8.728  -10.000      298.9422     5430.3867
 5 150  18.165  50917.445 339.192  -0.009    7.391  -10.000      298.9422     5430.3867
18 163  18.165  47865.531 336.478   0.015    8.888  -10.000      130.9347     2378.4727
18 163  18.165  47865.547 336.786   0.036    8.910  -10.000      130.9355     2378.4883
18 163  18.165  47865.621 338.258   0.022    8.901  -10.000      130.9396     2378.5625
18 163  18.165  47865.633 338.489   0.038    8.918  -10.000      130.9402     2378.5742
18 163  18.165  47885.793  18.023   0.021    9.060  -10.000      132.0501     2398.7344
18 163  18.165  47915.734 251.400  -0.022    8.545  -10.000      133.6983     2428.6758
18 163  18.165  47915.750 251.713  -0.063    8.506  -10.000      133.6992     2428.6914
18 163  18.165  47915.836 253.416  -0.021    8.554  -10.000      133.7039     2428.7773
18 163  18.165  47947.277 156.517   0.020    9.060  -10.000      135.4348     2460.2188
18 163  18.165  47947.293 156.830   0.040    9.080  -10.000      135.4356     2460.2344
18 163  18.165  48011.258 344.482   0.014    8.916  -10.000      138.9569     2524.1992
18 163  18.165  48011.273 344.789   0.014    8.917  -10.000      138.9577     2524.2148
18 163  18.165  48011.363 346.569   0.014    8.924  -10.000      138.9627     2524.3047
18 163  18.165  48034.910  93.224  -0.025    9.183  -10.000      140.2590     2547.8516
18 163  18.165  48034.984  94.691   0.008    9.215  -10.000      140.2630     2547.9258
18 163  18.165  48035.000  95.004  -0.015    9.191  -10.000      140.2639     2547.9414
18 163  18.165  48035.180  98.564   0.022    9.224  -10.000      140.2738     2548.1211
18 163  18.165  48068.129  31.553   0.030    9.122  -10.000      142.0876     2581.0703
18 163  18.165  48068.141  31.783   0.022    9.115  -10.000      142.0883     2581.0820
18 163  18.165  48068.215  33.256   0.037    9.135  -10.000      142.0924     2581.1562
18 163  18.165  48068.230  33.563   0.017    9.116  -10.000      142.0932     2581.1719
18 163  18.165  48100.102 305.184  -0.010    8.746  -10.000      143.8477     2613.0430
18 163  18.165  48100.117 305.491  -0.035    8.722  -10.000      143.8486     2613.0586
18 163  18.165  48100.191 306.964  -0.016    8.746  -10.000      143.8527     2613.1328
18 163  18.165  48100.207 307.277  -0.001    8.762  -10.000      143.8535     2613.1484
18 163  18.165  48159.535  43.039   0.009    9.141  -10.000      147.1196     2672.4766
18 163  18.165  48159.551  43.347   0.011    9.143  -10.000      147.1204     2672.4922
18 163  18.165  48159.625  44.819   0.008    9.145  -10.000      147.1245     2672.5664
18 163  18.165  48172.957 309.029   0.020    8.790  -10.000      147.8584     2685.8984
18 163  18.165  48172.969 309.265   0.002    8.773  -10.000      147.8591     2685.9102
18 163  18.165  48173.047 310.809  -0.011    8.766  -10.000      147.8634     2685.9883
18 163  18.165  48173.059 311.045  -0.017    8.760  -10.000      147.8640     2686.0000
18 163  18.165  48211.062 344.202  -0.019    8.883  -10.000      149.9561     2724.0039
18 163  18.165  48211.078 344.515   0.036    8.938  -10.000      149.9570     2724.0195
18 163  18.165  48211.152 345.981   0.016    8.924  -10.000      149.9611     2724.0938
18 163  18.165  48211.164 346.218   0.041    8.950  -10.000      149.9617     2724.1055
18 163  18.165  48227.859 317.082   0.008    8.809  -10.000      150.8808     2740.8008
18 163  18.165  48227.875 317.395   0.000    8.802  -10.000      150.8817     2740.8164
18 163  18.165  48227.961 319.098   0.018    8.826  -10.000      150.8864     2740.9023
18 163  18.165  48228.051 320.878  -0.018    8.796  -10.000      150.8913     2740.9922
18 163  18.165  48260.641 246.742  -0.039    8.514  -10.000      152.6854     2773.5820
18 163  18.165  48260.656 247.050  -0.049    8.504  -10.000      152.6862     2773.5977
18 163  18.165  48260.730 248.522  -0.042    8.517  -10.000      152.6903     2773.6719
18 163  18.165  48260.746 248.829  -0.059    8.500  -10.000      152.6912     2773.6875
18 163  18.165  48287.047  50.059  -0.028    9.126  -10.000      154.1391     2799.9883
18 163  18.165  48287.137  51.839  -0.006    9.153  -10.000      154.1440     2800.0781
18 163  18.165  48312.715 198.743   0.022    8.479  -10.000      155.5521     2825.6562
18 163  18.165  48312.727 198.979   0.053    8.509  -10.000      155.5527     2825.6680
18 163  18.165  48312.805 200.528   0.031    8.481  -10.000      155.5570     2825.7461
18 163  18.165  48312.816 200.759   0.021    8.471  -10.000      155.5577     2825.7578
18 163  18.165  48312.906 202.538   0.024    8.470  -10.000      155.5626     2825.8477
18 163  18.165  48351.457 246.539  -0.071    8.481  -10.000      157.6848     2864.3984
18 163  18.165  48351.469 246.769  -0.080    8.473  -10.000      157.6855     2864.4102
18 163  18.165  48351.633 250.021  -0.044    8.519  -10.000      157.6945     2864.5742
18 163  18.165  48351.648 250.329  -0.066    8.498  -10.000      157.6954     2864.5898
18 163  18.165  48351.723 251.801  -0.033    8.536  -10.000      157.6994     2864.6641
18 163  18.165  48351.734 252.032  -0.040    8.530  -10.000      157.7001     2864.6758
18 163  18.165  48351.812 253.581  -0.073    8.502  -10.000      157.7044     2864.7539
18 163  18.165  48373.051 314.478  -0.005    8.785  -10.000      158.8736     2885.9922
18 163  18.165  48373.141 316.263  -0.011    8.786  -10.000      158.8785     2886.0820
18 163  18.165  48373.156 316.571   0.006    8.805  -10.000      158.8794     2886.0977
18 163  18.165  48373.230 318.043  -0.027    8.777  -10.000      158.8835     2886.1719
18 163  18.165  48373.242 318.274   0.004    8.809  -10.000      158.8841     2886.1836
18 163  18.165  48411.082 348.184   0.016    8.932  -10.000      160.9672     2924.0234
18 163  18.165  48411.172 349.964   0.019    8.942  -10.000      160.9721     2924.1133
18 163  18.165  48411.184 350.195   0.010    8.934  -10.000      160.9728     2924.1250
18 163  18.165  48411.258 351.667  -0.037    8.893  -10.000      160.9769     2924.1992
18 163  18.165  48465.812 352.831   0.003    8.938  -10.000      163.9801     2978.7539
18 163  18.165  48465.828 353.139   0.025    8.961  -10.000      163.9809     2978.7695
18 163  18.165  48465.902 354.611   0.022    8.965  -10.000      163.9850     2978.8438
18 163  18.165  48501.793 345.888   0.015    8.923  -10.000      165.9608     3014.7344
18 163  18.165  48501.805 346.119   0.028    8.937  -10.000      165.9614     3014.7461
18 163  18.165  48517.625 299.647  -0.020    8.716  -10.000      166.8324     3030.5664
18 163  18.165  48517.699 301.119  -0.022    8.719  -10.000      166.8364     3030.6406
18 163  18.165  48517.715 301.426  -0.017    8.726  -10.000      166.8373     3030.6562
18 163  18.165  48517.789 302.899   0.014    8.762  -10.000      166.8414     3030.7305
18 163  18.165  48556.371 347.514  -0.013    8.900  -10.000      168.9653     3069.3125
18 163  18.165  48556.383 347.750  -0.016    8.899  -10.000      168.9660     3069.3242
18 163  18.165  48556.461 349.294   0.027    8.948  -10.000      168.9703     3069.4023
18 163  18.165  48556.473 349.530  -0.002    8.919  -10.000      168.9709     3069.4141
18 163  18.165  48570.590 269.302  -0.036    8.594  -10.000      169.7481     3083.5312
18 163  18.165  48570.605 269.610  -0.052    8.578  -10.000      169.7489     3083.5469
18 163  18.165  48570.680 271.082  -0.032    8.604  -10.000      169.7530     3083.6211
18 163  18.165  48570.695 271.390  -0.019    8.617  -10.000      169.7539     3083.6367
18 163  18.165  48605.945 249.977  -0.070    8.493  -10.000      171.6944     3118.8867
18 163  18.165  48605.961 250.285  -0.062    8.502  -10.000      171.6952     3118.9023
18 163  18.165  48606.035 251.757  -0.050    8.519  -10.000      171.6993     3118.9766
18 163  18.165  48628.086 328.755  -0.049    8.794  -10.000      172.9132     3141.0273
18 163  18.165  48628.164 330.304  -0.013    8.836  -10.000      172.9175     3141.1055
18 163  18.165  48628.176 330.540  -0.019    8.831  -10.000      172.9182     3141.1172
18 163  18.165  48628.250 332.007  -0.004    8.851  -10.000      172.9222     3141.1914
18 163  18.165  48628.266 332.320   0.009    8.865  -10.000      172.9231     3141.2070
18 163  18.165  48656.594 173.727   0.046    8.935  -10.000      174.4826     3169.5352
18 163  18.165  48656.609 174.034   0.035    8.919  -10.000      174.4834     3169.5508
18 163  18.165  48656.684 175.507   0.040    8.895  -10.000      174.4875     3169.6250
18 163  18.165  48656.699 175.814   0.015    8.865  -10.000      174.4884     3169.6406
18 163  18.165  48656.773 177.286   0.074    8.893  -10.000      174.4925     3169.7148
18 163  18.165  48712.578 203.220   0.011    8.456  -10.000      177.5645     3225.5195
18 163  18.165  48712.594 203.533   0.007    8.452  -10.000      177.5654     3225.5352
18 163  18.165  48712.668 204.999   0.003    8.448  -10.000      177.5694     3225.6094
18 163  18.165  48712.680 205.236   0.016    8.461  -10.000      177.5701     3225.6211
18 163  18.165  48712.770 207.015  -0.025    8.421  -10.000      177.5750     3225.7109
18 163  18.165  48753.363 291.500  -0.026    8.680  -10.000      179.8097     3266.3047
18 163  18.165  48753.379 291.808  -0.040    8.667  -10.000      179.8106     3266.3203
18 163  18.165  48753.453 293.280  -0.004    8.708  -10.000      179.8147     3266.3945
18 163  18.165  48753.469 293.588  -0.039    8.675  -10.000      179.8155     3266.4102
18 163  18.165  48778.883  77.245  -0.043    9.169  -10.000      181.2146     3291.8242
18 163  18.165  48778.957  78.717   0.003    9.215  -10.000      181.2187     3291.8984
18 163  18.165  48779.047  80.497  -0.038    9.176  -10.000      181.2236     3291.9883
18 163  18.165  48779.059  80.728   0.011    9.225  -10.000      181.2242     3292.0000
18 163  18.165  48952.055 269.160  -0.038    8.591  -10.000      190.7477     3464.9961
18 163  18.165  48971.352 291.583  -0.003    8.703  -10.000      191.8100     3484.2930
18 163  18.165  48971.426 293.055  -0.023    8.689  -10.000      191.8140     3484.3672
18 163  18.165  48971.441 293.362   0.005    8.718  -10.000      191.8149     3484.3828
18 163  18.165  49017.117 118.564   0.006    9.146  -10.000      194.3293     3530.0586
18 163  18.165  49017.191 120.037   0.043    9.176  -10.000      194.3334     3530.1328
18 163  18.165  49017.207 120.344   0.022    9.154  -10.000      194.3343     3530.1484
 1   2  18.165  41647.855 234.822   0.021   10.000  -10.000     -211.3477    -3839.2031
 2   2  18.165  41647.855 234.822  -0.035    9.310  -10.000     -211.3477    -3839.2031
 3   2  18.165  41647.855 234.822  -0.064    8.300  -10.000     -211.3477    -3839.2031
 1   2  18.165  41649.828 273.917  -0.029   10.360  -10.000     -211.2391    -3837.2305
 2   2  18.165  41649.828 273.917  -0.039    9.560  -10.000     -211.2391    -3837.2305
 3   2  18.165  41649.828 273.917  -0.018    8.480  -10.000     -211.2391    -3837.2305
 1   2  18.165  41652.816 333.138   0.031   10.980  -10.000     -211.0746    -3834.2422
 2   2  18.165  41652.816 333.138   0.014    9.980  -10.000     -211.0746    -3834.2422
 3   2  18.165  41652.816 333.138   0.003    8.720  -10.000     -211.0746    -3834.2422
 1   2  18.165  41654.820  12.849  -0.001   11.270  -10.000     -210.9643    -3832.2383
 2   2  18.165  41654.820  12.849   0.034   10.230  -10.000     -210.9643    -3832.2383
 3   2  18.165  41654.820  12.849   0.013    8.890  -10.000     -210.9643    -3832.2383
 1   2  18.165  41655.812  32.514  -0.009   11.400  -10.000     -210.9097    -3831.2461
 2   2  18.165  41655.812  32.514   0.030   10.330  -10.000     -210.9097    -3831.2461
 3   2  18.165  41655.812  32.514   0.014    8.970  -10.000     -210.9097    -3831.2461
 1   2  18.165  41658.836  92.433  -0.109   11.390  -10.000     -210.7432    -3828.2227
 2   2  18.165  41658.836  92.433  -0.043   10.360  -10.000     -210.7432    -3828.2227
 3   2  18.165  41658.836  92.433  -0.028    9.040  -10.000     -210.7432    -3828.2227
 1   2  18.165  41761.676 330.507   0.064   10.990  -10.000     -205.0819    -3725.3828
 2   2  18.165  41761.676 330.507   0.070   10.020  -10.000     -205.0819    -3725.3828
 3   2  18.165  41761.676 330.507   0.083    8.790  -10.000     -205.0819    -3725.3828
 1   2  18.165  41762.730 351.409   0.063   11.160  -10.000     -205.0239    -3724.3281
 2   2  18.165  41762.730 351.409   0.060   10.130  -10.000     -205.0239    -3724.3281
 3   2  18.165  41762.730 351.409   0.152    8.940  -10.000     -205.0239    -3724.3281
 1   2  18.165  41764.734  31.124   0.039   11.440  -10.000     -204.9135    -3722.3242
 2   2  18.165  41764.734  31.124   0.036   10.330  -10.000     -204.9135    -3722.3242
 3   2  18.165  41764.734  31.124   0.049    9.000  -10.000     -204.9135    -3722.3242
 1   2  18.165  41765.711  50.477   0.021   11.520  -10.000     -204.8598    -3721.3477
 2   2  18.165  41765.711  50.477   0.017   10.390  -10.000     -204.8598    -3721.3477
 3   2  18.165  41765.711  50.477   0.035    9.050  -10.000     -204.8598    -3721.3477
 1   2  18.165  41767.742  90.731  -0.087   11.420  -10.000     -204.7480    -3719.3164
 2   2  18.165  41767.742  90.731  -0.048   10.360  -10.000     -204.7480    -3719.3164
 3   2  18.165  41767.742  90.731   0.000    9.070  -10.000     -204.7480    -3719.3164
 1   2  18.165  41768.734 110.396  -0.030   11.330  -10.000     -204.6933    -3718.3242
 2   2  18.165  41768.734 110.396  -0.002   10.320  -10.000     -204.6933    -3718.3242
 3   2  18.165  41768.734 110.396   0.030    9.060  -10.000     -204.6933    -3718.3242
 1   2  18.165  41769.727 130.056   0.113   11.250  -10.000     -204.6387    -3717.3320
 2   2  18.165  41769.727 130.056   0.088   10.270  -10.000     -204.6387    -3717.3320
 3   2  18.165  41769.727 130.056   0.085    9.040  -10.000     -204.6387    -3717.3320
 1   2  18.165  41770.762 150.573   0.091   11.060  -10.000     -204.5817    -3716.2969
 2   2  18.165  41770.762 150.573   0.071   10.150  -10.000     -204.5817    -3716.2969
 3   2  18.165  41770.762 150.573   0.069    8.970  -10.000     -204.5817    -3716.2969
 1   2  18.165  41771.727 169.695  -0.035   10.710  -10.000     -204.5286    -3715.3320
 2   2  18.165  41771.727 169.695  -0.048    9.880  -10.000     -204.5286    -3715.3320
 3   2  18.165  41771.727 169.695  -0.007    8.800  -10.000     -204.5286    -3715.3320
 1   2  18.165  41772.738 189.745   0.131   10.060  -10.000     -204.4729    -3714.3203
 2   2  18.165  41772.738 189.745   0.016    9.360  -10.000     -204.4729    -3714.3203
 3   2  18.165  41772.738 189.745   0.041    8.440  -10.000     -204.4729    -3714.3203
 1   2  18.165  41773.734 209.487   0.059    9.810  -10.000     -204.4181    -3713.3242
 2   2  18.165  41773.734 209.487  -0.079    9.130  -10.000     -204.4181    -3713.3242
 3   2  18.165  41773.734 209.487  -0.037    8.260  -10.000     -204.4181    -3713.3242
 3   9  18.165  44028.512 254.575  -0.001    8.430  -10.000      -80.2928    -1458.5469
14   9  18.165  44028.512 254.575  -0.036    9.820  -10.000      -80.2928    -1458.5469
15   9  18.165  44028.512 254.575   0.003    8.720  -10.000      -80.2928    -1458.5469
16   9  18.165  44028.512 254.575   0.002    7.860  -10.000      -80.2928    -1458.5469
17   9  18.165  44028.512 254.575   0.007    7.260  -10.000      -80.2928    -1458.5469
 3   9  18.165  44015.520 357.097   0.008    8.820  -10.000      -81.0081    -1471.5391
14   9  18.165  44015.520 357.097   0.024   10.670  -10.000      -81.0081    -1471.5391
15   9  18.165  44015.520 357.097   0.034    9.190  -10.000      -81.0081    -1471.5391
16   9  18.165  44015.520 357.097   0.022    8.150  -10.000      -81.0081    -1471.5391
17   9  18.165  44015.520 357.097   0.017    7.450  -10.000      -81.0081    -1471.5391
 3   9  18.165  44016.512  16.760  -0.004    8.890  -10.000      -80.9534    -1470.5469
14   9  18.165  44016.512  16.760   0.019   10.800  -10.000      -80.9534    -1470.5469
15   9  18.165  44016.512  16.760   0.015    9.260  -10.000      -80.9534    -1470.5469
16   9  18.165  44016.512  16.760   0.005    8.200  -10.000      -80.9534    -1470.5469
17   9  18.165  44016.512  16.760   0.003    7.490  -10.000      -80.9534    -1470.5469
 3   9  18.165  44017.500  36.346   0.011    8.980  -10.000      -80.8990    -1469.5586
14   9  18.165  44017.500  36.346   0.005   10.900  -10.000      -80.8990    -1469.5586
15   9  18.165  44017.500  36.346   0.024    9.350  -10.000      -80.8990    -1469.5586
16   9  18.165  44017.500  36.346   0.020    8.280  -10.000      -80.8990    -1469.5586
17   9  18.165  44017.500  36.346   0.026    7.570  -10.000      -80.8990    -1469.5586
 3   9  18.165  44019.500  75.981  -0.021    9.050  -10.000      -80.7889    -1467.5586
14   9  18.165  44019.500  75.981  -0.088   10.920  -10.000      -80.7889    -1467.5586
15   9  18.165  44019.500  75.981  -0.039    9.390  -10.000      -80.7889    -1467.5586
16   9  18.165  44019.500  75.981  -0.029    8.330  -10.000      -80.7889    -1467.5586
17   9  18.165  44019.500  75.981  -0.031    7.610  -10.000      -80.7889    -1467.5586
 3   9  18.165  44021.570 117.010   0.016    9.020  -10.000      -80.6750    -1465.4883
14   9  18.165  44021.570 117.010   0.000   10.800  -10.000      -80.6750    -1465.4883
15   9  18.165  44021.570 117.010   0.028    9.370  -10.000      -80.6750    -1465.4883
16   9  18.165  44021.570 117.010   0.010    8.340  -10.000      -80.6750    -1465.4883
17   9  18.165  44021.570 117.010  -0.004    7.640  -10.000      -80.6750    -1465.4883
 3   9  18.165  44024.520 175.457  -0.040    8.670  -10.000      -80.5126    -1462.5391
14   9  18.165  44024.520 175.457  -0.049   10.140  -10.000      -80.5126    -1462.5391
15   9  18.165  44024.520 175.457  -0.023    8.980  -10.000      -80.5126    -1462.5391
16   9  18.165  44024.520 175.457  -0.052    8.070  -10.000      -80.5126    -1462.5391
17   9  18.165  44024.520 175.457  -0.055    7.450  -10.000      -80.5126    -1462.5391
 3   9  18.165  44025.500 194.889   0.018    8.350  -10.000      -80.4586    -1461.5586
14   9  18.165  44025.500 194.889   0.075    9.620  -10.000      -80.4586    -1461.5586
15   9  18.165  44025.500 194.889   0.042    8.630  -10.000      -80.4586    -1461.5586
16   9  18.165  44025.500 194.889   0.003    7.820  -10.000      -80.4586    -1461.5586
17   9  18.165  44025.500 194.889  -0.019    7.240  -10.000      -80.4586    -1461.5586
