 2  22  11.201  43892.523 316.494   0.054   11.053  -10.000     -723.1208    -8099.8945
 3  22  11.201  43892.523 316.494  -0.009    9.441  -10.000     -723.1208    -8099.8945
 2  22  11.201  43978.359 195.183   0.053   10.894  -10.000     -715.4578    -8014.0586
 3  22  11.201  43978.359 195.183   0.024    9.440  -10.000     -715.4578    -8014.0586
 4  22  11.201  43978.359 195.183   0.031    8.622  -10.000     -715.4578    -8014.0586
 5  22  11.201  43978.359 195.183  -0.023    7.798  -10.000     -715.4578    -8014.0586
 2  22  11.201  44240.508 340.400   0.040   11.193  -10.000     -692.0544    -7751.9102
 3  22  11.201  44240.508 340.400   0.007    9.555  -10.000     -692.0544    -7751.9102
 4  22  11.201  44240.508 340.400   0.016    8.665  -10.000     -692.0544    -7751.9102
 5  22  11.201  44240.508 340.400  -0.001    7.809  -10.000     -692.0544    -7751.9102
 2  22  11.201  44255.551 103.865  -0.059   11.474  -10.000     -690.7115    -7736.8672
 3  22  11.201  44255.551 103.865  -0.055    9.815  -10.000     -690.7115    -7736.8672
 4  22  11.201  44255.551 103.865  -0.039    8.907  -10.000     -690.7115    -7736.8672
 5  22  11.201  44255.551 103.865  -0.047    8.038  -10.000     -690.7115    -7736.8672
 2  22  11.201  44257.547 168.025  -0.003   11.023  -10.000     -690.5333    -7734.8711
 3  22  11.201  44257.547 168.025  -0.013    9.539  -10.000     -690.5333    -7734.8711
 4  22  11.201  44257.547 168.025  -0.012    8.695  -10.000     -690.5333    -7734.8711
 5  22  11.201  44257.547 168.025  -0.039    7.879  -10.000     -690.5333    -7734.8711
 2  22  11.201  44646.410  65.742   0.005   11.617  -10.000     -655.8174    -7346.0078
 3  22  11.201  44646.410  65.742  -0.010    9.879  -10.000     -655.8174    -7346.0078
 4  22  11.201  44646.410  65.742   0.014    8.954  -10.000     -655.8174    -7346.0078
 5  22  11.201  44646.410  65.742  -0.005    8.051  -10.000     -655.8174    -7346.0078
 1  22  11.201  44647.406  97.756  -0.102   12.927  -10.000     -655.7285    -7345.0117
 2  22  11.201  44647.406  97.756  -0.051   11.518  -10.000     -655.7285    -7345.0117
 3  22  11.201  44647.406  97.756  -0.050    9.839  -10.000     -655.7285    -7345.0117
 4  22  11.201  44647.406  97.756  -0.024    8.934  -10.000     -655.7285    -7345.0117
 5  22  11.201  44647.406  97.756  -0.045    8.046  -10.000     -655.7285    -7345.0117
 2  22  11.201  44648.414 130.144  -0.095   11.197  -10.000     -655.6385    -7344.0039
 3  22  11.201  44648.414 130.144  -0.092    9.633  -10.000     -655.6385    -7344.0039
 4  22  11.201  44648.414 130.144  -0.083    8.758  -10.000     -655.6385    -7344.0039
 5  22  11.201  44648.414 130.144  -0.088    7.929  -10.000     -655.6385    -7344.0039
 2  22  11.201  44649.414 162.290  -0.010   11.048  -10.000     -655.5492    -7343.0039
 3  22  11.201  44649.414 162.290  -0.030    9.544  -10.000     -655.5492    -7343.0039
 4  22  11.201  44649.414 162.290  -0.032    8.693  -10.000     -655.5492    -7343.0039
 5  22  11.201  44649.414 162.290  -0.064    7.869  -10.000     -655.5492    -7343.0039
 3  22  11.201  44653.535 294.741  -0.006    9.356  -10.000     -655.1813    -7338.8828
 4  22  11.201  44653.535 294.741   0.006    8.515  -10.000     -655.1813    -7338.8828
 5  22  11.201  44653.535 294.741  -0.031    7.683  -10.000     -655.1813    -7338.8828
 2  22  11.201  44654.543 327.129   0.057   11.121  -10.000     -655.0913    -7337.8750
 3  22  11.201  44654.543 327.129   0.009    9.500  -10.000     -655.0913    -7337.8750
 4  22  11.201  44654.543 327.129   0.021    8.625  -10.000     -655.0913    -7337.8750
 5  22  11.201  44654.543 327.129  -0.024    7.754  -10.000     -655.0913    -7337.8750
 2  22  11.201  44655.488 357.517   0.079   11.338  -10.000     -655.0069    -7336.9297
 3  22  11.201  44655.488 357.517   0.036    9.655  -10.000     -655.0069    -7336.9297
 4  22  11.201  44655.488 357.517   0.048    8.753  -10.000     -655.0069    -7336.9297
 5  22  11.201  44655.488 357.517   0.006    7.859  -10.000     -655.0069    -7336.9297
 2  22  11.201  44676.457 311.418   0.038   11.004  -10.000     -653.1349    -7315.9609
 3  22  11.201  44676.457 311.418   0.013    9.443  -10.000     -653.1349    -7315.9609
 4  22  11.201  44676.457 311.418   0.021    8.580  -10.000     -653.1349    -7315.9609
 5  22  11.201  44676.457 311.418  -0.013    7.734  -10.000     -653.1349    -7315.9609
 2  22  11.201  44677.391 341.433   0.057   11.217  -10.000     -653.0516    -7315.0273
 3  22  11.201  44677.391 341.433   0.025    9.578  -10.000     -653.0516    -7315.0273
 4  22  11.201  44677.391 341.433   0.041    8.693  -10.000     -653.0516    -7315.0273
 5  22  11.201  44677.391 341.433   0.003    7.815  -10.000     -653.0516    -7315.0273
 2  22  11.201  44679.406  46.208   0.063   11.605  -10.000     -652.8716    -7313.0117
 3  22  11.201  44679.406  46.208   0.034    9.862  -10.000     -652.8716    -7313.0117
 4  22  11.201  44679.406  46.208   0.065    8.948  -10.000     -652.8716    -7313.0117
 5  22  11.201  44679.406  46.208   0.048    8.051  -10.000     -652.8716    -7313.0117
 2  22  11.201  44680.445  79.607  -0.013   11.602  -10.000     -652.7789    -7311.9727
 3  22  11.201  44680.445  79.607  -0.012    9.890  -10.000     -652.7789    -7311.9727
 4  22  11.201  44680.445  79.607   0.006    8.963  -10.000     -652.7789    -7311.9727
 5  22  11.201  44680.445  79.607  -0.019    8.058  -10.000     -652.7789    -7311.9727
 2  22  11.201  44704.355 128.057  -0.108   11.204  -10.000     -650.6443    -7288.0625
 3  22  11.201  44704.355 128.057  -0.082    9.655  -10.000     -650.6443    -7288.0625
 4  22  11.201  44704.355 128.057  -0.078    8.772  -10.000     -650.6443    -7288.0625
 5  22  11.201  44704.355 128.057  -0.104    7.918  -10.000     -650.6443    -7288.0625
 2  22  11.201  44706.430 194.722  -0.013   10.833  -10.000     -650.4591    -7285.9883
 3  22  11.201  44706.430 194.722  -0.012    9.407  -10.000     -650.4591    -7285.9883
 4  22  11.201  44706.430 194.722   0.005    8.599  -10.000     -650.4591    -7285.9883
 5  22  11.201  44706.430 194.722  -0.043    7.781  -10.000     -650.4591    -7285.9883
 2  22  11.201  44713.395  58.557  -0.005   11.589  -10.000     -649.8373    -7279.0234
 3  22  11.201  44713.395  58.557  -0.009    9.862  -10.000     -649.8373    -7279.0234
 4  22  11.201  44713.395  58.557   0.011    8.934  -10.000     -649.8373    -7279.0234
 5  22  11.201  44713.395  58.557  -0.023    8.016  -10.000     -649.8373    -7279.0234
 2  22  11.201  44959.574  50.559   0.067   11.629  -10.000     -627.8596    -7032.8438
 3  22  11.201  44959.574  50.559   0.027    9.871  -10.000     -627.8596    -7032.8438
 2  22  11.201  44967.590 308.188   0.057   11.002  -10.000     -627.1439    -7024.8281
 3  22  11.201  44967.590 308.188   0.009    9.426  -10.000     -627.1439    -7024.8281
 1  22  11.201  45003.516  22.808   0.128   13.025  -10.000     -623.9366    -6988.9023
 2  22  11.201  45003.516  22.808   0.060   11.485  -10.000     -623.9366    -6988.9023
 3  22  11.201  45003.516  22.808   0.019    9.755  -10.000     -623.9366    -6988.9023
 4  22  11.201  45003.516  22.808   0.046    8.848  -10.000     -623.9366    -6988.9023
 5  22  11.201  45003.516  22.808   0.026    7.957  -10.000     -623.9366    -6988.9023
 1  22  11.201  45004.500  54.448  -0.043   13.049  -10.000     -623.8488    -6987.9180
 2  22  11.201  45004.500  54.448   0.035   11.614  -10.000     -623.8488    -6987.9180
 3  22  11.201  45004.500  54.448   0.016    9.874  -10.000     -623.8488    -6987.9180
 4  22  11.201  45004.500  54.448   0.028    8.938  -10.000     -623.8488    -6987.9180
 5  22  11.201  45004.500  54.448   0.003    8.031  -10.000     -623.8488    -6987.9180
 1  22  11.201  45005.453  85.078  -0.006   13.095  -10.000     -623.7637    -6986.9648
 2  22  11.201  45005.453  85.078  -0.032   11.575  -10.000     -623.7637    -6986.9648
 3  22  11.201  45005.453  85.078  -0.033    9.869  -10.000     -623.7637    -6986.9648
 4  22  11.201  45005.453  85.078  -0.005    8.956  -10.000     -623.7637    -6986.9648
 5  22  11.201  45005.453  85.078  -0.036    8.048  -10.000     -623.7637    -6986.9648
 1  22  11.201  45006.414 115.950  -0.234   12.584  -10.000     -623.6779    -6986.0039
 2  22  11.201  45006.414 115.950  -0.105   11.328  -10.000     -623.6779    -6986.0039
 3  22  11.201  45006.414 115.950  -0.095    9.716  -10.000     -623.6779    -6986.0039
 4  22  11.201  45006.414 115.950  -0.064    8.840  -10.000     -623.6779    -6986.0039
 5  22  11.201  45006.414 115.950  -0.077    7.982  -10.000     -623.6779    -6986.0039
 1  22  11.201  45007.504 150.974  -0.133   12.222  -10.000     -623.5806    -6984.9141
 2  22  11.201  45007.504 150.974  -0.021   11.102  -10.000     -623.5806    -6984.9141
 3  22  11.201  45007.504 150.974  -0.025    9.593  -10.000     -623.5806    -6984.9141
 4  22  11.201  45007.504 150.974  -0.017    8.743  -10.000     -623.5806    -6984.9141
 5  22  11.201  45007.504 150.974  -0.066    7.893  -10.000     -623.5806    -6984.9141
 1  22  11.201  45008.504 183.120  -0.043   12.053  -10.000     -623.4913    -6983.9141
 2  22  11.201  45008.504 183.120  -0.013   10.923  -10.000     -623.4913    -6983.9141
 3  22  11.201  45008.504 183.120  -0.010    9.476  -10.000     -623.4913    -6983.9141
 4  22  11.201  45008.504 183.120   0.004    8.655  -10.000     -623.4913    -6983.9141
 5  22  11.201  45008.504 183.120  -0.038    7.833  -10.000     -623.4913    -6983.9141
 1  22  11.201  45009.488 214.761  -0.144   11.487  -10.000     -623.4034    -6982.9297
 2  22  11.201  45009.488 214.761  -0.068   10.522  -10.000     -623.4034    -6982.9297
 3  22  11.201  45009.488 214.761  -0.036    9.194  -10.000     -623.4034    -6982.9297
 4  22  11.201  45009.488 214.761  -0.033    8.399  -10.000     -623.4034    -6982.9297
 5  22  11.201  45009.488 214.761  -0.071    7.616  -10.000     -623.4034    -6982.9297
 1  22  11.201  45071.363  43.374   0.011   13.040  -10.000     -617.8795    -6921.0547
 2  22  11.201  45071.363  43.374   0.052   11.580  -10.000     -617.8795    -6921.0547
 3  22  11.201  45071.363  43.374   0.013    9.830  -10.000     -617.8795    -6921.0547
 1  22  11.201  45095.332  93.691  -0.079   12.979  -10.000     -615.7397    -6897.0859
 2  22  11.201  45095.332  93.691  -0.037   11.549  -10.000     -615.7397    -6897.0859
 3  22  11.201  45095.332  93.691  -0.049    9.848  -10.000     -615.7397    -6897.0859
 4  22  11.201  45095.332  93.691  -0.031    8.932  -10.000     -615.7397    -6897.0859
 5  22  11.201  45095.332  93.691  -0.038    8.054  -10.000     -615.7397    -6897.0859
 1  22  11.201  45100.355 255.146  -0.020   11.647  -10.000     -615.2913    -6892.0625
 2  22  11.201  45100.355 255.146   0.011   10.607  -10.000     -615.2913    -6892.0625
 3  22  11.201  45100.355 255.146  -0.001    9.212  -10.000     -615.2913    -6892.0625
 4  22  11.201  45100.355 255.146  -0.004    8.402  -10.000     -615.2913    -6892.0625
 5  22  11.201  45100.355 255.146  -0.024    7.628  -10.000     -615.2913    -6892.0625
 2  22  11.201  45102.332 318.669   0.062   11.074  -10.000     -615.1148    -6890.0859
 3  22  11.201  45102.332 318.669   0.032    9.491  -10.000     -615.1148    -6890.0859
 4  22  11.201  45102.332 318.669   0.030    8.611  -10.000     -615.1148    -6890.0859
 5  22  11.201  45102.332 318.669  -0.002    7.760  -10.000     -615.1148    -6890.0859
 1  22  11.201  45346.578 248.533   0.002   11.597  -10.000     -593.3096    -6645.8398
 2  22  11.201  45346.578 248.533   0.030   10.577  -10.000     -593.3096    -6645.8398
 3  22  11.201  45346.578 248.533   0.015    9.198  -10.000     -593.3096    -6645.8398
 4  22  11.201  45346.578 248.533   0.009    8.392  -10.000     -593.3096    -6645.8398
 5  22  11.201  45346.578 248.533  -0.020    7.616  -10.000     -593.3096    -6645.8398
 1  22  11.201  45349.551 344.070   0.115   12.666  -10.000     -593.0443    -6642.8672
 2  22  11.201  45349.551 344.070   0.055   11.233  -10.000     -593.0443    -6642.8672
 3  22  11.201  45349.551 344.070   0.020    9.584  -10.000     -593.0443    -6642.8672
 4  22  11.201  45349.551 344.070   0.030    8.691  -10.000     -593.0443    -6642.8672
 5  22  11.201  45349.551 344.070   0.010    7.829  -10.000     -593.0443    -6642.8672
 1  22  11.201  45351.570  48.977   0.114   13.176  -10.000     -592.8640    -6640.8477
 2  22  11.201  45351.570  48.977   0.036   11.591  -10.000     -592.8640    -6640.8477
 3  22  11.201  45351.570  48.977   0.018    9.856  -10.000     -592.8640    -6640.8477
 4  22  11.201  45351.570  48.977   0.033    8.926  -10.000     -592.8640    -6640.8477
 5  22  11.201  45351.570  48.977   0.016    8.027  -10.000     -592.8640    -6640.8477
 1  22  11.201  45352.578  81.365  -0.039   13.074  -10.000     -592.7740    -6639.8398
 2  22  11.201  45352.578  81.365  -0.031   11.581  -10.000     -592.7740    -6639.8398
 3  22  11.201  45352.578  81.365  -0.026    9.876  -10.000     -592.7740    -6639.8398
 4  22  11.201  45352.578  81.365  -0.014    8.944  -10.000     -592.7740    -6639.8398
 5  22  11.201  45352.578  81.365  -0.023    8.056  -10.000     -592.7740    -6639.8398
 0  22  11.201  44297.488  11.711  -0.411   19.800  -10.000     -686.9675    -7694.9297
 0  22  11.201  44299.488  75.981  -0.589   35.600  -10.000     -686.7889    -7692.9297
 0  22  11.201  44301.430 138.384  -0.480   32.100  -10.000     -686.6156    -7690.9883
 0  22  11.201  44591.539 102.239   2.468   40.600  -10.000     -660.7160    -7400.8789
 0  22  11.201  44653.469 292.610  -0.602    4.300  -10.000     -655.1872    -7338.9492
 0  22  11.201  44654.477 324.998  -1.717    8.600  -10.000     -655.0972    -7337.9414
 0  22  11.201  44655.461 356.638   7.049   27.100  -10.000     -655.0093    -7336.9570
 0  22  11.201  44658.469  93.296  -1.301   39.500  -10.000     -654.7408    -7333.9492
 0  22  11.201  44691.359  70.378   0.497   36.500  -10.000     -651.8045    -7301.0586
 0  22  11.201  44692.422 104.524   0.031   38.400  -10.000     -651.7097    -7299.9961
 0  22  11.201  44693.402 136.033  -6.577   28.200  -10.000     -651.6221    -7299.0156
 0  22  11.201  44694.398 168.047   3.897   22.700  -10.000     -651.5332    -7298.0195
 0  22  11.201  44703.398  97.295  -0.501   38.200  -10.000     -650.7297    -7289.0195
 0  22  11.201  44704.395 129.309  -0.402   37.000  -10.000     -650.6408    -7288.0234
 0  22  11.201  44705.344 159.829   0.603   23.500  -10.000     -650.5560    -7287.0742
 0  22  11.201  44706.402 193.843   4.501   20.300  -10.000     -650.4615    -7286.0156
 0  22  11.201  44707.375 225.110  -3.032    7.800  -10.000     -650.3747    -7285.0430
 0  22  11.201  44709.387 289.753  -0.408    3.600  -10.000     -650.1951    -7283.0312
 0  22  11.201  44711.355 353.035   2.314   20.900  -10.000     -650.0193    -7281.0625
 0  22  11.201  44712.410  26.917   0.708   28.700  -10.000     -649.9252    -7280.0078
 0  22  11.201  44713.387  58.315   1.614   34.300  -10.000     -649.8380    -7279.0312
 0  22  11.201  44714.383  90.330  -3.619   38.800  -10.000     -649.7491    -7278.0352
 0  22  11.201  44715.402 123.091  -3.011   33.700  -10.000     -649.6581    -7277.0156
 0  22  11.201  44772.234 149.634   0.710   25.500  -10.000     -644.5844    -7220.1836
 0  22  11.201  44773.227 181.516   0.291   15.600  -10.000     -644.4958    -7219.1914
 0  22  11.201  44774.227 213.662   0.707   14.500  -10.000     -644.4065    -7218.1914
 0  22  11.201  44775.195 244.797  -7.950    1.000  -10.000     -644.3200    -7217.2227
 0  22  11.201  44776.203 277.185  -5.155   -2.200  -10.000     -644.2300    -7216.2148
 0  22  11.201  44777.203 309.309   3.163   12.100  -10.000     -644.1408    -7215.2148
 0  22  11.201  44778.195 341.213   1.512   15.900  -10.000     -644.0522    -7214.2227
 0  22  11.201  45089.309 260.112  -5.876    1.800  -10.000     -616.2775    -6903.1094
 0  22  11.201  45090.328 292.874   1.699    6.700  -10.000     -616.1865    -6902.0898
 0  22  11.201  45091.316 324.646   4.353   14.700  -10.000     -616.0982    -6901.1016
 0  22  11.201  45093.312  28.784   4.927   33.700  -10.000     -615.9200    -6899.1055
23   4  11.201  40921.496 230.273   0.075    2.463  -10.000     -988.3604   -11070.9219
24   4  11.201  40921.496 230.273   0.100    3.873  -10.000     -988.3604   -11070.9219
25   4  11.201  40921.496 230.273   0.088    5.590  -10.000     -988.3604   -11070.9219
27   4  11.201  40921.496 230.273   0.089    4.913  -10.000     -988.3604   -11070.9219
23   4  11.201  40923.500 294.675  -0.121    2.490  -10.000     -988.1815   -11068.9180
24   4  11.201  40923.500 294.675  -0.148    4.043  -10.000     -988.1815   -11068.9180
25   4  11.201  40923.500 294.675  -0.264    5.753  -10.000     -988.1815   -11068.9180
27   4  11.201  40923.500 294.675  -0.212    5.207  -10.000     -988.1815   -11068.9180
23   4  11.201  40924.484 326.316  -0.123    2.618  -10.000     -988.0936   -11067.9336
24   4  11.201  40924.484 326.316  -0.150    4.267  -10.000     -988.0936   -11067.9336
25   4  11.201  40924.484 326.316  -0.209    6.083  -10.000     -988.0936   -11067.9336
27   4  11.201  40924.484 326.316  -0.119    5.618  -10.000     -988.0936   -11067.9336
23   4  11.201  40928.551  97.009  -0.004    3.145  -10.000     -987.7305   -11063.8672
24   4  11.201  40928.551  97.009   0.089    5.050  -10.000     -987.7305   -11063.8672
25   4  11.201  40928.551  97.009   0.094    6.997  -10.000     -987.7305   -11063.8672
27   4  11.201  40928.551  97.009   0.142    6.548  -10.000     -987.7305   -11063.8672
23   4  11.201  40929.477 126.760   0.042    3.040  -10.000     -987.6479   -11062.9414
24   4  11.201  40929.477 126.760   0.117    4.802  -10.000     -987.6479   -11062.9414
25   4  11.201  40929.477 126.760   0.047    6.612  -10.000     -987.6479   -11062.9414
27   4  11.201  40929.477 126.760   0.132    6.148  -10.000     -987.6479   -11062.9414
23   4  11.201  40935.461 319.087  -0.103    2.610  -10.000     -987.1136   -11056.9570
24   4  11.201  40935.461 319.087  -0.121    4.247  -10.000     -987.1136   -11056.9570
25   4  11.201  40935.461 319.087  -0.029    6.205  -10.000     -987.1136   -11056.9570
27   4  11.201  40935.461 319.087  -0.032    5.637  -10.000     -987.1136   -11056.9570
23   4  11.201  40937.457  23.247  -0.082    2.915  -10.000     -986.9354   -11054.9609
24   4  11.201  40937.457  23.247  -0.085    4.733  -10.000     -986.9354   -11054.9609
25   4  11.201  40937.457  23.247  -0.025    6.740  -10.000     -986.9354   -11054.9609
27   4  11.201  40937.457  23.247  -0.017    6.255  -10.000     -986.9354   -11054.9609
23   4  11.201  40954.438 208.982   0.158    2.685  -10.000     -985.4195   -11037.9805
24   4  11.201  40954.438 208.982   0.254    4.222  -10.000     -985.4195   -11037.9805
25   4  11.201  40954.438 208.982   0.205    5.930  -10.000     -985.4195   -11037.9805
27   4  11.201  40954.438 208.982   0.213    5.282  -10.000     -985.4195   -11037.9805
23   4  11.201  40977.543 231.570   0.074    2.460  -10.000     -983.3568   -11014.8750
24   4  11.201  40977.543 231.570   0.095    3.868  -10.000     -983.3568   -11014.8750
25   4  11.201  40977.543 231.570   0.063    5.565  -10.000     -983.3568   -11014.8750
27   4  11.201  40977.543 231.570   0.052    4.875  -10.000     -983.3568   -11014.8750
23   4  11.201  40978.445 260.574  -0.071    2.412  -10.000     -983.2762   -11013.9727
24   4  11.201  40978.445 260.574  -0.091    3.858  -10.000     -983.2762   -11013.9727
25   4  11.201  40978.445 260.574  -0.190    5.528  -10.000     -983.2762   -11013.9727
27   4  11.201  40978.445 260.574  -0.202    4.870  -10.000     -983.2762   -11013.9727
23   4  11.201  40979.570 296.719  -0.129    2.490  -10.000     -983.1758   -11012.8477
24   4  11.201  40979.570 296.719  -0.180    4.025  -10.000     -983.1758   -11012.8477
25   4  11.201  40979.570 296.719  -0.264    5.770  -10.000     -983.1758   -11012.8477
27   4  11.201  40979.570 296.719  -0.230    5.210  -10.000     -983.1758   -11012.8477
23   4  11.201  40989.531 256.860  -0.061    2.405  -10.000     -982.2865   -11002.8867
24   4  11.201  40989.531 256.860  -0.090    3.827  -10.000     -982.2865   -11002.8867
25   4  11.201  40989.531 256.860  -0.172    5.507  -10.000     -982.2865   -11002.8867
27   4  11.201  40989.531 256.860  -0.171    4.858  -10.000     -982.2865   -11002.8867
23   4  11.201  40990.383 284.238  -0.118    2.457  -10.000     -982.2104   -11002.0352
24   4  11.201  40990.383 284.238  -0.164    3.957  -10.000     -982.2104   -11002.0352
25   4  11.201  40990.383 284.238  -0.194    5.738  -10.000     -982.2104   -11002.0352
27   4  11.201  40990.383 284.238  -0.218    5.102  -10.000     -982.2104   -11002.0352
23   4  11.201  40997.379 149.084  -0.002    2.875  -10.000     -981.5859   -10995.0391
24   4  11.201  40997.379 149.084   0.087    4.565  -10.000     -981.5859   -10995.0391
25   4  11.201  40997.379 149.084   0.053    6.368  -10.000     -981.5859   -10995.0391
27   4  11.201  40997.379 149.084   0.047    5.775  -10.000     -981.5859   -10995.0391
23   4  11.201  41015.344   6.460  -0.064    2.852  -10.000     -979.9821   -10977.0742
24   4  11.201  41015.344   6.460  -0.068    4.630  -10.000     -979.9821   -10977.0742
25   4  11.201  41015.344   6.460  -0.096    6.530  -10.000     -979.9821   -10977.0742
27   4  11.201  41015.344   6.460  -0.086    6.030  -10.000     -979.9821   -10977.0742
23   4  11.201  41016.324  37.969  -0.091    2.965  -10.000     -979.8945   -10976.0938
24   4  11.201  41016.324  37.969  -0.046    4.850  -10.000     -979.8945   -10976.0938
25   4  11.201  41016.324  37.969   0.009    6.863  -10.000     -979.8945   -10976.0938
27   4  11.201  41016.324  37.969  -0.091    6.278  -10.000     -979.8945   -10976.0938
23   4  11.201  41017.398  72.488  -0.061    3.097  -10.000     -979.7986   -10975.0195
24   4  11.201  41017.398  72.488  -0.009    5.007  -10.000     -979.7986   -10975.0195
25   4  11.201  41017.398  72.488   0.062    7.045  -10.000     -979.7986   -10975.0195
27   4  11.201  41017.398  72.488   0.005    6.510  -10.000     -979.7986   -10975.0195
23   4  11.201  41018.383 104.128  -0.004    3.122  -10.000     -979.7108   -10974.0352
24   4  11.201  41018.383 104.128   0.068    4.983  -10.000     -979.7108   -10974.0352
25   4  11.201  41018.383 104.128   0.062    6.907  -10.000     -979.7108   -10974.0352
27   4  11.201  41018.383 104.128   0.210    6.547  -10.000     -979.7108   -10974.0352
23   4  11.201  41020.367 167.893   0.031    2.832  -10.000     -979.5336   -10972.0508
24   4  11.201  41020.367 167.893   0.101    4.460  -10.000     -979.5336   -10972.0508
25   4  11.201  41020.367 167.893  -0.027    6.148  -10.000     -979.5336   -10972.0508
27   4  11.201  41020.367 167.893   0.078    5.648  -10.000     -979.5336   -10972.0508
23   4  11.201  41027.422  34.629  -0.072    2.970  -10.000     -978.9038   -10964.9961
24   4  11.201  41027.422  34.629  -0.058    4.820  -10.000     -978.9038   -10964.9961
25   4  11.201  41027.422  34.629   0.092    6.925  -10.000     -978.9038   -10964.9961
27   4  11.201  41027.422  34.629  -0.021    6.325  -10.000     -978.9038   -10964.9961
23   4  11.201  41044.367 219.243   0.154    2.592  -10.000     -977.3910   -10948.0508
24   4  11.201  41044.367 219.243   0.219    4.060  -10.000     -977.3910   -10948.0508
25   4  11.201  41044.367 219.243   0.169    5.747  -10.000     -977.3910   -10948.0508
27   4  11.201  41044.367 219.243   0.286    5.192  -10.000     -977.3910   -10948.0508
23   4  11.201  41047.336 314.648  -0.103    2.592  -10.000     -977.1260   -10945.0820
24   4  11.201  41047.336 314.648  -0.133    4.205  -10.000     -977.1260   -10945.0820
25   4  11.201  41047.336 314.648  -0.176    6.020  -10.000     -977.1260   -10945.0820
27   4  11.201  41047.336 314.648  -0.175    5.452  -10.000     -977.1260   -10945.0820
23   4  11.201  41048.312 346.047  -0.083    2.745  -10.000     -977.0388   -10944.1055
24   4  11.201  41048.312 346.047  -0.091    4.470  -10.000     -977.0388   -10944.1055
25   4  11.201  41048.312 346.047  -0.082    6.383  -10.000     -977.0388   -10944.1055
27   4  11.201  41048.312 346.047  -0.083    5.850  -10.000     -977.0388   -10944.1055
23   4  11.201  41050.375  52.317  -0.079    3.033  -10.000     -976.8547   -10942.0430
24   4  11.201  41050.375  52.317  -0.038    4.930  -10.000     -976.8547   -10942.0430
25   4  11.201  41050.375  52.317   0.034    6.968  -10.000     -976.8547   -10942.0430
27   4  11.201  41050.375  52.317   0.019    6.475  -10.000     -976.8547   -10942.0430
23   4  11.201  41051.332  83.079  -0.029    3.133  -10.000     -976.7692   -10941.0859
24   4  11.201  41051.332  83.079   0.024    5.030  -10.000     -976.7692   -10941.0859
25   4  11.201  41051.332  83.079   0.008    6.973  -10.000     -976.7692   -10941.0859
27   4  11.201  41051.332  83.079   0.069    6.550  -10.000     -976.7692   -10941.0859
23   4  11.201  41052.262 112.961   0.011    3.095  -10.000     -976.6862   -10940.1562
24   4  11.201  41052.262 112.961   0.118    4.955  -10.000     -976.6862   -10940.1562
25   4  11.201  41052.262 112.961   0.195    6.945  -10.000     -976.6862   -10940.1562
27   4  11.201  41052.262 112.961   0.223    6.450  -10.000     -976.6862   -10940.1562
23   4  11.201  41053.312 146.733   0.004    2.892  -10.000     -976.5924   -10939.1055
24   4  11.201  41053.312 146.733   0.096    4.592  -10.000     -976.5924   -10939.1055
25   4  11.201  41053.312 146.733  -0.020    6.318  -10.000     -976.5924   -10939.1055
27   4  11.201  41053.312 146.733   0.122    5.875  -10.000     -976.5924   -10939.1055
23   4  11.201  41054.371 180.747   0.047    2.793  -10.000     -976.4979   -10938.0469
24   4  11.201  41054.371 180.747   0.107    4.385  -10.000     -976.4979   -10938.0469
25   4  11.201  41054.371 180.747  -0.029    6.053  -10.000     -976.4979   -10938.0469
27   4  11.201  41054.371 180.747   0.102    5.568  -10.000     -976.4979   -10938.0469
23   4  11.201  41077.277 196.941   0.106    2.755  -10.000     -974.4529   -10915.1406
24   4  11.201  41077.277 196.941   0.159    4.300  -10.000     -974.4529   -10915.1406
25   4  11.201  41077.277 196.941   0.092    6.015  -10.000     -974.4529   -10915.1406
27   4  11.201  41077.277 196.941   0.146    5.435  -10.000     -974.4529   -10915.1406
23   4  11.201  41079.203 258.838  -0.063    2.412  -10.000     -974.2810   -10913.2148
24   4  11.201  41079.203 258.838  -0.089    3.845  -10.000     -974.2810   -10913.2148
25   4  11.201  41079.203 258.838  -0.160    5.540  -10.000     -974.2810   -10913.2148
27   4  11.201  41079.203 258.838  -0.139    4.912  -10.000     -974.2810   -10913.2148
23   4  11.201  41082.246 356.638  -0.067    2.805  -10.000     -974.0093   -10910.1719
24   4  11.201  41082.246 356.638  -0.078    4.552  -10.000     -974.0093   -10910.1719
25   4  11.201  41082.246 356.638  -0.119    6.427  -10.000     -974.0093   -10910.1719
27   4  11.201  41082.246 356.638  -0.009    6.017  -10.000     -974.0093   -10910.1719
23   4  11.201  41083.281  29.905  -0.066    2.957  -10.000     -973.9169   -10909.1367
24   4  11.201  41083.281  29.905  -0.041    4.812  -10.000     -973.9169   -10909.1367
25   4  11.201  41083.281  29.905   0.022    6.827  -10.000     -973.9169   -10909.1367
27   4  11.201  41083.281  29.905  -0.031    6.285  -10.000     -973.9169   -10909.1367
23   4  11.201  41106.242  47.856  -0.037    3.058  -10.000     -971.8671   -10886.1758
24   4  11.201  41106.242  47.856  -0.014    4.932  -10.000     -971.8671   -10886.1758
25   4  11.201  41106.242  47.856  -0.012    6.898  -10.000     -971.8671   -10886.1758
27   4  11.201  41106.242  47.856   0.005    6.435  -10.000     -971.8671   -10886.1758
23   4  11.201  41108.215 111.248   0.011    3.105  -10.000     -971.6910   -10884.2031
24   4  11.201  41108.215 111.248   0.094    4.948  -10.000     -971.6910   -10884.2031
25   4  11.201  41108.215 111.248   0.017    6.787  -10.000     -971.6910   -10884.2031
27   4  11.201  41108.215 111.248   0.167    6.418  -10.000     -971.6910   -10884.2031
23   4  11.201  41109.246 144.382   0.024    2.925  -10.000     -971.5989   -10883.1719
24   4  11.201  41109.246 144.382   0.079    4.595  -10.000     -971.5989   -10883.1719
25   4  11.201  41109.246 144.382   0.002    6.363  -10.000     -971.5989   -10883.1719
27   4  11.201  41109.246 144.382  -0.012    5.767  -10.000     -971.5989   -10883.1719
23   4  11.201  41114.266 305.706  -0.097    2.560  -10.000     -971.1508   -10878.1523
24   4  11.201  41114.266 305.706  -0.135    4.138  -10.000     -971.1508   -10878.1523
25   4  11.201  41114.266 305.706  -0.152    5.965  -10.000     -971.1508   -10878.1523
27   4  11.201  41114.266 305.706  -0.156    5.380  -10.000     -971.1508   -10878.1523
23   4  11.201  41120.223 137.175   0.013    2.952  -10.000     -970.6190   -10872.1953
24   4  11.201  41120.223 137.175   0.094    4.675  -10.000     -970.6190   -10872.1953
25   4  11.201  41120.223 137.175   0.096    6.535  -10.000     -970.6190   -10872.1953
27   4  11.201  41120.223 137.175   0.111    5.980  -10.000     -970.6190   -10872.1953
23   4  11.201  41132.188 161.719   0.032    2.858  -10.000     -969.5508   -10860.2305
24   4  11.201  41132.188 161.719   0.042    4.438  -10.000     -969.5508   -10860.2305
25   4  11.201  41132.188 161.719  -0.110    6.108  -10.000     -969.5508   -10860.2305
27   4  11.201  41132.188 161.719  -0.042    5.575  -10.000     -969.5508   -10860.2305
23   4  11.201  41133.207 194.480   0.085    2.752  -10.000     -969.4598   -10859.2109
24   4  11.201  41133.207 194.480   0.140    4.307  -10.000     -969.4598   -10859.2109
25   4  11.201  41133.207 194.480   0.043    5.997  -10.000     -969.4598   -10859.2109
27   4  11.201  41133.207 194.480   0.159    5.482  -10.000     -969.4598   -10859.2109
23   4  11.201  41134.188 225.989   0.111    2.510  -10.000     -969.3723   -10858.2305
24   4  11.201  41134.188 225.989   0.135    3.922  -10.000     -969.3723   -10858.2305
25   4  11.201  41134.188 225.989   0.087    5.605  -10.000     -969.3723   -10858.2305
27   4  11.201  41134.188 225.989   0.093    4.932  -10.000     -969.3723   -10858.2305
 0  55  11.201  45390.695 226.428  -2.348    8.600    0.720     -589.3710    -6601.7227
 0  55  11.201  45393.637 320.955   2.627   13.380    0.540     -589.1085    -6598.7812
 0  55  11.201  45397.688  91.143  -0.033   42.010    1.390     -588.7468    -6594.7305
 0  55  11.201  45400.637 185.933   1.999   16.870    0.690     -588.4835    -6591.7812
18 163  11.201  47951.457  87.056  -0.052    9.951  -10.000     -360.7582    -4040.9609
18 163  11.201  47971.648  15.985   0.075    9.881  -10.000     -358.9556    -4020.7695
18 163  11.201  47971.824  21.643   0.126    9.959  -10.000     -358.9399    -4020.5938
18 163  11.201  47971.898  24.027   0.138    9.981  -10.000     -358.9333    -4020.5195
18 163  11.201  47971.914  24.532   0.125    9.969  -10.000     -358.9319    -4020.5039
18 163  11.201  48038.539   5.801   0.111    9.869  -10.000     -352.9839    -3953.8789
18 163  11.201  48038.555   6.295   0.109    9.870  -10.000     -352.9825    -3953.8633
18 163  11.201  48066.262 176.781  -0.073    9.550  -10.000     -350.5089    -3926.1562
18 163  11.201  48066.277 177.275  -0.067    9.554  -10.000     -350.5076    -3926.1406
18 163  11.201  48066.352 179.670  -0.071    9.540  -10.000     -350.5009    -3926.0664
18 163  11.201  48066.367 180.165  -0.099    9.509  -10.000     -350.4995    -3926.0508
18 163  11.201  48101.789 238.601   0.057    9.318  -10.000     -347.3372    -3890.6289
18 163  11.201  48118.406  52.657   0.056   10.008  -10.000     -345.8537    -3874.0117
18 163  11.201  48118.422  53.163   0.043    9.997  -10.000     -345.8523    -3873.9961
18 163  11.201  48158.199 251.565   0.074    9.380  -10.000     -342.3012    -3834.2188
18 163  11.201  48158.215 252.070   0.063    9.372  -10.000     -342.2998    -3834.2031
18 163  11.201  48158.289 254.454   0.062    9.381  -10.000     -342.2932    -3834.1289
18 163  11.201  48158.305 254.960   0.063    9.385  -10.000     -342.2918    -3834.1133
18 163  11.201  48171.176 308.628   0.114    9.638  -10.000     -341.1427    -3821.2422
18 163  11.201  48171.191 309.122   0.120    9.647  -10.000     -341.1413    -3821.2266
18 163  11.201  48171.266 311.506   0.095    9.631  -10.000     -341.1347    -3821.1523
18 163  11.201  48171.281 312.012   0.113    9.651  -10.000     -341.1333    -3821.1367
18 163  11.201  48208.145  56.766   0.075   10.041  -10.000     -337.8423    -3784.2734
18 163  11.201  48290.516 184.098  -0.161    9.428  -10.000     -330.4886    -3701.9023
18 163  11.201  48290.602 186.866  -0.179    9.396  -10.000     -330.4809    -3701.8164
18 163  11.201  48312.273 163.378  -0.032    9.645  -10.000     -328.5462    -3680.1445
18 163  11.201  48312.289 163.883  -0.096    9.579  -10.000     -328.5448    -3680.1289
18 163  11.201  48312.363 166.267  -0.054    9.612  -10.000     -328.5381    -3680.0547
18 163  11.201  48312.375 166.641  -0.044    9.621  -10.000     -328.5371    -3680.0430
18 163  11.201  48312.453 169.156  -0.051    9.604  -10.000     -328.5301    -3679.9648
18 163  11.201  48312.465 169.530  -0.063    9.590  -10.000     -328.5291    -3679.9531
18 163  11.201  48353.945  62.677   0.012    9.994  -10.000     -324.8259    -3638.4727
18 163  11.201  48353.961  63.182   0.032   10.015  -10.000     -324.8245    -3638.4570
18 163  11.201  48354.035  65.566  -0.008    9.981  -10.000     -324.8179    -3638.3828
18 163  11.201  48354.051  66.072   0.003    9.993  -10.000     -324.8165    -3638.3672
18 163  11.201  48354.125  68.456   0.011   10.005  -10.000     -324.8098    -3638.2930
18 163  11.201  48354.141  68.950  -0.025    9.970  -10.000     -324.8085    -3638.2773
18 163  11.201  48377.246  91.538  -0.147    9.854  -10.000     -322.7457    -3615.1719
18 163  11.201  48409.930  61.963   0.018    9.998  -10.000     -319.8279    -3582.4883
18 163  11.201  48409.941  62.347   0.005    9.986  -10.000     -319.8268    -3582.4766
18 163  11.201  48410.016  64.731   0.028   10.015  -10.000     -319.8202    -3582.4023
18 163  11.201  48410.031  65.226   0.005    9.993  -10.000     -319.8188    -3582.3867
18 163  11.201  48442.191  18.831   0.093    9.913  -10.000     -316.9477    -3550.2266
18 163  11.201  48442.266  21.215   0.103    9.934  -10.000     -316.9411    -3550.1523
18 163  11.201  48442.281  21.720   0.127    9.960  -10.000     -316.9397    -3550.1367
18 163  11.201  48442.355  24.104   0.091    9.933  -10.000     -316.9330    -3550.0625
18 163  11.201  48463.148 332.369   0.113    9.728  -10.000     -315.0768    -3529.2695
18 163  11.201  48463.164 332.875   0.113    9.730  -10.000     -315.0753    -3529.2539
18 163  11.201  48514.676 188.416  -0.187    9.379  -10.000     -310.4766    -3477.7422
18 163  11.201  48514.688 188.789  -0.194    9.370  -10.000     -310.4756    -3477.7305
18 163  11.201  48514.766 191.305  -0.213    9.337  -10.000     -310.4686    -3477.6523
18 163  11.201  48514.777 191.678  -0.195    9.352  -10.000     -310.4676    -3477.6406
18 163  11.201  48553.703   2.714   0.105    9.850  -10.000     -306.9925    -3438.7148
18 163  11.201  48553.719   3.219   0.131    9.878  -10.000     -306.9911    -3438.6992
18 163  11.201  48570.586 185.317  -0.195    9.388  -10.000     -305.4852    -3421.8320
18 163  11.201  48570.602 185.823  -0.149    9.431  -10.000     -305.4838    -3421.8164
18 163  11.201  48570.676 188.207  -0.179    9.388  -10.000     -305.4772    -3421.7422
18 163  11.201  48570.691 188.701  -0.164    9.401  -10.000     -305.4758    -3421.7266
18 163  11.201  48603.281 156.116  -0.067    9.637  -10.000     -302.5663    -3389.1367
18 163  11.201  48603.297 156.621  -0.064    9.638  -10.000     -302.5649    -3389.1211
18 163  11.201  48603.371 159.005  -0.047    9.646  -10.000     -302.5583    -3389.0469
18 163  11.201  48603.383 159.379  -0.060    9.632  -10.000     -302.5573    -3389.0352
18 163  11.201  48603.461 161.895  -0.048    9.635  -10.000     -302.5503    -3388.9570
18 163  11.201  48603.473 162.268  -0.061    9.620  -10.000     -302.5493    -3388.9453
18 163  11.201  48630.383 307.134   0.140    9.658  -10.000     -300.1469    -3362.0352
18 163  11.201  48630.398 307.639   0.100    9.620  -10.000     -300.1454    -3362.0195
18 163  11.201  48630.473 310.023   0.133    9.662  -10.000     -300.1388    -3361.9453
18 163  11.201  48630.484 310.397   0.119    9.650  -10.000     -300.1378    -3361.9336
18 163  11.201  48630.562 312.913   0.112    9.654  -10.000     -300.1308    -3361.8555
18 163  11.201  48630.574 313.286   0.114    9.657  -10.000     -300.1298    -3361.8438
18 163  11.201  48655.176  23.961   0.047    9.889  -10.000     -297.9334    -3337.2422
18 163  11.201  48655.191  24.467   0.131    9.975  -10.000     -297.9320    -3337.2266
18 163  11.201  48655.266  26.851   0.093    9.946  -10.000     -297.9254    -3337.1523
18 163  11.201  48655.281  27.345   0.110    9.965  -10.000     -297.9240    -3337.1367
18 163  11.201  48655.355  29.740   0.126    9.990  -10.000     -297.9174    -3337.0625
18 163  11.201  48655.367  30.114   0.144   10.010  -10.000     -297.9164    -3337.0508
18 163  11.201  48655.457  33.003   0.115    9.992  -10.000     -297.9083    -3336.9609
18 163  11.201  48694.895 220.485   0.023    9.321  -10.000     -294.3875    -3297.5234
18 163  11.201  48694.910 220.990   0.003    9.297  -10.000     -294.3861    -3297.5078
18 163  11.201  48695.074 226.263   0.036    9.302  -10.000     -294.3715    -3297.3438
18 163  11.201  48695.086 226.637   0.049    9.314  -10.000     -294.3705    -3297.3320
18 163  11.201  48695.164 229.153   0.056    9.314  -10.000     -294.3635    -3297.2539
18 163  11.201  48695.176 229.526   0.055    9.312  -10.000     -294.3624    -3297.2422
18 163  11.201  48715.602 165.992  -0.065    9.602  -10.000     -292.5389    -3276.8164
18 163  11.201  48715.617 166.498  -0.121    9.544  -10.000     -292.5375    -3276.8008
18 163  11.201  48715.691 168.882  -0.077    9.579  -10.000     -292.5309    -3276.7266
18 163  11.201  48715.707 169.376  -0.072    9.581  -10.000     -292.5295    -3276.7109
18 163  11.201  48753.203 294.478   0.139    9.606  -10.000     -289.1820    -3239.2148
18 163  11.201  48753.277 296.862   0.116    9.592  -10.000     -289.1754    -3239.1406
18 163  11.201  48753.289 297.235   0.151    9.628  -10.000     -289.1743    -3239.1289
18 163  11.201  48753.367 299.751   0.118    9.606  -10.000     -289.1674    -3239.0508
18 163  11.201  48753.379 300.125   0.091    9.579  -10.000     -289.1663    -3239.0391
18 163  11.201  48782.062 141.987  -0.084    9.684  -10.000     -286.6056    -3210.3555
18 163  11.201  48782.078 142.493  -0.061    9.705  -10.000     -286.6042    -3210.3398
18 163  11.201  48782.168 145.382  -0.058    9.693  -10.000     -286.5962    -3210.2500
18 163  11.201  48807.387 235.887   0.104    9.361  -10.000     -284.3448    -3185.0312
18 163  11.201  48807.402 236.393   0.105    9.362  -10.000     -284.3434    -3185.0156
18 163  11.201  48807.477 238.777   0.095    9.356  -10.000     -284.3367    -3184.9414
18 163  11.201  48972.754 150.645  -0.060    9.666  -10.000     -269.5815    -3019.6641
18 163  11.201  48972.766 151.018  -0.087    9.637  -10.000     -269.5805    -3019.6523
18 163  11.201  48972.855 153.907  -0.070    9.642  -10.000     -269.5725    -3019.5625
18 163  11.201  49020.660 250.312   0.109    9.410  -10.000     -265.3047    -2971.7578
18 163  11.201  49020.750 253.191   0.101    9.415  -10.000     -265.2967    -2971.6680
 1   2  11.201  41647.844 174.441   0.042   12.210  -10.000     -923.5154   -10344.5742
 2   2  11.201  41647.844 174.441   0.100   11.090  -10.000     -923.5154   -10344.5742
 3   2  11.201  41647.844 174.441   0.014    9.540  -10.000     -923.5154   -10344.5742
 1   2  11.201  41649.812 237.722  -0.026   11.480  -10.000     -923.3397   -10342.6055
 2   2  11.201  41649.812 237.722   0.011   10.500  -10.000     -923.3397   -10342.6055
 3   2  11.201  41649.812 237.722  -0.029    9.120  -10.000     -923.3397   -10342.6055
 1   2  11.201  41650.840 270.747  -0.171   11.670  -10.000     -923.2479   -10341.5781
 2   2  11.201  41650.840 270.747  -0.090   10.620  -10.000     -923.2479   -10341.5781
 3   2  11.201  41650.840 270.747  -0.102    9.180  -10.000     -923.2479   -10341.5781
 1   2  11.201  41651.848 303.135  -0.163   11.990  -10.000     -923.1580   -10340.5703
 2   2  11.201  41651.848 303.135  -0.070   10.840  -10.000     -923.1580   -10340.5703
 3   2  11.201  41651.848 303.135  -0.095    9.300  -10.000     -923.1580   -10340.5703
 1   2  11.201  41652.801 333.765  -0.088   12.360  -10.000     -923.0729   -10339.6172
 2   2  11.201  41652.801 333.765  -0.047   11.060  -10.000     -923.0729   -10339.6172
 3   2  11.201  41652.801 333.765  -0.078    9.440  -10.000     -923.0729   -10339.6172
 1   2  11.201  41653.848   7.405  -0.006   12.750  -10.000     -922.9794   -10338.5703
 2   2  11.201  41653.848   7.405  -0.013   11.310  -10.000     -922.9794   -10338.5703
 3   2  11.201  41653.848   7.405  -0.063    9.600  -10.000     -922.9794   -10338.5703
 1   2  11.201  41654.809  38.298   0.003   13.000  -10.000     -922.8936   -10337.6094
 2   2  11.201  41654.809  38.298  -0.003   11.500  -10.000     -922.8936   -10337.6094
 3   2  11.201  41654.809  38.298  -0.057    9.740  -10.000     -922.8936   -10337.6094
 1   2  11.201  41655.801  70.181  -0.032   13.100  -10.000     -922.8051   -10336.6172
 2   2  11.201  41655.801  70.181   0.003   11.620  -10.000     -922.8051   -10336.6172
 3   2  11.201  41655.801  70.181  -0.046    9.850  -10.000     -922.8051   -10336.6172
 1   2  11.201  41658.820 167.234   0.016   12.240  -10.000     -922.5355   -10333.5977
 2   2  11.201  41658.820 167.234   0.089   11.120  -10.000     -922.5355   -10333.5977
 3   2  11.201  41658.820 167.234   0.025    9.580  -10.000     -922.5355   -10333.5977
 1   2  11.201  41760.684 201.028   0.123   12.000  -10.000     -913.4416   -10231.7344
 2   2  11.201  41760.684 201.028   0.167   10.940  -10.000     -913.4416   -10231.7344
 3   2  11.201  41760.684 201.028   0.144    9.510  -10.000     -913.4416   -10231.7344
 1   2  11.201  41761.656 232.273   0.073   11.560  -10.000     -913.3548   -10230.7617
 2   2  11.201  41761.656 232.273   0.082   10.560  -10.000     -913.3548   -10230.7617
 3   2  11.201  41761.656 232.273   0.087    9.230  -10.000     -913.3548   -10230.7617
 1   2  11.201  41762.684 265.298  -0.182   11.600  -10.000     -913.2631   -10229.7344
 2   2  11.201  41762.684 265.298  -0.072   10.600  -10.000     -913.2631   -10229.7344
 3   2  11.201  41762.684 265.298  -0.039    9.220  -10.000     -913.2631   -10229.7344
 1   2  11.201  41764.711 330.447  -0.085   12.330  -10.000     -913.0821   -10227.7070
 2   2  11.201  41764.711 330.447  -0.035   11.050  -10.000     -913.0821   -10227.7070
 3   2  11.201  41764.711 330.447  -0.034    9.470  -10.000     -913.0821   -10227.7070
 1   2  11.201  41765.703   2.351  -0.051   12.660  -10.000     -912.9935   -10226.7148
 2   2  11.201  41765.703   2.351  -0.020   11.270  -10.000     -912.9935   -10226.7148
 3   2  11.201  41765.703   2.351  -0.031    9.610  -10.000     -912.9935   -10226.7148
 1   2  11.201  41766.699  34.365   0.048   13.020  -10.000     -912.9045   -10225.7188
 2   2  11.201  41766.699  34.365  -0.003   11.480  -10.000     -912.9045   -10225.7188
 3   2  11.201  41766.699  34.365  -0.021    9.760  -10.000     -912.9045   -10225.7188
 1   2  11.201  41767.699  66.489   0.130   13.260  -10.000     -912.8153   -10224.7188
 2   2  11.201  41767.699  66.489   0.077   11.690  -10.000     -912.8153   -10224.7188
 3   2  11.201  41767.699  66.489   0.020    9.910  -10.000     -912.8153   -10224.7188
 1   2  11.201  41768.715  99.141   0.083   13.100  -10.000     -912.7246   -10223.7031
 2   2  11.201  41768.715  99.141   0.068   11.630  -10.000     -912.7246   -10223.7031
 3   2  11.201  41768.715  99.141   0.015    9.900  -10.000     -912.7246   -10223.7031
 1   2  11.201  41769.699 130.781   0.083   12.680  -10.000     -912.6367   -10222.7188
 2   2  11.201  41769.699 130.781   0.113   11.400  -10.000     -912.6367   -10222.7188
 3   2  11.201  41769.699 130.781   0.039    9.760  -10.000     -912.6367   -10222.7188
 1   2  11.201  41770.742 164.290   0.044   12.290  -10.000     -912.5436   -10221.6758
 2   2  11.201  41770.742 164.290   0.123   11.170  -10.000     -912.5436   -10221.6758
 3   2  11.201  41770.742 164.290   0.063    9.630  -10.000     -912.5436   -10221.6758
 1   2  11.201  41771.707 195.315   0.193   12.160  -10.000     -912.4575   -10220.7109
 2   2  11.201  41771.707 195.315   0.190   11.030  -10.000     -912.4575   -10220.7109
 3   2  11.201  41771.707 195.315   0.175    9.590  -10.000     -912.4575   -10220.7109
 1   2  11.201  41772.715 227.703   0.026   11.520  -10.000     -912.3675   -10219.7031
 2   2  11.201  41772.715 227.703   0.095   10.580  -10.000     -912.3675   -10219.7031
 3   2  11.201  41772.715 227.703   0.110    9.260  -10.000     -912.3675   -10219.7031
 1   2  11.201  41773.699 259.343  -0.015   11.700  -10.000     -912.2796   -10218.7188
 2   2  11.201  41773.699 259.343  -0.017   10.610  -10.000     -912.2796   -10218.7188
 3   2  11.201  41773.699 259.343  -0.023    9.210  -10.000     -912.2796   -10218.7188
 1   2  11.201  41774.656 290.083  -0.224   11.800  -10.000     -912.1942   -10217.7617
 2   2  11.201  41774.656 290.083  -0.096   10.730  -10.000     -912.1942   -10217.7617
 3   2  11.201  41774.656 290.083  -0.076    9.270  -10.000     -912.1942   -10217.7617
