23   1  12.436  37811.281   0.505  -0.008    2.632  -10.000     -879.9986   -10943.4727
24   1  12.436  37811.281   0.505  -0.009    4.108  -10.000     -879.9986   -10943.4727
25   1  12.436  37811.281   0.505  -0.021    5.820  -10.000     -879.9986   -10943.4727
26   1  12.436  37811.281   0.505  -0.196    6.715  -10.000     -879.9986   -10943.4727
27   1  12.436  37811.281   0.505   0.027    5.452  -10.000     -879.9986   -10943.4727
23   1  12.436  37812.293  29.795  -0.004    2.775  -10.000     -879.9172   -10942.4609
24   1  12.436  37812.293  29.795  -0.001    4.315  -10.000     -879.9172   -10942.4609
25   1  12.436  37812.293  29.795  -0.032    6.038  -10.000     -879.9172   -10942.4609
26   1  12.436  37812.293  29.795  -0.072    7.078  -10.000     -879.9172   -10942.4609
27   1  12.436  37812.293  29.795   0.005    5.685  -10.000     -879.9172   -10942.4609
23   1  12.436  37814.262  86.770   0.004    2.940  -10.000     -879.7590   -10940.4922
24   1  12.436  37814.262  86.770   0.026    4.500  -10.000     -879.7590   -10940.4922
25   1  12.436  37814.262  86.770   0.029    6.258  -10.000     -879.7590   -10940.4922
26   1  12.436  37814.262  86.770  -0.081    7.227  -10.000     -879.7590   -10940.4922
27   1  12.436  37814.262  86.770   0.018    5.858  -10.000     -879.7590   -10940.4922
23   1  12.436  37815.301 116.851   0.019    2.840  -10.000     -879.6754   -10939.4531
24   1  12.436  37815.301 116.851   0.036    4.280  -10.000     -879.6754   -10939.4531
25   1  12.436  37815.301 116.851  -0.006    5.935  -10.000     -879.6754   -10939.4531
26   1  12.436  37815.301 116.851  -0.131    6.872  -10.000     -879.6754   -10939.4531
27   1  12.436  37815.301 116.851  -0.008    5.495  -10.000     -879.6754   -10939.4531
23   1  12.436  37817.281 174.199   0.038    2.578  -10.000     -879.5161   -10937.4727
24   1  12.436  37817.281 174.199   0.049    3.808  -10.000     -879.5161   -10937.4727
25   1  12.436  37817.281 174.199  -0.010    5.343  -10.000     -879.5161   -10937.4727
26   1  12.436  37817.281 174.199   0.096    6.483  -10.000     -879.5161   -10937.4727
27   1  12.436  37817.281 174.199   0.014    4.843  -10.000     -879.5161   -10937.4727
23   1  12.436  37818.281 203.137   0.106    2.317  -10.000     -879.4357   -10936.4727
24   1  12.436  37818.281 203.137   0.129    3.405  -10.000     -879.4357   -10936.4727
25   1  12.436  37818.281 203.137   0.094    4.887  -10.000     -879.4357   -10936.4727
26   1  12.436  37818.281 203.137   0.132    5.938  -10.000     -879.4357   -10936.4727
27   1  12.436  37818.281 203.137   0.089    4.293  -10.000     -879.4357   -10936.4727
23   1  12.436  37820.293 261.387  -0.016    2.178  -10.000     -879.2739   -10934.4609
24   1  12.436  37820.293 261.387  -0.045    3.280  -10.000     -879.2739   -10934.4609
25   1  12.436  37820.293 261.387  -0.097    4.780  -10.000     -879.2739   -10934.4609
26   1  12.436  37820.293 261.387  -0.038    5.860  -10.000     -879.2739   -10934.4609
27   1  12.436  37820.293 261.387  -0.080    4.235  -10.000     -879.2739   -10934.4609
23   1  12.436  37821.281 289.995  -0.032    2.303  -10.000     -879.1945   -10933.4727
24   1  12.436  37821.281 289.995  -0.055    3.535  -10.000     -879.1945   -10933.4727
25   1  12.436  37821.281 289.995  -0.128    5.075  -10.000     -879.1945   -10933.4727
26   1  12.436  37821.281 289.995  -0.134    6.108  -10.000     -879.1945   -10933.4727
27   1  12.436  37821.281 289.995  -0.063    4.630  -10.000     -879.1945   -10933.4727
23   1  12.436  37822.273 318.713  -0.003    2.447  -10.000     -879.1147   -10932.4805
24   1  12.436  37822.273 318.713  -0.031    3.778  -10.000     -879.1147   -10932.4805
25   1  12.436  37822.273 318.713  -0.088    5.385  -10.000     -879.1147   -10932.4805
26   1  12.436  37822.273 318.713  -0.242    6.285  -10.000     -879.1147   -10932.4805
27   1  12.436  37822.273 318.713  -0.033    4.975  -10.000     -879.1147   -10932.4805
23   1  12.436  37825.312  46.692   0.001    2.852  -10.000     -878.8703   -10929.4414
24   1  12.436  37825.312  46.692   0.008    4.418  -10.000     -878.8703   -10929.4414
25   1  12.436  37825.312  46.692   0.034    6.207  -10.000     -878.8703   -10929.4414
27   1  12.436  37825.312  46.692  -0.043    5.750  -10.000     -878.8703   -10929.4414
23   1  12.436  37826.250  73.828   0.033    2.965  -10.000     -878.7949   -10928.5039
24   1  12.436  37826.250  73.828   0.017    4.507  -10.000     -878.7949   -10928.5039
25   1  12.436  37826.250  73.828   0.030    6.285  -10.000     -878.7949   -10928.5039
26   1  12.436  37826.250  73.828   0.007    7.345  -10.000     -878.7949   -10928.5039
27   1  12.436  37826.250  73.828   0.048    5.922  -10.000     -878.7949   -10928.5039
23   1  12.436  37829.273 161.345   0.037    2.618  -10.000     -878.5518   -10925.4805
24   1  12.436  37829.273 161.345   0.058    3.880  -10.000     -878.5518   -10925.4805
25   1  12.436  37829.273 161.345  -0.051    5.378  -10.000     -878.5518   -10925.4805
26   1  12.436  37829.273 161.345  -0.103    6.363  -10.000     -878.5518   -10925.4805
27   1  12.436  37829.273 161.345  -0.006    4.908  -10.000     -878.5518   -10925.4805
23   1  12.436  37839.270  90.725   0.038    2.970  -10.000     -877.7480   -10915.4844
24   1  12.436  37839.270  90.725   0.052    4.512  -10.000     -877.7480   -10915.4844
25   1  12.436  37839.270  90.725   0.025    6.235  -10.000     -877.7480   -10915.4844
26   1  12.436  37839.270  90.725   0.010    7.297  -10.000     -877.7480   -10915.4844
27   1  12.436  37839.270  90.725   0.028    5.845  -10.000     -877.7480   -10915.4844
23   1  12.436  37840.242 118.872   0.029    2.838  -10.000     -877.6698   -10914.5117
24   1  12.436  37840.242 118.872   0.032    4.253  -10.000     -877.6698   -10914.5117
25   1  12.436  37840.242 118.872  -0.060    5.852  -10.000     -877.6698   -10914.5117
26   1  12.436  37840.242 118.872  -0.109    6.865  -10.000     -877.6698   -10914.5117
27   1  12.436  37840.242 118.872   0.013    5.483  -10.000     -877.6698   -10914.5117
23   1  12.436  37841.250 148.052   0.019    2.648  -10.000     -877.5887   -10913.5039
24   1  12.436  37841.250 148.052   0.027    3.928  -10.000     -877.5887   -10913.5039
25   1  12.436  37841.250 148.052  -0.067    5.455  -10.000     -877.5887   -10913.5039
26   1  12.436  37841.250 148.052  -0.121    6.443  -10.000     -877.5887   -10913.5039
27   1  12.436  37841.250 148.052  -0.022    4.998  -10.000     -877.5887   -10913.5039
23   1  12.436  37842.230 176.440   0.040    2.567  -10.000     -877.5099   -10912.5234
24   1  12.436  37842.230 176.440   0.031    3.772  -10.000     -877.5099   -10912.5234
25   1  12.436  37842.230 176.440  -0.041    5.292  -10.000     -877.5099   -10912.5234
26   1  12.436  37842.230 176.440  -0.124    6.242  -10.000     -877.5099   -10912.5234
27   1  12.436  37842.230 176.440   0.006    4.812  -10.000     -877.5099   -10912.5234
23   1  12.436  37844.230 234.338   0.037    2.095  -10.000     -877.3491   -10910.5234
24   1  12.436  37844.230 234.338   0.030    3.105  -10.000     -877.3491   -10910.5234
25   1  12.436  37844.230 234.338   0.048    4.618  -10.000     -877.3491   -10910.5234
26   1  12.436  37844.230 234.338  -0.044    5.530  -10.000     -877.3491   -10910.5234
27   1  12.436  37844.230 234.338   0.019    3.977  -10.000     -877.3491   -10910.5234
23   1  12.436  37845.230 263.276  -0.025    2.178  -10.000     -877.2687   -10909.5234
24   1  12.436  37845.230 263.276  -0.053    3.290  -10.000     -877.2687   -10909.5234
25   1  12.436  37845.230 263.276  -0.079    4.820  -10.000     -877.2687   -10909.5234
26   1  12.436  37845.230 263.276  -0.061    5.860  -10.000     -877.2687   -10909.5234
27   1  12.436  37845.230 263.276  -0.098    4.242  -10.000     -877.2687   -10909.5234
23   1  12.436  37846.242 292.566  -0.060    2.285  -10.000     -877.1873   -10908.5117
24   1  12.436  37846.242 292.566  -0.115    3.495  -10.000     -877.1873   -10908.5117
25   1  12.436  37846.242 292.566  -0.161    5.068  -10.000     -877.1873   -10908.5117
26   1  12.436  37846.242 292.566  -0.099    6.170  -10.000     -877.1873   -10908.5117
27   1  12.436  37846.242 292.566  -0.106    4.617  -10.000     -877.1873   -10908.5117
23   1  12.436  37850.242  48.362   0.024    2.882  -10.000     -876.8657   -10904.5117
24   1  12.436  37850.242  48.362   0.033    4.450  -10.000     -876.8657   -10904.5117
25   1  12.436  37850.242  48.362   0.080    6.262  -10.000     -876.8657   -10904.5117
26   1  12.436  37850.242  48.362  -0.188    7.077  -10.000     -876.8657   -10904.5117
27   1  12.436  37850.242  48.362   0.045    5.847  -10.000     -876.8657   -10904.5117
23   1  12.436  37854.211 163.257   0.052    2.628  -10.000     -876.5465   -10900.5430
24   1  12.436  37854.211 163.257   0.056    3.870  -10.000     -876.5465   -10900.5430
25   1  12.436  37854.211 163.257  -0.001    5.418  -10.000     -876.5465   -10900.5430
26   1  12.436  37854.211 163.257  -0.285    6.170  -10.000     -876.5465   -10900.5430
27   1  12.436  37854.211 163.257   0.035    4.938  -10.000     -876.5465   -10900.5430
23   1  12.436  37855.211 192.217   0.109    2.485  -10.000     -876.4661   -10899.5430
24   1  12.436  37855.211 192.217   0.133    3.653  -10.000     -876.4661   -10899.5430
25   1  12.436  37855.211 192.217   0.099    5.175  -10.000     -876.4661   -10899.5430
26   1  12.436  37855.211 192.217   0.049    6.148  -10.000     -876.4661   -10899.5430
27   1  12.436  37855.211 192.217   0.119    4.638  -10.000     -876.4661   -10899.5430
 0  55  12.436  45390.742 176.177  -0.409   -8.260    0.700     -270.5106    -3364.0117
 0  55  12.436  45394.777 292.983   0.633  -25.410    0.730     -270.1862    -3359.9766
 0  55  12.436  45397.750  19.039   0.541   -0.940    0.650     -269.9471    -3357.0039
 0  55  12.436  45400.684 103.964   5.436   17.520    1.030     -269.7112    -3354.0703
 0  55  12.436  45764.723 202.429   0.128  -11.620    0.500     -240.4377    -2990.0312
 0  55  12.436  45764.750 203.220  -0.190  -12.110    0.530     -240.4355    -2990.0039
18 163  12.436  47916.621 217.131   0.012    9.018  -10.000      -67.3969     -838.1328
18 163  12.436  47916.637 217.581  -0.011    8.992  -10.000      -67.3956     -838.1172
18 163  12.436  47916.711 219.732  -0.039    8.955  -10.000      -67.3896     -838.0430
18 163  12.436  47945.234 325.448   0.000    9.399  -10.000      -65.0960     -809.5195
18 163  12.436  47945.250 325.901  -0.001    9.399  -10.000      -65.0947     -809.5039
18 163  12.436  47945.320 327.936  -0.029    9.379  -10.000      -65.0891     -809.4336
18 163  12.436  47945.336 328.387  -0.034    9.377  -10.000      -65.0878     -809.4180
18 163  12.436  48010.367  50.959  -0.006    9.775  -10.000      -59.8584     -744.3867
18 163  12.436  48010.383  51.412   0.004    9.786  -10.000      -59.8572     -744.3711
18 163  12.436  48010.457  53.560   0.003    9.794  -10.000      -59.8512     -744.2969
18 163  12.436  48010.473  54.013   0.042    9.835  -10.000      -59.8500     -744.2812
18 163  12.436  48032.688 337.103  -0.035    9.414  -10.000      -58.0636     -722.0664
18 163  12.436  48032.766 339.365  -0.021    9.438  -10.000      -58.0573     -721.9883
18 163  12.436  48032.777 339.704  -0.019    9.442  -10.000      -58.0564     -721.9766
18 163  12.436  48032.957 344.906  -0.023    9.461  -10.000      -58.0419     -721.7969
18 163  12.436  48068.926 306.155  -0.045    9.282  -10.000      -55.1496     -685.8281
18 163  12.436  48068.941 306.608  -0.029    9.300  -10.000      -55.1483     -685.8125
18 163  12.436  48069.016 308.756  -0.029    9.309  -10.000      -55.1423     -685.7383
18 163  12.436  48069.031 309.209  -0.016    9.324  -10.000      -55.1411     -685.7227
18 163  12.436  48099.125 100.383   0.012    9.833  -10.000      -52.7212     -655.6289
18 163  12.436  48099.141 100.837   0.024    9.843  -10.000      -52.7199     -655.6133
18 163  12.436  48099.215 102.984   0.032    9.841  -10.000      -52.7139     -655.5391
18 163  12.436  48099.230 103.438  -0.015    9.793  -10.000      -52.7127     -655.5234
18 163  12.436  48159.629  51.894   0.027    9.811  -10.000      -47.8559     -595.1250
18 163  12.436  48159.641  52.233   0.056    9.842  -10.000      -47.8549     -595.1133
18 163  12.436  48174.289 116.288   0.048    9.791  -10.000      -46.6770     -580.4648
18 163  12.436  48174.305 116.739  -0.014    9.727  -10.000      -46.6757     -580.4492
18 163  12.436  48174.379 118.889   0.022    9.750  -10.000      -46.6698     -580.3750
18 163  12.436  48174.395 119.340  -0.056    9.670  -10.000      -46.6685     -580.3594
18 163  12.436  48261.797 129.526   0.025    9.681  -10.000      -39.6402     -492.9570
18 163  12.436  48261.812 129.978   0.010    9.663  -10.000      -39.6390     -492.9414
18 163  12.436  48285.805 104.521   0.032    9.835  -10.000      -37.7097     -468.9492
18 163  12.436  48285.965 109.157   0.054    9.836  -10.000      -37.6968     -468.7891
18 163  12.436  48313.156 176.314  -0.026    9.435  -10.000      -35.5102     -441.5977
18 163  12.436  48349.586 150.907  -0.013    9.532  -10.000      -32.5808     -405.1680
18 163  12.436  48349.602 151.359   0.033    9.577  -10.000      -32.5796     -405.1523
18 163  12.436  48349.676 153.508   0.027    9.563  -10.000      -32.5736     -405.0781
18 163  12.436  48349.691 153.960   0.020    9.555  -10.000      -32.5723     -405.0625
18 163  12.436  48349.867 159.049   0.026    9.544  -10.000      -32.5582     -404.8867
18 163  12.436  48371.273  58.732  -0.045    9.766  -10.000      -30.8369     -383.4805
18 163  12.436  48371.363  61.333  -0.015    9.803  -10.000      -30.8296     -383.3906
18 163  12.436  48371.375  61.672   0.008    9.828  -10.000      -30.8287     -383.3789
18 163  12.436  48371.453  63.934   0.030    9.855  -10.000      -30.8224     -383.3008
18 163  12.436  48371.465  64.273   0.006    9.833  -10.000      -30.8215     -383.2891
18 163  12.436  48411.348 138.829  -0.020    9.579  -10.000      -27.6144     -343.4062
18 163  12.436  48411.613 146.519  -0.002    9.562  -10.000      -27.5930     -343.1406
18 163  12.436  48411.629 146.971  -0.002    9.560  -10.000      -27.5917     -343.1250
18 163  12.436  48438.449 203.385   0.126    9.275  -10.000      -25.4350     -316.3047
18 163  12.436  48438.625 208.474   0.104    9.186  -10.000      -25.4209     -316.1289
18 163  12.436  48438.641 208.926   0.099    9.176  -10.000      -25.4197     -316.1133
18 163  12.436  48467.059 311.589  -0.037    9.312  -10.000      -23.1345     -287.6953
18 163  12.436  48467.074 312.042  -0.033    9.318  -10.000      -23.1332     -287.6797
18 163  12.436  48467.148 314.190  -0.041    9.318  -10.000      -23.1272     -287.6055
18 163  12.436  48501.438 226.815  -0.013    8.970  -10.000      -20.3700     -253.3164
18 163  12.436  48501.453 227.267  -0.011    8.973  -10.000      -20.3687     -253.3008
18 163  12.436  48519.125  18.845  -0.035    9.608  -10.000      -18.9477     -235.6289
18 163  12.436  48519.137  19.185  -0.018    9.626  -10.000      -18.9467     -235.6172
18 163  12.436  48519.211  21.333  -0.046    9.607  -10.000      -18.9407     -235.5430
18 163  12.436  48519.227  21.785  -0.014    9.642  -10.000      -18.9395     -235.5273
18 163  12.436  48557.527  50.544  -0.040    9.739  -10.000      -15.8596     -197.2266
18 163  12.436  48557.539  50.883  -0.026    9.754  -10.000      -15.8587     -197.2148
18 163  12.436  48557.617  53.145   0.002    9.792  -10.000      -15.8524     -197.1367
18 163  12.436  48557.629  53.484  -0.027    9.764  -10.000      -15.8514     -197.1250
18 163  12.436  48557.703  55.633  -0.020    9.779  -10.000      -15.8455     -197.0508
18 163  12.436  48570.875  76.941   0.009    9.856  -10.000      -14.7863     -183.8789
18 163  12.436  48570.945  78.977  -0.025    9.823  -10.000      -14.7806     -183.8086
18 163  12.436  48570.961  79.429   0.038    9.886  -10.000      -14.7794     -183.7930
18 163  12.436  48571.035  81.578   0.046    9.895  -10.000      -14.7734     -183.7188
18 163  12.436  48571.051  82.030  -0.012    9.837  -10.000      -14.7721     -183.7031
18 163  12.436  48607.277  50.743  -0.020    9.759  -10.000      -11.8590     -147.4766
18 163  12.436  48607.293  51.195  -0.002    9.780  -10.000      -11.8578     -147.4609
18 163  12.436  48607.367  53.343  -0.016    9.775  -10.000      -11.8518     -147.3867
18 163  12.436  48607.383  53.796   0.019    9.812  -10.000      -11.8506     -147.3711
18 163  12.436  48627.273 269.604  -0.036    9.132  -10.000      -10.2511     -127.4805
18 163  12.436  48627.289 270.056  -0.051    9.120  -10.000      -10.2498     -127.4648
18 163  12.436  48627.363 272.205  -0.064    9.117  -10.000      -10.2439     -127.3906
18 163  12.436  48627.375 272.544  -0.037    9.145  -10.000      -10.2429     -127.3789
18 163  12.436  48627.453 274.805  -0.053    9.141  -10.000      -10.2367     -127.3008
18 163  12.436  48627.465 275.145  -0.061    9.134  -10.000      -10.2357     -127.2891
18 163  12.436  48657.406  61.910  -0.039    9.781  -10.000       -7.8280      -97.3477
18 163  12.436  48657.484  64.172  -0.023    9.803  -10.000       -7.8217      -97.2695
18 163  12.436  48657.570  66.660   0.009    9.841  -10.000       -7.8148      -97.1836
18 163  12.436  48688.582 244.409   0.056    9.100  -10.000       -5.3211      -66.1719
18 163  12.436  48688.594 244.748   0.046    9.092  -10.000       -5.3201      -66.1602
18 163  12.436  48711.879 198.824   0.132    9.349  -10.000       -3.4477      -42.8750
18 163  12.436  48711.953 200.972   0.165    9.349  -10.000       -3.4417      -42.8008
18 163  12.436  48711.969 201.425   0.155    9.333  -10.000       -3.4405      -42.7852
18 163  12.436  48712.043 203.573   0.156    9.302  -10.000       -3.4345      -42.7109
18 163  12.436  48712.133 206.174   0.122    9.233  -10.000       -3.4273      -42.6211
18 163  12.436  48712.148 206.626   0.127    9.232  -10.000       -3.4260      -42.6055
18 163  12.436  48753.008 309.453  -0.059    9.282  -10.000       -0.1404       -1.7461
18 163  12.436  48753.020 309.792  -0.065    9.277  -10.000       -0.1395       -1.7344
18 163  12.436  48753.184 314.541  -0.055    9.305  -10.000       -0.1263       -1.5703
18 163  12.436  48753.199 314.994  -0.037    9.325  -10.000       -0.1250       -1.5547
18 163  12.436  48753.273 317.142  -0.031    9.338  -10.000       -0.1190       -1.4805
18 163  12.436  48753.289 317.595  -0.020    9.350  -10.000       -0.1178       -1.4648
18 163  12.436  48776.914 281.508  -0.073    9.154  -10.000        1.7820       22.1602
18 163  12.436  48776.926 281.847  -0.073    9.155  -10.000        1.7829       22.1719
18 163  12.436  48810.496 173.665  -0.005    9.469  -10.000        4.4824       55.7422
18 163  12.436  48810.512 174.117   0.054    9.525  -10.000        4.4837       55.7578
18 163  12.436  48953.379 349.939  -0.026    9.480  -10.000       15.9721      198.6250
18 163  12.436  48953.395 350.391  -0.003    9.505  -10.000       15.9733      198.6406
18 163  12.436  48970.891 136.881  -0.006    9.603  -10.000       17.3802      216.1367
18 163  12.436  48970.980 139.482   0.016    9.611  -10.000       17.3874      216.2266
18 163  12.436  49015.855 358.555  -0.014    9.533  -10.000       20.9960      261.1016
18 163  12.436  49015.867 358.895  -0.013    9.535  -10.000       20.9969      261.1133
18 163  12.436  49015.945   1.156   0.003    9.563  -10.000       21.0032      261.1914
18 163  12.436  49015.957   1.496  -0.037    9.524  -10.000       21.0042      261.2031
18 163  12.436  49043.719  85.162  -0.040    9.809  -10.000       23.2366      288.9648
18 163  12.436  49043.734  85.614   0.026    9.875  -10.000       23.2378      288.9805
 1   2  12.436  41652.855 329.150   0.028   11.680  -10.000     -571.0857    -7101.8984
 2   2  12.436  41652.855 329.150   0.031   10.610  -10.000     -571.0857    -7101.8984
 3   2  12.436  41652.855 329.150  -0.009    9.260  -10.000     -571.0857    -7101.8984
 1   2  12.436  41654.852  26.938   0.051   12.240  -10.000     -570.9252    -7099.9023
 2   2  12.436  41654.852  26.938   0.067   11.030  -10.000     -570.9252    -7099.9023
 3   2  12.436  41654.852  26.938   0.013    9.550  -10.000     -570.9252    -7099.9023
 1   2  12.436  41655.848  55.767   0.109   12.480  -10.000     -570.8451    -7098.9062
 2   2  12.436  41655.848  55.767   0.069   11.180  -10.000     -570.8451    -7098.9062
 3   2  12.436  41655.848  55.767   0.020    9.680  -10.000     -570.8451    -7098.9062
 1   2  12.436  41760.738 212.212   0.073   10.640  -10.000     -562.4105    -6994.0156
 2   2  12.436  41760.738 212.212   0.037    9.930  -10.000     -562.4105    -6994.0156
 3   2  12.436  41760.738 212.212   0.080    8.970  -10.000     -562.4105    -6994.0156
 1   2  12.436  41761.723 240.710   0.119   10.720  -10.000     -562.3314    -6993.0312
 2   2  12.436  41761.723 240.710   0.090    9.990  -10.000     -562.3314    -6993.0312
 3   2  12.436  41761.723 240.710   0.095    8.970  -10.000     -562.3314    -6993.0312
 1   2  12.436  41762.766 270.901  -0.062   10.940  -10.000     -562.2475    -6991.9883
 2   2  12.436  41762.766 270.901  -0.009   10.150  -10.000     -562.2475    -6991.9883
 3   2  12.436  41762.766 270.901   0.015    9.040  -10.000     -562.2475    -6991.9883
 1   2  12.436  41764.773 329.019   0.019   11.670  -10.000     -562.0861    -6989.9805
 2   2  12.436  41764.773 329.019   0.022   10.600  -10.000     -562.0861    -6989.9805
 3   2  12.436  41764.773 329.019   0.031    9.300  -10.000     -562.0861    -6989.9805
 1   2  12.436  41765.746 357.188   0.062   11.990  -10.000     -562.0078    -6989.0078
 2   2  12.436  41765.746 357.188   0.039   10.810  -10.000     -562.0078    -6989.0078
 3   2  12.436  41765.746 357.188   0.033    9.430  -10.000     -562.0078    -6989.0078
 1   2  12.436  41766.742  26.016   0.059   12.240  -10.000     -561.9277    -6988.0117
 2   2  12.436  41766.742  26.016   0.033   10.990  -10.000     -561.9277    -6988.0117
 3   2  12.436  41766.742  26.016   0.027    9.560  -10.000     -561.9277    -6988.0117
 1   2  12.436  41767.785  56.206   0.087   12.460  -10.000     -561.8439    -6986.9688
 2   2  12.436  41767.785  56.206   0.057   11.170  -10.000     -561.8439    -6986.9688
 3   2  12.436  41767.785  56.206   0.049    9.710  -10.000     -561.8439    -6986.9688
 1   2  12.436  41768.781  85.056   0.122   12.500  -10.000     -561.7637    -6985.9727
 2   2  12.436  41768.781  85.056   0.078   11.220  -10.000     -561.7637    -6985.9727
 3   2  12.436  41768.781  85.056   0.062    9.770  -10.000     -561.7637    -6985.9727
 1   2  12.436  41769.766 113.555   0.138   12.230  -10.000     -561.6846    -6984.9883
 2   2  12.436  41769.766 113.555   0.104   11.070  -10.000     -561.6846    -6984.9883
 3   2  12.436  41769.766 113.555   0.074    9.690  -10.000     -561.6846    -6984.9883
 1   2  12.436  41770.805 143.635   0.022   11.640  -10.000     -561.6010    -6983.9492
 2   2  12.436  41770.805 143.635   0.066   10.720  -10.000     -561.6010    -6983.9492
 3   2  12.436  41770.805 143.635   0.041    9.470  -10.000     -561.6010    -6983.9492
 1   2  12.436  41771.766 171.453   0.084   11.490  -10.000     -561.5237    -6982.9883
 2   2  12.436  41771.766 171.453   0.102   10.610  -10.000     -561.5237    -6982.9883
 3   2  12.436  41771.766 171.453   0.096    9.430  -10.000     -561.5237    -6982.9883
 1   2  12.436  41772.781 200.852   0.154   10.990  -10.000     -561.4421    -6981.9727
 2   2  12.436  41772.781 200.852   0.158   10.250  -10.000     -561.4421    -6981.9727
 3   2  12.436  41772.781 200.852   0.155    9.190  -10.000     -561.4421    -6981.9727
 1   2  12.436  41773.773 229.570   0.030   10.520  -10.000     -561.3623    -6980.9805
 2   2  12.436  41773.773 229.570   0.011    9.840  -10.000     -561.3623    -6980.9805
 3   2  12.436  41773.773 229.570   0.015    8.850  -10.000     -561.3623    -6980.9805
 2  19  12.436  43895.570  92.867  -0.010   11.108  -10.000     -390.7420    -4859.1836
 3  19  12.436  43895.570  92.867  -0.013    9.687  -10.000     -390.7420    -4859.1836
 5  19  12.436  43895.570  92.867  -0.046    8.204  -10.000     -390.7420    -4859.1836
 1  19  12.436  43934.539 140.966  -0.105   11.545  -10.000     -387.6084    -4820.2148
 2  19  12.436  43934.539 140.966   0.004   10.679  -10.000     -387.6084    -4820.2148
 3  19  12.436  43934.539 140.966  -0.007    9.435  -10.000     -387.6084    -4820.2148
 2  19  12.436  43939.543 285.820  -0.070   10.215  -10.000     -387.2061    -4815.2109
 3  19  12.436  43939.543 285.820  -0.032    9.067  -10.000     -387.2061    -4815.2109
 4  19  12.436  43939.543 285.820  -0.039    8.407  -10.000     -387.2061    -4815.2109
 5  19  12.436  43939.543 285.820  -0.057    7.777  -10.000     -387.2061    -4815.2109
 2  19  12.436  43944.438  67.511  -0.007   11.137  -10.000     -386.8125    -4810.3164
 3  19  12.436  43944.438  67.511  -0.006    9.687  -10.000     -386.8125    -4810.3164
 4  19  12.436  43944.438  67.511  -0.024    8.905  -10.000     -386.8125    -4810.3164
 5  19  12.436  43944.438  67.511  -0.025    8.191  -10.000     -386.8125    -4810.3164
 2  19  12.436  43945.441  96.570   0.006   11.105  -10.000     -386.7318    -4809.3125
 3  19  12.436  43945.441  96.570  -0.008    9.683  -10.000     -386.7318    -4809.3125
 4  19  12.436  43945.441  96.570  -0.018    8.927  -10.000     -386.7318    -4809.3125
 5  19  12.436  43945.441  96.570  -0.035    8.213  -10.000     -386.7318    -4809.3125
 2  19  12.436  43970.473 101.195   0.012   11.081  -10.000     -384.7189    -4784.2812
 3  19  12.436  43970.473 101.195   0.010    9.685  -10.000     -384.7189    -4784.2812
 4  19  12.436  43970.473 101.195  -0.026    8.908  -10.000     -384.7189    -4784.2812
 5  19  12.436  43970.473 101.195  -0.037    8.206  -10.000     -384.7189    -4784.2812
 2  19  12.436  43977.492 304.398  -0.058   10.360  -10.000     -384.1544    -4777.2617
 3  19  12.436  43977.492 304.398  -0.018    9.155  -10.000     -384.1544    -4777.2617
 4  19  12.436  43977.492 304.398  -0.016    8.478  -10.000     -384.1544    -4777.2617
 5  19  12.436  43977.492 304.398  -0.042    7.818  -10.000     -384.1544    -4777.2617
 2  19  12.436  43980.469  30.564  -0.007   10.978  -10.000     -383.9151    -4774.2852
 3  19  12.436  43980.469  30.564  -0.007    9.547  -10.000     -383.9151    -4774.2852
 4  19  12.436  43980.469  30.564  -0.007    8.791  -10.000     -383.9151    -4774.2852
 5  19  12.436  43980.469  30.564  -0.021    8.072  -10.000     -383.9151    -4774.2852
 2  19  12.436  44044.242  76.729   0.000   11.150  -10.000     -378.7869    -4710.5117
 3  19  12.436  44044.242  76.729  -0.017    9.688  -10.000     -378.7869    -4710.5117
 4  19  12.436  44044.242  76.729  -0.029    8.915  -10.000     -378.7869    -4710.5117
 5  19  12.436  44044.242  76.729  -0.024    8.209  -10.000     -378.7869    -4710.5117
 2  19  12.436  44046.301 136.318  -0.027   10.690  -10.000     -378.6213    -4708.4531
 3  19  12.436  44046.301 136.318  -0.022    9.444  -10.000     -378.6213    -4708.4531
 4  19  12.436  44046.301 136.318  -0.057    8.729  -10.000     -378.6213    -4708.4531
 5  19  12.436  44046.301 136.318  -0.089    8.061  -10.000     -378.6213    -4708.4531
 2  19  12.436  44047.270 164.366   0.036   10.575  -10.000     -378.5434    -4707.4844
 3  19  12.436  44047.270 164.366   0.012    9.367  -10.000     -378.5434    -4707.4844
 4  19  12.436  44047.270 164.366  -0.019    8.683  -10.000     -378.5434    -4707.4844
 5  19  12.436  44047.270 164.366  -0.071    8.020  -10.000     -378.5434    -4707.4844
 2  19  12.436  44048.285 193.766   0.122   10.362  -10.000     -378.4618    -4706.4688
 3  19  12.436  44048.285 193.766   0.093    9.234  -10.000     -378.4618    -4706.4688
 4  19  12.436  44048.285 193.766   0.060    8.583  -10.000     -378.4618    -4706.4688
 5  19  12.436  44048.285 193.766   0.014    7.959  -10.000     -378.4618    -4706.4688
 2  19  12.436  44646.531 232.218   0.048    9.890  -10.000     -330.3549    -4108.2227
 3  19  12.436  44646.531 232.218   0.044    8.887  -10.000     -330.3549    -4108.2227
 4  19  12.436  44646.531 232.218   0.017    8.283  -10.000     -330.3549    -4108.2227
 5  19  12.436  44646.531 232.218  -0.010    7.716  -10.000     -330.3549    -4108.2227
 1  19  12.436  44647.492 260.035  -0.069   10.792  -10.000     -330.2777    -4107.2617
 2  19  12.436  44647.492 260.035  -0.024   10.044  -10.000     -330.2777    -4107.2617
 3  19  12.436  44647.492 260.035  -0.017    8.957  -10.000     -330.2777    -4107.2617
 4  19  12.436  44647.492 260.035  -0.033    8.325  -10.000     -330.2777    -4107.2617
 5  19  12.436  44647.492 260.035  -0.051    7.730  -10.000     -330.2777    -4107.2617
 2  19  12.436  44649.520 318.724  -0.017   10.496  -10.000     -330.1147    -4105.2344
 3  19  12.436  44649.520 318.724  -0.017    9.212  -10.000     -330.1147    -4105.2344
 4  19  12.436  44649.520 318.724  -0.025    8.510  -10.000     -330.1147    -4105.2344
 5  19  12.436  44649.520 318.724  -0.036    7.850  -10.000     -330.1147    -4105.2344
 3  19  12.436  44653.578  76.223   0.001    9.706  -10.000     -329.7883    -4101.1758
 4  19  12.436  44653.578  76.223  -0.014    8.929  -10.000     -329.7883    -4101.1758
 5  19  12.436  44653.578  76.223  -0.036    8.197  -10.000     -329.7883    -4101.1758
 2  19  12.436  44654.605 105.963   0.045   11.077  -10.000     -329.7057    -4100.1484
 3  19  12.436  44654.605 105.963   0.017    9.671  -10.000     -329.7057    -4100.1484
 4  19  12.436  44654.605 105.963  -0.024    8.896  -10.000     -329.7057    -4100.1484
 5  19  12.436  44654.605 105.963  -0.052    8.183  -10.000     -329.7057    -4100.1484
 2  19  12.436  44655.555 133.440   0.013   10.759  -10.000     -329.6293    -4099.1992
 3  19  12.436  44655.555 133.440  -0.017    9.467  -10.000     -329.6293    -4099.1992
 4  19  12.436  44655.555 133.440  -0.060    8.739  -10.000     -329.6293    -4099.1992
 5  19  12.436  44655.555 133.440  -0.087    8.071  -10.000     -329.6293    -4099.1992
 2  19  12.436  44676.477  19.105  -0.020   10.897  -10.000     -327.9469    -4078.2773
 3  19  12.436  44676.477  19.105  -0.006    9.496  -10.000     -327.9469    -4078.2773
 4  19  12.436  44676.477  19.105  -0.019    8.734  -10.000     -327.9469    -4078.2773
 5  19  12.436  44676.477  19.105  -0.027    8.027  -10.000     -327.9469    -4078.2773
 2  19  12.436  44677.441  47.032   0.004   11.074  -10.000     -327.8694    -4077.3125
 3  19  12.436  44677.441  47.032   0.001    9.625  -10.000     -327.8694    -4077.3125
 4  19  12.436  44677.441  47.032  -0.012    8.849  -10.000     -327.8694    -4077.3125
 5  19  12.436  44677.441  47.032  -0.013    8.137  -10.000     -327.8694    -4077.3125
 2  19  12.436  44676.469  18.875   0.156   11.071  -10.000     -327.9476    -4078.2852
 3  19  12.436  44676.469  18.875   0.172    9.673  -10.000     -327.9476    -4078.2852
 4  19  12.436  44676.469  18.875   0.162    8.914  -10.000     -327.9476    -4078.2852
 5  19  12.436  44676.469  18.875   0.147    8.201  -10.000     -327.9476    -4078.2852
 2  19  12.436  44680.492 135.352  -0.001   10.725  -10.000     -327.6240    -4074.2617
 3  19  12.436  44680.492 135.352  -0.005    9.467  -10.000     -327.6240    -4074.2617
 4  19  12.436  44680.492 135.352  -0.052    8.738  -10.000     -327.6240    -4074.2617
 5  19  12.436  44680.492 135.352  -0.064    8.088  -10.000     -327.6240    -4074.2617
 2  19  12.436  44704.461 109.215   0.033   11.038  -10.000     -325.6966    -4050.2930
 3  19  12.436  44704.461 109.215   0.021    9.659  -10.000     -325.6966    -4050.2930
 4  19  12.436  44704.461 109.215  -0.021    8.888  -10.000     -325.6966    -4050.2930
 5  19  12.436  44704.461 109.215  -0.042    8.187  -10.000     -325.6966    -4050.2930
 2  19  12.436  44713.441   9.185  -0.026   10.830  -10.000     -324.9745    -4041.3125
 3  19  12.436  44713.441   9.185  -0.010    9.448  -10.000     -324.9745    -4041.3125
 4  19  12.436  44713.441   9.185  -0.034    8.682  -10.000     -324.9745    -4041.3125
 5  19  12.436  44713.441   9.185  -0.026    7.997  -10.000     -324.9745    -4041.3125
 2  19  12.436  44794.238 188.152   0.079   10.420  -10.000     -318.4774    -3960.5156
 3  19  12.436  44794.238 188.152   0.066    9.280  -10.000     -318.4774    -3960.5156
 4  19  12.436  44794.238 188.152   0.046    8.630  -10.000     -318.4774    -3960.5156
 5  19  12.436  44794.238 188.152  -0.005    7.990  -10.000     -318.4774    -3960.5156
 2  19  12.436  44795.270 218.002  -0.019    9.819  -10.000     -318.3944    -3959.4844
 3  19  12.436  44795.270 218.002   0.015    8.863  -10.000     -318.3944    -3959.4844
 4  19  12.436  44795.270 218.002   0.027    8.303  -10.000     -318.3944    -3959.4844
 5  19  12.436  44795.270 218.002  -0.022    7.717  -10.000     -318.3944    -3959.4844
 1  19  12.436  45003.582 128.386  -0.109   11.735  -10.000     -301.6434    -3751.1719
 2  19  12.436  45003.582 128.386  -0.010   10.793  -10.000     -301.6434    -3751.1719
 3  19  12.436  45003.582 128.386  -0.006    9.513  -10.000     -301.6434    -3751.1719
 4  19  12.436  45003.582 128.386  -0.047    8.777  -10.000     -301.6434    -3751.1719
 5  19  12.436  45003.582 128.386  -0.079    8.096  -10.000     -301.6434    -3751.1719
 1  19  12.436  45004.574 157.104  -0.028   11.468  -10.000     -301.5636    -3750.1797
 2  19  12.436  45004.574 157.104   0.031   10.602  -10.000     -301.5636    -3750.1797
 3  19  12.436  45004.574 157.104   0.022    9.398  -10.000     -301.5636    -3750.1797
 4  19  12.436  45004.574 157.104  -0.036    8.682  -10.000     -301.5636    -3750.1797
 5  19  12.436  45004.574 157.104  -0.061    8.042  -10.000     -301.5636    -3750.1797
 1  19  12.436  45005.570 185.944  -0.076   11.147  -10.000     -301.4835    -3749.1836
 2  19  12.436  45005.570 185.944   0.058   10.432  -10.000     -301.4835    -3749.1836
 3  19  12.436  45005.570 185.944   0.068    9.306  -10.000     -301.4835    -3749.1836
 4  19  12.436  45005.570 185.944   0.026    8.630  -10.000     -301.4835    -3749.1836
 5  19  12.436  45005.570 185.944  -0.010    8.001  -10.000     -301.4835    -3749.1836
 1  19  12.436  45006.523 213.530  -0.025   10.521  -10.000     -301.4069    -3748.2305
 2  19  12.436  45006.523 213.530  -0.029    9.849  -10.000     -301.4069    -3748.2305
 3  19  12.436  45006.523 213.530   0.022    8.900  -10.000     -301.4069    -3748.2305
 4  19  12.436  45006.523 213.530   0.016    8.318  -10.000     -301.4069    -3748.2305
 5  19  12.436  45006.523 213.530  -0.019    7.743  -10.000     -301.4069    -3748.2305
 1  19  12.436  45006.625 216.475  -0.054   10.455  -10.000     -301.3987    -3748.1289
 2  19  12.436  45006.625 216.475  -0.029    9.820  -10.000     -301.3987    -3748.1289
 3  19  12.436  45006.625 216.475   0.008    8.865  -10.000     -301.3987    -3748.1289
 4  19  12.436  45006.625 216.475  -0.005    8.279  -10.000     -301.3987    -3748.1289
 5  19  12.436  45006.625 216.475  -0.037    7.709  -10.000     -301.3987    -3748.1289
 1  19  12.436  45007.426 239.656   0.072   10.661  -10.000     -301.3343    -3747.3281
 2  19  12.436  45007.426 239.656   0.050    9.941  -10.000     -301.3343    -3747.3281
 3  19  12.436  45007.426 239.656   0.054    8.924  -10.000     -301.3343    -3747.3281
 4  19  12.436  45007.426 239.656   0.019    8.304  -10.000     -301.3343    -3747.3281
 5  19  12.436  45007.426 239.656  -0.012    7.724  -10.000     -301.3343    -3747.3281
 1  19  12.436  45007.578 244.061   0.023   10.667  -10.000     -301.3221    -3747.1758
 2  19  12.436  45007.578 244.061   0.030    9.957  -10.000     -301.3221    -3747.1758
 3  19  12.436  45007.578 244.061   0.028    8.918  -10.000     -301.3221    -3747.1758
 4  19  12.436  45007.578 244.061  -0.011    8.288  -10.000     -301.3221    -3747.1758
 5  19  12.436  45007.578 244.061  -0.046    7.698  -10.000     -301.3221    -3747.1758
 1  19  12.436  45008.578 273.010  -0.092   10.938  -10.000     -301.2416    -3746.1758
 2  19  12.436  45008.578 273.010  -0.048   10.128  -10.000     -301.2416    -3746.1758
 3  19  12.436  45008.578 273.010  -0.029    9.007  -10.000     -301.2416    -3746.1758
 4  19  12.436  45008.578 273.010  -0.045    8.356  -10.000     -301.2416    -3746.1758
 5  19  12.436  45008.578 273.010  -0.073    7.733  -10.000     -301.2416    -3746.1758
 1  19  12.436  45009.551 301.168  -0.043   11.328  -10.000     -301.1634    -3745.2031
 2  19  12.436  45009.551 301.168  -0.040   10.354  -10.000     -301.1634    -3745.2031
 3  19  12.436  45009.551 301.168  -0.009    9.150  -10.000     -301.1634    -3745.2031
 4  19  12.436  45009.551 301.168  -0.036    8.449  -10.000     -301.1634    -3745.2031
 5  19  12.436  45009.551 301.168  -0.045    7.810  -10.000     -301.1634    -3745.2031
 1  19  12.436  45054.367 158.555  -0.087   11.399  -10.000     -297.5596    -3700.3867
 2  19  12.436  45054.367 158.555   0.029   10.593  -10.000     -297.5596    -3700.3867
 3  19  12.436  45054.367 158.555   0.015    9.386  -10.000     -297.5596    -3700.3867
 4  19  12.436  45054.367 158.555  -0.032    8.683  -10.000     -297.5596    -3700.3867
 5  19  12.436  45054.367 158.555  -0.047    8.053  -10.000     -297.5596    -3700.3867
 1  19  12.436  45055.391 188.174   0.030   11.207  -10.000     -297.4773    -3699.3633
 2  19  12.436  45055.391 188.174   0.082   10.423  -10.000     -297.4773    -3699.3633
 3  19  12.436  45055.391 188.174   0.067    9.280  -10.000     -297.4773    -3699.3633
 4  19  12.436  45055.391 188.174   0.038    8.622  -10.000     -297.4773    -3699.3633
 5  19  12.436  45055.391 188.174   0.000    7.995  -10.000     -297.4773    -3699.3633
 2  19  12.436  45057.480 248.676  -0.002    9.965  -10.000     -297.3092    -3697.2734
 3  19  12.436  45057.480 248.676   0.001    8.915  -10.000     -297.3092    -3697.2734
 4  19  12.436  45057.480 248.676  -0.012    8.304  -10.000     -297.3092    -3697.2734
 5  19  12.436  45057.480 248.676  -0.036    7.719  -10.000     -297.3092    -3697.2734
 1  19  12.436  45095.395 266.243  -0.078   10.863  -10.000     -294.2604    -3659.3594
 2  19  12.436  45095.395 266.243  -0.036   10.083  -10.000     -294.2604    -3659.3594
 3  19  12.436  45095.395 266.243  -0.016    8.987  -10.000     -294.2604    -3659.3594
 4  19  12.436  45095.395 266.243  -0.040    8.338  -10.000     -294.2604    -3659.3594
 5  19  12.436  45095.395 266.243  -0.059    7.734  -10.000     -294.2604    -3659.3594
 0  19  12.436  43969.504  73.147   1.236   11.500  -10.000     -384.7968    -4785.2500
 0  19  12.436  43971.520 131.495   0.842   12.000  -10.000     -384.6347    -4783.2344
 0  19  12.436  43972.504 159.994  -0.398   -3.200  -10.000     -384.5556    -4782.2500
 0  19  12.436  43973.516 189.283   1.154   -9.200  -10.000     -384.4742    -4781.2383
 0  19  12.436  43977.531 305.530  -2.622  -22.200  -10.000     -384.1513    -4777.2227
 0  19  12.436  43978.473 332.787  -0.079  -12.200  -10.000     -384.0756    -4776.2812
 0  19  12.436  43979.461   1.395   0.157   -5.300  -10.000     -383.9961    -4775.2930
 0  19  12.436  43980.496  31.355  -0.953    2.100  -10.000     -383.9129    -4774.2578
 0  19  12.436  44238.609 303.409   0.990  -20.100  -10.000     -363.1572    -4516.1445
 0  19  12.436  44240.613   1.417   2.449   -3.000  -10.000     -362.9961    -4514.1406
 0  19  12.436  44299.535 267.133  -0.569  -25.200  -10.000     -358.2580    -4455.2188
 0  19  12.436  44301.465 322.987   1.734  -15.600  -10.000     -358.1028    -4453.2891
 0  19  12.436  44331.473 111.676   2.892   14.900  -10.000     -355.6898    -4423.2812
 0  19  12.436  44335.500 228.263  -3.179  -18.700  -10.000     -355.3659    -4419.2539
 0  19  12.436  44336.527 258.003  -5.591  -28.700  -10.000     -355.2833    -4418.2266
 0  19  12.436  44363.383 315.439   1.172  -18.000  -10.000     -353.1238    -4391.3711
 0  19  12.436  44364.375 344.158   2.930   -7.400  -10.000     -353.0440    -4390.3789
 0  19  12.436  44444.262 136.780  -1.151    8.300  -10.000     -346.6201    -4310.4922
 0  19  12.436  44445.254 165.498  -5.471   -8.600  -10.000     -346.5403    -4309.5000
 0  19  12.436  44446.258 194.568   0.426  -10.500  -10.000     -346.4595    -4308.4961
 0  19  12.436  44447.242 223.055  -0.886  -15.100  -10.000     -346.3804    -4307.5117
 0  19  12.436  44625.594 346.113   1.175   -8.200  -10.000     -332.0386    -4129.1602
 0  19  12.436  44653.414  71.466  -3.752    6.200  -10.000     -329.8015    -4101.3398
 0  19  12.436  44654.621 106.414  -2.390    9.500  -10.000     -329.7044    -4100.1328
 0  19  12.436  44655.570 133.890  -2.268    8.100  -10.000     -329.6281    -4099.1836
 0  19  12.436  44658.586 221.188   1.592  -12.700  -10.000     -329.3856    -4096.1680
 0  19  12.436  44659.613 250.928  -0.341  -21.200  -10.000     -329.3030    -4095.1406
 0  19  12.436  44691.457  92.769  -1.678   11.500  -10.000     -326.7423    -4063.2969
 0  19  12.436  44692.512 123.300   2.767   16.400  -10.000     -326.6575    -4062.2422
 0  19  12.436  44693.508 152.139   1.489    0.000  -10.000     -326.5774    -4061.2461
 0  19  12.436  44694.512 181.198   5.296   -3.800  -10.000     -326.4967    -4060.2422
 0  19  12.436  44703.520  81.958   0.135   13.000  -10.000     -325.7723    -4051.2344
 0  19  12.436  44704.488 110.006  -1.654   10.200  -10.000     -325.6944    -4050.2656
 0  19  12.436  44705.496 139.175   0.395    8.900  -10.000     -325.6134    -4049.2578
 0  19  12.436  44706.504 168.354   3.259   -0.900  -10.000     -325.5323    -4048.2500
 0  19  12.436  44707.473 196.403   0.848  -10.200  -10.000     -325.4544    -4047.2812
 0  19  12.436  44712.516 342.389  -1.677  -12.800  -10.000     -325.0489    -4042.2383
 0  19  12.436  44713.488  10.547   1.744   -1.100  -10.000     -324.9707    -4041.2656
 0  19  12.436  44714.484  39.375  -1.986    2.100  -10.000     -324.8906    -4040.2695
 0  19  12.436  44715.516  69.236  -2.800    6.900  -10.000     -324.8077    -4039.2383
 0  19  12.436  44772.316 273.538  -1.169  -23.400  -10.000     -320.2402    -3982.4375
 0  19  12.436  44773.320 302.607  -1.469  -23.200  -10.000     -320.1594    -3981.4336
 0  19  12.436  44777.305  57.942   0.124   10.400  -10.000     -319.8391    -3977.4492
 0  19  12.436  44778.305  86.891   3.631   17.200  -10.000     -319.7586    -3976.4492
 0  19  12.436  45039.625  91.780  -2.789   10.500  -10.000     -298.7451    -3715.1289
 0  19  12.436  45041.312 140.636  -0.559    7.200  -10.000     -298.6093    -3713.4414
 0  19  12.436  45042.309 169.464  -3.008   -7.700  -10.000     -298.5293    -3712.4453
 0  19  12.436  45042.488 174.672   0.766   -6.500  -10.000     -298.5148    -3712.2656
 0  19  12.436  45043.285 197.743  -0.161  -11.300  -10.000     -298.4507    -3711.4688
 0  19  12.436  45044.332 228.043   1.411  -14.000  -10.000     -298.3665    -3710.4219
 0  19  12.436  45090.426 122.399   0.989   14.700  -10.000     -294.6600    -3664.3281
 0  19  12.436  45091.406 150.787  -0.398   -1.000  -10.000     -294.5811    -3663.3477
 0  19  12.436  45093.406 208.685   6.029   -7.500  -10.000     -294.4203    -3661.3477
 0 170  12.436  50497.895  61.688  -0.266    9.620    0.420      140.1714     1743.1406
 0 170  12.436  50499.918 120.262   0.796   14.460    0.420      140.3341     1745.1641
 0 170  12.436  50532.832 353.084  -2.084   -9.290    0.330      142.9808     1778.0781
 0 170  12.436  50533.684  17.732  -0.416   -2.360    0.290      143.0493     1778.9297
 0 170  12.436  50535.711  76.421   1.442   12.590    0.540      143.2123     1780.9570
 0 170  12.436  50536.734 106.051   5.137   17.050    0.440      143.2946     1781.9805
 3   9  12.436  44024.531 226.121   0.010    8.840  -10.000     -380.3719    -4730.2227
14   9  12.436  44024.531 226.121  -0.030   10.140  -10.000     -380.3719    -4730.2227
15   9  12.436  44024.531 226.121   0.020    9.120  -10.000     -380.3719    -4730.2227
16   9  12.436  44024.531 226.121   0.012    8.300  -10.000     -380.3719    -4730.2227
17   9  12.436  44024.531 226.121  -0.016    7.700  -10.000     -380.3719    -4730.2227
 3   9  12.436  44015.531 325.580  -0.035    9.220  -10.000     -381.0956    -4739.2227
14   9  12.436  44015.531 325.580  -0.029   11.080  -10.000     -381.0956    -4739.2227
15   9  12.436  44015.531 325.580  -0.007    9.590  -10.000     -381.0956    -4739.2227
16   9  12.436  44015.531 325.580  -0.022    8.550  -10.000     -381.0956    -4739.2227
17   9  12.436  44015.531 325.580  -0.046    7.840  -10.000     -381.0956    -4739.2227
 3   9  12.436  44016.512 353.969  -0.052    9.330  -10.000     -381.0168    -4738.2422
14   9  12.436  44016.512 353.969  -0.024   11.320  -10.000     -381.0168    -4738.2422
15   9  12.436  44016.512 353.969  -0.019    9.720  -10.000     -381.0168    -4738.2422
16   9  12.436  44016.512 353.969  -0.029    8.640  -10.000     -381.0168    -4738.2422
17   9  12.436  44016.512 353.969  -0.059    7.900  -10.000     -381.0168    -4738.2422
 3   9  12.436  44017.512  22.917  -0.019    9.500  -10.000     -380.9363    -4737.2422
14   9  12.436  44017.512  22.917   0.010   11.580  -10.000     -380.9363    -4737.2422
15   9  12.436  44017.512  22.917  -0.009    9.880  -10.000     -380.9363    -4737.2422
16   9  12.436  44017.512  22.917  -0.012    8.770  -10.000     -380.9363    -4737.2422
17   9  12.436  44017.512  22.917  -0.033    8.020  -10.000     -380.9363    -4737.2422
 3   9  12.436  44019.520  81.035   0.022    9.730  -10.000     -380.7749    -4735.2344
14   9  12.436  44019.520  81.035   0.079   11.870  -10.000     -380.7749    -4735.2344
15   9  12.436  44019.520  81.035   0.038   10.120  -10.000     -380.7749    -4735.2344
16   9  12.436  44019.520  81.035   0.017    8.980  -10.000     -380.7749    -4735.2344
17   9  12.436  44019.520  81.035  -0.006    8.220  -10.000     -380.7749    -4735.2344
 3   9  12.436  44021.578 140.636   0.007    9.450  -10.000     -380.6093    -4733.1758
14   9  12.436  44021.578 140.636   0.001   11.190  -10.000     -380.6093    -4733.1758
15   9  12.436  44021.578 140.636   0.030    9.800  -10.000     -380.6093    -4733.1758
16   9  12.436  44021.578 140.636  -0.010    8.780  -10.000     -380.6093    -4733.1758
17   9  12.436  44021.578 140.636  -0.058    8.070  -10.000     -380.6093    -4733.1758
