 1  79  19.704  45488.344  11.847  -0.088   13.287  -10.000        0.0329        0.6484
 2  79  19.704  45488.344  11.847   0.048   11.694  -10.000        0.0329        0.6484
 3  79  19.704  45488.344  11.847   0.028    9.724  -10.000        0.0329        0.6484
 4  79  19.704  45488.344  11.847  -0.015    8.576  -10.000        0.0329        0.6484
 2  79  19.704  45489.402  31.188  -0.009   11.779  -10.000        0.0866        1.7070
 3  79  19.704  45489.402  31.188  -0.004    9.798  -10.000        0.0866        1.7070
 4  79  19.704  45489.402  31.188  -0.027    8.655  -10.000        0.0866        1.7070
 1  79  19.704  45490.332  48.174   0.043   13.716  -10.000        0.1338        2.6367
 2  79  19.704  45490.332  48.174   0.020   11.895  -10.000        0.1338        2.6367
 3  79  19.704  45490.332  48.174   0.003    9.875  -10.000        0.1338        2.6367
 4  79  19.704  45490.332  48.174  -0.013    8.732  -10.000        0.1338        2.6367
 1  79  19.704  45493.387 103.984  -0.217   13.363  -10.000        0.2888        5.6914
 2  79  19.704  45493.387 103.984  -0.073   11.793  -10.000        0.2888        5.6914
 3  79  19.704  45493.387 103.984  -0.041    9.886  -10.000        0.2888        5.6914
 4  79  19.704  45493.387 103.984  -0.066    8.760  -10.000        0.2888        5.6914
 1  79  19.704  45496.316 157.510  -0.087   12.956  -10.000        0.4375        8.6211
 2  79  19.704  45496.316 157.510   0.048   11.594  -10.000        0.4375        8.6211
 3  79  19.704  45496.316 157.510   0.014    9.787  -10.000        0.4375        8.6211
 4  79  19.704  45496.316 157.510  -0.042    8.700  -10.000        0.4375        8.6211
 1  79  19.704  45497.297 175.424  -0.263   12.073  -10.000        0.4873        9.6016
 2  79  19.704  45497.297 175.424  -0.043   11.006  -10.000        0.4873        9.6016
 3  79  19.704  45497.297 175.424  -0.048    9.388  -10.000        0.4873        9.6016
 4  79  19.704  45497.297 175.424  -0.084    8.388  -10.000        0.4873        9.6016
 1  79  19.704  45498.340 194.479  -0.120   11.248  -10.000        0.5402       10.6445
 2  79  19.704  45498.340 194.479  -0.125   10.227  -10.000        0.5402       10.6445
 3  79  19.704  45498.340 194.479  -0.119    8.829  -10.000        0.5402       10.6445
 4  79  19.704  45498.340 194.479  -0.134    7.936  -10.000        0.5402       10.6445
 1  79  19.704  45501.348 249.433  -0.038   11.896  -10.000        0.6929       13.6523
 2  79  19.704  45501.348 249.433   0.066   10.756  -10.000        0.6929       13.6523
 3  79  19.704  45501.348 249.433   0.051    9.162  -10.000        0.6929       13.6523
 4  79  19.704  45501.348 249.433   0.002    8.163  -10.000        0.6929       13.6523
 1  79  19.704  45502.355 267.846  -0.027   12.155  -10.000        0.7440       14.6602
 2  79  19.704  45502.355 267.846   0.049   10.893  -10.000        0.7440       14.6602
 3  79  19.704  45502.355 267.846   0.018    9.211  -10.000        0.7440       14.6602
 4  79  19.704  45502.355 267.846  -0.010    8.203  -10.000        0.7440       14.6602
 1  79  19.704  45503.348 285.973  -0.060   12.353  -10.000        0.7944       15.6523
 2  79  19.704  45503.348 285.973   0.040   11.030  -10.000        0.7944       15.6523
 3  79  19.704  45503.348 285.973   0.023    9.296  -10.000        0.7944       15.6523
 4  79  19.704  45503.348 285.973  -0.015    8.251  -10.000        0.7944       15.6523
 1  79  19.704  45505.332 322.229  -0.053   12.808  -10.000        0.8951       17.6367
 2  79  19.704  45505.332 322.229   0.049   11.332  -10.000        0.8951       17.6367
 3  79  19.704  45505.332 322.229   0.029    9.477  -10.000        0.8951       17.6367
 4  79  19.704  45505.332 322.229  -0.006    8.385  -10.000        0.8951       17.6367
 1  79  19.704  45508.336  17.111   0.071   13.500  -10.000        1.0475       20.6406
 2  79  19.704  45508.336  17.111   0.064   11.750  -10.000        1.0475       20.6406
 3  79  19.704  45508.336  17.111   0.043    9.768  -10.000        1.0475       20.6406
 4  79  19.704  45508.336  17.111   0.024    8.639  -10.000        1.0475       20.6406
 1  79  19.704  45515.348 145.217   0.064   13.228  -10.000        1.4034       27.6523
 2  79  19.704  45515.348 145.217   0.017   11.638  -10.000        1.4034       27.6523
 3  79  19.704  45515.348 145.217  -0.016    9.798  -10.000        1.4034       27.6523
 4  79  19.704  45515.348 145.217  -0.072    8.696  -10.000        1.4034       27.6523
 1  79  19.704  45871.340 169.310  -0.065   12.613  -10.000       19.4703      383.6445
 2  79  19.704  45871.340 169.310  -0.046   11.246  -10.000       19.4703      383.6445
 3  79  19.704  45871.340 169.310  -0.043    9.560  -10.000       19.4703      383.6445
 4  79  19.704  45871.340 169.310  -0.078    8.530  -10.000       19.4703      383.6445
 1  79  19.704  45872.352 187.795  -0.141   11.440  -10.000       19.5217      384.6562
 2  79  19.704  45872.352 187.795  -0.203   10.303  -10.000       19.5217      384.6562
 3  79  19.704  45872.352 187.795  -0.161    8.894  -10.000       19.5217      384.6562
 4  79  19.704  45872.352 187.795  -0.151    8.007  -10.000       19.5217      384.6562
 1  79  19.704  45873.352 206.065   0.131   11.475  -10.000       19.5724      385.6562
 2  79  19.704  45873.352 206.065  -0.018   10.312  -10.000       19.5724      385.6562
 3  79  19.704  45873.352 206.065  -0.049    8.877  -10.000       19.5724      385.6562
 4  79  19.704  45873.352 206.065  -0.065    7.984  -10.000       19.5724      385.6562
 1  79  19.704  45874.336 224.050   0.196   11.762  -10.000       19.6224      386.6406
 2  79  19.704  45874.336 224.050   0.076   10.542  -10.000       19.6224      386.6406
 3  79  19.704  45874.336 224.050   0.026    9.022  -10.000       19.6224      386.6406
 4  79  19.704  45874.336 224.050  -0.007    8.084  -10.000       19.6224      386.6406
 1  79  19.704  45875.324 242.106   0.122   11.952  -10.000       19.6725      387.6289
 2  79  19.704  45875.324 242.106   0.036   10.663  -10.000       19.6725      387.6289
 3  79  19.704  45875.324 242.106   0.018    9.097  -10.000       19.6725      387.6289
 4  79  19.704  45875.324 242.106  -0.013    8.128  -10.000       19.6725      387.6289
 1  79  19.704  45876.344 260.733   0.050   12.134  -10.000       19.7243      388.6484
 2  79  19.704  45876.344 260.733   0.051   10.834  -10.000       19.7243      388.6484
 3  79  19.704  45876.344 260.733   0.021    9.180  -10.000       19.7243      388.6484
 4  79  19.704  45876.344 260.733  -0.010    8.180  -10.000       19.7243      388.6484
 1  79  19.704  45877.336 278.861   0.058   12.382  -10.000       19.7746      389.6406
 2  79  19.704  45877.336 278.861   0.031   10.965  -10.000       19.7746      389.6406
 3  79  19.704  45877.336 278.861   0.020    9.262  -10.000       19.7746      389.6406
 4  79  19.704  45877.336 278.861  -0.022    8.223  -10.000       19.7746      389.6406
 1  79  19.704  45878.328 296.989   0.105   12.667  -10.000       19.8250      390.6328
 2  79  19.704  45878.328 296.989   0.042   11.129  -10.000       19.8250      390.6328
 3  79  19.704  45878.328 296.989   0.017    9.347  -10.000       19.8250      390.6328
 4  79  19.704  45878.328 296.989  -0.011    8.295  -10.000       19.8250      390.6328
 1  79  19.704  45879.320 315.116   0.129   12.909  -10.000       19.8753      391.6250
 2  79  19.704  45879.320 315.116   0.027   11.256  -10.000       19.8753      391.6250
 3  79  19.704  45879.320 315.116   0.028    9.442  -10.000       19.8753      391.6250
 4  79  19.704  45879.320 315.116  -0.002    8.364  -10.000       19.8753      391.6250
 1  79  19.704  45880.328 333.529   0.081   13.068  -10.000       19.9265      392.6328
 2  79  19.704  45880.328 333.529   0.010   11.379  -10.000       19.9265      392.6328
 3  79  19.704  45880.328 333.529   0.000    9.503  -10.000       19.9265      392.6328
 4  79  19.704  45880.328 333.529  -0.033    8.400  -10.000       19.9265      392.6328
 1  79  19.704  45881.324 351.728   0.243   13.414  -10.000       19.9770      393.6289
 2  79  19.704  45881.324 351.728   0.034   11.532  -10.000       19.9770      393.6289
 3  79  19.704  45881.324 351.728   0.047    9.638  -10.000       19.9770      393.6289
 4  79  19.704  45881.324 351.728  -0.005    8.499  -10.000       19.9770      393.6289
 1  79  19.704  45882.312   9.784   0.104   13.458  -10.000       20.0272      394.6172
 2  79  19.704  45882.312   9.784   0.036   11.667  -10.000       20.0272      394.6172
 3  79  19.704  45882.312   9.784   0.036    9.721  -10.000       20.0272      394.6172
 4  79  19.704  45882.312   9.784   0.000    8.582  -10.000       20.0272      394.6172
 1  79  19.704  45883.324  28.269   0.246   13.786  -10.000       20.0785      395.6289
 2  79  19.704  45883.324  28.269   0.036   11.806  -10.000       20.0785      395.6289
 3  79  19.704  45883.324  28.269   0.034    9.822  -10.000       20.0785      395.6289
 4  79  19.704  45883.324  28.269   0.004    8.674  -10.000       20.0785      395.6289
 1  79  19.704  45886.332  83.222   0.003   13.730  -10.000       20.2312      398.6367
 2  79  19.704  45886.332  83.222  -0.068   11.879  -10.000       20.2312      398.6367
 3  79  19.704  45886.332  83.222  -0.023    9.934  -10.000       20.2312      398.6367
 4  79  19.704  45886.332  83.222  -0.049    8.787  -10.000       20.2312      398.6367
 1  79  19.704  45887.312 101.136  -0.123   13.484  -10.000       20.2809      399.6172
 2  79  19.704  45887.312 101.136  -0.105   11.777  -10.000       20.2809      399.6172
 3  79  19.704  45887.312 101.136  -0.055    9.879  -10.000       20.2809      399.6172
 4  79  19.704  45887.312 101.136  -0.073    8.757  -10.000       20.2809      399.6172
 2  79  19.704  47735.289  24.269  -0.027   11.715  -10.000      114.0674     2247.5938
 3  79  19.704  47735.289  24.269   0.013    9.779  -10.000      114.0674     2247.5938
 4  79  19.704  47735.289  24.269  -0.011    8.640  -10.000      114.0674     2247.5938
 2  79  19.704  47736.273  42.253  -0.036   11.811  -10.000      114.1174     2248.5781
 3  79  19.704  47736.273  42.253   0.003    9.852  -10.000      114.1174     2248.5781
 4  79  19.704  47736.273  42.253  -0.004    8.720  -10.000      114.1174     2248.5781
 2  79  19.704  47737.273  60.524  -0.092   11.831  -10.000      114.1681     2249.5781
 3  79  19.704  47737.273  60.524  -0.024    9.892  -10.000      114.1681     2249.5781
 4  79  19.704  47737.273  60.524  -0.023    8.765  -10.000      114.1681     2249.5781
 2  79  19.704  47738.266  78.651  -0.125   11.824  -10.000      114.2185     2250.5703
 3  79  19.704  47738.266  78.651  -0.080    9.874  -10.000      114.2185     2250.5703
 4  79  19.704  47738.266  78.651  -0.066    8.764  -10.000      114.2185     2250.5703
 2  79  19.704  47739.234  96.350  -0.124   11.781  -10.000      114.2676     2251.5391
 3  79  19.704  47739.234  96.350  -0.055    9.888  -10.000      114.2676     2251.5391
 4  79  19.704  47739.234  96.350  -0.064    8.770  -10.000      114.2676     2251.5391
 2  79  19.704  47740.254 114.977  -0.101   11.692  -10.000      114.3194     2252.5586
 3  79  19.704  47740.254 114.977  -0.060    9.832  -10.000      114.3194     2252.5586
 4  79  19.704  47740.254 114.977  -0.065    8.743  -10.000      114.3194     2252.5586
 2  79  19.704  47741.242 133.033   0.030   11.711  -10.000      114.3695     2253.5469
 3  79  19.704  47741.242 133.033   0.012    9.852  -10.000      114.3695     2253.5469
 4  79  19.704  47741.242 133.033  -0.026    8.755  -10.000      114.3695     2253.5469
 2  79  19.704  47742.262 151.661   0.037   11.627  -10.000      114.4213     2254.5664
 3  79  19.704  47742.262 151.661   0.044    9.843  -10.000      114.4213     2254.5664
 4  79  19.704  47742.262 151.661  -0.008    8.752  -10.000      114.4213     2254.5664
 2  79  19.704  47743.250 169.717  -0.067   11.211  -10.000      114.4714     2255.5547
 3  79  19.704  47743.250 169.717  -0.030    9.564  -10.000      114.4714     2255.5547
 4  79  19.704  47743.250 169.717  -0.038    8.562  -10.000      114.4714     2255.5547
 2  79  19.704  47744.227 187.559  -0.256   10.258  -10.000      114.5210     2256.5312
 3  79  19.704  47744.227 187.559  -0.194    8.867  -10.000      114.5210     2256.5312
 4  79  19.704  47744.227 187.559  -0.167    7.996  -10.000      114.5210     2256.5312
 2  79  19.704  47745.223 205.757  -0.003   10.325  -10.000      114.5715     2257.5273
 3  79  19.704  47745.223 205.757  -0.017    8.908  -10.000      114.5715     2257.5273
 4  79  19.704  47745.223 205.757  -0.028    8.021  -10.000      114.5715     2257.5273
 2  79  19.704  47746.227 224.099   0.043   10.509  -10.000      114.6225     2258.5312
 3  79  19.704  47746.227 224.099   0.024    9.020  -10.000      114.6225     2258.5312
 4  79  19.704  47746.227 224.099   0.001    8.093  -10.000      114.6225     2258.5312
 2  79  19.704  47747.219 242.227   0.044   10.672  -10.000      114.6729     2259.5234
 3  79  19.704  47747.219 242.227   0.041    9.120  -10.000      114.6729     2259.5234
 4  79  19.704  47747.219 242.227  -0.003    8.139  -10.000      114.6729     2259.5234
 2  79  19.704  47748.227 260.640   0.029   10.811  -10.000      114.7240     2260.5312
 3  79  19.704  47748.227 260.640   0.023    9.181  -10.000      114.7240     2260.5312
 4  79  19.704  47748.227 260.640   0.007    8.197  -10.000      114.7240     2260.5312
 2  79  19.704  47749.203 278.481  -0.011   10.920  -10.000      114.7736     2261.5078
 3  79  19.704  47749.203 278.481  -0.009    9.231  -10.000      114.7736     2261.5078
 4  79  19.704  47749.203 278.481  -0.042    8.202  -10.000      114.7736     2261.5078
 2  79  19.704  47750.203 296.752  -0.003   11.082  -10.000      114.8243     2262.5078
 3  79  19.704  47750.203 296.752  -0.025    9.304  -10.000      114.8243     2262.5078
 4  79  19.704  47750.203 296.752  -0.030    8.276  -10.000      114.8243     2262.5078
 2  79  19.704  47751.207 315.093   0.008   11.237  -10.000      114.8753     2263.5117
 3  79  19.704  47751.207 315.093   0.031    9.445  -10.000      114.8753     2263.5117
 4  79  19.704  47751.207 315.093   0.005    8.371  -10.000      114.8753     2263.5117
 2  79  19.704  47752.188 333.009   0.025   11.390  -10.000      114.9250     2264.4922
 3  79  19.704  47752.188 333.009   0.036    9.536  -10.000      114.9250     2264.4922
 4  79  19.704  47752.188 333.009   0.020    8.451  -10.000      114.9250     2264.4922
 2  79  19.704  47753.191 351.351   0.028   11.524  -10.000      114.9760     2265.4961
 3  79  19.704  47753.191 351.351   0.034    9.623  -10.000      114.9760     2265.4961
 4  79  19.704  47753.191 351.351   0.014    8.516  -10.000      114.9760     2265.4961
 2  79  19.704  47754.207   9.907   0.030   11.662  -10.000      115.0275     2266.5117
 3  79  19.704  47754.207   9.907   0.022    9.708  -10.000      115.0275     2266.5117
 4  79  19.704  47754.207   9.907   0.011    8.594  -10.000      115.0275     2266.5117
 2  79  19.704  47755.207  28.177  -0.009   11.760  -10.000      115.0783     2267.5117
 3  79  19.704  47755.207  28.177   0.013    9.800  -10.000      115.0783     2267.5117
 4  79  19.704  47755.207  28.177  -0.003    8.666  -10.000      115.0783     2267.5117
 2  79  19.704  47756.227  46.805  -0.020   11.849  -10.000      115.1300     2268.5312
 3  79  19.704  47756.227  46.805   0.024    9.891  -10.000      115.1300     2268.5312
 4  79  19.704  47756.227  46.805   0.013    8.753  -10.000      115.1300     2268.5312
 2  79  19.704  47757.199  64.575  -0.068   11.863  -10.000      115.1794     2269.5039
 3  79  19.704  47757.199  64.575  -0.018    9.908  -10.000      115.1794     2269.5039
 4  79  19.704  47757.199  64.575  -0.028    8.771  -10.000      115.1794     2269.5039
 2  79  19.704  47758.195  82.774  -0.086   11.862  -10.000      115.2299     2270.5000
 3  79  19.704  47758.195  82.774  -0.032    9.925  -10.000      115.2299     2270.5000
 4  79  19.704  47758.195  82.774  -0.047    8.788  -10.000      115.2299     2270.5000
 2  79  19.704  47759.184 100.830  -0.118   11.765  -10.000      115.2801     2271.4883
 3  79  19.704  47759.184 100.830  -0.053    9.881  -10.000      115.2801     2271.4883
 4  79  19.704  47759.184 100.830  -0.050    8.780  -10.000      115.2801     2271.4883
 2  79  19.704  47760.199 119.386  -0.054   11.705  -10.000      115.3316     2272.5039
 3  79  19.704  47760.199 119.386  -0.014    9.861  -10.000      115.3316     2272.5039
 4  79  19.704  47760.199 119.386  -0.031    8.767  -10.000      115.3316     2272.5039
 2  79  19.704  47761.176 137.227   0.060   11.722  -10.000      115.3812     2273.4805
 3  79  19.704  47761.176 137.227   0.028    9.861  -10.000      115.3812     2273.4805
 4  79  19.704  47761.176 137.227   0.006    8.785  -10.000      115.3812     2273.4805
 2  79  19.704  47762.176 155.498   0.021   11.586  -10.000      115.4319     2274.4805
 3  79  19.704  47762.176 155.498   0.011    9.795  -10.000      115.4319     2274.4805
 4  79  19.704  47762.176 155.498  -0.010    8.740  -10.000      115.4319     2274.4805
 2  79  19.704  47763.168 173.625  -0.181   10.946  -10.000      115.4823     2275.4727
 3  79  19.704  47763.168 173.625  -0.129    9.362  -10.000      115.4823     2275.4727
 4  79  19.704  47763.168 173.625  -0.128    8.389  -10.000      115.4823     2275.4727
 2  79  19.704  47764.168 191.895  -0.196   10.199  -10.000      115.5330     2276.4727
 3  79  19.704  47764.168 191.895  -0.164    8.814  -10.000      115.5330     2276.4727
 4  79  19.704  47764.168 191.895  -0.144    7.951  -10.000      115.5330     2276.4727
 2  79  19.704  47766.168 228.436   0.064   10.568  -10.000      115.6345     2278.4727
 3  79  19.704  47766.168 228.436   0.040    9.056  -10.000      115.6345     2278.4727
 4  79  19.704  47766.168 228.436   0.003    8.107  -10.000      115.6345     2278.4727
 2  79  19.704  47767.188 247.063   0.044   10.715  -10.000      115.6863     2279.4922
 3  79  19.704  47767.188 247.063   0.032    9.133  -10.000      115.6863     2279.4922
 4  79  19.704  47767.188 247.063   0.007    8.162  -10.000      115.6863     2279.4922
 2  79  19.704  47768.180 265.191   0.026   10.847  -10.000      115.7366     2280.4844
 3  79  19.704  47768.180 265.191   0.022    9.202  -10.000      115.7366     2280.4844
 4  79  19.704  47768.180 265.191   0.000    8.204  -10.000      115.7366     2280.4844
 2  79  19.704  47769.184 283.532  -0.019   10.951  -10.000      115.7876     2281.4883
 3  79  19.704  47769.184 283.532   0.010    9.272  -10.000      115.7876     2281.4883
 4  79  19.704  47769.184 283.532  -0.019    8.239  -10.000      115.7876     2281.4883
 2  79  19.704  47770.172 301.588  -0.010   11.113  -10.000      115.8377     2282.4766
 3  79  19.704  47770.172 301.588  -0.004    9.347  -10.000      115.8377     2282.4766
 4  79  19.704  47770.172 301.588  -0.022    8.299  -10.000      115.8377     2282.4766
 2  79  19.704  47771.168 319.787   0.013   11.278  -10.000      115.8883     2283.4727
 3  79  19.704  47771.168 319.787   0.018    9.455  -10.000      115.8883     2283.4727
 4  79  19.704  47771.168 319.787   0.007    8.390  -10.000      115.8883     2283.4727
 2  79  19.704  47772.168 338.058  -0.006   11.397  -10.000      115.9390     2284.4727
 3  79  19.704  47772.168 338.058   0.021    9.547  -10.000      115.9390     2284.4727
 4  79  19.704  47772.168 338.058   0.006    8.458  -10.000      115.9390     2284.4727
 2  79  19.704  47773.168 356.328   0.011   11.544  -10.000      115.9898     2285.4727
 3  79  19.704  47773.168 356.328   0.030    9.645  -10.000      115.9898     2285.4727
 4  79  19.704  47773.168 356.328   0.012    8.536  -10.000      115.9898     2285.4727
 2  79  19.704  47774.195  15.098  -0.003   11.668  -10.000      116.0419     2286.5000
 3  79  19.704  47774.195  15.098   0.035    9.748  -10.000      116.0419     2286.5000
 4  79  19.704  47774.195  15.098   0.022    8.628  -10.000      116.0419     2286.5000
 2  79  19.704  47775.160  32.726  -0.006   11.791  -10.000      116.0909     2287.4648
 3  79  19.704  47775.160  32.726   0.020    9.829  -10.000      116.0909     2287.4648
 4  79  19.704  47775.160  32.726   0.003    8.691  -10.000      116.0909     2287.4648
 2  79  19.704  47776.164  51.067  -0.071   11.817  -10.000      116.1419     2288.4688
 3  79  19.704  47776.164  51.067   0.004    9.887  -10.000      116.1419     2288.4688
 4  79  19.704  47776.164  51.067  -0.004    8.751  -10.000      116.1419     2288.4688
 3  79  19.704  49934.285 240.639   0.065    9.137  -10.000      225.6684     4446.5898
 4  79  19.704  49934.285 240.639   0.004    8.141  -10.000      225.6684     4446.5898
 5  79  19.704  49934.285 240.639  -0.042    7.222  -10.000      225.6684     4446.5898
 3  79  19.704  49935.289 258.981   0.014    9.165  -10.000      225.7194     4447.5938
 4  79  19.704  49935.289 258.981  -0.003    8.182  -10.000      225.7194     4447.5938
 5  79  19.704  49935.289 258.981  -0.022    7.262  -10.000      225.7194     4447.5938
 3  79  19.704  49936.270 276.899   0.072    9.306  -10.000      225.7692     4448.5742
 4  79  19.704  49936.270 276.899   0.035    8.275  -10.000      225.7692     4448.5742
 5  79  19.704  49936.270 276.899  -0.012    7.300  -10.000      225.7692     4448.5742
 2  79  19.704  49937.258 294.955   0.165   11.234  -10.000      225.8193     4449.5625
 3  79  19.704  49937.258 294.955   0.120    9.440  -10.000      225.8193     4449.5625
 4  79  19.704  49937.258 294.955   0.082    8.381  -10.000      225.8193     4449.5625
 3  79  19.704  49939.273 331.782   0.070    9.564  -10.000      225.9216     4451.5781
 5  79  19.704  49939.273 331.782  -0.022    7.409  -10.000      225.9216     4451.5781
 3  79  19.704  49942.254  26.235   0.049    9.826  -10.000      226.0729     4454.5586
 5  79  19.704  49942.254  26.235  -0.014    7.607  -10.000      226.0729     4454.5586
 3  79  19.704  49943.242  44.291  -0.004    9.853  -10.000      226.1230     4455.5469
 5  79  19.704  49943.242  44.291  -0.040    7.644  -10.000      226.1230     4455.5469
 3  79  19.704  49944.250  62.704   0.053    9.975  -10.000      226.1742     4456.5547
 5  79  19.704  49944.250  62.704   0.006    7.750  -10.000      226.1742     4456.5547
 3  79  19.704  49945.250  80.975   0.023    9.979  -10.000      226.2249     4457.5547
 5  79  19.704  49945.250  80.975  -0.037    7.752  -10.000      226.2249     4457.5547
 3  79  19.704  49946.223  98.745  -0.003    9.936  -10.000      226.2743     4458.5273
 5  79  19.704  49946.223  98.745  -0.066    7.736  -10.000      226.2743     4458.5273
 3  79  19.704  49947.219 116.944   0.045    9.930  -10.000      226.3248     4459.5234
 5  79  19.704  49947.219 116.944  -0.055    7.742  -10.000      226.3248     4459.5234
 3  79  19.704  49948.223 135.286   0.106    9.943  -10.000      226.3758     4460.5273
 5  79  19.704  49948.223 135.286  -0.043    7.753  -10.000      226.3758     4460.5273
 3  79  19.704  49949.227 153.627   0.148    9.940  -10.000      226.4267     4461.5312
 5  79  19.704  49949.227 153.627  -0.007    7.783  -10.000      226.4267     4461.5312
 3  79  19.704  49950.223 171.826   0.162    9.703  -10.000      226.4773     4462.5273
 5  79  19.704  49950.223 171.826  -0.001    7.639  -10.000      226.4773     4462.5273
 3  79  19.704  49952.230 208.510   0.001    8.933  -10.000      226.5792     4464.5352
 5  79  19.704  49952.230 208.510  -0.076    7.154  -10.000      226.5792     4464.5352
 3  79  19.704  49953.242 226.994   0.084    9.094  -10.000      226.6305     4465.5469
 5  79  19.704  49953.242 226.994  -0.010    7.241  -10.000      226.6305     4465.5469
 3  79  19.704  49954.215 244.764   0.059    9.150  -10.000      226.6799     4466.5195
 5  79  19.704  49954.215 244.764  -0.014    7.255  -10.000      226.6799     4466.5195
 3  79  19.704  49955.215 263.035   0.077    9.247  -10.000      226.7307     4467.5195
 5  79  19.704  49955.215 263.035  -0.005    7.285  -10.000      226.7307     4467.5195
23   4  19.704  40746.617 138.961   0.085    3.195  -10.000     -240.6140    -4741.0781
24   4  19.704  40746.617 138.961   0.151    5.217  -10.000     -240.6140    -4741.0781
25   4  19.704  40746.617 138.961   0.151    7.278  -10.000     -240.6140    -4741.0781
27   4  19.704  40746.617 138.961   0.024    6.520  -10.000     -240.6140    -4741.0781
23   4  19.704  40752.492 246.302  -0.019    2.348  -10.000     -240.3158    -4735.2031
24   4  19.704  40752.492 246.302  -0.033    3.975  -10.000     -240.3158    -4735.2031
25   4  19.704  40752.492 246.302  -0.002    5.908  -10.000     -240.3158    -4735.2031
27   4  19.704  40752.492 246.302  -0.109    5.035  -10.000     -240.3158    -4735.2031
23   4  19.704  40753.500 264.716  -0.008    2.443  -10.000     -240.2647    -4734.1953
24   4  19.704  40753.500 264.716  -0.033    4.148  -10.000     -240.2647    -4734.1953
25   4  19.704  40753.500 264.716   0.001    6.128  -10.000     -240.2647    -4734.1953
27   4  19.704  40753.500 264.716  -0.129    5.270  -10.000     -240.2647    -4734.1953
23   4  19.704  40761.469  50.306  -0.012    3.158  -10.000     -239.8603    -4726.2266
24   4  19.704  40761.469  50.306   0.023    5.370  -10.000     -239.8603    -4726.2266
25   4  19.704  40761.469  50.306   0.198    7.715  -10.000     -239.8603    -4726.2266
27   4  19.704  40761.469  50.306  -0.128    6.852  -10.000     -239.8603    -4726.2266
23   4  19.704  40762.457  68.362  -0.001    3.223  -10.000     -239.8101    -4725.2383
24   4  19.704  40762.457  68.362   0.032    5.430  -10.000     -239.8101    -4725.2383
25   4  19.704  40762.457  68.362   0.101    7.668  -10.000     -239.8101    -4725.2383
27   4  19.704  40762.457  68.362  -0.119    6.910  -10.000     -239.8101    -4725.2383
23   4  19.704  40766.516 142.515   0.099    3.200  -10.000     -239.6041    -4721.1797
24   4  19.704  40766.516 142.515   0.169    5.215  -10.000     -239.6041    -4721.1797
25   4  19.704  40766.516 142.515   0.186    7.285  -10.000     -239.6041    -4721.1797
27   4  19.704  40766.516 142.515   0.011    6.475  -10.000     -239.6041    -4721.1797
23   4  19.704  40767.480 160.142   0.091    3.120  -10.000     -239.5552    -4720.2148
24   4  19.704  40767.480 160.142   0.157    5.065  -10.000     -239.5552    -4720.2148
25   4  19.704  40767.480 160.142   0.109    7.037  -10.000     -239.5552    -4720.2148
27   4  19.704  40767.480 160.142   0.037    6.302  -10.000     -239.5552    -4720.2148
23   4  19.704  40768.414 177.198   0.131    2.780  -10.000     -239.5078    -4719.2812
24   4  19.704  40768.414 177.198   0.218    4.535  -10.000     -239.5078    -4719.2812
25   4  19.704  40768.414 177.198   0.294    6.525  -10.000     -239.5078    -4719.2812
27   4  19.704  40768.414 177.198   0.202    5.680  -10.000     -239.5078    -4719.2812
23   4  19.704  40771.422 232.152  -0.038    2.260  -10.000     -239.3551    -4716.2734
24   4  19.704  40771.422 232.152  -0.017    3.845  -10.000     -239.3551    -4716.2734
25   4  19.704  40771.422 232.152   0.077    5.802  -10.000     -239.3551    -4716.2734
27   4  19.704  40771.422 232.152  -0.067    4.860  -10.000     -239.3551    -4716.2734
23   4  19.704  40772.430 250.565  -0.015    2.370  -10.000     -239.3040    -4715.2656
24   4  19.704  40772.430 250.565  -0.033    4.015  -10.000     -239.3040    -4715.2656
25   4  19.704  40772.430 250.565   0.037    5.997  -10.000     -239.3040    -4715.2656
27   4  19.704  40772.430 250.565  -0.079    5.125  -10.000     -239.3040    -4715.2656
23   4  19.704  40792.426 255.899   0.005    2.412  -10.000     -238.2892    -4695.2695
24   4  19.704  40792.426 255.899  -0.006    4.090  -10.000     -238.2892    -4695.2695
25   4  19.704  40792.426 255.899   0.031    6.052  -10.000     -238.2892    -4695.2695
27   4  19.704  40792.426 255.899  -0.104    5.172  -10.000     -238.2892    -4695.2695
23   4  19.704  40795.371 309.710  -0.014    2.652  -10.000     -238.1397    -4692.3242
24   4  19.704  40795.371 309.710  -0.028    4.562  -10.000     -238.1397    -4692.3242
25   4  19.704  40795.371 309.710  -0.004    6.630  -10.000     -238.1397    -4692.3242
27   4  19.704  40795.371 309.710  -0.077    5.912  -10.000     -238.1397    -4692.3242
23   4  19.704  40796.383 328.195  -0.018    2.740  -10.000     -238.0883    -4691.3125
24   4  19.704  40796.383 328.195  -0.028    4.720  -10.000     -238.0883    -4691.3125
25   4  19.704  40796.383 328.195   0.024    6.847  -10.000     -238.0883    -4691.3125
27   4  19.704  40796.383 328.195  -0.110    6.097  -10.000     -238.0883    -4691.3125
23   4  19.704  40818.344   9.432   0.008    2.977  -10.000     -236.9738    -4669.3516
24   4  19.704  40818.344   9.432   0.023    5.097  -10.000     -236.9738    -4669.3516
25   4  19.704  40818.344   9.432   0.014    7.222  -10.000     -236.9738    -4669.3516
27   4  19.704  40818.344   9.432  -0.046    6.595  -10.000     -236.9738    -4669.3516
23   4  19.704  40819.336  27.559  -0.022    3.050  -10.000     -236.9234    -4668.3594
24   4  19.704  40819.336  27.559   0.024    5.245  -10.000     -236.9234    -4668.3594
25   4  19.704  40819.336  27.559   0.232    7.608  -10.000     -236.9234    -4668.3594
27   4  19.704  40819.336  27.559  -0.047    6.780  -10.000     -236.9234    -4668.3594
23   4  19.704  40821.359  64.528  -0.015    3.200  -10.000     -236.8208    -4666.3359
24   4  19.704  40821.359  64.528  -0.011    5.382  -10.000     -236.8208    -4666.3359
25   4  19.704  40821.359  64.528   0.052    7.615  -10.000     -236.8208    -4666.3359
27   4  19.704  40821.359  64.528  -0.079    6.947  -10.000     -236.8208    -4666.3359
23   4  19.704  40822.316  82.013  -0.020    3.225  -10.000     -236.7722    -4665.3789
24   4  19.704  40822.316  82.013  -0.002    5.405  -10.000     -236.7722    -4665.3789
25   4  19.704  40822.316  82.013   0.156    7.725  -10.000     -236.7722    -4665.3789
27   4  19.704  40822.316  82.013  -0.120    6.905  -10.000     -236.7722    -4665.3789
23   4  19.704  40823.305 100.069  -0.018    3.205  -10.000     -236.7220    -4664.3906
24   4  19.704  40823.305 100.069  -0.010    5.325  -10.000     -236.7220    -4664.3906
25   4  19.704  40823.305 100.069  -0.019    7.452  -10.000     -236.7220    -4664.3906
27   4  19.704  40823.305 100.069  -0.168    6.740  -10.000     -236.7220    -4664.3906
23   4  19.704  40827.281 172.722   0.128    2.918  -10.000     -236.5202    -4660.4141
24   4  19.704  40827.281 172.722   0.212    4.743  -10.000     -236.5202    -4660.4141
25   4  19.704  40827.281 172.722   0.278    6.760  -10.000     -236.5202    -4660.4141
27   4  19.704  40827.281 172.722   0.226    5.985  -10.000     -236.5202    -4660.4141
23   4  19.704  40828.328 191.849  -0.058    2.183  -10.000     -236.4671    -4659.3672
24   4  19.704  40828.328 191.849  -0.042    3.658  -10.000     -236.4671    -4659.3672
25   4  19.704  40828.328 191.849   0.088    5.597  -10.000     -236.4671    -4659.3672
27   4  19.704  40828.328 191.849  -0.097    4.570  -10.000     -236.4671    -4659.3672
23   4  19.704  40829.285 209.333  -0.078    2.118  -10.000     -236.4185    -4658.4102
24   4  19.704  40829.285 209.333  -0.069    3.580  -10.000     -236.4185    -4658.4102
25   4  19.704  40829.285 209.333   0.104    5.560  -10.000     -236.4185    -4658.4102
27   4  19.704  40829.285 209.333  -0.108    4.503  -10.000     -236.4185    -4658.4102
23   4  19.704  40830.297 227.818  -0.001    2.278  -10.000     -236.3672    -4657.3984
24   4  19.704  40830.297 227.818   0.023    3.843  -10.000     -236.3672    -4657.3984
25   4  19.704  40830.297 227.818   0.121    5.793  -10.000     -236.3672    -4657.3984
27   4  19.704  40830.297 227.818  -0.046    4.818  -10.000     -236.3672    -4657.3984
23   4  19.704  40833.324 283.129  -0.016    2.520  -10.000     -236.2135    -4654.3711
24   4  19.704  40833.324 283.129  -0.043    4.305  -10.000     -236.2135    -4654.3711
25   4  19.704  40833.324 283.129  -0.040    6.295  -10.000     -236.2135    -4654.3711
27   4  19.704  40833.324 283.129  -0.106    5.537  -10.000     -236.2135    -4654.3711
23   4  19.704  40835.250 318.312  -0.013    2.697  -10.000     -236.1158    -4652.4453
24   4  19.704  40835.250 318.312  -0.029    4.637  -10.000     -236.1158    -4652.4453
25   4  19.704  40835.250 318.312  -0.081    6.645  -10.000     -236.1158    -4652.4453
27   4  19.704  40835.250 318.312  -0.035    6.060  -10.000     -236.1158    -4652.4453
23   4  19.704  40837.277 355.353  -0.008    2.887  -10.000     -236.0129    -4650.4180
24   4  19.704  40837.277 355.353  -0.008    4.955  -10.000     -236.0129    -4650.4180
25   4  19.704  40837.277 355.353   0.101    7.180  -10.000     -236.0129    -4650.4180
27   4  19.704  40837.277 355.353  -0.068    6.427  -10.000     -236.0129    -4650.4180
23   4  19.704  40838.281  13.694   0.000    2.993  -10.000     -235.9620    -4649.4141
24   4  19.704  40838.281  13.694  -0.008    5.100  -10.000     -235.9620    -4649.4141
25   4  19.704  40838.281  13.694   0.085    7.333  -10.000     -235.9620    -4649.4141
27   4  19.704  40838.281  13.694  -0.144    6.540  -10.000     -235.9620    -4649.4141
23   4  19.704  40847.301 178.484   0.134    2.740  -10.000     -235.5042    -4640.3945
24   4  19.704  40847.301 178.484   0.214    4.465  -10.000     -235.5042    -4640.3945
25   4  19.704  40847.301 178.484   0.373    6.527  -10.000     -235.5042    -4640.3945
27   4  19.704  40847.301 178.484   0.244    5.635  -10.000     -235.5042    -4640.3945
23   4  19.704  40848.293 196.611  -0.086    2.108  -10.000     -235.4539    -4639.4023
24   4  19.704  40848.293 196.611  -0.087    3.543  -10.000     -235.4539    -4639.4023
25   4  19.704  40848.293 196.611   0.067    5.495  -10.000     -235.4539    -4639.4023
27   4  19.704  40848.293 196.611  -0.155    4.420  -10.000     -235.4539    -4639.4023
23   4  19.704  40849.277 214.596  -0.085    2.130  -10.000     -235.4039    -4638.4180
24   4  19.704  40849.277 214.596  -0.065    3.625  -10.000     -235.4039    -4638.4180
25   4  19.704  40849.277 214.596   0.049    5.557  -10.000     -235.4039    -4638.4180
27   4  19.704  40849.277 214.596  -0.123    4.550  -10.000     -235.4039    -4638.4180
23   4  19.704  40850.250 232.366  -0.027    2.273  -10.000     -235.3545    -4637.4453
24   4  19.704  40850.250 232.366  -0.020    3.845  -10.000     -235.3545    -4637.4453
25   4  19.704  40850.250 232.366   0.020    5.747  -10.000     -235.3545    -4637.4453
27   4  19.704  40850.250 232.366  -0.086    4.845  -10.000     -235.3545    -4637.4453
23   4  19.704  40860.277  55.569   0.006    3.195  -10.000     -234.8456    -4627.4180
24   4  19.704  40860.277  55.569   0.038    5.408  -10.000     -234.8456    -4627.4180
25   4  19.704  40860.277  55.569   0.176    7.717  -10.000     -234.8456    -4627.4180
27   4  19.704  40860.277  55.569  -0.133    6.872  -10.000     -234.8456    -4627.4180
23   4  19.704  40861.258  73.482  -0.021    3.212  -10.000     -234.7959    -4626.4375
24   4  19.704  40861.258  73.482  -0.027    5.377  -10.000     -234.7959    -4626.4375
25   4  19.704  40861.258  73.482  -0.066    7.505  -10.000     -234.7959    -4626.4375
27   4  19.704  40861.258  73.482  -0.139    6.892  -10.000     -234.7959    -4626.4375
23   4  19.704  40862.250  91.609  -0.020    3.217  -10.000     -234.7455    -4625.4453
24   4  19.704  40862.250  91.609  -0.040    5.337  -10.000     -234.7455    -4625.4453
25   4  19.704  40862.250  91.609   0.059    7.587  -10.000     -234.7455    -4625.4453
27   4  19.704  40862.250  91.609  -0.174    6.802  -10.000     -234.7455    -4625.4453
23   4  19.704  41100.543 125.299   0.013    3.150  -10.000     -222.6519    -4387.1523
24   4  19.704  41100.543 125.299   0.016    5.158  -10.000     -222.6519    -4387.1523
25   4  19.704  41100.543 125.299   0.057    7.283  -10.000     -222.6519    -4387.1523
27   4  19.704  41100.543 125.299  -0.143    6.472  -10.000     -222.6519    -4387.1523
23   4  19.704  41101.543 143.569   0.069    3.168  -10.000     -222.6012    -4386.1523
24   4  19.704  41101.543 143.569   0.113    5.153  -10.000     -222.6012    -4386.1523
25   4  19.704  41101.543 143.569   0.176    7.267  -10.000     -222.6012    -4386.1523
27   4  19.704  41101.543 143.569  -0.102    6.352  -10.000     -222.6012    -4386.1523
23   4  19.704  41115.527  39.073  -0.002    3.122  -10.000     -221.8915    -4372.1680
24   4  19.704  41115.527  39.073  -0.016    5.275  -10.000     -221.8915    -4372.1680
25   4  19.704  41115.527  39.073   0.167    7.622  -10.000     -221.8915    -4372.1680
27   4  19.704  41115.527  39.073  -0.076    6.837  -10.000     -221.8915    -4372.1680
23   4  19.704  41116.500  56.843   0.009    3.203  -10.000     -221.8421    -4371.1953
24   4  19.704  41116.500  56.843   0.018    5.392  -10.000     -221.8421    -4371.1953
25   4  19.704  41116.500  56.843   0.314    7.860  -10.000     -221.8421    -4371.1953
27   4  19.704  41116.500  56.843   0.027    7.038  -10.000     -221.8421    -4371.1953
23   4  19.704  41123.520 185.092   0.075    2.465  -10.000     -221.4859    -4364.1758
24   4  19.704  41123.520 185.092   0.106    4.032  -10.000     -221.4859    -4364.1758
25   4  19.704  41123.520 185.092   0.252    6.027  -10.000     -221.4859    -4364.1758
27   4  19.704  41123.520 185.092   0.057    5.023  -10.000     -221.4859    -4364.1758
23   4  19.704  41141.465 152.957   0.046    3.120  -10.000     -220.5751    -4346.2305
24   4  19.704  41141.465 152.957   0.106    5.093  -10.000     -220.5751    -4346.2305
25   4  19.704  41141.465 152.957   0.171    7.195  -10.000     -220.5751    -4346.2305
27   4  19.704  41141.465 152.957  -0.129    6.245  -10.000     -220.5751    -4346.2305
23   4  19.704  41142.441 170.799   0.124    2.965  -10.000     -220.5256    -4345.2539
24   4  19.704  41142.441 170.799   0.204    4.815  -10.000     -220.5256    -4345.2539
25   4  19.704  41142.441 170.799   0.011    6.588  -10.000     -220.5256    -4345.2539
27   4  19.704  41142.441 170.799   0.174    6.040  -10.000     -220.5256    -4345.2539
23   4  19.704  41155.414  47.812   0.012    3.173  -10.000     -219.8672    -4332.2812
24   4  19.704  41155.414  47.812  -0.003    5.333  -10.000     -219.8672    -4332.2812
25   4  19.704  41155.414  47.812   0.211    7.715  -10.000     -219.8672    -4332.2812
27   4  19.704  41155.414  47.812  -0.139    6.828  -10.000     -219.8672    -4332.2812
23   4  19.704  41156.387  65.583  -0.048    3.170  -10.000     -219.8178    -4331.3086
24   4  19.704  41156.387  65.583  -0.055    5.340  -10.000     -219.8178    -4331.3086
25   4  19.704  41156.387  65.583  -0.087    7.477  -10.000     -219.8178    -4331.3086
27   4  19.704  41156.387  65.583  -0.220    6.807  -10.000     -219.8178    -4331.3086
23   4  19.704  41158.219  99.058  -0.010    3.215  -10.000     -219.7248    -4329.4766
24   4  19.704  41158.219  99.058  -0.038    5.302  -10.000     -219.7248    -4329.4766
25   4  19.704  41158.219  99.058   0.315    7.795  -10.000     -219.7248    -4329.4766
27   4  19.704  41158.219  99.058  -0.174    6.742  -10.000     -219.7248    -4329.4766
23   4  19.704  41159.215 117.257  -0.008    3.160  -10.000     -219.6743    -4328.4805
24   4  19.704  41159.215 117.257  -0.065    5.142  -10.000     -219.6743    -4328.4805
25   4  19.704  41159.215 117.257   0.039    7.348  -10.000     -219.6743    -4328.4805
27   4  19.704  41159.215 117.257  -0.188    6.525  -10.000     -219.6743    -4328.4805
23   4  19.704  41162.453 176.418   0.150    2.825  -10.000     -219.5099    -4325.2422
24   4  19.704  41162.453 176.418   0.222    4.577  -10.000     -219.5099    -4325.2422
25   4  19.704  41162.453 176.418   0.210    6.488  -10.000     -219.5099    -4325.2422
27   4  19.704  41162.453 176.418   0.179    5.707  -10.000     -219.5099    -4325.2422
23   4  19.704  41163.391 193.546  -0.061    2.158  -10.000     -219.4624    -4324.3047
24   4  19.704  41163.391 193.546  -0.047    3.620  -10.000     -219.4624    -4324.3047
25   4  19.704  41163.391 193.546   0.091    5.562  -10.000     -219.4624    -4324.3047
27   4  19.704  41163.391 193.546  -0.064    4.560  -10.000     -219.4624    -4324.3047
11  17  19.704  45190.648 332.857   0.024    5.810  -10.000      -15.0754     -297.0469
12  17  19.704  45190.648 332.857   0.037    5.170  -10.000      -15.0754     -297.0469
13  17  19.704  45190.648 332.857   0.039    4.930  -10.000      -15.0754     -297.0469
11  17  19.704  45226.488 267.663  -0.002    5.760  -10.000      -13.2565     -261.2070
12  17  19.704  45226.488 267.663   0.061    5.220  -10.000      -13.2565     -261.2070
13  17  19.704  45226.488 267.663   0.056    4.990  -10.000      -13.2565     -261.2070
 0  42  19.704  46923.812 318.329   2.380  -13.400    0.630       72.8842     1436.1172
 0  42  19.704  46924.895 338.096   0.975   -7.910    0.650       72.9392     1437.1992
 0  42  19.704  46925.883 356.152   0.093   -3.860    0.610       72.9893     1438.1875
 2  18  19.704  44434.793 203.132  -0.105   10.215  -10.000      -53.4357    -1052.9023
 3  18  19.704  44434.793 203.132  -0.054    8.868  -10.000      -53.4357    -1052.9023
 9  18  19.704  44434.793 203.132  -0.031    7.620  -10.000      -53.4357    -1052.9023
10  18  19.704  44434.793 203.132  -0.090    6.550  -10.000      -53.4357    -1052.9023
 2  18  19.704  44494.672 217.139  -0.005   10.399  -10.000      -50.3968     -993.0234
 3  18  19.704  44494.672 217.139  -0.008    8.955  -10.000      -50.3968     -993.0234
 9  18  19.704  44494.672 217.139  -0.040    7.625  -10.000      -50.3968     -993.0234
10  18  19.704  44494.672 217.139  -0.112    6.525  -10.000      -50.3968     -993.0234
 2  18  19.704  44908.590 219.555   0.020   10.445  -10.000      -29.3901     -579.1055
 3  18  19.704  44908.590 219.555   0.016    8.990  -10.000      -29.3901     -579.1055
 9  18  19.704  44908.590 219.555   0.004    7.674  -10.000      -29.3901     -579.1055
10  18  19.704  44908.590 219.555  -0.055    6.584  -10.000      -29.3901     -579.1055
 2  18  19.704  44909.602 238.039  -0.009   10.580  -10.000      -29.3388     -578.0938
 3  18  19.704  44909.602 238.039   0.035    9.094  -10.000      -29.3388     -578.0938
 9  18  19.704  44909.602 238.039   0.058    7.763  -10.000      -29.3388     -578.0938
10  18  19.704  44909.602 238.039   0.000    6.643  -10.000      -29.3388     -578.0938
 2  18  19.704  44397.918 249.414  -0.044   10.646  -10.000      -55.3072    -1089.7773
 3  18  19.704  44397.918 249.414   0.012    9.123  -10.000      -55.3072    -1089.7773
 9  18  19.704  44397.918 249.414  -0.002    7.723  -10.000      -55.3072    -1089.7773
10  18  19.704  44397.918 249.414  -0.041    6.603  -10.000      -55.3072    -1089.7773
 2  18  19.704  44910.578 255.881  -0.018   10.724  -10.000      -29.2892     -577.1172
 3  18  19.704  44910.578 255.881   0.009    9.146  -10.000      -29.2892     -577.1172
 9  18  19.704  44910.578 255.881   0.014    7.749  -10.000      -29.2892     -577.1172
10  18  19.704  44910.578 255.881  -0.035    6.609  -10.000      -29.2892     -577.1172
 2  18  19.704  44458.773 281.262  -0.035   10.917  -10.000      -52.2187    -1028.9219
 3  18  19.704  44458.773 281.262   0.048    9.300  -10.000      -52.2187    -1028.9219
 9  18  19.704  44458.773 281.262   0.042    7.832  -10.000      -52.2187    -1028.9219
10  18  19.704  44458.773 281.262  -0.010    6.652  -10.000      -52.2187    -1028.9219
 2  18  19.704  44045.953 298.902  -0.050   11.052  -10.000      -73.1697    -1441.7422
 3  18  19.704  44045.953 298.902   0.008    9.347  -10.000      -73.1697    -1441.7422
 9  18  19.704  44045.953 298.902  -0.019    7.818  -10.000      -73.1697    -1441.7422
10  18  19.704  44045.953 298.902  -0.067    6.618  -10.000      -73.1697    -1441.7422
 2  18  19.704  44400.910 304.082  -0.046   11.095  -10.000      -55.1553    -1086.7852
 3  18  19.704  44400.910 304.082  -0.001    9.360  -10.000      -55.1553    -1086.7852
 9  18  19.704  44400.910 304.082  -0.018    7.830  -10.000      -55.1553    -1086.7852
10  18  19.704  44400.910 304.082  -0.090    6.600  -10.000      -55.1553    -1086.7852
 2  18  19.704  44046.953 317.173  -0.027   11.218  -10.000      -73.1190    -1440.7422
 3  18  19.704  44046.953 317.173   0.013    9.437  -10.000      -73.1190    -1440.7422
 9  18  19.704  44046.953 317.173  -0.028    7.857  -10.000      -73.1190    -1440.7422
10  18  19.704  44046.953 317.173  -0.104    6.607  -10.000      -73.1190    -1440.7422
 2  18  19.704  44106.770 330.038  -0.033   11.308  -10.000      -70.0832    -1380.9258
 3  18  19.704  44106.770 330.038   0.034    9.519  -10.000      -70.0832    -1380.9258
 9  18  19.704  44106.770 330.038  -0.002    7.921  -10.000      -70.0832    -1380.9258
10  18  19.704  44106.770 330.038  -0.024    6.711  -10.000      -70.0832    -1380.9258
 2  18  19.704  44047.918 334.800  -0.059   11.320  -10.000      -73.0700    -1439.7773
 3  18  19.704  44047.918 334.800   0.002    9.511  -10.000      -73.0700    -1439.7773
 9  18  19.704  44047.918 334.800  -0.026    7.914  -10.000      -73.0700    -1439.7773
10  18  19.704  44047.918 334.800  -0.083    6.664  -10.000      -73.0700    -1439.7773
 2  18  19.704  44402.922 340.837  -0.054   11.369  -10.000      -55.0532    -1084.7734
 3  18  19.704  44402.922 340.837   0.012    9.551  -10.000      -55.0532    -1084.7734
 9  18  19.704  44402.922 340.837  -0.033    7.927  -10.000      -55.0532    -1084.7734
10  18  19.704  44402.922 340.837  -0.065    6.697  -10.000      -55.0532    -1084.7734
 2  18  19.704  44048.918 353.070  -0.039   11.469  -10.000      -73.0192    -1438.7773
 3  18  19.704  44048.918 353.070   0.010    9.608  -10.000      -73.0192    -1438.7773
 9  18  19.704  44048.918 353.070  -0.032    7.970  -10.000      -73.0192    -1438.7773
10  18  19.704  44048.918 353.070  -0.063    6.730  -10.000      -73.0192    -1438.7773
 2  18  19.704  44383.934 353.915  -0.029   11.486  -10.000      -56.0169    -1103.7617
 3  18  19.704  44383.934 353.915   0.020    9.622  -10.000      -56.0169    -1103.7617
 9  18  19.704  44383.934 353.915  -0.003    8.002  -10.000      -56.0169    -1103.7617
10  18  19.704  44383.934 353.915  -0.013    6.782  -10.000      -56.0169    -1103.7617
 2  18  19.704  44049.895  10.912  -0.019   11.620  -10.000      -72.9697    -1437.8008
 3  18  19.704  44049.895  10.912   0.007    9.698  -10.000      -72.9697    -1437.8008
 9  18  19.704  44049.895  10.912  -0.003    8.068  -10.000      -72.9697    -1437.8008
10  18  19.704  44049.895  10.912  -0.069    6.778  -10.000      -72.9697    -1437.8008
 2  18  19.704  44384.918  11.900  -0.043   11.604  -10.000      -55.9669    -1102.7773
 3  18  19.704  44384.918  11.900   0.004    9.700  -10.000      -55.9669    -1102.7773
 9  18  19.704  44384.918  11.900  -0.020    8.055  -10.000      -55.9669    -1102.7773
10  18  19.704  44384.918  11.900  -0.055    6.795  -10.000      -55.9669    -1102.7773
 2  18  19.704  44464.758  30.600  -0.064   11.720  -10.000      -51.9150    -1022.9375
 3  18  19.704  44464.758  30.600  -0.004    9.795  -10.000      -51.9150    -1022.9375
 9  18  19.704  44464.758  30.600  -0.008    8.147  -10.000      -51.9150    -1022.9375
10  18  19.704  44464.758  30.600  -0.020    6.897  -10.000      -51.9150    -1022.9375
 2  18  19.704  44387.914  66.639  -0.096   11.838  -10.000      -55.8149    -1099.7812
 3  18  19.704  44387.914  66.639  -0.021    9.909  -10.000      -55.8149    -1099.7812
 9  18  19.704  44387.914  66.639  -0.039    8.236  -10.000      -55.8149    -1099.7812
10  18  19.704  44387.914  66.639  -0.044    6.986  -10.000      -55.8149    -1099.7812
 2  18  19.704  44486.766  72.690  -0.040   11.902  -10.000      -50.7981    -1000.9297
 3  18  19.704  44486.766  72.690   0.005    9.947  -10.000      -50.7981    -1000.9297
 9  18  19.704  44486.766  72.690  -0.006    8.284  -10.000      -50.7981    -1000.9297
10  18  19.704  44486.766  72.690  -0.012    7.034  -10.000      -50.7981    -1000.9297
 2  18  19.704  44487.711  89.960  -0.057   11.873  -10.000      -50.7501     -999.9844
 3  18  19.704  44487.711  89.960  -0.026    9.926  -10.000      -50.7501     -999.9844
 9  18  19.704  44487.711  89.960  -0.032    8.281  -10.000      -50.7501     -999.9844
10  18  19.704  44487.711  89.960  -0.087    6.991  -10.000      -50.7501     -999.9844
 2  18  19.704  45474.871 125.697   0.014   11.730  -10.000       -0.6508      -12.8242
 3  18  19.704  45474.871 125.697   0.035    9.888  -10.000       -0.6508      -12.8242
 9  18  19.704  45474.871 125.697   0.048    8.336  -10.000       -0.6508      -12.8242
10  18  19.704  45474.871 125.697  -0.051    7.046  -10.000       -0.6508      -12.8242
 2  18  19.704  44490.707 144.700   0.064   11.688  -10.000      -50.5981     -996.9883
 3  18  19.704  44490.707 144.700   0.043    9.858  -10.000      -50.5981     -996.9883
 9  18  19.704  44490.707 144.700  -0.035    8.248  -10.000      -50.5981     -996.9883
10  18  19.704  44490.707 144.700  -0.146    6.968  -10.000      -50.5981     -996.9883
 2  18  19.704  44491.727 163.327  -0.014   11.441  -10.000      -50.5463     -995.9688
 3  18  19.704  44491.727 163.327   0.053    9.766  -10.000      -50.5463     -995.9688
 9  18  19.704  44491.727 163.327  -0.002    8.223  -10.000      -50.5463     -995.9688
10  18  19.704  44491.727 163.327  -0.098    6.983  -10.000      -50.5463     -995.9688
 2  18  19.704  45476.949 163.665  -0.017   11.431  -10.000       -0.5454      -10.7461
 3  18  19.704  45476.949 163.665   0.010    9.718  -10.000       -0.5454      -10.7461
 9  18  19.704  45476.949 163.665   0.015    8.236  -10.000       -0.5454      -10.7461
10  18  19.704  45476.949 163.665  -0.073    7.006  -10.000       -0.5454      -10.7461
 2  18  19.704  44432.836 167.377   0.067   11.420  -10.000      -53.5351    -1054.8594
 3  18  19.704  44432.836 167.377   0.095    9.740  -10.000      -53.5351    -1054.8594
 9  18  19.704  44432.836 167.377   0.042    8.220  -10.000      -53.5351    -1054.8594
10  18  19.704  44432.836 167.377  -0.017    7.030  -10.000      -53.5351    -1054.8594
 2  18  19.704  44078.844 179.824   0.037   10.880  -10.000      -71.5005    -1408.8516
 3  18  19.704  44078.844 179.824   0.068    9.360  -10.000      -71.5005    -1408.8516
 9  18  19.704  44078.844 179.824   0.020    7.945  -10.000      -71.5005    -1408.8516
10  18  19.704  44078.844 179.824  -0.049    6.805  -10.000      -71.5005    -1408.8516
 2  18  19.704  44433.805 185.076  -0.065   10.542  -10.000      -53.4859    -1053.8906
 3  18  19.704  44433.805 185.076   0.009    9.135  -10.000      -53.4859    -1053.8906
 9  18  19.704  44433.805 185.076  -0.005    7.798  -10.000      -53.4859    -1053.8906
10  18  19.704  44433.805 185.076  -0.032    6.728  -10.000      -53.4859    -1053.8906
 2  18  19.704  45261.594 189.051  -0.193   10.273  -10.000      -11.4749     -226.1016
 3  18  19.704  45261.594 189.051  -0.109    8.918  -10.000      -11.4749     -226.1016
 9  18  19.704  45261.594 189.051  -0.058    7.673  -10.000      -11.4749     -226.1016
10  18  19.704  45261.594 189.051  -0.102    6.603  -10.000      -11.4749     -226.1016
 2  18  19.704  44394.977 195.673  -0.136   10.203  -10.000      -55.4565    -1092.7188
 3  18  19.704  44394.977 195.673  -0.096    8.842  -10.000      -55.4565    -1092.7188
 9  18  19.704  44394.977 195.673  -0.075    7.591  -10.000      -55.4565    -1092.7188
10  18  19.704  44394.977 195.673  -0.123    6.531  -10.000      -55.4565    -1092.7188
 2  18  19.704  44493.664 198.726  -0.141   10.179  -10.000      -50.4480     -994.0312
 3  18  19.704  44493.664 198.726  -0.099    8.825  -10.000      -50.4480     -994.0312
 9  18  19.704  44493.664 198.726  -0.083    7.573  -10.000      -50.4480     -994.0312
10  18  19.704  44493.664 198.726  -0.162    6.483  -10.000      -50.4480     -994.0312
 0 119  19.704  49559.348 230.411  -0.068  -29.090    0.440      206.6400     4071.6523
 0 119  19.704  49576.453 182.933  -0.958   -7.070    0.730      207.5081     4088.7578
 0 119  19.704  49582.320 290.127  -1.217  -21.690    0.450      207.8059     4094.6250
 0 119  19.704  49585.348 345.438  -3.293  -10.730    0.460      207.9595     4097.6523
 0 119  19.704  49589.301  57.667  -1.030   10.610    0.500      208.1602     4101.6055
 0 119  19.704  49610.246  80.343   3.998   15.770    0.500      209.2232     4122.5508
 0 119  19.704  49611.211  97.971  -1.117   15.890    0.590      209.2721     4123.5156
 0 119  19.704  49613.305 136.225   2.263   17.030    0.870      209.3784     4125.6094
 0 119  19.704  49614.262 153.710  -3.126    4.830    0.690      209.4270     4126.5664
 0 119  19.704  49615.250 171.766  -2.418    0.180    0.620      209.4771     4127.5547
 0 119  19.704  49617.223 207.806   1.835  -19.190    0.680      209.5772     4129.5273
 0 119  19.704  49618.223 226.077  -3.232  -29.120    0.520      209.6280     4130.5273
 0 119  19.704  49619.258 244.990  -3.276  -32.580    0.580      209.6805     4131.5625
 0 119  19.704  49621.199 280.459  -0.495  -23.960    0.840      209.7791     4133.5039
 0 119  19.704  49622.219 299.086   0.816  -20.410    0.590      209.8308     4134.5234
 0 119  19.704  49623.234 317.642   0.939  -14.700    0.430      209.8823     4135.5391
 0 119  19.704  49901.395 359.720  -1.175   -5.000    0.420      223.9992     4413.6992
 0 119  19.704  49905.375  72.444  -0.721   11.460    0.690      224.2012     4417.6797
 0 119  19.704  49913.441 219.820   3.604  -20.910    1.940      224.6106     4425.7461
 0 119  19.704  49913.445 219.891  -0.029  -24.530    1.020      224.6108     4425.7500
 0 119  19.704  49915.453 256.575  -3.782  -29.960    0.800      224.7127     4427.7578
 0 119  19.704  49918.445 311.243  -1.191  -17.350    0.830      224.8646     4430.7500
 0 119  19.704  49919.461 329.799  -4.393  -15.110    0.750      224.9161     4431.7656
 0 119  19.704  49920.453 347.926  -0.410   -6.600    0.430      224.9665     4432.7578
 0 119  19.704  49925.348  77.349   0.253   12.880    0.470      225.2149     4437.6523
 0 119  19.704  49926.324  95.191  -0.147   16.520    0.920      225.2644     4438.6289
 0 119  19.704  49928.383 132.803   1.519   18.590    0.850      225.3689     4440.6875
 0 119  19.704  49930.363 168.986  -1.784    3.190    0.920      225.4694     4442.6680
 0 119  19.704  49931.332 186.685  -4.049   -8.640    0.670      225.5186     4443.6367
 0 119  19.704  49934.344 241.710  -1.926  -31.440    0.610      225.6714     4446.6484
 0 119  19.704  49944.336  64.270  -1.273   10.740    0.530      226.1785     4456.6406
 0 119  19.704  49957.309 301.289   3.582  -18.030    1.250      226.8369     4469.6133
 0 119  19.704  49970.281 178.303   3.065   -1.990    1.430      227.4953     4482.5859
 0 119  19.704  50253.418 311.303  -0.913  -17.040    0.380      241.8647     4765.7227
 0 119  19.704  50256.430   6.328   0.329   -3.310    0.370      242.0176     4768.7344
 0 119  19.704  50257.391  23.884  -0.579    1.510    0.470      242.0663     4769.6953
 0 119  19.704  50276.371  10.662   1.181   -2.020    0.370      243.0296     4788.6758
 0 119  19.704  50344.266 171.118  -1.399    1.890    0.610      246.4753     4856.5703
 0 119  19.704  50621.453 195.425  -4.467  -10.740    0.850      260.5428     5133.7578
 0 119  19.704  50623.469 232.251   2.171  -27.850    0.430      260.6451     5135.7734
 0 119  19.704  50625.473 268.857  -0.453  -25.320    0.530      260.7468     5137.7773
 0 119  19.704  50667.410 315.077  -0.699  -15.940    0.650      262.8752     5179.7148
 0 119  19.704  50668.430 333.699  -3.516  -12.430    0.570      262.9269     5180.7344
 0 119  19.704  50669.398 351.398  -3.304   -8.050    0.540      262.9761     5181.7031
 0 119  19.704  50713.258  72.729  -1.790   10.460    0.760      265.2020     5225.5625
 0 119  19.704  50713.262  72.795  -2.679    9.590    0.510      265.2022     5225.5664
 0 119  19.704  50729.199   3.977   1.099   -2.610    0.320      266.0110     5241.5039
18 163  19.704  47962.355 212.846   0.022    9.048  -10.000      125.5912     2474.6602
18 163  19.704  47962.371 213.132   0.025    9.051  -10.000      125.5920     2474.6758
18 163  19.704  47988.762 335.297  -0.018    9.562  -10.000      126.9314     2501.0664
18 163  19.704  47988.836 336.651   0.004    9.591  -10.000      126.9351     2501.1406
18 163  19.704  47988.941 338.579  -0.016    9.580  -10.000      126.9405     2501.2461
18 163  19.704  48145.262 314.604  -0.014    9.467  -10.000      134.8739     2657.5664
18 163  19.704  48145.277 314.890   0.006    9.488  -10.000      134.8747     2657.5820
18 163  19.704  48145.352 316.241   0.020    9.510  -10.000      134.8784     2657.6562
18 163  19.704  48145.363 316.456   0.009    9.499  -10.000      134.8790     2657.6680
18 163  19.704  48167.934   8.822   0.002    9.748  -10.000      136.0245     2680.2383
18 163  19.704  48168.098  11.821  -0.017    9.744  -10.000      136.0328     2680.4023
18 163  19.704  48168.109  12.036   0.011    9.774  -10.000      136.0334     2680.4141
18 163  19.704  48192.887 104.727  -0.117    9.874  -10.000      137.2909     2705.1914
18 163  19.704  48192.898 104.941  -0.048    9.942  -10.000      137.2915     2705.2031
18 163  19.704  48192.988 106.584  -0.063    9.922  -10.000      137.2961     2705.2930
18 163  19.704  48309.586  76.860  -0.030    9.985  -10.000      143.2135     2821.8906
18 163  19.704  48309.660  78.217  -0.060    9.957  -10.000      143.2173     2821.9648
18 163  19.704  48309.676  78.503  -0.036    9.981  -10.000      143.2181     2821.9805
18 163  19.704  48309.750  79.854  -0.047    9.973  -10.000      143.2218     2822.0547
18 163  19.704  48309.766  80.140  -0.037    9.983  -10.000      143.2226     2822.0703
18 163  19.704  48327.438  43.011  -0.051    9.866  -10.000      144.1195     2839.7422
18 163  19.704  48327.453  43.297  -0.021    9.896  -10.000      144.1203     2839.7578
18 163  19.704  48327.527  44.654  -0.013    9.910  -10.000      144.1240     2839.8320
18 163  19.704  48327.539  44.868   0.038    9.962  -10.000      144.1246     2839.8438
18 163  19.704  48356.316 210.641   0.004    9.023  -10.000      145.5851     2868.6211
18 163  19.704  48356.332 210.927   0.032    9.052  -10.000      145.5859     2868.6367
18 163  19.704  48493.203 191.607  -0.136    8.926  -10.000      152.5322     3005.5078
18 163  19.704  48493.219 191.893  -0.133    8.925  -10.000      152.5330     3005.5234
18 163  19.704  48506.547  75.399   0.004   10.016  -10.000      153.2094     3018.8516
18 163  19.704  48506.621  76.756  -0.027    9.988  -10.000      153.2132     3018.9258
18 163  19.704  48506.637  77.042   0.002   10.017  -10.000      153.2140     3018.9414
18 163  19.704  48539.078 309.754  -0.007    9.450  -10.000      154.8604     3051.3828
18 163  19.704  48539.094 310.040   0.028    9.486  -10.000      154.8612     3051.3984
18 163  19.704  48577.105 284.529   0.023    9.362  -10.000      156.7904     3089.4102
18 163  19.704  48577.117 284.744   0.014    9.353  -10.000      156.7910     3089.4219
18 163  19.704  48577.195 286.166  -0.001    9.345  -10.000      156.7949     3089.5000
18 163  19.704  48577.207 286.381   0.008    9.356  -10.000      156.7955     3089.5117
18 163  19.704  48577.383 289.594   0.005    9.368  -10.000      156.8044     3089.6875
18 163  19.704  48577.547 292.593  -0.018    9.361  -10.000      156.8128     3089.8516
18 163  19.704  48577.562 292.879   0.027    9.407  -10.000      156.8136     3089.8672
18 163  19.704  48577.652 294.521   0.011    9.401  -10.000      156.8181     3089.9570
18 163  19.704  48577.992 300.729   0.010    9.427  -10.000      156.8354     3090.2969
18 163  19.704  48578.008 301.014   0.003    9.422  -10.000      156.8362     3090.3125
18 163  19.704  48578.082 302.371  -0.012    9.413  -10.000      156.8399     3090.3867
18 163  19.704  48578.094 302.585  -0.006    9.420  -10.000      156.8405     3090.3984
18 163  19.704  48578.363 307.507  -0.006    9.441  -10.000      156.8542     3090.6680
18 163  19.704  48578.438 308.864   0.029    9.482  -10.000      156.8580     3090.7422
18 163  19.704  48578.453 309.150   0.015    9.469  -10.000      156.8587     3090.7578
18 163  19.704  48578.527 310.507  -0.001    9.460  -10.000      156.8625     3090.8320
18 163  19.704  48578.539 310.721   0.007    9.469  -10.000      156.8631     3090.8438
18 163  19.704  48578.617 312.149   0.017    9.486  -10.000      156.8671     3090.9219
18 163  19.704  48578.883 317.000   0.005    9.498  -10.000      156.8806     3091.1875
18 163  19.704  48578.895 317.214   0.015    9.509  -10.000      156.8811     3091.1992
18 163  19.704  48578.969 318.571  -0.015    9.485  -10.000      156.8849     3091.2734
18 163  19.704  48579.328 325.135   0.032    9.561  -10.000      156.9032     3091.6328
18 163  19.704  48579.340 325.349  -0.006    9.524  -10.000      156.9037     3091.6445
18 163  19.704  48579.414 326.706   0.005    9.542  -10.000      156.9075     3091.7188
18 163  19.704  48579.430 326.992   0.005    9.543  -10.000      156.9083     3091.7344
18 163  19.704  48579.504 328.348  -0.004    9.540  -10.000      156.9121     3091.8086
18 163  19.704  48579.785 333.484   0.027    9.598  -10.000      156.9263     3092.0898
18 163  19.704  48579.859 334.841   0.000    9.578  -10.000      156.9301     3092.1641
18 163  19.704  48579.875 335.127   0.006    9.585  -10.000      156.9309     3092.1797
18 163  19.704  48580.215 341.334  -0.009    9.600  -10.000      156.9482     3092.5195
18 163  19.704  48580.230 341.620   0.019    9.630  -10.000      156.9489     3092.5352
18 163  19.704  48580.305 342.977   0.019    9.635  -10.000      156.9527     3092.6094
18 163  19.704  48580.320 343.262   0.003    9.620  -10.000      156.9535     3092.6250
18 163  19.704  48580.660 349.475  -0.008    9.638  -10.000      156.9708     3092.9648
18 163  19.704  48580.672 349.689  -0.010    9.637  -10.000      156.9714     3092.9766
18 163  19.704  48580.762 351.326  -0.003    9.652  -10.000      156.9759     3093.0664
18 163  19.704  48702.328  52.388  -0.049    9.903  -10.000      163.1455     3214.6328
18 163  19.704  48702.344  52.674  -0.061    9.892  -10.000      163.1463     3214.6484
18 163  19.704  48702.418  54.025  -0.050    9.908  -10.000      163.1501     3214.7227
18 163  19.704  48702.434  54.311  -0.024    9.936  -10.000      163.1509     3214.7383
18 163  19.704  48749.250 189.662  -0.094    9.001  -10.000      165.5268     3261.5547
18 163  19.704  48749.266 189.948  -0.058    9.032  -10.000      165.5276     3261.5703
18 163  19.704  48749.336 191.234  -0.090    8.978  -10.000      165.5312     3261.6406
18 163  19.704  48749.352 191.519  -0.053    9.011  -10.000      165.5320     3261.6562
18 163  19.704  49040.156 104.617  -0.156    9.834  -10.000      180.2906     3552.4609
18 163  19.704  49040.320 107.611  -0.122    9.861  -10.000      180.2989     3552.6250
 6  36  19.704  45533.531 117.438   0.008    6.247  -10.000        2.3262       45.8359
 7  36  19.704  45533.531 117.438   0.012    5.471  -10.000        2.3262       45.8359
 8  36  19.704  45533.531 117.438   0.002    5.192  -10.000        2.3262       45.8359
 6  36  19.704  45571.438  89.997   0.019    6.220  -10.000        4.2500       83.7422
 7  36  19.704  45571.438  89.997   0.040    5.434  -10.000        4.2500       83.7422
 8  36  19.704  45571.438  89.997   0.060    5.178  -10.000        4.2500       83.7422
 6  36  19.704  45576.426 181.135  -0.053    5.998  -10.000        4.5032       88.7305
 7  36  19.704  45576.426 181.135   0.017    5.403  -10.000        4.5032       88.7305
 8  36  19.704  45576.426 181.135   0.030    5.175  -10.000        4.5032       88.7305
 6  36  19.704  45829.695 128.451  -0.009    6.241  -10.000       17.3568      342.0000
 7  36  19.704  45829.695 128.451  -0.003    5.479  -10.000       17.3568      342.0000
 8  36  19.704  45829.695 128.451   0.009    5.225  -10.000       17.3568      342.0000
 6  36  19.704  45841.621 346.339   0.014    5.929  -10.000       17.9621      353.9258
 7  36  19.704  45841.621 346.339   0.028    5.162  -10.000       17.9621      353.9258
 8  36  19.704  45841.621 346.339   0.031    4.896  -10.000       17.9621      353.9258
 6  36  19.704  45906.516  91.983   0.002    6.207  -10.000       21.2555      418.8203
 7  36  19.704  45906.516  91.983   0.005    5.403  -10.000       21.2555      418.8203
 8  36  19.704  45906.516  91.983   0.022    5.145  -10.000       21.2555      418.8203
 6  36  19.704  45907.500 109.968  -0.005    6.226  -10.000       21.3055      419.8047
 7  36  19.704  45907.500 109.968   0.011    5.453  -10.000       21.3055      419.8047
 8  36  19.704  45907.500 109.968   0.002    5.173  -10.000       21.3055      419.8047
 6  36  19.704  45949.375 155.038   0.002    6.281  -10.000       23.4307      461.6797
 7  36  19.704  45949.375 155.038   0.012    5.546  -10.000       23.4307      461.6797
 8  36  19.704  45949.375 155.038   0.004    5.278  -10.000       23.4307      461.6797
 6  36  19.704  45953.367 227.977   0.002    5.877  -10.000       23.6333      465.6719
 7  36  19.704  45953.367 227.977   0.030    5.255  -10.000       23.6333      465.6719
 8  36  19.704  45953.367 227.977   0.046    5.034  -10.000       23.6333      465.6719
 6  36  19.704  46202.566 100.927   0.000    6.220  -10.000       36.2804      714.8711
 7  36  19.704  46202.566 100.927   0.023    5.444  -10.000       36.2804      714.8711
 8  36  19.704  46202.566 100.927   0.039    5.187  -10.000       36.2804      714.8711
 6  36  19.704  46203.641 120.553  -0.004    6.238  -10.000       36.3349      715.9453
 7  36  19.704  46203.641 120.553   0.024    5.489  -10.000       36.3349      715.9453
 8  36  19.704  46203.641 120.553   0.024    5.221  -10.000       36.3349      715.9453
 6  36  19.704  46205.574 155.881  -0.016    6.263  -10.000       36.4330      717.8789
 7  36  19.704  46205.574 155.881   0.010    5.545  -10.000       36.4330      717.8789
 8  36  19.704  46205.574 155.881   0.011    5.285  -10.000       36.4330      717.8789
 6  36  19.704  46224.621 143.873   0.004    6.277  -10.000       37.3996      736.9258
 7  36  19.704  46224.621 143.873   0.032    5.551  -10.000       37.3996      736.9258
 8  36  19.704  46224.621 143.873   0.041    5.297  -10.000       37.3996      736.9258
 6  36  19.704  46256.547   7.169   0.028    5.995  -10.000       39.0199      768.8516
 7  36  19.704  46256.547   7.169   0.053    5.224  -10.000       39.0199      768.8516
 8  36  19.704  46256.547   7.169   0.095    4.993  -10.000       39.0199      768.8516
 6  36  19.704  46259.488  60.908   0.037    6.167  -10.000       39.1692      771.7930
 7  36  19.704  46259.488  60.908   0.041    5.354  -10.000       39.1692      771.7930
 8  36  19.704  46259.488  60.908   0.089    5.124  -10.000       39.1692      771.7930
 6  36  19.704  46260.547  80.250   0.013    6.198  -10.000       39.2229      772.8516
 7  36  19.704  46260.547  80.250   0.039    5.411  -10.000       39.2229      772.8516
 8  36  19.704  46260.547  80.250   0.062    5.157  -10.000       39.2229      772.8516
 6  36  19.704  46265.434 169.531  -0.051    6.160  -10.000       39.4709      777.7383
 7  36  19.704  46265.434 169.531   0.011    5.508  -10.000       39.4709      777.7383
 8  36  19.704  46265.434 169.531   0.018    5.262  -10.000       39.4709      777.7383
 6  36  19.704  46269.434 242.612   0.015    5.876  -10.000       39.6739      781.7383
 7  36  19.704  46269.434 242.612   0.075    5.266  -10.000       39.6739      781.7383
 8  36  19.704  46269.434 242.612   0.092    5.040  -10.000       39.6739      781.7383
 6  36  19.704  46339.340  79.823   0.016    6.200  -10.000       43.2217      851.6445
 7  36  19.704  46339.340  79.823   0.029    5.400  -10.000       43.2217      851.6445
 8  36  19.704  46339.340  79.823   0.043    5.137  -10.000       43.2217      851.6445
 6  36  19.704  46573.684  41.359   0.033    6.103  -10.000       55.1149     1085.9883
 7  36  19.704  46573.684  41.359   0.047    5.303  -10.000       55.1149     1085.9883
 8  36  19.704  46573.684  41.359   0.067    5.046  -10.000       55.1149     1085.9883
 6  36  19.704  46574.688  59.701   0.030    6.156  -10.000       55.1658     1086.9922
 7  36  19.704  46574.688  59.701   0.036    5.345  -10.000       55.1658     1086.9922
 8  36  19.704  46574.688  59.701   0.049    5.080  -10.000       55.1658     1086.9922
 6  36  19.704  46575.680  77.829   0.020    6.199  -10.000       55.2162     1087.9844
 7  36  19.704  46575.680  77.829   0.036    5.401  -10.000       55.2162     1087.9844
 8  36  19.704  46575.680  77.829   0.048    5.136  -10.000       55.2162     1087.9844
 6  36  19.704  46576.680  96.099   0.017    6.229  -10.000       55.2669     1088.9844
 7  36  19.704  46576.680  96.099   0.027    5.436  -10.000       55.2669     1088.9844
 8  36  19.704  46576.680  96.099   0.027    5.161  -10.000       55.2669     1088.9844
 6  36  19.704  46577.477 110.657  -0.001    6.231  -10.000       55.3074     1089.7812
 7  36  19.704  46577.477 110.657   0.050    5.494  -10.000       55.3074     1089.7812
 8  36  19.704  46577.477 110.657   0.074    5.247  -10.000       55.3074     1089.7812
 6  36  19.704  46595.648  82.664  -0.020    6.170  -10.000       56.2296     1107.9531
 7  36  19.704  46595.648  82.664   0.013    5.391  -10.000       56.2296     1107.9531
 8  36  19.704  46595.648  82.664   0.041    5.143  -10.000       56.2296     1107.9531
 6  36  19.704  46601.605 191.500  -0.068    5.858  -10.000       56.5319     1113.9102
 7  36  19.704  46601.605 191.500   0.006    5.304  -10.000       56.5319     1113.9102
 8  36  19.704  46601.605 191.500   0.001    5.067  -10.000       56.5319     1113.9102
 6  36  19.704  46603.598 227.899   0.006    5.881  -10.000       56.6331     1115.9023
 7  36  19.704  46603.598 227.899   0.041    5.266  -10.000       56.6331     1115.9023
 8  36  19.704  46603.598 227.899   0.036    5.024  -10.000       56.6331     1115.9023
 6  36  19.704  46605.594 264.368   0.011    5.859  -10.000       56.7344     1117.8984
 7  36  19.704  46605.594 264.368   0.058    5.208  -10.000       56.7344     1117.8984
 8  36  19.704  46605.594 264.368   0.057    4.957  -10.000       56.7344     1117.8984
 6  36  19.704  46607.414 297.625   0.032    5.887  -10.000       56.8267     1119.7188
 7  36  19.704  46607.414 297.625   0.068    5.186  -10.000       56.8267     1119.7188
 8  36  19.704  46607.414 297.625   0.106    4.965  -10.000       56.8267     1119.7188
 6  36  19.704  46608.473 316.967   0.032    5.901  -10.000       56.8805     1120.7773
 7  36  19.704  46608.473 316.967   0.069    5.181  -10.000       56.8805     1120.7773
 8  36  19.704  46608.473 316.967   0.083    4.931  -10.000       56.8805     1120.7773
 6  36  19.704  46609.590 337.378   0.033    5.932  -10.000       56.9372     1121.8945
 7  36  19.704  46609.590 337.378   0.068    5.192  -10.000       56.9372     1121.8945
 8  36  19.704  46609.590 337.378   0.083    4.939  -10.000       56.9372     1121.8945
 6  36  19.704  46612.449  29.619   0.034    6.070  -10.000       57.0823     1124.7539
 7  36  19.704  46612.449  29.619   0.066    5.292  -10.000       57.0823     1124.7539
 8  36  19.704  46612.449  29.619   0.113    5.063  -10.000       57.0823     1124.7539
 6  36  19.704  46680.410 191.288  -0.079    5.849  -10.000       60.5314     1192.7148
 7  36  19.704  46680.410 191.288   0.009    5.308  -10.000       60.5314     1192.7148
 8  36  19.704  46680.410 191.288  -0.003    5.064  -10.000       60.5314     1192.7148
 6  36  19.704  46682.387 227.401   0.003    5.878  -10.000       60.6317     1194.6914
 7  36  19.704  46682.387 227.401   0.044    5.270  -10.000       60.6317     1194.6914
 8  36  19.704  46682.387 227.401   0.056    5.045  -10.000       60.6317     1194.6914
 6  36  19.704  46684.375 263.727   0.017    5.865  -10.000       60.7326     1196.6797
 7  36  19.704  46684.375 263.727   0.068    5.218  -10.000       60.7326     1196.6797
 8  36  19.704  46684.375 263.727   0.079    4.980  -10.000       60.7326     1196.6797
 6  36  19.704  46967.602  38.367   0.010    6.071  -10.000       75.1066     1479.9062
 7  36  19.704  46967.602  38.367   0.025    5.273  -10.000       75.1066     1479.9062
 8  36  19.704  46967.602  38.367   0.066    5.037  -10.000       75.1066     1479.9062
 6  36  19.704  47016.367 209.331   0.008    5.894  -10.000       77.5815     1528.6719
 7  36  19.704  47016.367 209.331   0.051    5.310  -10.000       77.5815     1528.6719
 8  36  19.704  47016.367 209.331   0.048    5.076  -10.000       77.5815     1528.6719
 6  36  19.704  47036.316 213.810   0.007    5.888  -10.000       78.5939     1548.6211
 7  36  19.704  47036.316 213.810   0.048    5.298  -10.000       78.5939     1548.6211
 8  36  19.704  47036.316 213.810   0.063    5.080  -10.000       78.5939     1548.6211
 6  36  19.704  47082.309 334.102   0.029    5.921  -10.000       80.9281     1594.6133
 7  36  19.704  47082.309 334.102   0.056    5.176  -10.000       80.9281     1594.6133
 8  36  19.704  47082.309 334.102   0.073    4.926  -10.000       80.9281     1594.6133
 6  36  19.704  47083.266 351.587   0.041    5.968  -10.000       80.9766     1595.5703
 7  36  19.704  47083.266 351.587   0.062    5.204  -10.000       80.9766     1595.5703
 8  36  19.704  47083.266 351.587   0.088    4.960  -10.000       80.9766     1595.5703
 0  34  19.704  46987.824  47.843   3.638    8.750    0.430       76.1329     1500.1289
 0  34  19.704  46989.727  82.598   5.302   16.310    0.490       76.2294     1502.0312
 0  34  19.704  46990.715 100.654   1.162   17.690    0.650       76.2796     1503.0195
 0  34  19.704  46991.719 118.996   1.533   17.550    0.500       76.3305     1504.0234
 0  34  19.704  46992.754 137.909  -4.175    8.970    0.490       76.3831     1505.0586
 0  34  19.704  46993.727 155.679  -4.936    1.890    0.530       76.4324     1506.0312
 0  34  19.704  47018.711 252.153   1.489  -26.850    0.540       77.7004     1531.0156
 0  34  19.704  47019.738 270.923   1.798  -22.910    0.520       77.7526     1532.0430
 0  34  19.704  47020.750 289.407   1.918  -18.820    0.480       77.8039     1533.0547
 0  34  19.704  47021.727 307.249   4.822  -14.230    0.400       77.8535     1534.0312
 0  34  19.704  47022.719 325.377   6.080   -8.140    0.560       77.9038     1535.0234
 0 170  19.704  48460.754 318.746   2.598  -13.260    0.370      150.8854     2973.0586
 0 170  19.704  48461.730 336.588  -0.069   -8.850    0.380      150.9350     2974.0352
 0 170  19.704  50217.605  16.996   0.480   -0.120    0.440      240.0472     4729.9102
 0 170  19.704  50224.551 143.888   1.964   11.350    0.610      240.3997     4736.8555
 0 170  19.704  50227.516 198.056  -6.834  -15.670    0.660      240.5502     4739.8203
 0 170  19.704  50230.496 252.510  -0.947  -29.140    0.520      240.7014     4742.8008
 0 170  19.704  50274.785 341.686  30.383   21.630    0.380      242.9491     4787.0898
 0 170  19.704  50275.758 359.456  -1.098   -4.930    0.360      242.9985     4788.0625
 0 170  19.704  50276.723  17.084   0.202   -0.350    0.350      243.0475     4789.0273
 0 170  19.704  50277.699  34.926   1.255    4.250    0.340      243.0970     4790.0039
 0 170  19.704  50278.461  48.845   1.435    6.870    0.470      243.1357     4790.7656
 0 170  19.704  50278.695  53.124  -0.288    7.930    0.390      243.1476     4791.0000
 0 170  19.704  50279.691  71.323   0.288   12.190    0.360      243.1981     4791.9961
 0 170  19.704  50280.395  84.172   3.625   14.360    0.620      243.2338     4792.6992
 0 170  19.704  50282.441 121.569   2.998   17.870    0.750      243.3377     4794.7461
 0 170  19.704  50283.461 140.197   1.731   12.840    0.860      243.3894     4795.7656
 0 170  19.704  50285.742 181.873   1.146   -5.140    0.560      243.5052     4798.0469
 0 170  19.704  50286.484 195.436  -7.408  -13.690    0.800      243.5429     4798.7891
 0 170  19.704  50296.477  17.996  -2.413   -2.460    0.450      244.0500     4808.7812
 0 170  19.704  50645.664 277.767  -1.733  -25.450    0.330      261.7716     5157.9688
 0 170  19.704  50645.684 278.119  -1.287  -24.970    0.410      261.7726     5157.9883
 0 170  19.704  50645.824 280.690  -1.180  -24.620    0.460      261.7797     5158.1289
 0 170  19.704  50646.641 295.609  -0.939  -21.100    0.460      261.8211     5158.9453
 0 170  19.704  50646.684 296.389  -0.158  -20.530    0.400      261.8233     5158.9883
 0 170  19.704  50647.625 313.594  -1.708  -17.030    0.400      261.8711     5159.9297
 0 170  19.704  50647.668 314.374  -1.160  -16.400    0.410      261.8733     5159.9727
 0 170  19.704  50648.773 334.578  -2.420  -11.210    0.410      261.9294     5161.0781
 0 170  19.704  50649.543 348.629  -1.944   -7.790    0.430      261.9684     5161.8477
 0 170  19.704  50649.633 350.277  -2.132   -7.270    0.380      261.9730     5161.9375
 0 170  19.704  50649.770 352.771  -2.566   -6.950    0.380      261.9799     5162.0742
 0 170  19.704  50650.590   7.756   0.587   -2.980    0.460      262.0215     5162.8945
 0 170  19.704  50650.719  10.118   0.683   -2.620    0.410      262.0281     5163.0234
 0 170  19.704  50651.551  25.312  -0.683    1.480    0.450      262.0703     5163.8555
 0 151  19.704  49901.395 359.720  -1.175   -5.000    0.420      223.9992     4413.6992
 0 151  19.704  49905.375  72.444  -0.721   11.460    0.690      224.2012     4417.6797
 0 151  19.704  49913.441 219.820   3.604  -20.910    1.940      224.6106     4425.7461
 0 151  19.704  49913.445 219.891  -0.029  -24.530    1.020      224.6108     4425.7500
 0 151  19.704  49915.453 256.575  -3.782  -29.960    0.800      224.7127     4427.7578
 0 151  19.704  49918.445 311.243  -1.191  -17.350    0.830      224.8646     4430.7500
 0 151  19.704  49919.461 329.799  -4.393  -15.110    0.750      224.9161     4431.7656
 0 151  19.704  49920.453 347.926  -0.410   -6.600    0.430      224.9665     4432.7578
 0 151  19.704  49925.348  77.349   0.253   12.880    0.470      225.2149     4437.6523
 0 151  19.704  49926.324  95.191  -0.147   16.520    0.920      225.2644     4438.6289
 0 151  19.704  49928.383 132.803   1.519   18.590    0.850      225.3689     4440.6875
 0 151  19.704  49930.363 168.986  -1.784    3.190    0.920      225.4694     4442.6680
 0 151  19.704  49931.332 186.685  -4.049   -8.640    0.670      225.5186     4443.6367
 0 151  19.704  49934.344 241.710  -1.926  -31.440    0.610      225.6714     4446.6484
 0 151  19.704  49944.336  64.270  -1.273   10.740    0.530      226.1785     4456.6406
 0 151  19.704  49957.309 301.289   3.582  -18.030    1.250      226.8369     4469.6133
 0 151  19.704  49970.281 178.303   3.065   -1.990    1.430      227.4953     4482.5859
 0 151  19.704  50253.418 311.303  -0.913  -17.040    0.380      241.8647     4765.7227
 0 151  19.704  50256.430   6.328   0.329   -3.310    0.370      242.0176     4768.7344
 0 151  19.704  50257.391  23.884  -0.579    1.510    0.470      242.0663     4769.6953
 0 151  19.704  50276.371  10.662   1.181   -2.020    0.370      243.0296     4788.6758
 0 151  19.704  50344.266 171.118  -1.399    1.890    0.610      246.4753     4856.5703
 0 151  19.704  50621.453 195.425  -4.467  -10.740    0.850      260.5428     5133.7578
 0 151  19.704  50623.469 232.251   2.171  -27.850    0.430      260.6451     5135.7734
 0 151  19.704  50625.473 268.857  -0.453  -25.320    0.530      260.7468     5137.7773
 0 151  19.704  50667.410 315.077  -0.699  -15.940    0.650      262.8752     5179.7148
 0 151  19.704  50668.430 333.699  -3.516  -12.430    0.570      262.9269     5180.7344
 0 151  19.704  50669.398 351.398  -3.304   -8.050    0.540      262.9761     5181.7031
 0 151  19.704  50713.258  72.729  -1.790   10.460    0.760      265.2020     5225.5625
 0 151  19.704  50713.262  72.795  -2.679    9.590    0.510      265.2022     5225.5664
 0 151  19.704  50729.199   3.977   1.099   -2.610    0.320      266.0110     5241.5039
 3   9  19.704  43787.660 259.805  -0.055    9.100  -10.000      -86.2783    -1700.0352
14   9  19.704  43787.660 259.805  -0.081   11.340  -10.000      -86.2783    -1700.0352
15   9  19.704  43787.660 259.805  -0.040    9.580  -10.000      -86.2783    -1700.0352
16   9  19.704  43787.660 259.805  -0.032    8.210  -10.000      -86.2783    -1700.0352
17   9  19.704  43787.660 259.805  -0.087    7.160  -10.000      -86.2783    -1700.0352
 3   9  19.704  43788.660 278.075   0.041    9.280  -10.000      -86.2276    -1699.0352
14   9  19.704  43788.660 278.075   0.081   11.700  -10.000      -86.2276    -1699.0352
15   9  19.704  43788.660 278.075   0.050    9.770  -10.000      -86.2276    -1699.0352
16   9  19.704  43788.660 278.075   0.025    8.320  -10.000      -86.2276    -1699.0352
17   9  19.704  43788.660 278.075  -0.044    7.230  -10.000      -86.2276    -1699.0352
 3   9  19.704  44047.852 333.586  -0.033    9.470  -10.000      -73.0734    -1439.8438
14   9  19.704  44047.852 333.586  -0.035   12.140  -10.000      -73.0734    -1439.8438
15   9  19.704  44047.852 333.586  -0.016   10.010  -10.000      -73.0734    -1439.8438
16   9  19.704  44047.852 333.586   0.000    8.480  -10.000      -73.0734    -1439.8438
17   9  19.704  44047.852 333.586  -0.045    7.350  -10.000      -73.0734    -1439.8438
 3   9  19.704  43694.770   2.664   0.031    9.680  -10.000      -90.9926    -1792.9258
14   9  19.704  43694.770   2.664   0.031   12.460  -10.000      -90.9926    -1792.9258
15   9  19.704  43694.770   2.664   0.043   10.230  -10.000      -90.9926    -1792.9258
16   9  19.704  43694.770   2.664   0.054    8.650  -10.000      -90.9926    -1792.9258
17   9  19.704  43694.770   2.664   0.003    7.490  -10.000      -90.9926    -1792.9258
 3   9  19.704  44168.512  18.086  -0.010    9.720  -10.000      -66.9498    -1319.1836
14   9  19.704  44168.512  18.086  -0.003   12.560  -10.000      -66.9498    -1319.1836
15   9  19.704  44168.512  18.086   0.004   10.280  -10.000      -66.9498    -1319.1836
16   9  19.704  44168.512  18.086   0.027    8.690  -10.000      -66.9498    -1319.1836
17   9  19.704  44168.512  18.086  -0.022    7.520  -10.000      -66.9498    -1319.1836
 3   9  19.704  44169.531  36.714  -0.026    9.800  -10.000      -66.8980    -1318.1641
14   9  19.704  44169.531  36.714  -0.027   12.680  -10.000      -66.8980    -1318.1641
15   9  19.704  44169.531  36.714  -0.008   10.370  -10.000      -66.8980    -1318.1641
16   9  19.704  44169.531  36.714   0.005    8.750  -10.000      -66.8980    -1318.1641
17   9  19.704  44169.531  36.714  -0.034    7.580  -10.000      -66.8980    -1318.1641
 3   9  19.704  43717.770  62.880  -0.072    9.850  -10.000      -89.8253    -1769.9258
14   9  19.704  43717.770  62.880  -0.075   12.750  -10.000      -89.8253    -1769.9258
15   9  19.704  43717.770  62.880  -0.057   10.420  -10.000      -89.8253    -1769.9258
16   9  19.704  43717.770  62.880  -0.036    8.800  -10.000      -89.8253    -1769.9258
17   9  19.704  43717.770  62.880  -0.060    7.640  -10.000      -89.8253    -1769.9258
 3   9  19.704  43701.762 130.413  -0.004    9.840  -10.000      -90.6377    -1785.9336
14   9  19.704  43701.762 130.413   0.024   12.510  -10.000      -90.6377    -1785.9336
15   9  19.704  43701.762 130.413   0.018   10.380  -10.000      -90.6377    -1785.9336
16   9  19.704  43701.762 130.413   0.001    8.830  -10.000      -90.6377    -1785.9336
17   9  19.704  43701.762 130.413  -0.060    7.690  -10.000      -90.6377    -1785.9336
 3   9  19.704  43784.691 205.565  -0.055    8.870  -10.000      -86.4290    -1703.0039
14   9  19.704  43784.691 205.565  -0.053   10.780  -10.000      -86.4290    -1703.0039
15   9  19.704  43784.691 205.565  -0.041    9.300  -10.000      -86.4290    -1703.0039
16   9  19.704  43784.691 205.565  -0.031    8.080  -10.000      -86.4290    -1703.0039
17   9  19.704  43784.691 205.565  -0.065    7.130  -10.000      -86.4290    -1703.0039
