 2  22  12.356  43910.410 119.349  -0.012   11.566  -10.000       21.3315      263.5781
 3  22  12.356  43910.410 119.349   0.009   10.232  -10.000       21.3315      263.5781
 4  22  12.356  43910.410 119.349   0.017    9.468  -10.000       21.3315      263.5781
 5  22  12.356  43910.410 119.349  -0.039    8.690  -10.000       21.3315      263.5781
 2  22  12.356  43937.301 182.807  -0.089   11.010  -10.000       23.5078      290.4688
 3  22  12.356  43937.301 182.807  -0.046    9.870  -10.000       23.5078      290.4688
 4  22  12.356  43937.301 182.807  -0.046    9.169  -10.000       23.5078      290.4688
 5  22  12.356  43937.301 182.807  -0.077    8.482  -10.000       23.5078      290.4688
 2  22  12.356  43939.398 243.922  -0.208   10.415  -10.000       23.6776      292.5664
 3  22  12.356  43939.398 243.922  -0.125    9.425  -10.000       23.6776      292.5664
 4  22  12.356  43939.398 243.922  -0.097    8.798  -10.000       23.6776      292.5664
 5  22  12.356  43939.398 243.922  -0.110    8.170  -10.000       23.6776      292.5664
 2  22  12.356  43940.293 269.984  -0.012   10.834  -10.000       23.7500      293.4609
 3  22  12.356  43940.293 269.984   0.022    9.704  -10.000       23.7500      293.4609
 4  22  12.356  43940.293 269.984   0.008    8.996  -10.000       23.7500      293.4609
 5  22  12.356  43940.293 269.984  -0.017    8.322  -10.000       23.7500      293.4609
 2  22  12.356  43944.305  26.866  -0.015   11.617  -10.000       24.0746      297.4727
 3  22  12.356  43944.305  26.866   0.010   10.192  -10.000       24.0746      297.4727
 4  22  12.356  43944.305  26.866   0.000    9.369  -10.000       24.0746      297.4727
 5  22  12.356  43944.305  26.866  -0.010    8.600  -10.000       24.0746      297.4727
 2  22  12.356  43945.348  57.253  -0.006   11.779  -10.000       24.1590      298.5156
 3  22  12.356  43945.348  57.253   0.018   10.325  -10.000       24.1590      298.5156
 4  22  12.356  43945.348  57.253   0.031    9.515  -10.000       24.1590      298.5156
 5  22  12.356  43945.348  57.253  -0.006    8.709  -10.000       24.1590      298.5156
 2  22  12.356  43969.285  34.671  -0.036   11.641  -10.000       26.0963      322.4531
 3  22  12.356  43969.285  34.671   0.011   10.228  -10.000       26.0963      322.4531
 4  22  12.356  43969.285  34.671   0.012    9.412  -10.000       26.0963      322.4531
 5  22  12.356  43969.285  34.671  -0.018    8.620  -10.000       26.0963      322.4531
 2  22  12.356  43979.270 325.566  -0.019   11.216  -10.000       26.9044      332.4375
 3  22  12.356  43979.270 325.566   0.007    9.914  -10.000       26.9044      332.4375
 4  22  12.356  43979.270 325.566   0.017    9.162  -10.000       26.9044      332.4375
 5  22  12.356  43979.270 325.566   0.001    8.434  -10.000       26.9044      332.4375
 2  22  12.356  43980.309 355.840   0.022   11.457  -10.000       26.9884      333.4766
 3  22  12.356  43980.309 355.840   0.037   10.076  -10.000       26.9884      333.4766
 4  22  12.356  43980.309 355.840   0.042    9.291  -10.000       26.9884      333.4766
 5  22  12.356  43980.309 355.840   0.001    8.512  -10.000       26.9884      333.4766
 2  22  12.356  44169.598 110.777   0.017   11.676  -10.000       42.3077      522.7656
 3  22  12.356  44169.598 110.777   0.038   10.310  -10.000       42.3077      522.7656
 4  22  12.356  44169.598 110.777   0.025    9.510  -10.000       42.3077      522.7656
 5  22  12.356  44169.598 110.777  -0.001    8.749  -10.000       42.3077      522.7656
 2  22  12.356  44184.590 187.574  -0.030   11.008  -10.000       43.5210      537.7578
 3  22  12.356  44184.590 187.574  -0.019    9.853  -10.000       43.5210      537.7578
 4  22  12.356  44184.590 187.574  -0.034    9.144  -10.000       43.5210      537.7578
 5  22  12.356  44184.590 187.574  -0.066    8.462  -10.000       43.5210      537.7578
 2  22  12.356  44185.598 216.936   0.072   10.628  -10.000       43.6026      538.7656
 3  22  12.356  44185.598 216.936   0.072    9.594  -10.000       43.6026      538.7656
 4  22  12.356  44185.598 216.936   0.053    8.936  -10.000       43.6026      538.7656
 5  22  12.356  44185.598 216.936   0.010    8.294  -10.000       43.6026      538.7656
 2  22  12.356  44186.609 246.412  -0.169   10.476  -10.000       43.6845      539.7773
 3  22  12.356  44186.609 246.412  -0.108    9.455  -10.000       43.6845      539.7773
 4  22  12.356  44186.609 246.412  -0.092    8.812  -10.000       43.6845      539.7773
 5  22  12.356  44186.609 246.412  -0.081    8.205  -10.000       43.6845      539.7773
 2  22  12.356  44187.590 274.978   0.013   10.900  -10.000       43.7638      540.7578
 3  22  12.356  44187.590 274.978   0.025    9.731  -10.000       43.7638      540.7578
 4  22  12.356  44187.590 274.978   0.021    9.026  -10.000       43.7638      540.7578
 5  22  12.356  44187.590 274.978  -0.012    8.338  -10.000       43.7638      540.7578
 2  22  12.356  44210.555 224.059  -0.028   10.496  -10.000       45.6224      563.7227
 3  22  12.356  44210.555 224.059   0.007    9.503  -10.000       45.6224      563.7227
 4  22  12.356  44210.555 224.059   0.008    8.867  -10.000       45.6224      563.7227
 5  22  12.356  44210.555 224.059  -0.032    8.231  -10.000       45.6224      563.7227
 2  22  12.356  44238.527 319.042  -0.038   11.158  -10.000       47.8862      591.6953
 3  22  12.356  44238.527 319.042  -0.020    9.864  -10.000       47.8862      591.6953
 4  22  12.356  44238.527 319.042  -0.010    9.118  -10.000       47.8862      591.6953
 5  22  12.356  44238.527 319.042  -0.021    8.402  -10.000       47.8862      591.6953
 2  22  12.356  44246.422 189.050  -0.020   10.996  -10.000       48.5251      599.5898
 3  22  12.356  44246.422 189.050  -0.012    9.844  -10.000       48.5251      599.5898
 4  22  12.356  44246.422 189.050  -0.026    9.139  -10.000       48.5251      599.5898
 5  22  12.356  44246.422 189.050  -0.024    8.493  -10.000       48.5251      599.5898
 2  22  12.356  44254.457  63.154   0.026   11.829  -10.000       49.1754      607.6250
 3  22  12.356  44254.457  63.154   0.037   10.362  -10.000       49.1754      607.6250
 4  22  12.356  44254.457  63.154   0.041    9.542  -10.000       49.1754      607.6250
 5  22  12.356  44254.457  63.154   0.021    8.753  -10.000       49.1754      607.6250
 2  22  12.356  44255.461  92.402   0.019   11.804  -10.000       49.2567      608.6289
 3  22  12.356  44255.461  92.402   0.026   10.367  -10.000       49.2567      608.6289
 4  22  12.356  44255.461  92.402   0.025    9.555  -10.000       49.2567      608.6289
 5  22  12.356  44255.461  92.402   0.008    8.782  -10.000       49.2567      608.6289
 2  22  12.356  44257.402 148.965   0.038   11.336  -10.000       49.4138      610.5703
 3  22  12.356  44257.402 148.965   0.023   10.077  -10.000       49.4138      610.5703
 4  22  12.356  44257.402 148.965   0.000    9.327  -10.000       49.4138      610.5703
 5  22  12.356  44257.402 148.965  -0.044    8.604  -10.000       49.4138      610.5703
 2  22  12.356  44259.426 207.918   0.169   10.836  -10.000       49.5775      612.5938
 3  22  12.356  44259.426 207.918   0.120    9.725  -10.000       49.5775      612.5938
 4  22  12.356  44259.426 207.918   0.089    9.043  -10.000       49.5775      612.5938
 5  22  12.356  44259.426 207.918   0.045    8.389  -10.000       49.5775      612.5938
 2  22  12.356  44548.582 352.485   0.017   11.430  -10.000       72.9791      901.7500
 3  22  12.356  44548.582 352.485   0.026   10.050  -10.000       72.9791      901.7500
 4  22  12.356  44548.582 352.485   0.022    9.258  -10.000       72.9791      901.7500
 5  22  12.356  44548.582 352.485   0.003    8.504  -10.000       72.9791      901.7500
 2  22  12.356  44551.559  79.209   0.043   11.857  -10.000       73.2200      904.7266
 3  22  12.356  44551.559  79.209   0.039   10.386  -10.000       73.2200      904.7266
 4  22  12.356  44551.559  79.209   0.032    9.559  -10.000       73.2200      904.7266
 5  22  12.356  44551.559  79.209  -0.001    8.761  -10.000       73.2200      904.7266
 2  22  12.356  44552.594 109.366   0.050   11.722  -10.000       73.3038      905.7617
 3  22  12.356  44552.594 109.366   0.060   10.339  -10.000       73.3038      905.7617
 4  22  12.356  44552.594 109.366   0.039    9.529  -10.000       73.3038      905.7617
 5  22  12.356  44552.594 109.366   0.009    8.762  -10.000       73.3038      905.7617
 2  22  12.356  44553.562 137.590   0.082   11.465  -10.000       73.3822      906.7305
 3  22  12.356  44553.562 137.590   0.062   10.168  -10.000       73.3822      906.7305
 4  22  12.356  44553.562 137.590   0.033    9.398  -10.000       73.3822      906.7305
 5  22  12.356  44553.562 137.590  -0.007    8.666  -10.000       73.3822      906.7305
 2  22  12.356  44554.535 165.929  -0.041   11.172  -10.000       73.4609      907.7031
 3  22  12.356  44554.535 165.929  -0.032    9.966  -10.000       73.4609      907.7031
 4  22  12.356  44554.535 165.929  -0.049    9.234  -10.000       73.4609      907.7031
 5  22  12.356  44554.535 165.929  -0.072    8.543  -10.000       73.4609      907.7031
 2  22  12.356  44564.566  98.190   0.047   11.802  -10.000       74.2728      917.7344
 3  22  12.356  44564.566  98.190   0.037   10.363  -10.000       74.2728      917.7344
 4  22  12.356  44564.566  98.190   0.033    9.555  -10.000       74.2728      917.7344
 5  22  12.356  44564.566  98.190  -0.002    8.769  -10.000       74.2728      917.7344
 2  22  12.356  44566.594 157.256   0.027   11.278  -10.000       74.4368      919.7617
 3  22  12.356  44566.594 157.256   0.019   10.042  -10.000       74.4368      919.7617
 4  22  12.356  44566.594 157.256   0.009    9.312  -10.000       74.4368      919.7617
 5  22  12.356  44566.594 157.256  -0.027    8.603  -10.000       74.4368      919.7617
 2  22  12.356  44646.336 320.545  -0.024   11.181  -10.000       80.8904      999.5039
 3  22  12.356  44646.336 320.545  -0.003    9.886  -10.000       80.8904      999.5039
 4  22  12.356  44646.336 320.545  -0.006    9.126  -10.000       80.8904      999.5039
 5  22  12.356  44646.336 320.545  -0.017    8.408  -10.000       80.8904      999.5039
 1  22  12.356  44647.305 348.769  -0.064   12.425  -10.000       80.9688     1000.4727
 2  22  12.356  44647.305 348.769  -0.015   11.373  -10.000       80.9688     1000.4727
 3  22  12.356  44647.305 348.769   0.004   10.011  -10.000       80.9688     1000.4727
 4  22  12.356  44647.305 348.769  -0.004    9.219  -10.000       80.9688     1000.4727
 5  22  12.356  44647.305 348.769  -0.012    8.479  -10.000       80.9688     1000.4727
 2  22  12.356  44648.301  17.790   0.010   11.590  -10.000       81.0494     1001.4688
 3  22  12.356  44648.301  17.790   0.021   10.164  -10.000       81.0494     1001.4688
 4  22  12.356  44648.301  17.790   0.009    9.344  -10.000       81.0494     1001.4688
 5  22  12.356  44648.301  17.790   0.001    8.583  -10.000       81.0494     1001.4688
 2  22  12.356  44649.324  47.609   0.020   11.762  -10.000       81.1322     1002.4922
 3  22  12.356  44649.324  47.609   0.025   10.294  -10.000       81.1322     1002.4922
 4  22  12.356  44649.324  47.609   0.016    9.464  -10.000       81.1322     1002.4922
 5  22  12.356  44649.324  47.609   0.004    8.685  -10.000       81.1322     1002.4922
 2  22  12.356  44650.352  77.542   0.052   11.867  -10.000       81.2154     1003.5195
 3  22  12.356  44650.352  77.542   0.049   10.395  -10.000       81.2154     1003.5195
 4  22  12.356  44650.352  77.542   0.048    9.573  -10.000       81.2154     1003.5195
 5  22  12.356  44650.352  77.542   0.030    8.790  -10.000       81.2154     1003.5195
 3  22  12.356  44653.492 169.044  -0.050    9.939  -10.000       81.4696     1006.6602
 4  22  12.356  44653.492 169.044  -0.071    9.205  -10.000       81.4696     1006.6602
 5  22  12.356  44653.492 169.044  -0.107    8.502  -10.000       81.4696     1006.6602
 2  22  12.356  44655.332 222.646   0.021   10.547  -10.000       81.6185     1008.5000
 3  22  12.356  44655.332 222.646   0.017    9.515  -10.000       81.6185     1008.5000
 4  22  12.356  44655.332 222.646  -0.003    8.859  -10.000       81.6185     1008.5000
 5  22  12.356  44655.332 222.646  -0.032    8.233  -10.000       81.6185     1008.5000
 2  22  12.356  44656.320 251.439  -0.184   10.506  -10.000       81.6984     1009.4883
 3  22  12.356  44656.320 251.439  -0.109    9.482  -10.000       81.6984     1009.4883
 4  22  12.356  44656.320 251.439  -0.078    8.846  -10.000       81.6984     1009.4883
 5  22  12.356  44656.320 251.439  -0.100    8.200  -10.000       81.6984     1009.4883
 2  22  12.356  44657.328 280.802   0.001   10.936  -10.000       81.7800     1010.4961
 3  22  12.356  44657.328 280.802   0.016    9.750  -10.000       81.7800     1010.4961
 4  22  12.356  44657.328 280.802   0.013    9.038  -10.000       81.7800     1010.4961
 5  22  12.356  44657.328 280.802  -0.013    8.349  -10.000       81.7800     1010.4961
 2  22  12.356  44676.309 113.799   0.055   11.687  -10.000       83.3161     1029.4766
 3  22  12.356  44676.309 113.799   0.057   10.313  -10.000       83.3161     1029.4766
 4  22  12.356  44676.309 113.799   0.039    9.513  -10.000       83.3161     1029.4766
 5  22  12.356  44676.309 113.799  -0.008    8.735  -10.000       83.3161     1029.4766
 2  22  12.356  44677.293 142.479   0.065   11.408  -10.000       83.3958     1030.4609
 3  22  12.356  44677.293 142.479   0.047   10.129  -10.000       83.3958     1030.4609
 4  22  12.356  44677.293 142.479   0.012    9.360  -10.000       83.3958     1030.4609
 5  22  12.356  44677.293 142.479  -0.041    8.621  -10.000       83.3958     1030.4609
 2  22  12.356  44678.301 171.840  -0.095   11.090  -10.000       83.4773     1031.4688
 3  22  12.356  44678.301 171.840  -0.068    9.911  -10.000       83.4773     1031.4688
 4  22  12.356  44678.301 171.840  -0.082    9.186  -10.000       83.4773     1031.4688
 5  22  12.356  44678.301 171.840  -0.104    8.498  -10.000       83.4773     1031.4688
 2  22  12.356  44679.285 200.520   0.150   10.954  -10.000       83.5570     1032.4531
 3  22  12.356  44679.285 200.520   0.111    9.815  -10.000       83.5570     1032.4531
 4  22  12.356  44679.285 200.520   0.079    9.116  -10.000       83.5570     1032.4531
 5  22  12.356  44679.285 200.520   0.031    8.444  -10.000       83.5570     1032.4531
 2  22  12.356  44703.281 179.646  -0.103   11.028  -10.000       85.4990     1056.4492
 3  22  12.356  44703.281 179.646  -0.062    9.877  -10.000       85.4990     1056.4492
 4  22  12.356  44703.281 179.646  -0.071    9.164  -10.000       85.4990     1056.4492
 5  22  12.356  44703.281 179.646  -0.135    8.440  -10.000       85.4990     1056.4492
 2  22  12.356  44704.289 209.009   0.181   10.831  -10.000       85.5806     1057.4570
 3  22  12.356  44704.289 209.009   0.148    9.740  -10.000       85.5806     1057.4570
 4  22  12.356  44704.289 209.009   0.105    9.048  -10.000       85.5806     1057.4570
 5  22  12.356  44704.289 209.009   0.051    8.386  -10.000       85.5806     1057.4570
 2  22  12.356  44918.535 331.070  -0.021   11.250  -10.000      102.9196     1271.7031
 3  22  12.356  44918.535 331.070  -0.005    9.924  -10.000      102.9196     1271.7031
 2  22  12.356  44954.484 298.449  -0.041   11.020  -10.000      105.8290     1307.6523
 3  22  12.356  44954.484 298.449  -0.028    9.777  -10.000      105.8290     1307.6523
 2  22  12.356  44961.465 141.825   0.047   11.395  -10.000      106.3940     1314.6328
 3  22  12.356  44961.465 141.825   0.018   10.103  -10.000      106.3940     1314.6328
 2  22  12.356  44965.457 258.138  -0.145   10.604  -10.000      106.7170     1318.6250
 3  22  12.356  44965.457 258.138  -0.098    9.528  -10.000      106.7170     1318.6250
 2  22  12.356  44966.488 288.182  -0.021   10.971  -10.000      106.8005     1319.6562
 3  22  12.356  44966.488 288.182  -0.009    9.758  -10.000      106.8005     1319.6562
 2  22  12.356  44967.477 316.978  -0.050   11.134  -10.000      106.8805     1320.6445
 3  22  12.356  44967.477 316.978  -0.030    9.847  -10.000      106.8805     1320.6445
 2  22  12.356  44968.461 345.657  -0.037   11.331  -10.000      106.9602     1321.6289
 3  22  12.356  44968.461 345.657  -0.016    9.977  -10.000      106.9602     1321.6289
 2  22  12.356  44988.496 209.380   0.139   10.783  -10.000      108.5816     1341.6641
 3  22  12.356  44988.496 209.380   0.107    9.695  -10.000      108.5816     1341.6641
 4  22  12.356  44988.496 209.380   0.089    9.029  -10.000      108.5816     1341.6641
 5  22  12.356  44988.496 209.380   0.051    8.383  -10.000      108.5816     1341.6641
 2  22  12.356  44989.504 238.744  -0.198   10.386  -10.000      108.6632     1342.6719
 3  22  12.356  44989.504 238.744  -0.112    9.416  -10.000      108.6632     1342.6719
 4  22  12.356  44989.504 238.744  -0.081    8.798  -10.000      108.6632     1342.6719
 5  22  12.356  44989.504 238.744  -0.092    8.179  -10.000      108.6632     1342.6719
 2  22  12.356  44991.543 298.152  -0.036   11.023  -10.000      108.8282     1344.7109
 3  22  12.356  44991.543 298.152   0.008    9.811  -10.000      108.8282     1344.7109
 4  22  12.356  44991.543 298.152   0.006    9.078  -10.000      108.8282     1344.7109
 5  22  12.356  44991.543 298.152  -0.018    8.370  -10.000      108.8282     1344.7109
 2  22  12.356  44994.461  23.167  -0.002   11.609  -10.000      109.0644     1347.6289
 3  22  12.356  44994.461  23.167   0.014   10.179  -10.000      109.0644     1347.6289
 4  22  12.356  44994.461  23.167   0.015    9.370  -10.000      109.0644     1347.6289
 5  22  12.356  44994.461  23.167   0.005    8.603  -10.000      109.0644     1347.6289
 2  22  12.356  44995.492  53.212  -0.098   11.670  -10.000      109.1478     1348.6602
 3  22  12.356  44995.492  53.212  -0.053   10.239  -10.000      109.1478     1348.6602
 4  22  12.356  44995.492  53.212  -0.041    9.428  -10.000      109.1478     1348.6602
 5  22  12.356  44995.492  53.212  -0.031    8.670  -10.000      109.1478     1348.6602
 2  22  12.356  45003.332 281.626  -0.007   10.935  -10.000      109.7823     1356.5000
 3  22  12.356  45003.332 281.626   0.017    9.755  -10.000      109.7823     1356.5000
 4  22  12.356  45003.332 281.626   0.010    9.038  -10.000      109.7823     1356.5000
 5  22  12.356  45003.332 281.626  -0.013    8.351  -10.000      109.7823     1356.5000
 1  22  12.356  45005.328 339.782  -0.120   12.285  -10.000      109.9438     1358.4961
 2  22  12.356  45005.328 339.782  -0.032   11.298  -10.000      109.9438     1358.4961
 3  22  12.356  45005.328 339.782  -0.001    9.967  -10.000      109.9438     1358.4961
 4  22  12.356  45005.328 339.782  -0.005    9.187  -10.000      109.9438     1358.4961
 5  22  12.356  45005.328 339.782  -0.018    8.449  -10.000      109.9438     1358.4961
 1  22  12.356  45006.309   8.347  -0.076   12.599  -10.000      110.0232     1359.4766
 2  22  12.356  45006.309   8.347  -0.018   11.504  -10.000      110.0232     1359.4766
 3  22  12.356  45006.309   8.347  -0.004   10.096  -10.000      110.0232     1359.4766
 4  22  12.356  45006.309   8.347   0.006    9.306  -10.000      110.0232     1359.4766
 5  22  12.356  45006.309   8.347  -0.019    8.533  -10.000      110.0232     1359.4766
 1  22  12.356  45007.297  37.142   0.023   12.921  -10.000      110.1032     1360.4648
 2  22  12.356  45007.297  37.142   0.010   11.700  -10.000      110.1032     1360.4648
 3  22  12.356  45007.297  37.142   0.033   10.260  -10.000      110.1032     1360.4648
 4  22  12.356  45007.297  37.142   0.031    9.440  -10.000      110.1032     1360.4648
 5  22  12.356  45007.297  37.142  -0.006    8.640  -10.000      110.1032     1360.4648
 2  22  12.356  45008.418  69.804  -0.003   11.811  -10.000      110.1939     1361.5859
 3  22  12.356  45008.418  69.804   0.003   10.341  -10.000      110.1939     1361.5859
 4  22  12.356  45008.418  69.804   0.009    9.524  -10.000      110.1939     1361.5859
 5  22  12.356  45008.418  69.804  -0.011    8.736  -10.000      110.1939     1361.5859
 2  22  12.356  45009.348  96.891   0.069   11.832  -10.000      110.2691     1362.5156
 3  22  12.356  45009.348  96.891   0.043   10.373  -10.000      110.2691     1362.5156
 4  22  12.356  45009.348  96.891   0.031    9.555  -10.000      110.2691     1362.5156
 5  22  12.356  45009.348  96.891  -0.014    8.758  -10.000      110.2691     1362.5156
 1  22  12.356  45094.227  49.837   0.005   12.978  -10.000      117.1384     1447.3945
 2  22  12.356  45094.227  49.837   0.016   11.768  -10.000      117.1384     1447.3945
 3  22  12.356  45094.227  49.837   0.025   10.304  -10.000      117.1384     1447.3945
 4  22  12.356  45094.227  49.837   0.021    9.477  -10.000      117.1384     1447.3945
 5  22  12.356  45094.227  49.837   0.020    8.709  -10.000      117.1384     1447.3945
 1  22  12.356  45346.367 195.952   0.123   11.783  -10.000      137.5443     1699.5352
 2  22  12.356  45346.367 195.952   0.078   10.972  -10.000      137.5443     1699.5352
 3  22  12.356  45346.367 195.952   0.063    9.832  -10.000      137.5443     1699.5352
 4  22  12.356  45346.367 195.952   0.038    9.130  -10.000      137.5443     1699.5352
 5  22  12.356  45346.367 195.952  -0.011    8.446  -10.000      137.5443     1699.5352
 1  79  12.356  45666.492 162.795   0.035   12.150  -10.000      163.4522     2019.6602
 2  79  12.356  45666.492 162.795   0.014   11.240  -10.000      163.4522     2019.6602
 3  79  12.356  45666.492 162.795  -0.017    9.990  -10.000      163.4522     2019.6602
 1  79  12.356  45676.484  93.917   0.105   13.062  -10.000      164.2609     2029.6523
 2  79  12.356  45676.484  93.917   0.075   11.853  -10.000      164.2609     2029.6523
 3  79  12.356  45676.484  93.917   0.038   10.376  -10.000      164.2609     2029.6523
 4  79  12.356  45676.484  93.917   0.029    9.558  -10.000      164.2609     2029.6523
 2  79  12.356  45687.426  52.696   0.030   11.795  -10.000      165.1464     2040.5938
 3  79  12.356  45687.426  52.696  -0.018   10.272  -10.000      165.1464     2040.5938
 4  79  12.356  45687.426  52.696  -0.094    9.373  -10.000      165.1464     2040.5938
 2  79  12.356  45691.445 169.805  -0.080   11.116  -10.000      165.4717     2044.6133
 3  79  12.356  45691.445 169.805  -0.088    9.898  -10.000      165.4717     2044.6133
 4  79  12.356  45691.445 169.805  -0.096    9.178  -10.000      165.4717     2044.6133
 1  79  12.356  45692.348 196.095   0.200   11.856  -10.000      165.5447     2045.5156
 2  79  12.356  45692.348 196.095   0.092   10.983  -10.000      165.5447     2045.5156
 3  79  12.356  45692.348 196.095   0.065    9.832  -10.000      165.5447     2045.5156
 4  79  12.356  45692.348 196.095   0.033    9.123  -10.000      165.5447     2045.5156
 1  79  12.356  45693.363 225.687   0.109   11.271  -10.000      165.6269     2046.5312
 2  79  12.356  45693.363 225.687  -0.007   10.516  -10.000      165.6269     2046.5312
 3  79  12.356  45693.363 225.687  -0.040    9.455  -10.000      165.6269     2046.5312
 4  79  12.356  45693.363 225.687  -0.035    8.823  -10.000      165.6269     2046.5312
 1  79  12.356  45694.367 254.932  -0.094   11.376  -10.000      165.7081     2047.5352
 2  79  12.356  45694.367 254.932  -0.153   10.569  -10.000      165.7081     2047.5352
 3  79  12.356  45694.367 254.932  -0.111    9.499  -10.000      165.7081     2047.5352
 4  79  12.356  45694.367 254.932  -0.096    8.842  -10.000      165.7081     2047.5352
 2  79  12.356  45704.344 185.603  -0.024   11.041  -10.000      166.5156     2057.5117
 3  79  12.356  45704.344 185.603  -0.056    9.836  -10.000      166.5156     2057.5117
 4  79  12.356  45704.344 185.603  -0.067    9.128  -10.000      166.5156     2057.5117
 1  79  12.356  45705.332 214.393   0.405   11.638  -10.000      166.5955     2058.5000
 2  79  12.356  45705.332 214.393   0.246   10.826  -10.000      166.5955     2058.5000
 3  79  12.356  45705.332 214.393   0.169    9.709  -10.000      166.5955     2058.5000
 4  79  12.356  45705.332 214.393   0.129    9.028  -10.000      166.5955     2058.5000
 1  79  12.356  45706.328 243.419  -0.108   11.207  -10.000      166.6762     2059.4961
 2  79  12.356  45706.328 243.419  -0.175   10.444  -10.000      166.6762     2059.4961
 3  79  12.356  45706.328 243.419  -0.132    9.416  -10.000      166.6762     2059.4961
 4  79  12.356  45706.328 243.419  -0.127    8.766  -10.000      166.6762     2059.4961
 1  79  12.356  45707.340 272.895  -0.039   11.661  -10.000      166.7580     2060.5078
 2  79  12.356  45707.340 272.895  -0.030   10.840  -10.000      166.7580     2060.5078
 3  79  12.356  45707.340 272.895  -0.031    9.665  -10.000      166.7580     2060.5078
 4  79  12.356  45707.340 272.895  -0.037    8.961  -10.000      166.7580     2060.5078
23   4  12.356  40937.410 260.997   0.038    2.905  -10.000     -219.2750    -2709.4219
24   4  12.356  40937.410 260.997   0.072    4.090  -10.000     -219.2750    -2709.4219
25   4  12.356  40937.410 260.997   0.084    5.697  -10.000     -219.2750    -2709.4219
27   4  12.356  40937.410 260.997   0.147    5.052  -10.000     -219.2750    -2709.4219
23   4  12.356  40954.371  35.156   0.039    3.500  -10.000     -217.9023    -2692.4609
24   4  12.356  40954.371  35.156   0.039    5.052  -10.000     -217.9023    -2692.4609
25   4  12.356  40954.371  35.156  -0.025    6.785  -10.000     -217.9023    -2692.4609
27   4  12.356  40954.371  35.156   0.110    6.383  -10.000     -217.9023    -2692.4609
23   4  12.356  40975.293 284.711  -0.008    2.975  -10.000     -216.2091    -2671.5391
24   4  12.356  40975.293 284.711   0.025    4.258  -10.000     -216.2091    -2671.5391
25   4  12.356  40975.293 284.711   0.010    5.888  -10.000     -216.2091    -2671.5391
27   4  12.356  40975.293 284.711   0.071    5.283  -10.000     -216.2091    -2671.5391
23   4  12.356  40977.449 347.536   0.022    3.262  -10.000     -216.0346    -2669.3828
24   4  12.356  40977.449 347.536   0.031    4.722  -10.000     -216.0346    -2669.3828
25   4  12.356  40977.449 347.536   0.112    6.550  -10.000     -216.0346    -2669.3828
27   4  12.356  40977.449 347.536   0.155    6.012  -10.000     -216.0346    -2669.3828
23   4  12.356  40978.332  13.255   0.051    3.415  -10.000     -215.9632    -2668.5000
24   4  12.356  40978.332  13.255   0.072    4.950  -10.000     -215.9632    -2668.5000
25   4  12.356  40978.332  13.255   0.036    6.693  -10.000     -215.9632    -2668.5000
27   4  12.356  40978.332  13.255   0.200    6.303  -10.000     -215.9632    -2668.5000
23   4  12.356  40990.332   2.873   0.039    3.352  -10.000     -214.9920    -2656.5000
24   4  12.356  40990.332   2.873   0.048    4.852  -10.000     -214.9920    -2656.5000
25   4  12.356  40990.332   2.873   0.080    6.650  -10.000     -214.9920    -2656.5000
27   4  12.356  40990.332   2.873   0.186    6.193  -10.000     -214.9920    -2656.5000
23   4  12.356  40997.285 205.455  -0.080    2.780  -10.000     -214.4293    -2649.5469
24   4  12.356  40997.285 205.455  -0.085    3.852  -10.000     -214.4293    -2649.5469
25   4  12.356  40997.285 205.455  -0.007    5.490  -10.000     -214.4293    -2649.5469
27   4  12.356  40997.285 205.455  -0.063    4.695  -10.000     -214.4293    -2649.5469
23   4  12.356  41001.340 323.586   0.002    3.138  -10.000     -214.1012    -2645.4922
24   4  12.356  41001.340 323.586  -0.019    4.500  -10.000     -214.1012    -2645.4922
25   4  12.356  41001.340 323.586  -0.084    6.148  -10.000     -214.1012    -2645.4922
27   4  12.356  41001.340 323.586   0.042    5.665  -10.000     -214.1012    -2645.4922
23   4  12.356  41007.402 140.219  -0.066    3.260  -10.000     -213.6105    -2639.4297
24   4  12.356  41007.402 140.219  -0.094    4.547  -10.000     -213.6105    -2639.4297
25   4  12.356  41007.402 140.219  -0.170    6.150  -10.000     -213.6105    -2639.4297
27   4  12.356  41007.402 140.219  -0.120    5.562  -10.000     -213.6105    -2639.4297
23   4  12.356  41008.355 167.986  -0.155    3.068  -10.000     -213.5334    -2638.4766
24   4  12.356  41008.355 167.986  -0.218    4.253  -10.000     -213.5334    -2638.4766
25   4  12.356  41008.355 167.986  -0.292    5.823  -10.000     -213.5334    -2638.4766
27   4  12.356  41008.355 167.986  -0.277    5.170  -10.000     -213.5334    -2638.4766
23   4  12.356  41009.352 197.007  -0.073    2.908  -10.000     -213.4528    -2637.4805
24   4  12.356  41009.352 197.007  -0.087    4.028  -10.000     -213.4528    -2637.4805
25   4  12.356  41009.352 197.007  -0.029    5.673  -10.000     -213.4528    -2637.4805
27   4  12.356  41009.352 197.007  -0.067    4.920  -10.000     -213.4528    -2637.4805
23   4  12.356  41011.270 252.889  -0.017    2.808  -10.000     -213.2975    -2635.5625
24   4  12.356  41011.270 252.889   0.022    3.963  -10.000     -213.2975    -2635.5625
25   4  12.356  41011.270 252.889   0.051    5.570  -10.000     -213.2975    -2635.5625
27   4  12.356  41011.270 252.889   0.087    4.883  -10.000     -213.2975    -2635.5625
23   4  12.356  41014.293 340.977   0.021    3.233  -10.000     -213.0528    -2632.5391
24   4  12.356  41014.293 340.977   0.033    4.678  -10.000     -213.0528    -2632.5391
25   4  12.356  41014.293 340.977   0.048    6.430  -10.000     -213.0528    -2632.5391
27   4  12.356  41014.293 340.977   0.078    5.872  -10.000     -213.0528    -2632.5391
23   4  12.356  41015.281   9.772   0.010    3.358  -10.000     -212.9729    -2631.5508
24   4  12.356  41015.281   9.772   0.013    4.868  -10.000     -212.9729    -2631.5508
25   4  12.356  41015.281   9.772  -0.014    6.615  -10.000     -212.9729    -2631.5508
27   4  12.356  41015.281   9.772   0.103    6.175  -10.000     -212.9729    -2631.5508
23   4  12.356  41016.285  39.018   0.030    3.507  -10.000     -212.8916    -2630.5469
24   4  12.356  41016.285  39.018   0.035    5.070  -10.000     -212.8916    -2630.5469
25   4  12.356  41016.285  39.018  -0.006    6.827  -10.000     -212.8916    -2630.5469
27   4  12.356  41016.285  39.018   0.092    6.390  -10.000     -212.8916    -2630.5469
23   4  12.356  41042.281  76.415  -0.011    3.577  -10.000     -210.7877    -2604.5508
24   4  12.356  41042.281  76.415  -0.044    5.108  -10.000     -210.7877    -2604.5508
25   4  12.356  41042.281  76.415  -0.109    6.845  -10.000     -210.7877    -2604.5508
27   4  12.356  41042.281  76.415  -0.014    6.407  -10.000     -210.7877    -2604.5508
23   4  12.356  41043.250 104.639  -0.073    3.467  -10.000     -210.7093    -2603.5820
24   4  12.356  41043.250 104.639  -0.112    4.918  -10.000     -210.7093    -2603.5820
25   4  12.356  41043.250 104.639  -0.114    6.680  -10.000     -210.7093    -2603.5820
27   4  12.356  41043.250 104.639  -0.107    6.122  -10.000     -210.7093    -2603.5820
23   4  12.356  41047.262 221.523  -0.146    2.578  -10.000     -210.3847    -2599.5703
24   4  12.356  41047.262 221.523  -0.166    3.580  -10.000     -210.3847    -2599.5703
25   4  12.356  41047.262 221.523  -0.027    5.250  -10.000     -210.3847    -2599.5703
27   4  12.356  41047.262 221.523  -0.154    4.360  -10.000     -210.3847    -2599.5703
23   4  12.356  41048.281 251.224  -0.013    2.803  -10.000     -210.3022    -2598.5508
24   4  12.356  41048.281 251.224   0.016    3.940  -10.000     -210.3022    -2598.5508
25   4  12.356  41048.281 251.224   0.107    5.605  -10.000     -210.3022    -2598.5508
27   4  12.356  41048.281 251.224   0.070    4.843  -10.000     -210.3022    -2598.5508
23   4  12.356  41067.285  84.902  -0.005    3.585  -10.000     -208.7642    -2579.5469
24   4  12.356  41067.285  84.902  -0.040    5.100  -10.000     -208.7642    -2579.5469
25   4  12.356  41067.285  84.902  -0.105    6.830  -10.000     -208.7642    -2579.5469
27   4  12.356  41067.285  84.902  -0.035    6.363  -10.000     -208.7642    -2579.5469
23   4  12.356  41068.258 113.242  -0.035    3.463  -10.000     -208.6854    -2578.5742
24   4  12.356  41068.258 113.242  -0.089    4.860  -10.000     -208.6854    -2578.5742
25   4  12.356  41068.258 113.242  -0.175    6.520  -10.000     -208.6854    -2578.5742
27   4  12.356  41068.258 113.242  -0.162    5.953  -10.000     -208.6854    -2578.5742
23   4  12.356  41077.215  14.205   0.014    3.383  -10.000     -207.9605    -2569.6172
24   4  12.356  41077.215  14.205   0.010    4.895  -10.000     -207.9605    -2569.6172
25   4  12.356  41077.215  14.205  -0.031    6.633  -10.000     -207.9605    -2569.6172
27   4  12.356  41077.215  14.205   0.134    6.245  -10.000     -207.9605    -2569.6172
23   4  12.356  41078.215  43.341   0.012    3.507  -10.000     -207.8796    -2568.6172
24   4  12.356  41078.215  43.341   0.028    5.085  -10.000     -207.8796    -2568.6172
25   4  12.356  41078.215  43.341  -0.106    6.753  -10.000     -207.8796    -2568.6172
27   4  12.356  41078.215  43.341   0.130    6.455  -10.000     -207.8796    -2568.6172
23   4  12.356  41085.223 247.511  -0.029    2.765  -10.000     -207.3125    -2561.6094
24   4  12.356  41085.223 247.511  -0.024    3.862  -10.000     -207.3125    -2561.6094
25   4  12.356  41085.223 247.511   0.072    5.525  -10.000     -207.3125    -2561.6094
27   4  12.356  41085.223 247.511   0.028    4.747  -10.000     -207.3125    -2561.6094
23   4  12.356  41088.207 334.462   0.016    3.198  -10.000     -207.0709    -2558.6250
24   4  12.356  41088.207 334.462  -0.004    4.593  -10.000     -207.0709    -2558.6250
25   4  12.356  41088.207 334.462  -0.087    6.238  -10.000     -207.0709    -2558.6250
27   4  12.356  41088.207 334.462   0.088    5.818  -10.000     -207.0709    -2558.6250
23   4  12.356  41089.199   3.373   0.041    3.358  -10.000     -206.9906    -2557.6328
24   4  12.356  41089.199   3.373   0.037    4.845  -10.000     -206.9906    -2557.6328
25   4  12.356  41089.199   3.373   0.025    6.600  -10.000     -206.9906    -2557.6328
27   4  12.356  41089.199   3.373   0.206    6.218  -10.000     -206.9906    -2557.6328
23   4  12.356  41092.203  90.890   0.000    3.585  -10.000     -206.7475    -2554.6289
24   4  12.356  41092.203  90.890  -0.053    5.068  -10.000     -206.7475    -2554.6289
25   4  12.356  41092.203  90.890  -0.149    6.760  -10.000     -206.7475    -2554.6289
27   4  12.356  41092.203  90.890   0.007    6.372  -10.000     -206.7475    -2554.6289
23   4  12.356  41096.188 206.977  -0.090    2.750  -10.000     -206.4251    -2550.6445
24   4  12.356  41096.188 206.977  -0.114    3.795  -10.000     -206.4251    -2550.6445
25   4  12.356  41096.188 206.977  -0.062    5.403  -10.000     -206.4251    -2550.6445
27   4  12.356  41096.188 206.977  -0.119    4.602  -10.000     -206.4251    -2550.6445
23   4  12.356  41101.203 353.106   0.032    3.298  -10.000     -206.0191    -2545.6289
24   4  12.356  41101.203 353.106   0.032    4.763  -10.000     -206.0191    -2545.6289
25   4  12.356  41101.203 353.106   0.041    6.525  -10.000     -206.0191    -2545.6289
27   4  12.356  41101.203 353.106   0.073    5.983  -10.000     -206.0191    -2545.6289
23   4  12.356  41104.188  80.052  -0.005    3.585  -10.000     -205.7776    -2542.6445
24   4  12.356  41104.188  80.052  -0.068    5.080  -10.000     -205.7776    -2542.6445
25   4  12.356  41104.188  80.052  -0.128    6.820  -10.000     -205.7776    -2542.6445
27   4  12.356  41104.188  80.052   0.046    6.460  -10.000     -205.7776    -2542.6445
23   4  12.356  41107.191 167.574  -0.164    3.060  -10.000     -205.5345    -2539.6406
24   4  12.356  41107.191 167.574  -0.225    4.247  -10.000     -205.5345    -2539.6406
25   4  12.356  41107.191 167.574  -0.291    5.825  -10.000     -205.5345    -2539.6406
27   4  12.356  41107.191 167.574  -0.240    5.210  -10.000     -205.5345    -2539.6406
23   4  12.356  41109.195 225.956  -0.147    2.570  -10.000     -205.3723    -2537.6367
24   4  12.356  41109.195 225.956  -0.183    3.557  -10.000     -205.3723    -2537.6367
25   4  12.356  41109.195 225.956  -0.047    5.225  -10.000     -205.3723    -2537.6367
27   4  12.356  41109.195 225.956  -0.159    4.350  -10.000     -205.3723    -2537.6367
23   4  12.356  41113.191 342.383   0.028    3.245  -10.000     -205.0489    -2533.6406
24   4  12.356  41113.191 342.383   0.020    4.675  -10.000     -205.0489    -2533.6406
25   4  12.356  41113.191 342.383  -0.017    6.378  -10.000     -205.0489    -2533.6406
27   4  12.356  41113.191 342.383   0.119    5.927  -10.000     -205.0489    -2533.6406
23   4  12.356  41114.188  11.404   0.019    3.375  -10.000     -204.9683    -2532.6445
24   4  12.356  41114.188  11.404   0.016    4.882  -10.000     -204.9683    -2532.6445
25   4  12.356  41114.188  11.404  -0.039    6.602  -10.000     -204.9683    -2532.6445
27   4  12.356  41114.188  11.404   0.131    6.217  -10.000     -204.9683    -2532.6445
23   4  12.356  41119.191 157.192  -0.120    3.135  -10.000     -204.5634    -2527.6406
24   4  12.356  41119.191 157.192  -0.171    4.350  -10.000     -204.5634    -2527.6406
25   4  12.356  41119.191 157.192  -0.130    6.045  -10.000     -204.5634    -2527.6406
27   4  12.356  41119.191 157.192  -0.201    5.315  -10.000     -204.5634    -2527.6406
 3 150  12.356  50808.484 214.739   0.075    9.613  -10.000      579.5965     7161.6523
 5 150  12.356  50808.484 214.739   0.008    8.303  -10.000      579.5965     7161.6523
 3 150  12.356  50809.383 240.908  -0.104    9.433  -10.000      579.6692     7162.5508
 5 150  12.356  50809.383 240.908  -0.096    8.179  -10.000      579.6692     7162.5508
 3 150  12.356  50809.480 243.765  -0.096    9.453  -10.000      579.6771     7162.6484
 5 150  12.356  50809.480 243.765  -0.096    8.184  -10.000      579.6771     7162.6484
 3 150  12.356  50810.383 270.044   0.026    9.708  -10.000      579.7501     7163.5508
 5 150  12.356  50810.383 270.044  -0.026    8.313  -10.000      579.7501     7163.5508
 3 150  12.356  50810.500 273.450   0.025    9.724  -10.000      579.7596     7163.6680
 5 150  12.356  50810.500 273.450  -0.020    8.326  -10.000      579.7596     7163.6680
 3 150  12.356  50811.402 299.751   0.043    9.852  -10.000      579.8326     7164.5703
 5 150  12.356  50811.402 299.751   0.031    8.421  -10.000      579.8326     7164.5703
 3 150  12.356  50811.535 303.618   0.016    9.841  -10.000      579.8434     7164.7031
 5 150  12.356  50811.535 303.618   0.003    8.399  -10.000      579.8434     7164.7031
 3 150  12.356  50812.363 327.744   0.007    9.922  -10.000      579.9104     7165.5312
 5 150  12.356  50812.363 327.744  -0.015    8.423  -10.000      579.9104     7165.5312
 3 150  12.356  50812.473 330.930   0.015    9.944  -10.000      579.9193     7165.6406
 5 150  12.356  50812.473 330.930  -0.006    8.439  -10.000      579.9193     7165.6406
 3 150  12.356  50814.504  30.103   0.038   10.234  -10.000      580.0836     7167.6719
 5 150  12.356  50814.504  30.103   0.008    8.630  -10.000      580.0836     7167.6719
 3 150  12.356  50815.434  57.195   0.018   10.325  -10.000      580.1589     7168.6016
 5 150  12.356  50815.434  57.195  -0.009    8.706  -10.000      580.1589     7168.6016
 3 150  12.356  50816.395  85.188   0.022   10.370  -10.000      580.2366     7169.5625
 5 150  12.356  50816.395  85.188  -0.012    8.758  -10.000      580.2366     7169.5625
 3 150  12.356  50816.523  88.945   0.041   10.386  -10.000      580.2471     7169.6914
 5 150  12.356  50816.523  88.945   0.022    8.795  -10.000      580.2471     7169.6914
 3 150  12.356  50817.316 112.061   0.051   10.316  -10.000      580.3113     7170.4844
 5 150  12.356  50817.316 112.061  -0.015    8.733  -10.000      580.3113     7170.4844
 3 150  12.356  50817.430 115.356   0.039   10.286  -10.000      580.3204     7170.5977
 5 150  12.356  50817.430 115.356  -0.017    8.723  -10.000      580.3204     7170.5977
18 163  12.356  47903.926 190.426   0.043   10.010  -10.000      344.5290     4257.0938
18 163  12.356  47903.941 190.876   0.005    9.967  -10.000      344.5302     4257.1094
18 163  12.356  47904.016 193.041   0.041    9.976  -10.000      344.5362     4257.1836
18 163  12.356  47904.191 198.160   0.112    9.977  -10.000      344.5504     4257.3594
18 163  12.356  47904.207 198.611   0.132    9.990  -10.000      344.5517     4257.3750
18 163  12.356  47904.281 200.775   0.126    9.954  -10.000      344.5577     4257.4492
18 163  12.356  47904.297 201.237   0.158    9.979  -10.000      344.5590     4257.4648
18 163  12.356  47904.371 203.401   0.144    9.936  -10.000      344.5650     4257.5391
18 163  12.356  47904.637 211.135   0.177    9.876  -10.000      344.5865     4257.8047
18 163  12.356  47904.652 211.586   0.165    9.860  -10.000      344.5877     4257.8203
18 163  12.356  47904.742 214.211   0.162    9.833  -10.000      344.5950     4257.9102
18 163  12.356  47904.816 216.365   0.152    9.807  -10.000      344.6010     4257.9844
18 163  12.356  47904.828 216.716   0.147    9.800  -10.000      344.6020     4257.9961
18 163  12.356  47905.613 239.590  -0.145    9.515  -10.000      344.6655     4258.7812
18 163  12.356  47905.629 240.040  -0.121    9.541  -10.000      344.6668     4258.7969
18 163  12.356  47905.719 242.655  -0.104    9.569  -10.000      344.6740     4258.8867
18 163  12.356  47906.414 262.914  -0.037    9.738  -10.000      344.7303     4259.5820
18 163  12.356  47906.430 263.375  -0.040    9.737  -10.000      344.7316     4259.5977
18 163  12.356  47906.504 265.540   0.040    9.827  -10.000      344.7376     4259.6719
18 163  12.356  47906.520 265.990  -0.034    9.755  -10.000      344.7389     4259.6875
18 163  12.356  47906.594 268.154  -0.018    9.781  -10.000      344.7449     4259.7617
18 163  12.356  47906.605 268.495  -0.006    9.795  -10.000      344.7458     4259.7734
18 163  12.356  47906.680 270.659   0.069    9.880  -10.000      344.7518     4259.8477
18 163  12.356  47906.859 275.889   0.092    9.928  -10.000      344.7664     4260.0273
18 163  12.356  47958.398 337.478   0.005   10.083  -10.000      348.9374     4311.5664
18 163  12.356  47958.414 337.939  -0.065   10.016  -10.000      348.9387     4311.5820
18 163  12.356  47982.051 306.595   0.009    9.969  -10.000      350.8517     4335.2188
18 163  12.356  47982.125 308.760  -0.004    9.965  -10.000      350.8577     4335.2930
18 163  12.356  47982.137 309.100   0.020    9.990  -10.000      350.8586     4335.3047
18 163  12.356  48009.488  25.983   0.038   10.334  -10.000      353.0722     4362.6562
18 163  12.356  48009.504  26.444   0.020   10.318  -10.000      353.0735     4362.6719
18 163  12.356  48009.578  28.597  -0.007   10.300  -10.000      353.0794     4362.7461
18 163  12.356  48009.594  29.059  -0.004   10.306  -10.000      353.0807     4362.7617
18 163  12.356  48009.668  31.223  -0.046   10.273  -10.000      353.0867     4362.8359
18 163  12.356  48045.926   7.592   0.007   10.222  -10.000      356.0211     4399.0938
18 163  12.356  48046.000   9.756   0.032   10.258  -10.000      356.0271     4399.1680
18 163  12.356  48058.441  12.239  -0.058   10.179  -10.000      357.0340     4411.6094
18 163  12.356  48058.531  14.854  -0.009   10.240  -10.000      357.0413     4411.6992
18 163  12.356  48104.547 275.515   0.017    9.851  -10.000      360.7653     4457.7148
18 163  12.356  48104.621 277.679  -0.004    9.841  -10.000      360.7713     4457.7891
18 163  12.356  48104.637 278.130   0.025    9.871  -10.000      360.7726     4457.8047
18 163  12.356  48104.902 285.875   0.004    9.886  -10.000      360.7941     4458.0703
18 163  12.356  48105.066 290.654   0.007    9.907  -10.000      360.8074     4458.2344
18 163  12.356  48105.078 290.995  -0.013    9.889  -10.000      360.8083     4458.2461
18 163  12.356  48105.348 298.850   0.002    9.932  -10.000      360.8301     4458.5156
18 163  12.356  48105.438 301.465   0.005    9.945  -10.000      360.8374     4458.6055
18 163  12.356  48107.289 355.408   0.011   10.167  -10.000      360.9872     4460.4570
18 163  12.356  48107.570   3.604  -0.017   10.180  -10.000      361.0100     4460.7383
18 163  12.356  48107.656   6.108  -0.022   10.187  -10.000      361.0170     4460.8242
18 163  12.356  48107.734   8.383   0.058   10.278  -10.000      361.0233     4460.9023
18 163  12.356  48107.746   8.723  -0.004   10.217  -10.000      361.0242     4460.9141
18 163  12.356  48108.016  16.578   0.040   10.296  -10.000      361.0461     4461.1836
18 163  12.356  48108.176  21.248  -0.056   10.220  -10.000      361.0590     4461.3438
18 163  12.356  48108.191  21.698  -0.001   10.276  -10.000      361.0603     4461.3594
18 163  12.356  48151.086 191.437   0.020    9.975  -10.000      364.5318     4504.2539
18 163  12.356  48151.098 191.777   0.020    9.971  -10.000      364.5327     4504.2656
18 163  12.356  48151.172 193.942   0.057    9.980  -10.000      364.5387     4504.3398
18 163  12.356  48151.188 194.392   0.065    9.982  -10.000      364.5400     4504.3555
18 163  12.356  48170.367  33.190  -0.033   10.295  -10.000      366.0922     4523.5352
18 163  12.356  48170.383  33.651   0.049   10.379  -10.000      366.0935     4523.5508
18 163  12.356  48200.594 193.843   0.070    9.994  -10.000      368.5385     4553.7617
18 163  12.356  48200.758 198.622   0.128    9.987  -10.000      368.5517     4553.9258
18 163  12.356  48200.773 199.083   0.122    9.975  -10.000      368.5530     4553.9414
18 163  12.356  48235.855 141.196   0.067   10.278  -10.000      371.3922     4589.0234
18 163  12.356  48235.945 143.811  -0.006   10.193  -10.000      371.3995     4589.1133
18 163  12.356  48236.031 146.316   0.015   10.204  -10.000      371.4064     4589.1992
18 163  12.356  48251.156 226.978   0.015    9.641  -10.000      372.6305     4604.3242
18 163  12.356  48302.859 293.346   0.066    9.976  -10.000      376.8148     4656.0273
18 163  12.356  48302.875 293.807   0.045    9.957  -10.000      376.8161     4656.0430
18 163  12.356  48302.949 295.972  -0.040    9.880  -10.000      376.8221     4656.1172
18 163  12.356  48302.965 296.422   0.003    9.924  -10.000      376.8234     4656.1328
18 163  12.356  48303.039 298.586  -0.006    9.922  -10.000      376.8294     4656.2070
18 163  12.356  48303.055 299.037  -0.053    9.877  -10.000      376.8307     4656.2227
18 163  12.356  48303.129 301.201  -0.013    9.926  -10.000      376.8367     4656.2969
18 163  12.356  48303.305 306.321   0.024    9.983  -10.000      376.8509     4656.4727
18 163  12.356  48319.750  65.457   0.071   10.519  -10.000      378.1818     4672.9180
18 163  12.356  48319.762  65.797   0.027   10.476  -10.000      378.1828     4672.9297
18 163  12.356  48319.836  67.961   0.013   10.466  -10.000      378.1888     4673.0039
18 163  12.356  48319.926  70.576   0.032   10.489  -10.000      378.1960     4673.0938
18 163  12.356  48319.938  70.928   0.029   10.487  -10.000      378.1970     4673.1055
18 163  12.356  48354.414 355.397   0.041   10.198  -10.000      380.9872     4707.5820
18 163  12.356  48354.488 357.561   0.015   10.182  -10.000      380.9932     4707.6562
18 163  12.356  48354.500 357.902  -0.004   10.165  -10.000      380.9942     4707.6680
18 163  12.356  48385.848 191.217   0.020    9.978  -10.000      383.5312     4739.0156
18 163  12.356  48385.938 193.832   0.080   10.005  -10.000      383.5384     4739.1055
18 163  12.356  48385.953 194.293   0.047    9.966  -10.000      383.5397     4739.1211
18 163  12.356  48404.688  20.116   0.024   10.294  -10.000      385.0559     4757.8555
18 163  12.356  48404.699  20.457   0.003   10.276  -10.000      385.0568     4757.8672
18 163  12.356  48448.582 218.979   0.035    9.676  -10.000      388.6083     4801.7500
18 163  12.356  48448.922 228.878  -0.045    9.583  -10.000      388.6358     4802.0898
18 163  12.356  48448.938 229.340  -0.094    9.535  -10.000      388.6371     4802.1055
18 163  12.356  48449.012 231.504  -0.054    9.579  -10.000      388.6431     4802.1797
18 163  12.356  48449.027 231.954  -0.098    9.536  -10.000      388.6443     4802.1953
18 163  12.356  48449.812 254.828  -0.114    9.623  -10.000      388.7079     4802.9805
18 163  12.356  48449.828 255.289  -0.158    9.581  -10.000      388.7091     4802.9961
18 163  12.356  48449.898 257.333  -0.082    9.667  -10.000      388.7148     4803.0664
18 163  12.356  48449.914 257.794  -0.092    9.660  -10.000      388.7161     4803.0820
18 163  12.356  48450.258 267.803   0.000    9.798  -10.000      388.7439     4803.4258
18 163  12.356  48450.270 268.143   0.001    9.800  -10.000      388.7448     4803.4375
18 163  12.356  48450.344 270.308   0.065    9.874  -10.000      388.7509     4803.5117
18 163  12.356  48450.359 270.769   0.027    9.839  -10.000      388.7521     4803.5273
18 163  12.356  48450.699 280.668   0.024    9.883  -10.000      388.7796     4803.8672
18 163  12.356  48450.715 281.118   0.004    9.864  -10.000      388.7809     4803.8828
18 163  12.356  48450.789 283.282   0.037    9.908  -10.000      388.7869     4803.9570
18 163  12.356  48450.805 283.733   0.024    9.896  -10.000      388.7881     4803.9727
18 163  12.356  48451.055 291.017  -0.001    9.901  -10.000      388.8084     4804.2227
18 163  12.356  48451.145 293.643   0.028    9.939  -10.000      388.8157     4804.3125
18 163  12.356  48451.160 294.093   0.025    9.938  -10.000      388.8169     4804.3281
18 163  12.356  48451.234 296.257  -0.001    9.919  -10.000      388.8229     4804.4023
18 163  12.356  48451.250 296.708  -0.023    9.899  -10.000      388.8242     4804.4180
18 163  12.356  48451.320 298.762   0.014    9.943  -10.000      388.8299     4804.4883
18 163  12.356  48451.500 303.992   0.035    9.985  -10.000      388.8444     4804.6680
18 163  12.356  48451.590 306.617  -0.055    9.905  -10.000      388.8517     4804.7578
18 163  12.356  48451.602 306.958   0.022    9.984  -10.000      388.8527     4804.7695
18 163  12.356  48451.680 309.232   0.005    9.976  -10.000      388.8590     4804.8477
18 163  12.356  48451.691 309.573  -0.056    9.916  -10.000      388.8599     4804.8594
18 163  12.356  48497.246 196.809   0.049    9.933  -10.000      392.5467     4850.4141
18 163  12.356  48497.262 197.260  -0.013    9.865  -10.000      392.5479     4850.4297
18 163  12.356  48497.336 199.424   0.129    9.976  -10.000      392.5540     4850.5039
18 163  12.356  48497.352 199.885   0.154    9.995  -10.000      392.5552     4850.5195
18 163  12.356  48497.426 202.039   0.156    9.967  -10.000      392.5612     4850.5938
18 163  12.356  48497.438 202.390   0.116    9.921  -10.000      392.5622     4850.6055
18 163  12.356  48497.516 204.664   0.186    9.961  -10.000      392.5685     4850.6836
18 163  12.356  48510.684 228.307  -0.044    9.583  -10.000      393.6342     4863.8516
18 163  12.356  48510.758 230.471   0.006    9.636  -10.000      393.6402     4863.9258
18 163  12.356  48510.773 230.933  -0.043    9.589  -10.000      393.6415     4863.9414
18 163  12.356  48573.605 261.541  -0.025    9.745  -10.000      398.7265     4926.7734
18 163  12.356  48573.621 261.991  -0.068    9.703  -10.000      398.7278     4926.7891
18 163  12.356  48596.195 199.698   0.142    9.985  -10.000      400.5547     4949.3633
18 163  12.356  48596.266 201.742   0.140    9.955  -10.000      400.5604     4949.4336
18 163  12.356  48596.281 202.192   0.144    9.952  -10.000      400.5616     4949.4492
18 163  12.356  48596.355 204.357   0.164    9.942  -10.000      400.5677     4949.5234
18 163  12.356  48596.371 204.818   0.141    9.914  -10.000      400.5689     4949.5391
18 163  12.356  48596.445 206.982   0.177    9.922  -10.000      400.5750     4949.6133
18 163  12.356  48647.645 258.662  -0.114    9.642  -10.000      404.7185     5000.8125
18 163  12.356  48647.719 260.826  -0.088    9.678  -10.000      404.7245     5000.8867
18 163  12.356  48647.734 261.288  -0.080    9.688  -10.000      404.7258     5000.9023
18 163  12.356  48647.809 263.441  -0.015    9.763  -10.000      404.7318     5000.9766
18 163  12.356  48647.824 263.903  -0.020    9.760  -10.000      404.7331     5000.9922
18 163  12.356  48647.898 266.067  -0.001    9.789  -10.000      404.7391     5001.0664
18 163  12.356  48647.914 266.517  -0.039    9.752  -10.000      404.7403     5001.0820
18 163  12.356  48648.078 271.296   0.017    9.830  -10.000      404.7536     5001.2461
18 163  12.356  48648.090 271.637  -0.045    9.770  -10.000      404.7545     5001.2578
18 163  12.356  48648.164 273.801   0.025    9.851  -10.000      404.7606     5001.3320
18 163  12.356  48648.180 274.263  -0.006    9.822  -10.000      404.7618     5001.3477
18 163  12.356  48648.254 276.416   0.068    9.907  -10.000      404.7678     5001.4219
18 163  12.356  48648.266 276.768   0.017    9.857  -10.000      404.7688     5001.4336
18 163  12.356  48648.344 279.042  -0.031    9.820  -10.000      404.7751     5001.5117
18 163  12.356  48648.355 279.382  -0.026    9.827  -10.000      404.7761     5001.5234
18 163  12.356  48648.609 286.776   0.059    9.945  -10.000      404.7966     5001.7773
18 163  12.356  48648.625 287.238  -0.015    9.873  -10.000      404.7979     5001.7930
18 163  12.356  48648.699 289.391   0.035    9.930  -10.000      404.8039     5001.8672
18 163  12.356  48648.711 289.731   0.005    9.902  -10.000      404.8048     5001.8789
18 163  12.356  48648.789 292.017  -0.026    9.880  -10.000      404.8112     5001.9570
18 163  12.356  48648.801 292.357   0.003    9.910  -10.000      404.8121     5001.9688
18 163  12.356  48648.965 297.136  -0.024    9.900  -10.000      404.8254     5002.1328
18 163  12.356  48648.977 297.477   0.019    9.943  -10.000      404.8263     5002.1445
18 163  12.356  48649.055 299.751  -0.040    9.893  -10.000      404.8326     5002.2227
18 163  12.356  48649.070 300.201  -0.030    9.904  -10.000      404.8339     5002.2383
18 163  12.356  48649.141 302.256   0.004    9.947  -10.000      404.8396     5002.3086
18 163  12.356  48649.156 302.706   0.048    9.993  -10.000      404.8409     5002.3242
18 163  12.356  48649.230 304.871   0.013    9.966  -10.000      404.8469     5002.3984
18 163  12.356  48649.246 305.332  -0.071    9.884  -10.000      404.8481     5002.4141
18 163  12.356  48649.500 312.726  -0.019    9.965  -10.000      404.8687     5002.6680
18 163  12.356  48649.512 313.066   0.029   10.014  -10.000      404.8696     5002.6797
18 163  12.356  48649.586 315.231  -0.060    9.933  -10.000      404.8756     5002.7539
18 163  12.356  48649.602 315.681  -0.048    9.947  -10.000      404.8769     5002.7695
18 163  12.356  48649.867 323.427   0.005   10.026  -10.000      404.8984     5003.0352
18 163  12.356  48649.941 325.591  -0.054    9.974  -10.000      404.9044     5003.1094
18 163  12.356  48649.957 326.041  -0.008   10.022  -10.000      404.9057     5003.1250
18 163  12.356  48650.031 328.206  -0.030   10.009  -10.000      404.9117     5003.1992
18 163  12.356  48650.047 328.656   0.008   10.049  -10.000      404.9129     5003.2148
18 163  12.356  48650.121 330.820   0.001   10.051  -10.000      404.9189     5003.2891
18 163  12.356  48650.133 331.161   0.032   10.083  -10.000      404.9199     5003.3008
18 163  12.356  48650.297 335.940   0.010   10.082  -10.000      404.9332     5003.4648
18 163  12.356  48650.312 336.401  -0.024   10.050  -10.000      404.9344     5003.4805
18 163  12.356  48650.387 338.566   0.030   10.113  -10.000      404.9405     5003.5547
18 163  12.356  48650.402 339.016   0.061   10.146  -10.000      404.9417     5003.5703
18 163  12.356  48650.477 341.180  -0.027   10.067  -10.000      404.9477     5003.6445
18 163  12.356  48650.492 341.631   0.051   10.147  -10.000      404.9490     5003.6602
18 163  12.356  48650.562 343.685   0.064   10.170  -10.000      404.9547     5003.7305
18 163  12.356  48650.578 344.136   0.022   10.129  -10.000      404.9559     5003.7461
18 163  12.356  48650.742 348.915   0.002   10.129  -10.000      404.9692     5003.9102
18 163  12.356  48650.758 349.376   0.014   10.143  -10.000      404.9705     5003.9258
18 163  12.356  48650.832 351.530   0.063   10.202  -10.000      404.9765     5004.0000
18 163  12.356  48650.844 351.881  -0.066   10.075  -10.000      404.9774     5004.0117
18 163  12.356  48650.922 354.155   0.006   10.157  -10.000      404.9838     5004.0898
18 163  12.356  48651.113 359.725  -0.047   10.130  -10.000      404.9992     5004.2812
18 163  12.356  48651.188   1.890  -0.029   10.159  -10.000      405.0052     5004.3555
18 163  12.356  48651.203   2.351   0.049   10.240  -10.000      405.0065     5004.3711
18 163  12.356  48651.273   4.395   0.045   10.245  -10.000      405.0122     5004.4414
18 163  12.356  48651.289   4.845   0.004   10.206  -10.000      405.0135     5004.4570
18 163  12.356  48651.363   7.009   0.025   10.238  -10.000      405.0195     5004.5312
18 163  12.356  48651.379   7.471   0.025   10.240  -10.000      405.0208     5004.5469
18 163  12.356  48651.453   9.635  -0.006   10.219  -10.000      405.0268     5004.6211
18 163  12.356  48651.469  10.085  -0.008   10.220  -10.000      405.0280     5004.6367
18 163  12.356  48651.633  14.865   0.015   10.263  -10.000      405.0413     5004.8008
18 163  12.356  48651.645  15.205   0.041   10.291  -10.000      405.0422     5004.8125
18 163  12.356  48651.719  17.369   0.029   10.288  -10.000      405.0482     5004.8867
18 163  12.356  48651.734  17.820   0.143   10.404  -10.000      405.0495     5004.9023
18 163  12.356  48651.809  19.984   0.014   10.284  -10.000      405.0555     5004.9766
18 163  12.356  48651.824  20.446  -0.024   10.248  -10.000      405.0568     5004.9922
18 163  12.356  48652.078  27.839   0.013   10.317  -10.000      405.0773     5005.2461
18 163  12.356  48652.090  28.180  -0.024   10.282  -10.000      405.0783     5005.2578
18 163  12.356  48652.164  30.344   0.086   10.401  -10.000      405.0843     5005.3320
18 163  12.356  48652.180  30.795   0.061   10.378  -10.000      405.0855     5005.3477
18 163  12.356  48652.254  32.959   0.034   10.361  -10.000      405.0916     5005.4219
18 163  12.356  48652.266  33.300   0.037   10.366  -10.000      405.0925     5005.4336
18 163  12.356  48652.344  35.574   0.044   10.383  -10.000      405.0988     5005.5117
18 163  12.356  48652.355  35.914   0.034   10.374  -10.000      405.0998     5005.5234
18 163  12.356  48652.699  45.934  -0.008   10.372  -10.000      405.1276     5005.8672
18 163  12.356  48652.711  46.274   0.030   10.412  -10.000      405.1285     5005.8789
18 163  12.356  48652.789  48.549   0.046   10.437  -10.000      405.1349     5005.9570
18 163  12.356  48652.801  48.889   0.013   10.406  -10.000      405.1358     5005.9688
18 163  12.356  48653.055  56.294   0.009   10.431  -10.000      405.1564     5006.2227
18 163  12.356  48653.230  61.414   0.054   10.492  -10.000      405.1706     5006.3984
18 163  12.356  48699.082 317.296   0.011   10.011  -10.000      408.8814     5052.2500
18 163  12.356  48699.094 317.637   0.037   10.038  -10.000      408.8823     5052.2617
18 163  12.356  48699.172 319.911   0.028   10.037  -10.000      408.8886     5052.3398
18 163  12.356  48699.184 320.262  -0.009   10.001  -10.000      408.8896     5052.3516
18 163  12.356  48750.094   3.527   0.015   10.211  -10.000      413.0098     5103.2617
18 163  12.356  48750.172   5.801   0.027   10.234  -10.000      413.0161     5103.3398
18 163  12.356  48750.184   6.141   0.019   10.228  -10.000      413.0171     5103.3516
18 163  12.356  48750.258   8.306   0.039   10.258  -10.000      413.0231     5103.4258
18 163  12.356  48750.273   8.756  -0.003   10.218  -10.000      413.0243     5103.4414
18 163  12.356  48788.812  51.592   0.009   10.413  -10.000      416.1433     5141.9805
18 163  12.356  48788.824  51.932   0.012   10.416  -10.000      416.1443     5141.9922
18 163  12.356  48788.898  54.097   0.020   10.433  -10.000      416.1503     5142.0664
18 163  12.356  48788.914  54.558   0.090   10.505  -10.000      416.1516     5142.0820
18 163  12.356  48789.078  59.337   0.025   10.457  -10.000      416.1648     5142.2461
18 163  12.356  48789.094  59.788   0.047   10.480  -10.000      416.1661     5142.2617
18 163  12.356  48789.168  61.952   0.040   10.479  -10.000      416.1721     5142.3359
18 163  12.356  48798.410 331.227   0.024   10.076  -10.000      416.9201     5151.5781
18 163  12.356  48798.426 331.677  -0.014   10.039  -10.000      416.9213     5151.5938
11  43  12.356  48340.492 309.781  -0.041    7.257  -10.000      379.8605     4693.6602
12  43  12.356  48340.492 309.781  -0.028    6.773  -10.000      379.8605     4693.6602
13  43  12.356  48340.492 309.781  -0.050    6.583  -10.000      379.8605     4693.6602
11  43  12.356  48341.562 340.972  -0.044    7.277  -10.000      379.9471     4694.7305
12  43  12.356  48341.562 340.972  -0.036    6.770  -10.000      379.9471     4694.7305
13  43  12.356  48341.562 340.972  -0.062    6.570  -10.000      379.9471     4694.7305
11  43  12.356  48342.512   8.624  -0.050    7.323  -10.000      380.0240     4695.6797
12  43  12.356  48342.512   8.624  -0.054    6.790  -10.000      380.0240     4695.6797
13  43  12.356  48342.512   8.624  -0.075    6.591  -10.000      380.0240     4695.6797
 1   2  12.356  41579.883 259.437   0.121   11.650  -10.000     -167.2793    -2066.9492
 2   2  12.356  41579.883 259.437   0.050   10.810  -10.000     -167.2793    -2066.9492
 3   2  12.356  41579.883 259.437  -0.073    9.560  -10.000     -167.2793    -2066.9492
 1   2  12.356  41581.887 317.818   0.104   12.300  -10.000     -167.1172    -2064.9453
 2   2  12.356  41581.887 317.818   0.011   11.200  -10.000     -167.1172    -2064.9453
 3   2  12.356  41581.887 317.818  -0.070    9.810  -10.000     -167.1172    -2064.9453
 1   2  12.356  41583.906  16.661  -0.085   12.660  -10.000     -166.9537    -2062.9258
 2   2  12.356  41583.906  16.661  -0.014   11.560  -10.000     -166.9537    -2062.9258
 3   2  12.356  41583.906  16.661  -0.018   10.120  -10.000     -166.9537    -2062.9258
 1   2  12.356  41647.797  78.113  -0.020   13.010  -10.000     -161.7830    -1999.0352
 2   2  12.356  41647.797  78.113   0.015   11.830  -10.000     -161.7830    -1999.0352
 3   2  12.356  41647.797  78.113  -0.016   10.330  -10.000     -161.7830    -1999.0352
 1   2  12.356  41648.789 107.018  -0.157   12.660  -10.000     -161.7027    -1998.0430
 2   2  12.356  41648.789 107.018  -0.051   11.640  -10.000     -161.7027    -1998.0430
 3   2  12.356  41648.789 107.018  -0.030   10.260  -10.000     -161.7027    -1998.0430
 1   2  12.356  41649.797 136.384  -0.143   12.220  -10.000     -161.6212    -1997.0352
 2   2  12.356  41649.797 136.384  -0.074   11.320  -10.000     -161.6212    -1997.0352
 3   2  12.356  41649.797 136.384  -0.102   10.010  -10.000     -161.6212    -1997.0352
 1   2  12.356  41650.816 166.086  -0.215   11.880  -10.000     -161.5387    -1996.0156
 2   2  12.356  41650.816 166.086  -0.162   11.050  -10.000     -161.5387    -1996.0156
 3   2  12.356  41650.816 166.086  -0.147    9.850  -10.000     -161.5387    -1996.0156
 1   2  12.356  41652.820 224.473   0.318   11.480  -10.000     -161.3765    -1994.0117
 2   2  12.356  41652.820 224.473   0.177   10.700  -10.000     -161.3765    -1994.0117
 3   2  12.356  41652.820 224.473   0.074    9.570  -10.000     -161.3765    -1994.0117
 1   2  12.356  41653.789 252.697   0.280   11.720  -10.000     -161.2981    -1993.0430
 2   2  12.356  41653.789 252.697   0.188   10.890  -10.000     -161.2981    -1993.0430
 3   2  12.356  41653.789 252.697   0.132    9.730  -10.000     -161.2981    -1993.0430
 1   2  12.356  41654.766 281.146   0.026   11.830  -10.000     -161.2190    -1992.0664
 2   2  12.356  41654.766 281.146   0.032   10.970  -10.000     -161.2190    -1992.0664
 3   2  12.356  41654.766 281.146   0.004    9.740  -10.000     -161.2190    -1992.0664
 1   2  12.356  41655.746 309.716   0.001   12.120  -10.000     -161.1397    -1991.0859
 2   2  12.356  41655.746 309.716   0.011   11.150  -10.000     -161.1397    -1991.0859
 3   2  12.356  41655.746 309.716   0.000    9.850  -10.000     -161.1397    -1991.0859
 1   2  12.356  41658.773  37.914   0.047   12.950  -10.000     -160.8947    -1988.0586
 2   2  12.356  41658.773  37.914   0.046   11.740  -10.000     -160.8947    -1988.0586
 3   2  12.356  41658.773  37.914   0.030   10.260  -10.000     -160.8947    -1988.0586
 1   2  12.356  41760.613 125.019  -0.078   12.470  -10.000     -152.6527    -1886.2188
 2   2  12.356  41760.613 125.019  -0.045   11.470  -10.000     -152.6527    -1886.2188
 3   2  12.356  41760.613 125.019  -0.006   10.180  -10.000     -152.6527    -1886.2188
