 2  79  14.379  45649.348  78.830   0.024   14.213  -10.000        3.2190       46.2852
 3  79  14.379  45649.348  78.830  -0.049   12.154  -10.000        3.2190       46.2852
 4  79  14.379  45649.348  78.830  -0.058   10.987  -10.000        3.2190       46.2852
 2  79  14.379  45665.332 119.027   0.146   14.074  -10.000        4.3306       62.2695
 3  79  14.379  45665.332 119.027   0.075   12.149  -10.000        4.3306       62.2695
 4  79  14.379  45665.332 119.027   0.048   11.020  -10.000        4.3306       62.2695
 2  79  14.379  45666.250 142.010   0.187   13.817  -10.000        4.3945       63.1875
 3  79  14.379  45666.250 142.010   0.103   12.004  -10.000        4.3945       63.1875
 4  79  14.379  45666.250 142.010   0.024   10.875  -10.000        4.3945       63.1875
 2  79  14.379  45668.258 192.279   0.205   13.064  -10.000        4.5341       65.1953
 3  79  14.379  45668.258 192.279   0.134   11.508  -10.000        4.5341       65.1953
 4  79  14.379  45668.258 192.279   0.104   10.530  -10.000        4.5341       65.1953
 2  79  14.379  45674.250 342.304   0.016   13.536  -10.000        4.9508       71.1875
 3  79  14.379  45674.250 342.304  -0.027   11.657  -10.000        4.9508       71.1875
 4  79  14.379  45674.250 342.304  -0.004   10.585  -10.000        4.9508       71.1875
 2  79  14.379  45676.246  32.279  -0.067   13.875  -10.000        5.0897       73.1836
 3  79  14.379  45676.246  32.279  -0.080   11.906  -10.000        5.0897       73.1836
 4  79  14.379  45676.246  32.279  -0.076   10.765  -10.000        5.0897       73.1836
 2  79  14.379  45677.203  56.240  -0.054   14.058  -10.000        5.1562       74.1406
 3  79  14.379  45677.203  56.240  -0.095   12.029  -10.000        5.1562       74.1406
 4  79  14.379  45677.203  56.240  -0.071   10.896  -10.000        5.1562       74.1406
 2  79  14.379  45679.211 106.509   0.075   14.151  -10.000        5.2959       76.1484
 3  79  14.379  45679.211 106.509   0.032   12.189  -10.000        5.2959       76.1484
 4  79  14.379  45679.211 106.509   0.028   11.055  -10.000        5.2959       76.1484
 2  79  14.379  45683.184 205.972  -0.013   12.410  -10.000        5.5721       80.1211
 3  79  14.379  45683.184 205.972  -0.022   11.039  -10.000        5.5721       80.1211
 4  79  14.379  45683.184 205.972   0.059   10.222  -10.000        5.5721       80.1211
 2  79  14.379  45688.180 331.058  -0.019   13.414  -10.000        5.9196       85.1172
 3  79  14.379  45688.180 331.058  -0.036   11.590  -10.000        5.9196       85.1172
 4  79  14.379  45688.180 331.058  -0.019   10.525  -10.000        5.9196       85.1172
 2  79  14.379  45689.223 357.170  -0.116   13.528  -10.000        5.9921       86.1602
 3  79  14.379  45689.223 357.170  -0.080   11.691  -10.000        5.9921       86.1602
 4  79  14.379  45689.223 357.170  -0.070   10.591  -10.000        5.9921       86.1602
 2  79  14.379  45690.152  20.447  -0.161   13.683  -10.000        6.0568       87.0898
 3  79  14.379  45690.152  20.447  -0.092   11.822  -10.000        6.0568       87.0898
 4  79  14.379  45690.152  20.447  -0.084   10.696  -10.000        6.0568       87.0898
 2  79  14.379  45691.176  46.070  -0.111   13.943  -10.000        6.1280       88.1133
 3  79  14.379  45691.176  46.070  -0.095   11.982  -10.000        6.1280       88.1133
 4  79  14.379  45691.176  46.070  -0.088   10.835  -10.000        6.1280       88.1133
 2  79  14.379  45694.156 120.691   0.075   13.979  -10.000        6.3353       91.0938
 3  79  14.379  45694.156 120.691   0.061   12.121  -10.000        6.3353       91.0938
 4  79  14.379  45694.156 120.691   0.025   10.987  -10.000        6.3353       91.0938
 1  79  14.379  45695.160 145.826   0.159   15.132  -10.000        6.4051       92.0977
 2  79  14.379  45695.160 145.826   0.152   13.753  -10.000        6.4051       92.0977
 3  79  14.379  45695.160 145.826   0.067   11.951  -10.000        6.4051       92.0977
 4  79  14.379  45695.160 145.826   0.019   10.859  -10.000        6.4051       92.0977
 1  79  14.379  45701.160 296.046  -0.106   14.383  -10.000        6.8224       98.0977
 2  79  14.379  45701.160 296.046  -0.040   13.105  -10.000        6.8224       98.0977
 3  79  14.379  45701.160 296.046  -0.044   11.406  -10.000        6.8224       98.0977
 4  79  14.379  45701.160 296.046  -0.019   10.395  -10.000        6.8224       98.0977
 2  79  14.379  45706.113  60.056  -0.122   14.012  -10.000        7.1668      103.0508
 3  79  14.379  45706.113  60.056  -0.094   12.050  -10.000        7.1668      103.0508
 4  79  14.379  45706.113  60.056  -0.071   10.914  -10.000        7.1668      103.0508
 1  79  14.379  45707.117  85.191  -0.026   15.879  -10.000        7.2366      104.0547
 2  79  14.379  45707.117  85.191  -0.085   14.106  -10.000        7.2366      104.0547
 3  79  14.379  45707.117  85.191  -0.041   12.171  -10.000        7.2366      104.0547
 4  79  14.379  45707.117  85.191  -0.052   11.007  -10.000        7.2366      104.0547
 2  79  14.379  47400.371 358.764  -0.067   13.591  -10.000      124.9966     1797.3086
 3  79  14.379  47400.371 358.764  -0.049   11.732  -10.000      124.9966     1797.3086
 4  79  14.379  47400.371 358.764  -0.026   10.643  -10.000      124.9966     1797.3086
 2  79  14.379  47401.348  23.214  -0.118   13.749  -10.000      125.0645     1798.2852
 3  79  14.379  47401.348  23.214  -0.084   11.846  -10.000      125.0645     1798.2852
 4  79  14.379  47401.348  23.214  -0.038   10.755  -10.000      125.0645     1798.2852
 2  79  14.379  47402.352  48.348  -0.124   13.943  -10.000      125.1343     1799.2891
 3  79  14.379  47402.352  48.348  -0.074   12.013  -10.000      125.1343     1799.2891
 4  79  14.379  47402.352  48.348  -0.048   10.885  -10.000      125.1343     1799.2891
 2  79  14.379  47403.375  73.971  -0.073   14.108  -10.000      125.2055     1800.3125
 3  79  14.379  47403.375  73.971  -0.050   12.140  -10.000      125.2055     1800.3125
 4  79  14.379  47403.375  73.971  -0.028   11.004  -10.000      125.2055     1800.3125
 2  79  14.379  47404.375  99.009  -0.028   14.109  -10.000      125.2750     1801.3125
 3  79  14.379  47404.375  99.009   0.000   12.188  -10.000      125.2750     1801.3125
 4  79  14.379  47404.375  99.009   0.004   11.051  -10.000      125.2750     1801.3125
 2  79  14.379  47408.332 198.078  -0.209   12.413  -10.000      125.5502     1805.2695
 3  79  14.379  47408.332 198.078  -0.170   11.036  -10.000      125.5502     1805.2695
 4  79  14.379  47408.332 198.078  -0.109   10.177  -10.000      125.5502     1805.2695
 2  79  14.379  47409.328 223.017   0.083   12.556  -10.000      125.6195     1806.2656
 3  79  14.379  47409.328 223.017   0.041   11.123  -10.000      125.6195     1806.2656
 4  79  14.379  47409.328 223.017   0.032   10.205  -10.000      125.6195     1806.2656
 2  79  14.379  47410.352 248.643   0.047   12.788  -10.000      125.6907     1807.2891
 3  79  14.379  47410.352 248.643   0.012   11.247  -10.000      125.6907     1807.2891
 4  79  14.379  47410.352 248.643   0.011   10.289  -10.000      125.6907     1807.2891
 2  79  14.379  47411.352 273.678  -0.033   12.931  -10.000      125.7602     1808.2891
 3  79  14.379  47411.352 273.678  -0.014   11.338  -10.000      125.7602     1808.2891
 4  79  14.379  47411.352 273.678  -0.016   10.334  -10.000      125.7602     1808.2891
 2  79  14.379  47413.312 322.773  -0.050   13.315  -10.000      125.8966     1810.2500
 3  79  14.379  47413.312 322.773  -0.048   11.536  -10.000      125.8966     1810.2500
 4  79  14.379  47413.312 322.773  -0.032   10.480  -10.000      125.8966     1810.2500
 2  79  14.379  47413.426 325.610  -0.052   13.337  -10.000      125.9045     1810.3633
 3  79  14.379  47413.426 325.610   0.010   11.609  -10.000      125.9045     1810.3633
 4  79  14.379  47413.426 325.610   0.002   10.525  -10.000      125.9045     1810.3633
 2  79  14.379  47414.312 347.811  -0.073   13.490  -10.000      125.9661     1811.2500
 3  79  14.379  47414.312 347.811  -0.052   11.662  -10.000      125.9661     1811.2500
 4  79  14.379  47414.312 347.811  -0.037   10.577  -10.000      125.9661     1811.2500
 3  79  14.379  47415.289  12.261  -0.095   11.767  -10.000      126.0341     1812.2266
 4  79  14.379  47415.289  12.261  -0.076   10.661  -10.000      126.0341     1812.2266
 2  79  14.379  47416.289  37.296  -0.132   13.856  -10.000      126.1036     1813.2266
 3  79  14.379  47416.289  37.296  -0.067   11.956  -10.000      126.1036     1813.2266
 4  79  14.379  47416.289  37.296  -0.047   10.828  -10.000      126.1036     1813.2266
 2  79  14.379  47417.277  62.040  -0.102   14.042  -10.000      126.1723     1814.2148
 3  79  14.379  47417.277  62.040  -0.092   12.061  -10.000      126.1723     1814.2148
 4  79  14.379  47417.277  62.040  -0.052   10.942  -10.000      126.1723     1814.2148
 2  79  14.379  47418.277  87.078  -0.088   14.100  -10.000      126.2419     1815.2148
 3  79  14.379  47418.277  87.078  -0.069   12.144  -10.000      126.2419     1815.2148
 4  79  14.379  47418.277  87.078  -0.056   11.004  -10.000      126.2419     1815.2148
 2  79  14.379  47419.254 111.528  -0.010   14.014  -10.000      126.3098     1816.1914
 3  79  14.379  47419.254 111.528   0.009   12.137  -10.000      126.3098     1816.1914
 4  79  14.379  47419.254 111.528   0.016   11.025  -10.000      126.3098     1816.1914
 2  79  14.379  47420.250 136.467   0.120   13.805  -10.000      126.3791     1817.1875
 3  79  14.379  47420.250 136.467   0.052   11.984  -10.000      126.3791     1817.1875
 4  79  14.379  47420.250 136.467   0.045   10.917  -10.000      126.3791     1817.1875
 2  79  14.379  47421.242 161.307   0.116   13.693  -10.000      126.4481     1818.1797
 3  79  14.379  47421.242 161.307   0.086   11.965  -10.000      126.4481     1818.1797
 4  79  14.379  47421.242 161.307   0.059   10.901  -10.000      126.4481     1818.1797
 2  79  14.379  47422.258 186.735   0.084   13.183  -10.000      126.5187     1819.1953
 3  79  14.379  47422.258 186.735   0.073   11.617  -10.000      126.5187     1819.1953
 4  79  14.379  47422.258 186.735   0.073   10.639  -10.000      126.5187     1819.1953
 2  79  14.379  47423.379 214.805   0.034   12.434  -10.000      126.5967     1820.3164
 3  79  14.379  47423.379 214.805   0.000   11.038  -10.000      126.5967     1820.3164
 4  79  14.379  47423.379 214.805   0.038   10.179  -10.000      126.5967     1820.3164
 2  79  14.379  47424.270 237.101  -0.004   12.613  -10.000      126.6586     1821.2070
 3  79  14.379  47424.270 237.101  -0.030   11.136  -10.000      126.6586     1821.2070
 4  79  14.379  47424.270 237.101  -0.028   10.203  -10.000      126.6586     1821.2070
 2  79  14.379  47425.289 262.628   0.033   12.901  -10.000      126.7295     1822.2266
 3  79  14.379  47425.289 262.628  -0.007   11.294  -10.000      126.7295     1822.2266
 4  79  14.379  47425.289 262.628   0.010   10.329  -10.000      126.7295     1822.2266
 2  79  14.379  47427.332 313.778   0.012   13.301  -10.000      126.8716     1824.2695
 3  79  14.379  47427.332 313.778   0.003   11.538  -10.000      126.8716     1824.2695
 4  79  14.379  47427.332 313.778   0.032   10.507  -10.000      126.8716     1824.2695
 2  79  14.379  47428.262 337.052  -0.095   13.385  -10.000      126.9363     1825.1992
 3  79  14.379  47428.262 337.052  -0.059   11.598  -10.000      126.9363     1825.1992
 4  79  14.379  47428.262 337.052  -0.029   10.539  -10.000      126.9363     1825.1992
 2  79  14.379  47428.414 340.867  -0.060   13.449  -10.000      126.9469     1825.3516
 3  79  14.379  47428.414 340.867  -0.023   11.653  -10.000      126.9469     1825.3516
 4  79  14.379  47428.414 340.867  -0.011   10.572  -10.000      126.9469     1825.3516
 2  79  14.379  47429.297   2.972  -0.063   13.631  -10.000      127.0083     1826.2344
 3  79  14.379  47429.297   2.972  -0.010   11.796  -10.000      127.0083     1826.2344
 4  79  14.379  47429.297   2.972   0.000   10.690  -10.000      127.0083     1826.2344
 2  79  14.379  47430.250  26.834  -0.104   13.792  -10.000      127.0745     1827.1875
 3  79  14.379  47430.250  26.834  -0.089   11.862  -10.000      127.0745     1827.1875
 4  79  14.379  47430.250  26.834  -0.043   10.768  -10.000      127.0745     1827.1875
 2  79  14.379  47430.445  31.723  -0.078   13.859  -10.000      127.0881     1827.3828
 3  79  14.379  47430.445  31.723  -0.025   11.957  -10.000      127.0881     1827.3828
 4  79  14.379  47430.445  31.723  -0.012   10.826  -10.000      127.0881     1827.3828
 2  79  14.379  47431.301  53.141  -0.023   14.070  -10.000      127.1476     1828.2383
 3  79  14.379  47431.301  53.141  -0.057   12.052  -10.000      127.1476     1828.2383
 4  79  14.379  47431.301  53.141  -0.028   10.924  -10.000      127.1476     1828.2383
 2  79  14.379  47432.285  77.789  -0.150   14.037  -10.000      127.2161     1829.2227
 3  79  14.379  47432.285  77.789  -0.064   12.136  -10.000      127.2161     1829.2227
 4  79  14.379  47432.285  77.789  -0.049   10.994  -10.000      127.2161     1829.2227
 2  79  14.379  47433.277 102.629  -0.033   14.078  -10.000      127.2851     1830.2148
 3  79  14.379  47433.277 102.629   0.003   12.178  -10.000      127.2851     1830.2148
 4  79  14.379  47433.277 102.629   0.000   11.039  -10.000      127.2851     1830.2148
 2  79  14.379  47434.270 127.469   0.137   13.938  -10.000      127.3541     1831.2070
 3  79  14.379  47434.270 127.469   0.076   12.074  -10.000      127.3541     1831.2070
 4  79  14.379  47434.270 127.469   0.063   10.980  -10.000      127.3541     1831.2070
 3  79  14.379  49936.434 133.517   0.164   12.115  -10.000      301.3709     4333.3711
 4  79  14.379  49936.434 133.517   0.091   10.976  -10.000      301.3709     4333.3711
 5  79  14.379  49936.434 133.517   0.094    9.984  -10.000      301.3709     4333.3711
 3  79  14.379  49942.441 283.942   0.069   11.467  -10.000      301.7887     4339.3789
 5  79  14.379  49942.441 283.942   0.028    9.457  -10.000      301.7887     4339.3789
 3  79  14.379  49943.422 308.485   0.072   11.582  -10.000      301.8569     4340.3594
 5  79  14.379  49943.422 308.485   0.033    9.507  -10.000      301.8569     4340.3594
 3  79  14.379  49944.438 333.918  -0.001   11.640  -10.000      301.9276     4341.3750
 5  79  14.379  49944.438 333.918  -0.027    9.516  -10.000      301.9276     4341.3750
 3  79  14.379  49946.438  23.983   0.037   11.971  -10.000      302.0666     4343.3750
 5  79  14.379  49946.438  23.983  -0.004    9.733  -10.000      302.0666     4343.3750
 3  79  14.379  49947.406  48.241  -0.013   12.074  -10.000      302.1340     4344.3438
 5  79  14.379  49947.406  48.241  -0.011    9.847  -10.000      302.1340     4344.3438
 3  79  14.379  49948.371  72.400  -0.011   12.175  -10.000      302.2011     4345.3086
 5  79  14.379  49948.371  72.400  -0.017    9.931  -10.000      302.2011     4345.3086
 3  79  14.379  49949.375  97.537   0.010   12.203  -10.000      302.2709     4346.3125
 5  79  14.379  49949.375  97.537  -0.028    9.957  -10.000      302.2709     4346.3125
 3  79  14.379  49953.434 199.149  -0.154   11.025  -10.000      302.5532     4350.3711
 5  79  14.379  49953.434 199.149  -0.130    9.278  -10.000      302.5532     4350.3711
 3  79  14.379  49954.398 223.308   0.139   11.223  -10.000      302.6203     4351.3359
 5  79  14.379  49954.398 223.308   0.067    9.391  -10.000      302.6203     4351.3359
 3  79  14.379  49955.367 247.555   0.060   11.289  -10.000      302.6877     4352.3047
 5  79  14.379  49955.367 247.555   0.000    9.382  -10.000      302.6877     4352.3047
 2 150  14.379  50310.410 136.681   0.147   13.830  -10.000      327.3797     4707.3477
 3 150  14.379  50310.410 136.681   0.041   11.972  -10.000      327.3797     4707.3477
 4 150  14.379  50310.410 136.681  -0.010   10.861  -10.000      327.3797     4707.3477
 2 150  14.379  50311.426 162.103   0.136   13.713  -10.000      327.4503     4708.3633
 3 150  14.379  50311.426 162.103   0.093   11.972  -10.000      327.4503     4708.3633
 4 150  14.379  50311.426 162.103   0.055   10.897  -10.000      327.4503     4708.3633
 2 150  14.379  50312.410 186.757  -0.259   12.839  -10.000      327.5188     4709.3477
 3 150  14.379  50312.410 186.757  -0.184   11.359  -10.000      327.5188     4709.3477
 4 150  14.379  50312.410 186.757  -0.179   10.387  -10.000      327.5188     4709.3477
 2 150  14.379  50314.383 236.140   0.079   12.686  -10.000      327.6559     4711.3203
 3 150  14.379  50314.383 236.140   0.064   11.224  -10.000      327.6559     4711.3203
 4 150  14.379  50314.383 236.140   0.019   10.247  -10.000      327.6559     4711.3203
 2 150  14.379  50315.328 259.805   0.074   12.918  -10.000      327.7217     4712.2656
 3 150  14.379  50315.328 259.805   0.024   11.313  -10.000      327.7217     4712.2656
 4 150  14.379  50315.328 259.805   0.006   10.317  -10.000      327.7217     4712.2656
 2 150  14.379  50316.340 285.139   0.046   13.107  -10.000      327.7921     4713.2773
 3 150  14.379  50316.340 285.139   0.009   11.412  -10.000      327.7921     4713.2773
 4 150  14.379  50316.340 285.139  -0.007   10.375  -10.000      327.7921     4713.2773
 2 150  14.379  50317.340 310.177  -0.025   13.235  -10.000      327.8616     4714.2773
 3 150  14.379  50317.340 310.177  -0.017   11.501  -10.000      327.8616     4714.2773
 4 150  14.379  50317.340 310.177  -0.018   10.444  -10.000      327.8616     4714.2773
 2 150  14.379  50318.348 335.413  -0.049   13.418  -10.000      327.9317     4715.2852
 3 150  14.379  50318.348 335.413  -0.037   11.611  -10.000      327.9317     4715.2852
 4 150  14.379  50318.348 335.413  -0.015   10.546  -10.000      327.9317     4715.2852
 2 150  14.379  50319.320 359.758  -0.003   13.664  -10.000      327.9993     4716.2578
 3 150  14.379  50319.320 359.758  -0.038   11.749  -10.000      327.9993     4716.2578
 4 150  14.379  50319.320 359.758  -0.038   10.636  -10.000      327.9993     4716.2578
 2 150  14.379  50320.340  25.291   0.003   13.887  -10.000      328.0703     4717.2773
 3 150  14.379  50320.340  25.291  -0.045   11.897  -10.000      328.0703     4717.2773
 4 150  14.379  50320.340  25.291  -0.072   10.731  -10.000      328.0703     4717.2773
 2 150  14.379  50321.332  50.131  -0.077   13.999  -10.000      328.1393     4718.2695
 3 150  14.379  50321.332  50.131  -0.061   12.034  -10.000      328.1393     4718.2695
 2 150  14.379  50322.336  75.256  -0.044   14.139  -10.000      328.2090     4719.2734
 3 150  14.379  50322.336  75.256  -0.035   12.159  -10.000      328.2090     4719.2734
 4 150  14.379  50322.336  75.256  -0.043   10.992  -10.000      328.2090     4719.2734
 2 150  14.379  50323.332 100.195   0.054   14.183  -10.000      328.2783     4720.2695
 3 150  14.379  50323.332 100.195   0.023   12.207  -10.000      328.2783     4720.2695
 4 150  14.379  50323.332 100.195  -0.003   11.041  -10.000      328.2783     4720.2695
 2 150  14.379  50324.316 124.849   0.102   13.943  -10.000      328.3468     4721.2539
 3 150  14.379  50324.316 124.849   0.012   12.034  -10.000      328.3468     4721.2539
 4 150  14.379  50324.316 124.849   0.001   10.935  -10.000      328.3468     4721.2539
 2 150  14.379  50325.305 149.590   0.118   13.700  -10.000      328.4155     4722.2422
 3 150  14.379  50325.305 149.590   0.024   11.899  -10.000      328.4155     4722.2422
 4 150  14.379  50325.305 149.590  -0.009   10.824  -10.000      328.4155     4722.2422
 2 150  14.379  50326.242 173.057   0.117   13.621  -10.000      328.4807     4723.1797
 3 150  14.379  50326.242 173.057   0.078   11.907  -10.000      328.4807     4723.1797
 4 150  14.379  50326.242 173.057   0.047   10.848  -10.000      328.4807     4723.1797
18 163  14.379  47867.445 172.782   0.149   12.037  -10.000      157.4799     2264.3828
18 163  14.379  47867.461 173.172   0.187   12.070  -10.000      157.4810     2264.3984
18 163  14.379  47916.398 318.411  -0.036   11.577  -10.000      160.8845     2313.3359
18 163  14.379  47916.414 318.801  -0.039   11.576  -10.000      160.8856     2313.3516
18 163  14.379  47944.754 308.337  -0.020   11.544  -10.000      162.8565     2341.6914
18 163  14.379  47944.828 310.199  -0.106   11.466  -10.000      162.8617     2341.7656
18 163  14.379  47969.090 197.633  -0.100   11.180  -10.000      164.5490     2366.0273
18 163  14.379  47969.180 199.880  -0.129   11.097  -10.000      164.5552     2366.1172
18 163  14.379  48011.398 176.902  -0.138   11.694  -10.000      167.4914     2408.3359
18 163  14.379  48031.828 328.392  -0.009   11.657  -10.000      168.9122     2428.7656
18 163  14.379  48031.914 330.546   0.038   11.715  -10.000      168.9182     2428.8516
18 163  14.379  48099.348 218.864   0.101   11.222  -10.000      173.6080     2496.2852
18 163  14.379  48099.363 219.254   0.079   11.203  -10.000      173.6090     2496.3008
18 163  14.379  48099.527 223.363   0.149   11.298  -10.000      173.6205     2496.4648
18 163  14.379  48160.387 307.084   0.028   11.586  -10.000      177.8530     2557.3242
18 163  14.379  48160.402 307.474   0.023   11.583  -10.000      177.8541     2557.3398
18 163  14.379  48160.477 309.331   0.027   11.595  -10.000      177.8593     2557.4141
18 163  14.379  48160.492 309.721  -0.004   11.565  -10.000      177.8603     2557.4297
18 163  14.379  48160.566 311.583   0.006   11.584  -10.000      177.8655     2557.5039
18 163  14.379  48174.164 292.022   0.070   11.557  -10.000      178.8112     2571.1016
18 163  14.379  48174.180 292.412   0.026   11.514  -10.000      178.8123     2571.1172
18 163  14.379  48213.246 190.508  -0.051   11.439  -10.000      181.5292     2610.1836
18 163  14.379  48213.262 190.898  -0.005   11.472  -10.000      181.5303     2610.1992
18 163  14.379  48213.336 192.761  -0.063   11.358  -10.000      181.5354     2610.2734
18 163  14.379  48213.352 193.151  -0.097   11.312  -10.000      181.5365     2610.2891
18 163  14.379  48226.934 173.199   0.326   12.210  -10.000      182.4811     2623.8711
18 163  14.379  48226.945 173.496   0.214   12.094  -10.000      182.4819     2623.8828
18 163  14.379  48227.023 175.452   0.197   12.052  -10.000      182.4874     2623.9609
18 163  14.379  48227.035 175.743   0.151   12.002  -10.000      182.4882     2623.9727
18 163  14.379  48227.109 177.599   0.048   11.869  -10.000      182.4933     2624.0469
18 163  14.379  48261.754 324.987   0.036   11.684  -10.000      184.9027     2658.6914
18 163  14.379  48261.766 325.283   0.057   11.707  -10.000      184.9036     2658.7031
18 163  14.379  48261.844 327.239   0.011   11.671  -10.000      184.9090     2658.7812
18 163  14.379  48261.855 327.530   0.032   11.693  -10.000      184.9098     2658.7930
18 163  14.379  48312.590 157.753   0.069   12.000  -10.000      188.4382     2709.5273
18 163  14.379  48312.664 159.615   0.139   12.072  -10.000      188.4434     2709.6016
18 163  14.379  48312.680 160.005   0.172   12.106  -10.000      188.4445     2709.6172
18 163  14.379  48312.754 161.862   0.133   12.067  -10.000      188.4496     2709.6914
18 163  14.379  48349.891  11.646  -0.083   11.825  -10.000      191.0323     2746.8281
18 163  14.379  48349.906  12.036   0.022   11.932  -10.000      191.0334     2746.8438
18 163  14.379  48349.980  13.892  -0.078   11.844  -10.000      191.0386     2746.9180
18 163  14.379  48349.996  14.288   0.040   11.965  -10.000      191.0397     2746.9336
18 163  14.379  48350.070  16.144  -0.086   11.851  -10.000      191.0448     2747.0078
18 163  14.379  48350.086  16.534  -0.040   11.899  -10.000      191.0459     2747.0234
18 163  14.379  48369.891 152.380   0.086   12.013  -10.000      192.4233     2766.8281
18 163  14.379  48369.906 152.770   0.008   11.935  -10.000      192.4244     2766.8438
18 163  14.379  48369.977 154.534   0.172   12.101  -10.000      192.4293     2766.9141
18 163  14.379  48369.992 154.924   0.127   12.055  -10.000      192.4303     2766.9297
18 163  14.379  48370.066 156.780   0.038   11.968  -10.000      192.4355     2767.0039
18 163  14.379  48370.082 157.170   0.121   12.052  -10.000      192.4366     2767.0195
18 163  14.379  48412.453 138.005   0.175   12.152  -10.000      195.3833     2809.3906
18 163  14.379  48412.469 138.395   0.140   12.115  -10.000      195.3844     2809.4062
18 163  14.379  48412.543 140.257   0.186   12.151  -10.000      195.3896     2809.4805
18 163  14.379  48412.555 140.548   0.121   12.084  -10.000      195.3904     2809.4922
18 163  14.379  48438.402  67.692   0.029   12.250  -10.000      197.1880     2835.3398
18 163  14.379  48438.418  68.082  -0.039   12.183  -10.000      197.1891     2835.3555
18 163  14.379  48467.637  79.623  -0.059   12.193  -10.000      199.2212     2864.5742
18 163  14.379  48467.652  80.013  -0.024   12.229  -10.000      199.2223     2864.5898
18 163  14.379  48467.727  81.876   0.022   12.278  -10.000      199.2274     2864.6641
18 163  14.379  48467.742  82.266  -0.182   12.075  -10.000      199.2285     2864.6797
18 163  14.379  48502.109 222.709   0.151   11.295  -10.000      201.6186     2899.0469
18 163  14.379  48502.125 223.099   0.134   11.281  -10.000      201.6197     2899.0625
18 163  14.379  48502.199 224.956   0.077   11.235  -10.000      201.6249     2899.1367
18 163  14.379  48519.262 292.148   0.088   11.576  -10.000      202.8115     2916.1992
18 163  14.379  48558.465 193.667  -0.161   11.233  -10.000      205.5380     2955.4023
18 163  14.379  48558.480 194.057  -0.134   11.248  -10.000      205.5390     2955.4180
18 163  14.379  48558.555 195.914  -0.204   11.123  -10.000      205.5442     2955.4922
18 163  14.379  48558.570 196.304  -0.213   11.104  -10.000      205.5453     2955.5078
18 163  14.379  48558.645 198.166  -0.178   11.090  -10.000      205.5505     2955.5820
18 163  14.379  48570.199 127.458   0.139   12.190  -10.000      206.3540     2967.1367
18 163  14.379  48607.520 341.834   0.032   11.765  -10.000      208.9495     3004.4570
18 163  14.379  48607.680 345.844  -0.078   11.676  -10.000      208.9607     3004.6172
18 163  14.379  48626.609  99.783   0.041   12.275  -10.000      210.2772     3023.5469
18 163  14.379  48626.625 100.173   0.030   12.263  -10.000      210.2783     3023.5625
18 163  14.379  48657.078 142.619   0.051   12.004  -10.000      212.3962     3054.0156
18 163  14.379  48657.094 143.015   0.171   12.122  -10.000      212.3973     3054.0312
18 163  14.379  48657.168 144.871   0.103   12.046  -10.000      212.4024     3054.1055
18 163  14.379  48657.184 145.261   0.143   12.085  -10.000      212.4035     3054.1211
18 163  14.379  48688.176 201.204  -0.178   11.019  -10.000      214.5589     3085.1133
18 163  14.379  48688.191 201.594  -0.147   11.043  -10.000      214.5600     3085.1289
18 163  14.379  48688.266 203.456  -0.083   11.074  -10.000      214.5652     3085.2031
18 163  14.379  48688.281 203.846  -0.090   11.061  -10.000      214.5662     3085.2188
18 163  14.379  48710.836  48.543  -0.141   11.995  -10.000      216.1348     3107.7734
18 163  14.379  48754.199  54.218   0.080   12.242  -10.000      219.1506     3151.1367
18 163  14.379  48754.215  54.608   0.070   12.234  -10.000      219.1517     3151.1523
18 163  14.379  48776.328 248.253   0.046   11.339  -10.000      220.6896     3173.2656
18 163  14.379  48776.344 248.643   0.014   11.309  -10.000      220.6907     3173.2812
18 163  14.379  48776.418 250.505   0.061   11.366  -10.000      220.6958     3173.3555
18 163  14.379  48776.434 250.895   0.057   11.365  -10.000      220.6969     3173.3711
18 163  14.379  48970.055  58.535   0.005   12.188  -10.000      234.1626     3366.9922
18 163  14.379  48970.145  60.787   0.099   12.294  -10.000      234.1689     3367.0820
18 163  14.379  48970.234  63.034   0.115   12.320  -10.000      234.1751     3367.1719
18 163  14.379  48970.250  63.424   0.064   12.271  -10.000      234.1762     3367.1875
 3   9  14.379  44087.840 223.750  -0.017   11.070  -10.000     -105.3785    -1515.2227
14   9  14.379  44087.840 223.750  -0.019   12.930  -10.000     -105.3785    -1515.2227
15   9  14.379  44087.840 223.750  -0.015   11.500  -10.000     -105.3785    -1515.2227
16   9  14.379  44087.840 223.750   0.007   10.260  -10.000     -105.3785    -1515.2227
17   9  14.379  44087.840 223.750   0.005    9.290  -10.000     -105.3785    -1515.2227
 3   9  14.379  44088.801 247.810   0.000   11.230  -10.000     -105.3116    -1514.2617
14   9  14.379  44088.801 247.810  -0.010   13.260  -10.000     -105.3116    -1514.2617
15   9  14.379  44088.801 247.810   0.007   11.690  -10.000     -105.3116    -1514.2617
16   9  14.379  44088.801 247.810   0.033   10.380  -10.000     -105.3116    -1514.2617
17   9  14.379  44088.801 247.810   0.020    9.360  -10.000     -105.3116    -1514.2617
 3   9  14.379  44047.910 304.041  -0.079   11.410  -10.000     -108.1554    -1555.1523
14   9  14.379  44047.910 304.041  -0.112   13.780  -10.000     -108.1554    -1555.1523
15   9  14.379  44047.910 304.041  -0.083   11.910  -10.000     -108.1554    -1555.1523
16   9  14.379  44047.910 304.041  -0.037   10.470  -10.000     -108.1554    -1555.1523
17   9  14.379  44047.910 304.041  -0.039    9.380  -10.000     -108.1554    -1555.1523
 3   9  14.379  43875.621 310.485  -0.069   11.450  -10.000     -120.1375    -1727.4414
14   9  14.379  43875.621 310.485  -0.147   13.810  -10.000     -120.1375    -1727.4414
15   9  14.379  43875.621 310.485  -0.098   11.930  -10.000     -120.1375    -1727.4414
16   9  14.379  43875.621 310.485  -0.047   10.480  -10.000     -120.1375    -1727.4414
17   9  14.379  43875.621 310.485  -0.132    9.300  -10.000     -120.1375    -1727.4414
 3   9  14.379  43990.969 318.414  -0.050   11.510  -10.000     -112.1155    -1612.0938
14   9  14.379  43990.969 318.414  -0.169   13.870  -10.000     -112.1155    -1612.0938
15   9  14.379  43990.969 318.414  -0.054   12.020  -10.000     -112.1155    -1612.0938
16   9  14.379  43990.969 318.414  -0.017   10.540  -10.000     -112.1155    -1612.0938
17   9  14.379  43990.969 318.414  -0.023    9.430  -10.000     -112.1155    -1612.0938
 3   9  14.379  43866.629  85.350  -0.092   12.120  -10.000     -120.7629    -1736.4336
14   9  14.379  43866.629  85.350  -0.017   15.020  -10.000     -120.7629    -1736.4336
15   9  14.379  43866.629  85.350  -0.065   12.710  -10.000     -120.7629    -1736.4336
16   9  14.379  43866.629  85.350  -0.055   11.060  -10.000     -120.7629    -1736.4336
17   9  14.379  43866.629  85.350  -0.074    9.860  -10.000     -120.7629    -1736.4336
 3   9  14.379  43867.629 110.385   0.005   12.140  -10.000     -120.6934    -1735.4336
14   9  14.379  43867.629 110.385   0.096   14.930  -10.000     -120.6934    -1735.4336
15   9  14.379  43867.629 110.385   0.040   12.720  -10.000     -120.6934    -1735.4336
16   9  14.379  43867.629 110.385   0.018   11.090  -10.000     -120.6934    -1735.4336
17   9  14.379  43867.629 110.385   0.001    9.920  -10.000     -120.6934    -1735.4336
 3   9  14.379  43868.660 136.206   0.126   12.060  -10.000     -120.6217    -1734.4023
14   9  14.379  43868.660 136.206   0.300   14.690  -10.000     -120.6217    -1734.4023
15   9  14.379  43868.660 136.206   0.155   12.600  -10.000     -120.6217    -1734.4023
16   9  14.379  43868.660 136.206   0.104   11.040  -10.000     -120.6217    -1734.4023
17   9  14.379  43868.660 136.206   0.043    9.880  -10.000     -120.6217    -1734.4023
 3   9  14.379  43869.648 160.947   0.041   11.920  -10.000     -120.5529    -1733.4141
14   9  14.379  43869.648 160.947   0.138   14.380  -10.000     -120.5529    -1733.4141
15   9  14.379  43869.648 160.947   0.073   12.450  -10.000     -120.5529    -1733.4141
16   9  14.379  43869.648 160.947   0.023   10.930  -10.000     -120.5529    -1733.4141
17   9  14.379  43869.648 160.947  -0.009    9.820  -10.000     -120.5529    -1733.4141
