 2  79  12.645  45194.312 103.594  -0.104   16.309  -10.000      -14.7122     -186.0430
 3  79  12.645  45194.312 103.594   0.006   14.029  -10.000      -14.7122     -186.0430
 2  79  12.645  45195.301 131.729   0.050   16.187  -10.000      -14.6341     -185.0547
 3  79  12.645  45195.301 131.729   0.086   13.946  -10.000      -14.6341     -185.0547
 2  79  12.645  45198.340 218.247  -0.094   15.136  -10.000      -14.3938     -182.0156
 3  79  12.645  45198.340 218.247  -0.157   13.072  -10.000      -14.3938     -182.0156
 2  79  12.645  45199.289 245.270   0.111   15.463  -10.000      -14.3187     -181.0664
 3  79  12.645  45199.289 245.270   0.009   13.302  -10.000      -14.3187     -181.0664
 2  79  12.645  45201.301 302.541  -0.009   15.784  -10.000      -14.1596     -179.0547
 3  79  12.645  45201.301 302.541  -0.006   13.535  -10.000      -14.1596     -179.0547
 2  79  12.645  45204.230  25.946  -0.116   16.205  -10.000      -13.9279     -176.1250
 3  79  12.645  45204.230  25.946  -0.009   13.884  -10.000      -13.9279     -176.1250
 2  79  12.645  45205.242  54.748  -0.105   16.355  -10.000      -13.8479     -175.1133
 3  79  12.645  45205.242  54.748  -0.008   14.001  -10.000      -13.8479     -175.1133
 2  79  12.645  45207.246 111.797  -0.053   16.294  -10.000      -13.6895     -173.1094
 3  79  12.645  45207.246 111.797   0.058   14.043  -10.000      -13.6895     -173.1094
 2  79  12.645  45208.270 140.933   0.099   16.147  -10.000      -13.6085     -172.0859
 3  79  12.645  45208.270 140.933   0.096   13.903  -10.000      -13.6085     -172.0859
 2  79  12.645  45209.223 168.067   0.089   16.007  -10.000      -13.5331     -171.1328
 3  79  12.645  45209.223 168.067   0.042   13.767  -10.000      -13.5331     -171.1328
 2  79  12.645  45210.230 196.758   0.121   15.673  -10.000      -13.4535     -170.1250
 3  79  12.645  45210.230 196.758   0.059   13.524  -10.000      -13.4535     -170.1250
 2  79  12.645  45211.219 224.893  -0.089   15.136  -10.000      -13.3753     -169.1367
 3  79  12.645  45211.219 224.893  -0.139   13.082  -10.000      -13.3753     -169.1367
 2  79  12.645  45212.246 254.140   0.108   15.532  -10.000      -13.2941     -168.1094
 3  79  12.645  45212.246 254.140   0.004   13.337  -10.000      -13.2941     -168.1094
 2  79  12.645  45213.230 282.164  -0.012   15.635  -10.000      -13.2162     -167.1250
 3  79  12.645  45213.230 282.164  -0.040   13.420  -10.000      -13.2162     -167.1250
 2  79  12.645  45214.234 310.744  -0.040   15.809  -10.000      -13.1368     -166.1211
 3  79  12.645  45214.234 310.744   0.007   13.582  -10.000      -13.1368     -166.1211
 3  79  12.645  45646.168   7.344   0.060   13.874  -10.000       21.0204      265.8125
 4  79  12.645  45646.168   7.344   0.090   12.394  -10.000       21.0204      265.8125
 3  79  12.645  45649.168  92.749   0.029   14.085  -10.000       21.2576      268.8125
 4  79  12.645  45649.168  92.749   0.042   12.580  -10.000       21.2576      268.8125
 3  79  12.645  45665.121 186.915   0.016   13.622  -10.000       22.5192      284.7656
 4  79  12.645  45665.121 186.915  -0.001   12.202  -10.000       22.5192      284.7656
 3  79  12.645  45668.105 271.876   0.019   13.430  -10.000       22.7552      287.7500
 4  79  12.645  45668.105 271.876  -0.008   11.997  -10.000       22.7552      287.7500
 3  79  12.645  45675.102 111.046   0.016   14.004  -10.000       23.3085      294.7461
 4  79  12.645  45675.102 111.046   0.037   12.530  -10.000       23.3085      294.7461
 2  79  12.645  45866.422 157.692   0.169   16.122  -10.000       38.4380      486.0664
 3  79  12.645  45866.422 157.692   0.045   13.793  -10.000       38.4380      486.0664
 4  79  12.645  45866.422 157.692   0.027   12.346  -10.000       38.4380      486.0664
 2  79  12.645  45868.363 212.960  -0.046   15.219  -10.000       38.5916      488.0078
 3  79  12.645  45868.363 212.960  -0.178   13.079  -10.000       38.5916      488.0078
 4  79  12.645  45868.363 212.960  -0.146   11.764  -10.000       38.5916      488.0078
 2  79  12.645  45869.379 241.875   0.124   15.450  -10.000       38.6719      489.0234
 3  79  12.645  45869.379 241.875  -0.004   13.274  -10.000       38.6719      489.0234
 4  79  12.645  45869.379 241.875  -0.013   11.902  -10.000       38.6719      489.0234
 2  79  12.645  45870.371 270.121   0.033   15.581  -10.000       38.7503      490.0156
 3  79  12.645  45870.371 270.121  -0.014   13.389  -10.000       38.7503      490.0156
 4  79  12.645  45870.371 270.121  -0.022   11.977  -10.000       38.7503      490.0156
 2  79  12.645  45871.383 298.923  -0.019   15.749  -10.000       38.8303      491.0273
 3  79  12.645  45871.383 298.923  -0.015   13.512  -10.000       38.8303      491.0273
 4  79  12.645  45871.383 298.923  -0.023   12.061  -10.000       38.8303      491.0273
 2  79  12.645  45872.375 327.170  -0.014   15.936  -10.000       38.9088      492.0195
 3  79  12.645  45872.375 327.170  -0.028   13.607  -10.000       38.9088      492.0195
 4  79  12.645  45872.375 327.170  -0.013   12.148  -10.000       38.9088      492.0195
 2  79  12.645  45873.375 355.638  -0.006   16.128  -10.000       38.9879      493.0195
 3  79  12.645  45873.375 355.638  -0.010   13.748  -10.000       38.9879      493.0195
 4  79  12.645  45873.375 355.638  -0.007   12.250  -10.000       38.9879      493.0195
 2  79  12.645  45874.375  24.107  -0.088   16.222  -10.000       39.0670      494.0195
 3  79  12.645  45874.375  24.107   0.030   13.915  -10.000       39.0670      494.0195
 2  79  12.645  45875.363  52.241  -0.159   16.291  -10.000       39.1451      495.0078
 3  79  12.645  45875.363  52.241   0.008   14.007  -10.000       39.1451      495.0078
 4  79  12.645  45875.363  52.241   0.020   12.488  -10.000       39.1451      495.0078
 2  79  12.645  45876.375  81.045  -0.110   16.393  -10.000       39.2251      496.0195
 3  79  12.645  45876.375  81.045   0.034   14.097  -10.000       39.2251      496.0195
 4  79  12.645  45876.375  81.045   0.040   12.576  -10.000       39.2251      496.0195
 2  79  12.645  45877.355 108.957  -0.031   16.340  -10.000       39.3027      497.0000
 3  79  12.645  45877.355 108.957   0.014   14.013  -10.000       39.3027      497.0000
 4  79  12.645  45877.355 108.957   0.032   12.532  -10.000       39.3027      497.0000
 2  79  12.645  45878.355 137.425   0.083   16.161  -10.000       39.3817      498.0000
 3  79  12.645  45878.355 137.425   0.050   13.875  -10.000       39.3817      498.0000
 4  79  12.645  45878.355 137.425   0.033   12.409  -10.000       39.3817      498.0000
 2  79  12.645  45879.348 165.672   0.077   16.003  -10.000       39.4602      498.9922
 3  79  12.645  45879.348 165.672   0.032   13.762  -10.000       39.4602      498.9922
 4  79  12.645  45879.348 165.672   0.007   12.313  -10.000       39.4602      498.9922
 2  79  12.645  45880.352 194.252   0.168   15.776  -10.000       39.5396      499.9961
 3  79  12.645  45880.352 194.252   0.027   13.532  -10.000       39.5396      499.9961
 4  79  12.645  45880.352 194.252   0.013   12.132  -10.000       39.5396      499.9961
 2  79  12.645  45881.344 222.498  -0.090   15.132  -10.000       39.6180      500.9883
 3  79  12.645  45881.344 222.498  -0.138   13.083  -10.000       39.6180      500.9883
 4  79  12.645  45881.344 222.498  -0.133   11.744  -10.000       39.6180      500.9883
 2  79  12.645  45882.340 250.856   0.118   15.516  -10.000       39.6968      501.9844
 3  79  12.645  45882.340 250.856   0.032   13.350  -10.000       39.6968      501.9844
 4  79  12.645  45882.340 250.856   0.007   11.949  -10.000       39.6968      501.9844
 2  79  12.645  45883.355 279.770  -0.008   15.619  -10.000       39.7771      503.0000
 3  79  12.645  45883.355 279.770   0.015   13.464  -10.000       39.7771      503.0000
 4  79  12.645  45883.355 279.770  -0.012   12.019  -10.000       39.7771      503.0000
 2  79  12.645  45886.359   5.287  -0.086   16.114  -10.000       40.0147      506.0039
 3  79  12.645  45886.359   5.287  -0.015   13.789  -10.000       40.0147      506.0039
 4  79  12.645  45886.359   5.287  -0.008   12.288  -10.000       40.0147      506.0039
 2  79  12.645  45887.367  33.978  -0.083   16.283  -10.000       40.0944      507.0117
 3  79  12.645  45887.367  33.978  -0.006   13.923  -10.000       40.0944      507.0117
 4  79  12.645  45887.367  33.978   0.020   12.423  -10.000       40.0944      507.0117
