 0  42  12.883  46870.879 254.045  -0.206  -55.360    0.670      106.7057     1374.6523
 0  42  12.883  46871.891 282.316  -0.609  -53.610    0.650      106.7842     1375.6641
 0  42  12.883  46872.875 309.825  -0.842  -47.040    0.640      106.8606     1376.6484
 0  42  12.883  46873.863 337.442  -0.065  -39.470    0.630      106.9373     1377.6367
 0  42  12.883  46874.875   5.713  -0.336  -30.860    0.600      107.0159     1378.6484
 0  42  12.883  46875.871  33.549   0.500  -22.620    0.610      107.0932     1379.6445
 0  42  12.883  46876.809  59.746  -0.343  -15.930    0.680      107.1660     1380.5820
 0  42  12.883  46925.691 345.756   0.873  -35.940    0.690      110.9604     1429.4648
 0  42  12.883  46926.688  13.590   0.715  -28.490    0.680      111.0378     1430.4609
 0  42  12.883  46927.664  40.880   0.916  -20.780    0.670      111.1136     1431.4375
 0  55  12.883  45391.824 322.523   1.343  -43.490    1.240       -8.1041     -104.4023
 0  55  12.883  45398.801 157.480  -5.938  -34.950    1.820       -7.5626      -97.4258
 0  55  12.883  45761.828 222.117   1.185  -43.200    1.500       20.6170      265.6016
 0  55  12.883  45768.797  56.856  -1.380  -16.500    1.730       21.1579      272.5703
11  43  12.883  48336.852 179.995  -0.061    8.340  -10.000      220.5000     2840.6250
12  43  12.883  48336.852 179.995  -0.039    7.729  -10.000      220.5000     2840.6250
13  43  12.883  48336.852 179.995  -0.062    7.469  -10.000      220.5000     2840.6250
11  43  12.883  48337.773 205.757  -0.019    8.204  -10.000      220.5715     2841.5469
12  43  12.883  48337.773 205.757   0.007    7.633  -10.000      220.5715     2841.5469
13  43  12.883  48337.773 205.757  -0.031    7.370  -10.000      220.5715     2841.5469
11  43  12.883  48340.789 290.028   0.006    8.160  -10.000      220.8056     2844.5625
12  43  12.883  48340.789 290.028   0.010    7.520  -10.000      220.8056     2844.5625
13  43  12.883  48340.789 290.028  -0.012    7.258  -10.000      220.8056     2844.5625
11  43  12.883  48341.836 319.279   0.021    8.177  -10.000      220.8869     2845.6094
12  43  12.883  48341.836 319.279   0.027    7.520  -10.000      220.8869     2845.6094
13  43  12.883  48341.836 319.279   0.000    7.246  -10.000      220.8869     2845.6094
11  43  12.883  48342.812 346.569   0.049    8.235  -10.000      220.9627     2846.5859
12  43  12.883  48342.812 346.569   0.044    7.552  -10.000      220.9627     2846.5859
13  43  12.883  48342.812 346.569   0.028    7.285  -10.000      220.9627     2846.5859
 1   2  12.883  41761.762  42.056  -0.015   16.160  -10.000     -289.8832    -3734.4648
 2   2  12.883  41761.762  42.056  -0.025   14.310  -10.000     -289.8832    -3734.4648
 3   2  12.883  41761.762  42.056   0.037   12.330  -10.000     -289.8832    -3734.4648
 1   2  12.883  41764.828 127.738  -0.306   15.450  -10.000     -289.6452    -3731.3984
 2   2  12.883  41764.828 127.738  -0.014   14.100  -10.000     -289.6452    -3731.3984
 3   2  12.883  41764.828 127.738   0.028   12.250  -10.000     -289.6452    -3731.3984
 1   2  12.883  41765.809 155.138  -0.066   15.380  -10.000     -289.5691    -3730.4180
 2   2  12.883  41765.809 155.138  -0.031   13.880  -10.000     -289.5691    -3730.4180
 3   2  12.883  41765.809 155.138  -0.001   12.100  -10.000     -289.5691    -3730.4180
 1   2  12.883  41767.844 212.014   0.092   14.540  -10.000     -289.4111    -3728.3828
 2   2  12.883  41767.844 212.014   0.113   13.300  -10.000     -289.4111    -3728.3828
 3   2  12.883  41767.844 212.014   0.152   11.740  -10.000     -289.4111    -3728.3828
 1   2  12.883  41768.828 239.524  -0.126   14.470  -10.000     -289.3347    -3727.3984
 2   2  12.883  41768.828 239.524  -0.044   13.230  -10.000     -289.3347    -3727.3984
 3   2  12.883  41768.828 239.524   0.022   11.650  -10.000     -289.3347    -3727.3984
 1   2  12.883  41769.812 267.023  -0.142   14.780  -10.000     -289.2583    -3726.4141
 2   2  12.883  41769.812 267.023  -0.068   13.410  -10.000     -289.2583    -3726.4141
 3   2  12.883  41769.812 267.023  -0.008   11.730  -10.000     -289.2583    -3726.4141
 1   2  12.883  41770.844 295.840  -0.284   14.970  -10.000     -289.1782    -3725.3828
 2   2  12.883  41770.844 295.840  -0.108   13.580  -10.000     -289.1782    -3725.3828
 3   2  12.883  41770.844 295.840  -0.015   11.840  -10.000     -289.1782    -3725.3828
 1   2  12.883  41771.809 322.811  -0.012   15.510  -10.000     -289.1033    -3724.4180
 2   2  12.883  41771.809 322.811  -0.032   13.830  -10.000     -289.1033    -3724.4180
 3   2  12.883  41771.809 322.811   0.043   12.000  -10.000     -289.1033    -3724.4180
 1   2  12.883  41772.824 351.189  -0.119   15.660  -10.000     -289.0245    -3723.4023
 2   2  12.883  41772.824 351.189  -0.040   14.000  -10.000     -289.0245    -3723.4023
 3   2  12.883  41772.824 351.189   0.017   12.090  -10.000     -289.0245    -3723.4023
 1   2  12.883  41773.812  18.809   0.234   16.250  -10.000     -288.9478    -3722.4141
 2   2  12.883  41773.812  18.809  -0.062   14.150  -10.000     -288.9478    -3722.4141
 3   2  12.883  41773.812  18.809  -0.016   12.180  -10.000     -288.9478    -3722.4141
 1   2  12.883  42216.547 150.820  -0.120   15.350  -10.000     -254.5811    -3279.6797
 2   2  12.883  42216.547 150.820  -0.066   13.860  -10.000     -254.5811    -3279.6797
 3   2  12.883  42216.547 150.820  -0.070   12.040  -10.000     -254.5811    -3279.6797
 1   2  12.883  42218.559 207.037   0.158   14.680  -10.000     -254.4249    -3277.6680
 2   2  12.883  42218.559 207.037   0.107   13.350  -10.000     -254.4249    -3277.6680
 3   2  12.883  42218.559 207.037   0.041   11.670  -10.000     -254.4249    -3277.6680
 1   2  12.883  42219.547 234.651   0.012   14.550  -10.000     -254.3482    -3276.6797
 2   2  12.883  42219.547 234.651  -0.018   13.220  -10.000     -254.3482    -3276.6797
 3   2  12.883  42219.547 234.651   0.012   11.620  -10.000     -254.3482    -3276.6797
 3 123  12.883  41401.629  58.304   0.115   12.470  -10.000     -317.8380    -4094.5977
 1 123  12.883  41408.820 259.266   0.097   14.930  -10.000     -317.2798    -4087.4062
 2 123  12.883  41408.820 259.266  -0.032   13.390  -10.000     -317.2798    -4087.4062
 3 123  12.883  41408.820 259.266  -0.018   11.690  -10.000     -317.2798    -4087.4062
 1 123  12.883  41409.785 286.227   0.141   15.290  -10.000     -317.2049    -4086.4414
 2 123  12.883  41409.785 286.227  -0.083   13.540  -10.000     -317.2049    -4086.4414
 3 123  12.883  41409.785 286.227  -0.049   11.770  -10.000     -317.2049    -4086.4414
 3 123  12.883  41410.750 313.187  -0.171   11.750  -10.000     -317.1300    -4085.4766
 1 123  12.883  41415.793  94.109   0.156   16.370  -10.000     -316.7386    -4080.4336
 2 123  12.883  41415.793  94.109  -0.008   14.400  -10.000     -316.7386    -4080.4336
 3 123  12.883  41415.793  94.109   0.009   12.400  -10.000     -316.7386    -4080.4336
 1 123  12.883  41416.762 121.179   0.058   15.930  -10.000     -316.6634    -4079.4648
 2 123  12.883  41416.762 121.179   0.050   14.240  -10.000     -316.6634    -4079.4648
 3 123  12.883  41416.762 121.179   0.013   12.280  -10.000     -316.6634    -4079.4648
 2 123  12.883  41417.719 147.920   0.131   14.070  -10.000     -316.5891    -4078.5078
 3 123  12.883  41417.719 147.920  -0.018   12.100  -10.000     -316.5891    -4078.5078
 3 123  12.883  41773.820  19.028   0.133   12.330  -10.000     -288.9471    -3722.4062
 2 123  12.883  41779.789 185.823   0.071   13.780  -10.000     -288.4838    -3716.4375
 3 123  12.883  41779.789 185.823  -0.002   11.960  -10.000     -288.4838    -3716.4375
 1 123  12.883  41783.855 299.454   0.138   15.430  -10.000     -288.1682    -3712.3711
 2 123  12.883  41783.855 299.454  -0.092   13.620  -10.000     -288.1682    -3712.3711
 3 123  12.883  41783.855 299.454   0.022   11.890  -10.000     -288.1682    -3712.3711
 1 123  12.883  41784.855 327.393   0.115   15.680  -10.000     -288.0906    -3711.3711
 2 123  12.883  41784.855 327.393  -0.151   13.740  -10.000     -288.0906    -3711.3711
 3 123  12.883  41784.855 327.393  -0.075   11.900  -10.000     -288.0906    -3711.3711
 1 123  12.883  41785.824 354.463   0.141   15.950  -10.000     -288.0154    -3710.4023
 2 123  12.883  41785.824 354.463   0.010   14.070  -10.000     -288.0154    -3710.4023
 3 123  12.883  41785.824 354.463   0.072   12.160  -10.000     -288.0154    -3710.4023
