 1  79  14.792  45644.410  72.854   0.091   12.765  -10.000       10.2024      150.9102
 2  79  14.792  45644.410  72.854   0.021   11.316  -10.000       10.2024      150.9102
 3  79  14.792  45644.410  72.854   0.005    9.753  -10.000       10.2024      150.9102
 4  79  14.792  45644.410  72.854   0.003    8.944  -10.000       10.2024      150.9102
 1  79  14.792  45649.371 193.594  -0.052   10.562  -10.000       10.5378      155.8711
 2  79  14.792  45649.371 193.594  -0.007    9.915  -10.000       10.5378      155.8711
 3  79  14.792  45649.371 193.594   0.095    8.995  -10.000       10.5378      155.8711
 4  79  14.792  45649.371 193.594   0.083    8.395  -10.000       10.5378      155.8711
 2  79  14.792  45660.309  99.791   0.040   11.298  -10.000       11.2772      166.8086
 3  79  14.792  45660.309  99.791   0.008    9.762  -10.000       11.2772      166.8086
 4  79  14.792  45660.309  99.791  -0.007    8.957  -10.000       11.2772      166.8086
 1  79  14.792  45665.359 222.717   0.099   10.381  -10.000       11.6187      171.8594
 2  79  14.792  45665.359 222.717   0.047    9.709  -10.000       11.6187      171.8594
 3  79  14.792  45665.359 222.717   0.041    8.736  -10.000       11.6187      171.8594
 4  79  14.792  45665.359 222.717   0.027    8.156  -10.000       11.6187      171.8594
 1  79  14.792  45666.273 244.963  -0.052   10.588  -10.000       11.6805      172.7734
 2  79  14.792  45666.273 244.963  -0.028    9.861  -10.000       11.6805      172.7734
 3  79  14.792  45666.273 244.963  -0.011    8.811  -10.000       11.6805      172.7734
 4  79  14.792  45666.273 244.963  -0.013    8.201  -10.000       11.6805      172.7734
 1  79  14.792  45668.289 294.020  -0.080   11.232  -10.000       11.8167      174.7891
 2  79  14.792  45668.289 294.020  -0.015   10.291  -10.000       11.8167      174.7891
 3  79  14.792  45668.289 294.020  -0.013    9.033  -10.000       11.8167      174.7891
 4  79  14.792  45668.289 294.020  -0.016    8.341  -10.000       11.8167      174.7891
 1  79  14.792  45688.207  58.783  -0.020   12.606  -10.000       13.1633      194.7070
 2  79  14.792  45688.207  58.783  -0.002   11.247  -10.000       13.1633      194.7070
 3  79  14.792  45688.207  58.783  -0.018    9.686  -10.000       13.1633      194.7070
 4  79  14.792  45688.207  58.783  -0.014    8.883  -10.000       13.1633      194.7070
 1  79  14.792  45691.199 131.607   0.067   12.062  -10.000       13.3656      197.6992
 2  79  14.792  45691.199 131.607   0.075   10.960  -10.000       13.3656      197.6992
 3  79  14.792  45691.199 131.607   0.019    9.564  -10.000       13.3656      197.6992
 4  79  14.792  45691.199 131.607  -0.010    8.813  -10.000       13.3656      197.6992
 1  79  14.792  45695.203 229.055   0.069   10.449  -10.000       13.6363      201.7031
 2  79  14.792  45695.203 229.055   0.021    9.745  -10.000       13.6363      201.7031
 3  79  14.792  45695.203 229.055   0.013    8.744  -10.000       13.6363      201.7031
 4  79  14.792  45695.203 229.055   0.009    8.163  -10.000       13.6363      201.7031
 1  79  14.792  45701.191  14.798   0.006   12.234  -10.000       14.0411      207.6914
 2  79  14.792  45701.191  14.798  -0.014   10.926  -10.000       14.0411      207.6914
 3  79  14.792  45701.191  14.798  -0.035    9.427  -10.000       14.0411      207.6914
 4  79  14.792  45701.191  14.798  -0.031    8.652  -10.000       14.0411      207.6914
 1  79  14.792  45706.145 135.347   0.020   11.937  -10.000       14.3760      212.6445
 2  79  14.792  45706.145 135.347   0.047   10.882  -10.000       14.3760      212.6445
 3  79  14.792  45706.145 135.347   0.005    9.520  -10.000       14.3760      212.6445
 4  79  14.792  45706.145 135.347  -0.018    8.785  -10.000       14.3760      212.6445
 1  79  14.792  45707.141 159.590  -0.091   11.613  -10.000       14.4433      213.6406
 2  79  14.792  45707.141 159.590   0.000   10.705  -10.000       14.4433      213.6406
 3  79  14.792  45707.141 159.590  -0.025    9.424  -10.000       14.4433      213.6406
 4  79  14.792  45707.141 159.590  -0.040    8.723  -10.000       14.4433      213.6406
 1  79  14.792  47401.422 355.040  -0.062   11.949  -10.000      128.9862     1907.9219
 2  79  14.792  47401.422 355.040  -0.013   10.769  -10.000      128.9862     1907.9219
 3  79  14.792  47401.422 355.040  -0.025    9.326  -10.000      128.9862     1907.9219
 4  79  14.792  47401.422 355.040  -0.019    8.572  -10.000      128.9862     1907.9219
 2  79  14.792  47402.395  18.710  -0.007   10.965  -10.000      129.0520     1908.8945
 3  79  14.792  47402.395  18.710  -0.023    9.462  -10.000      129.0520     1908.8945
 4  79  14.792  47402.395  18.710  -0.012    8.691  -10.000      129.0520     1908.8945
 2  79  14.792  47403.434  44.000  -0.025   11.140  -10.000      129.1222     1909.9336
 3  79  14.792  47403.434  44.000  -0.037    9.598  -10.000      129.1222     1909.9336
 4  79  14.792  47403.434  44.000  -0.019    8.815  -10.000      129.1222     1909.9336
 2  79  14.792  47404.438  68.434  -0.030   11.256  -10.000      129.1901     1910.9375
 3  79  14.792  47404.438  68.434  -0.029    9.709  -10.000      129.1901     1910.9375
 4  79  14.792  47404.438  68.434  -0.016    8.915  -10.000      129.1901     1910.9375
 2  79  14.792  47407.414 140.878   0.050   10.821  -10.000      129.3913     1913.9141
 3  79  14.792  47407.414 140.878   0.003    9.482  -10.000      129.3913     1913.9141
 4  79  14.792  47407.414 140.878  -0.022    8.755  -10.000      129.3913     1913.9141
 2  79  14.792  47408.410 165.119   0.037   10.740  -10.000      129.4587     1914.9102
 3  79  14.792  47408.410 165.119  -0.016    9.433  -10.000      129.4587     1914.9102
 4  79  14.792  47408.410 165.119  -0.024    8.740  -10.000      129.4587     1914.9102
 1  79  14.792  47409.395 189.080   0.113   10.990  -10.000      129.5252     1915.8945
 2  79  14.792  47409.395 189.080   0.130   10.242  -10.000      129.5252     1915.8945
 3  79  14.792  47409.395 189.080   0.125    9.160  -10.000      129.5252     1915.8945
 4  79  14.792  47409.395 189.080   0.087    8.510  -10.000      129.5252     1915.8945
 2  79  14.792  47410.410 213.794  -0.001    9.584  -10.000      129.5939     1916.9102
 3  79  14.792  47410.410 213.794   0.001    8.651  -10.000      129.5939     1916.9102
 4  79  14.792  47410.410 213.794   0.004    8.102  -10.000      129.5939     1916.9102
 1  79  14.792  47411.414 238.228  -0.110   10.414  -10.000      129.6617     1917.9141
 2  79  14.792  47411.414 238.228   0.031    9.846  -10.000      129.6617     1917.9141
 3  79  14.792  47411.414 238.228   0.010    8.791  -10.000      129.6617     1917.9141
 4  79  14.792  47411.414 238.228   0.003    8.190  -10.000      129.6617     1917.9141
 1  79  14.792  47413.355 285.480  -0.153   11.061  -10.000      129.7930     1919.8555
 2  79  14.792  47413.355 285.480  -0.024   10.221  -10.000      129.7930     1919.8555
 3  79  14.792  47413.355 285.480   0.000    9.012  -10.000      129.7930     1919.8555
 4  79  14.792  47413.355 285.480  -0.003    8.333  -10.000      129.7930     1919.8555
 2  79  14.792  47413.449 287.759  -0.012   10.250  -10.000      129.7993     1919.9492
 3  79  14.792  47413.449 287.759   0.015    9.036  -10.000      129.7993     1919.9492
 4  79  14.792  47413.449 287.759   0.000    8.341  -10.000      129.7993     1919.9492
 2  79  14.792  47414.367 310.106  -0.027   10.407  -10.000      129.8614     1920.8672
 3  79  14.792  47414.367 310.106  -0.028    9.094  -10.000      129.8614     1920.8672
 4  79  14.792  47414.367 310.106  -0.019    8.393  -10.000      129.8614     1920.8672
 1  79  14.792  47415.332 333.583  -0.079   11.701  -10.000      129.9266     1921.8320
 2  79  14.792  47415.332 333.583   0.003   10.622  -10.000      129.9266     1921.8320
 3  79  14.792  47415.332 333.583  -0.002    9.237  -10.000      129.9266     1921.8320
 4  79  14.792  47415.332 333.583  -0.001    8.501  -10.000      129.9266     1921.8320
 2  79  14.792  47416.328 357.830  -0.013   10.792  -10.000      129.9940     1922.8281
 3  79  14.792  47416.328 357.830  -0.018    9.349  -10.000      129.9940     1922.8281
 4  79  14.792  47416.328 357.830  -0.016    8.589  -10.000      129.9940     1922.8281
 2  79  14.792  47417.320  21.978  -0.049   10.949  -10.000      130.0611     1923.8203
 3  79  14.792  47417.320  21.978  -0.041    9.463  -10.000      130.0611     1923.8203
 4  79  14.792  47417.320  21.978  -0.025    8.694  -10.000      130.0611     1923.8203
 2  79  14.792  47418.316  46.219  -0.009   11.170  -10.000      130.1284     1924.8164
 3  79  14.792  47418.316  46.219  -0.024    9.622  -10.000      130.1284     1924.8164
 4  79  14.792  47418.316  46.219  -0.025    8.819  -10.000      130.1284     1924.8164
 2  79  14.792  47419.297  70.082  -0.129   11.161  -10.000      130.1947     1925.7969
 3  79  14.792  47419.297  70.082  -0.097    9.645  -10.000      130.1947     1925.7969
 4  79  14.792  47419.297  70.082  -0.070    8.864  -10.000      130.1947     1925.7969
 2  79  14.792  47420.289  94.230   0.006   11.292  -10.000      130.2617     1926.7891
 3  79  14.792  47420.289  94.230  -0.019    9.747  -10.000      130.2617     1926.7891
 4  79  14.792  47420.289  94.230  -0.008    8.962  -10.000      130.2617     1926.7891
 2  79  14.792  47421.281 118.378   0.094   11.167  -10.000      130.3288     1927.7812
 3  79  14.792  47421.281 118.378   0.035    9.690  -10.000      130.3288     1927.7812
 4  79  14.792  47421.281 118.378   0.019    8.920  -10.000      130.3288     1927.7812
 2  79  14.792  47422.297 143.097   0.028   10.778  -10.000      130.3975     1928.7969
 3  79  14.792  47422.297 143.097   0.009    9.476  -10.000      130.3975     1928.7969
 4  79  14.792  47422.297 143.097  -0.019    8.750  -10.000      130.3975     1928.7969
 2  79  14.792  47423.430 170.667   0.017   10.684  -10.000      130.4741     1929.9297
 3  79  14.792  47423.430 170.667   0.004    9.429  -10.000      130.4741     1929.9297
 4  79  14.792  47423.430 170.667  -0.013    8.732  -10.000      130.4741     1929.9297
 2  79  14.792  47424.363 193.387   0.039    9.969  -10.000      130.5372     1930.8633
 3  79  14.792  47424.363 193.387   0.057    8.963  -10.000      130.5372     1930.8633
 4  79  14.792  47424.363 193.387   0.053    8.370  -10.000      130.5372     1930.8633
 1  79  14.792  47425.332 216.964   0.007   10.206  -10.000      130.6027     1931.8320
 2  79  14.792  47425.332 216.964   0.046    9.653  -10.000      130.6027     1931.8320
 3  79  14.792  47425.332 216.964   0.045    8.707  -10.000      130.6027     1931.8320
 4  79  14.792  47425.332 216.964   0.035    8.141  -10.000      130.6027     1931.8320
 2  79  14.792  47427.406 267.446   0.032   10.129  -10.000      130.7429     1933.9062
 3  79  14.792  47427.406 267.446   0.001    8.934  -10.000      130.7429     1933.9062
 4  79  14.792  47427.406 267.446   0.015    8.300  -10.000      130.7429     1933.9062
 2  79  14.792  47427.516 270.110  -0.003   10.116  -10.000      130.7503     1934.0156
 3  79  14.792  47427.516 270.110  -0.023    8.921  -10.000      130.7503     1934.0156
 4  79  14.792  47427.516 270.110  -0.016    8.276  -10.000      130.7503     1934.0156
 2  79  14.792  47428.305 289.314  -0.013   10.260  -10.000      130.8036     1934.8047
 3  79  14.792  47428.305 289.314  -0.033    8.994  -10.000      130.8036     1934.8047
 4  79  14.792  47428.305 289.314  -0.016    8.329  -10.000      130.8036     1934.8047
 2  79  14.792  47428.445 292.736   0.005   10.302  -10.000      130.8132     1934.9453
 3  79  14.792  47428.445 292.736   0.009    9.049  -10.000      130.8132     1934.9453
 4  79  14.792  47428.445 292.736   0.017    8.371  -10.000      130.8132     1934.9453
 2  79  14.792  47430.320 338.368  -0.012   10.642  -10.000      130.9399     1936.8203
 3  79  14.792  47430.320 338.368  -0.013    9.249  -10.000      130.9399     1936.8203
 4  79  14.792  47430.320 338.368  -0.010    8.509  -10.000      130.9399     1936.8203
 2  79  14.792  47430.469 341.982   0.029   10.709  -10.000      130.9500     1936.9688
 3  79  14.792  47430.469 341.982   0.009    9.289  -10.000      130.9500     1936.9688
 4  79  14.792  47430.469 341.982   0.007    8.540  -10.000      130.9500     1936.9688
 2  79  14.792  47431.371   3.944  -0.010   10.844  -10.000      131.0110     1937.8711
 3  79  14.792  47431.371   3.944  -0.027    9.374  -10.000      131.0110     1937.8711
 4  79  14.792  47431.371   3.944  -0.012    8.621  -10.000      131.0110     1937.8711
 2  79  14.792  47432.367  28.185  -0.048   10.997  -10.000      131.0783     1938.8672
 3  79  14.792  47432.367  28.185  -0.061    9.478  -10.000      131.0783     1938.8672
 4  79  14.792  47432.367  28.185  -0.054    8.694  -10.000      131.0783     1938.8672
 2  79  14.792  47432.520  31.893  -0.006   11.067  -10.000      131.0886     1939.0195
 3  79  14.792  47432.520  31.893   0.012    9.572  -10.000      131.0886     1939.0195
 4  79  14.792  47432.520  31.893  -0.008    8.759  -10.000      131.0886     1939.0195
 2  79  14.792  47433.348  52.048   0.005   11.216  -10.000      131.1446     1939.8477
 3  79  14.792  47433.348  52.048  -0.016    9.656  -10.000      131.1446     1939.8477
 4  79  14.792  47433.348  52.048  -0.015    8.853  -10.000      131.1446     1939.8477
 2  79  14.792  47434.355  76.580  -0.030   11.271  -10.000      131.2127     1940.8555
 3  79  14.792  47434.355  76.580  -0.037    9.720  -10.000      131.2127     1940.8555
 4  79  14.792  47434.355  76.580  -0.021    8.929  -10.000      131.2127     1940.8555
 2  79  14.792  47434.508  80.288  -0.019   11.286  -10.000      131.2230     1941.0078
 3  79  14.792  47434.508  80.288   0.003    9.767  -10.000      131.2230     1941.0078
 4  79  14.792  47434.508  80.288  -0.001    8.959  -10.000      131.2230     1941.0078
 2  79  14.792  48852.453  30.267  -0.025   11.036  -10.000      227.0841     3358.9531
 3  79  14.792  48852.453  30.267  -0.021    9.530  -10.000      227.0841     3358.9531
 4  79  14.792  48852.453  30.267  -0.006    8.752  -10.000      227.0841     3358.9531
 2  79  14.792  48854.469  79.321   0.113   11.417  -10.000      227.2203     3360.9688
 3  79  14.792  48854.469  79.321   0.077    9.840  -10.000      227.2203     3360.9688
 4  79  14.792  48854.469  79.321   0.068    9.025  -10.000      227.2203     3360.9688
 2  79  14.792  48856.426 126.953   0.096   11.048  -10.000      227.3526     3362.9258
 3  79  14.792  48856.426 126.953   0.028    9.612  -10.000      227.3526     3362.9258
 4  79  14.792  48856.426 126.953   0.006    8.857  -10.000      227.3526     3362.9258
 2  79  14.792  48858.379 174.490   0.110   10.719  -10.000      227.4847     3364.8789
 3  79  14.792  48858.379 174.490   0.048    9.433  -10.000      227.4847     3364.8789
 4  79  14.792  48858.379 174.490   0.006    8.718  -10.000      227.4847     3364.8789
 1  79  14.792  48860.379 223.165   0.031   10.320  -10.000      227.6199     3366.8789
 2  79  14.792  48860.379 223.165   0.070    9.736  -10.000      227.6199     3366.8789
 3  79  14.792  48860.379 223.165   0.039    8.737  -10.000      227.6199     3366.8789
 4  79  14.792  48860.379 223.165   0.028    8.159  -10.000      227.6199     3366.8789
 2  79  14.792  48862.406 272.505   0.016   10.154  -10.000      227.7570     3368.9062
 3  79  14.792  48862.406 272.505   0.005    8.960  -10.000      227.7570     3368.9062
 4  79  14.792  48862.406 272.505   0.010    8.308  -10.000      227.7570     3368.9062
 2  79  14.792  48870.352 105.881   0.065   11.277  -10.000      228.2941     3376.8516
 3  79  14.792  48870.352 105.881   0.012    9.742  -10.000      228.2941     3376.8516
 4  79  14.792  48870.352 105.881   0.007    8.957  -10.000      228.2941     3376.8516
 2  79  14.792  48872.336 154.177   0.001   10.704  -10.000      228.4283     3378.8359
 3  79  14.792  48872.336 154.177  -0.022    9.423  -10.000      228.4283     3378.8359
 4  79  14.792  48872.336 154.177  -0.052    8.705  -10.000      228.4283     3378.8359
 2  79  14.792  48874.363 203.516  -0.151    9.478  -10.000      228.5653     3380.8633
 3  79  14.792  48874.363 203.516  -0.096    8.595  -10.000      228.5653     3380.8633
 4  79  14.792  48874.363 203.516  -0.071    8.065  -10.000      228.5653     3380.8633
 2  79  14.792  48875.379 228.235   0.051    9.767  -10.000      228.6340     3381.8789
 3  79  14.792  48875.379 228.235   0.019    8.746  -10.000      228.6340     3381.8789
 4  79  14.792  48875.379 228.235   0.014    8.166  -10.000      228.6340     3381.8789
 2  79  14.792  48876.375 252.477  -0.007    9.960  -10.000      228.7013     3382.8750
 3  79  14.792  48876.375 252.477  -0.007    8.858  -10.000      228.7013     3382.8750
 4  79  14.792  48876.375 252.477  -0.018    8.225  -10.000      228.7013     3382.8750
 2  79  14.792  48876.414 253.427   0.003    9.980  -10.000      228.7040     3382.9141
 3  79  14.792  48876.414 253.427  -0.009    8.861  -10.000      228.7040     3382.9141
 4  79  14.792  48876.414 253.427  -0.019    8.227  -10.000      228.7040     3382.9141
 2  79  14.792  48877.309 275.197  -0.002   10.159  -10.000      228.7644     3383.8086
 3  79  14.792  48877.309 275.197  -0.016    8.951  -10.000      228.7644     3383.8086
 4  79  14.792  48877.309 275.197  -0.008    8.298  -10.000      228.7644     3383.8086
 2  79  14.792  48879.375 325.492   0.003   10.560  -10.000      228.9041     3385.8750
 3  79  14.792  48879.375 325.492  -0.026    9.173  -10.000      228.9041     3385.8750
 4  79  14.792  48879.375 325.492  -0.020    8.450  -10.000      228.9041     3385.8750
 1  79  14.792  48880.316 348.404  -0.041   11.895  -10.000      228.9678     3386.8164
 2  79  14.792  48880.316 348.404  -0.005   10.723  -10.000      228.9678     3386.8164
 3  79  14.792  48880.316 348.404  -0.022    9.291  -10.000      228.9678     3386.8164
 4  79  14.792  48880.316 348.404  -0.009    8.551  -10.000      228.9678     3386.8164
 2  79  14.792  48881.344  13.409  -0.015   10.913  -10.000      229.0372     3387.8438
 3  79  14.792  48881.344  13.409  -0.035    9.419  -10.000      229.0372     3387.8438
 4  79  14.792  48881.344  13.409  -0.015    8.661  -10.000      229.0372     3387.8438
 2  79  14.792  48882.320  37.172  -0.026   11.089  -10.000      229.1033     3388.8203
 3  79  14.792  48882.320  37.172  -0.040    9.554  -10.000      229.1033     3388.8203
 4  79  14.792  48882.320  37.172  -0.026    8.771  -10.000      229.1033     3388.8203
 2  79  14.792  48883.340  61.990   0.000   11.265  -10.000      229.1722     3389.8398
 3  79  14.792  48883.340  61.990  -0.030    9.688  -10.000      229.1722     3389.8398
 4  79  14.792  48883.340  61.990  -0.013    8.898  -10.000      229.1722     3389.8398
 2  79  14.792  48885.289 109.429   0.104   11.282  -10.000      229.3040     3391.7891
 3  79  14.792  48885.289 109.429   0.047    9.760  -10.000      229.3040     3391.7891
 4  79  14.792  48885.289 109.429   0.037    8.976  -10.000      229.3040     3391.7891
 2  79  14.792  48886.332 134.813   0.092   10.934  -10.000      229.3745     3392.8320
 3  79  14.792  48886.332 134.813   0.025    9.544  -10.000      229.3745     3392.8320
 4  79  14.792  48886.332 134.813  -0.021    8.784  -10.000      229.3745     3392.8320
 2  79  14.792  48887.332 159.148   0.017   10.722  -10.000      229.4421     3393.8320
 3  79  14.792  48887.332 159.148  -0.037    9.412  -10.000      229.4421     3393.8320
 4  79  14.792  48887.332 159.148  -0.060    8.702  -10.000      229.4421     3393.8320
 2  79  14.792  48888.289 182.444   0.197   10.580  -10.000      229.5068     3394.7891
 3  79  14.792  48888.289 182.444   0.122    9.348  -10.000      229.5068     3394.7891
 4  79  14.792  48888.289 182.444   0.077    8.658  -10.000      229.5068     3394.7891
 2  79  14.792  48889.305 207.158  -0.121    9.466  -10.000      229.5754     3395.8047
 3  79  14.792  48889.305 207.158  -0.088    8.570  -10.000      229.5754     3395.8047
 4  79  14.792  48889.305 207.158  -0.061    8.047  -10.000      229.5754     3395.8047
 2  79  14.792  48890.273 230.740   0.028    9.768  -10.000      229.6409     3396.7734
 3  79  14.792  48890.273 230.740   0.013    8.753  -10.000      229.6409     3396.7734
 4  79  14.792  48890.273 230.740   0.005    8.165  -10.000      229.6409     3396.7734
 2  79  14.792  48891.281 255.267  -0.026    9.968  -10.000      229.7091     3397.7812
 3  79  14.792  48891.281 255.267  -0.004    8.875  -10.000      229.7091     3397.7812
 4  79  14.792  48891.281 255.267  -0.003    8.249  -10.000      229.7091     3397.7812
 2  79  14.792  48892.277 279.509   0.040   10.238  -10.000      229.7764     3398.7773
 3  79  14.792  48892.277 279.509   0.023    9.010  -10.000      229.7764     3398.7773
 4  79  14.792  48892.277 279.509   0.017    8.337  -10.000      229.7764     3398.7773
 2  79  14.792  48893.316 304.799   0.000   10.391  -10.000      229.8467     3399.8164
 3  79  14.792  48893.316 304.799  -0.010    9.086  -10.000      229.8467     3399.8164
 4  79  14.792  48893.316 304.799  -0.018    8.375  -10.000      229.8467     3399.8164
 2  79  14.792  48894.348 329.897   0.040   10.631  -10.000      229.9164     3400.8477
 3  79  14.792  48894.348 329.897   0.018    9.239  -10.000      229.9164     3400.8477
 4  79  14.792  48894.348 329.897   0.020    8.507  -10.000      229.9164     3400.8477
 2  79  14.792  49933.461  59.854   0.018   11.273  -10.000      300.1663     4439.9609
 3  79  14.792  49933.461  59.854  -0.018    9.691  -10.000      300.1663     4439.9609
 4  79  14.792  49933.461  59.854  -0.024    8.878  -10.000      300.1663     4439.9609
 5  79  14.792  49933.461  59.854   0.009    8.159  -10.000      300.1663     4439.9609
 3  79  14.792  49935.461 108.534   0.055    9.772  -10.000      300.3015     4441.9609
 4  79  14.792  49935.461 108.534  -0.002    8.940  -10.000      300.3015     4441.9609
 5  79  14.792  49935.461 108.534   0.053    8.271  -10.000      300.3015     4441.9609
 3  79  14.792  49936.457 132.770   0.114    9.649  -10.000      300.3688     4442.9570
 4  79  14.792  49936.457 132.770   0.047    8.863  -10.000      300.3688     4442.9570
 5  79  14.792  49936.457 132.770   0.068    8.213  -10.000      300.3688     4442.9570
 2  79  14.792  49937.461 157.203   0.008   10.711  -10.000      300.4367     4443.9609
 3  79  14.792  49937.461 157.203  -0.017    9.430  -10.000      300.4367     4443.9609
 4  79  14.792  49937.461 157.203  -0.060    8.700  -10.000      300.4367     4443.9609
 3  79  14.792  49943.477 303.618   0.088    9.178  -10.000      300.8434     4449.9766
 5  79  14.792  49943.477 303.618   0.081    7.815  -10.000      300.8434     4449.9766
 3  79  14.792  49947.461  40.583  -0.013    9.602  -10.000      301.1127     4453.9609
 5  79  14.792  49947.461  40.583   0.002    8.074  -10.000      301.1127     4453.9609
 3  79  14.792  49948.434  64.259   0.007    9.734  -10.000      301.1785     4454.9336
 5  79  14.792  49948.434  64.259   0.040    8.206  -10.000      301.1785     4454.9336
 3  79  14.792  49955.441 234.822   0.031    8.793  -10.000      301.6523     4461.9414
 5  79  14.792  49955.441 234.822   0.003    7.627  -10.000      301.6523     4461.9414
 3  79  14.792  49957.484 284.535   0.034    9.043  -10.000      301.7904     4463.9844
 5  79  14.792  49957.484 284.535   0.016    7.718  -10.000      301.7904     4463.9844
 3  79  14.792  49959.457 332.545   0.046    9.280  -10.000      301.9237     4465.9570
 5  79  14.792  49959.457 332.545   0.052    7.862  -10.000      301.9237     4465.9570
 3  79  14.792  49960.445 356.605   0.043    9.403  -10.000      301.9906     4466.9453
 5  79  14.792  49960.445 356.605   0.051    7.940  -10.000      301.9906     4466.9453
 3  79  14.792  49962.457  45.560   0.002    9.644  -10.000      302.1266     4468.9570
 5  79  14.792  49962.457  45.560   0.029    8.123  -10.000      302.1266     4468.9570
 3  79  14.792  49966.445 142.625   0.021    9.490  -10.000      302.3962     4472.9453
 5  79  14.792  49966.445 142.625  -0.046    8.072  -10.000      302.3962     4472.9453
 3  79  14.792  49985.402 244.006   0.018    8.834  -10.000      303.6778     4491.9023
 5  79  14.792  49985.402 244.006   0.015    7.658  -10.000      303.6778     4491.9023
 3  79  14.792  49986.387 267.968   0.008    8.943  -10.000      303.7444     4492.8867
 5  79  14.792  49986.387 267.968   0.011    7.690  -10.000      303.7444     4492.8867
 3  79  14.792  49987.418 293.060   0.033    9.075  -10.000      303.8141     4493.9180
 5  79  14.792  49987.418 293.060   0.021    7.734  -10.000      303.8141     4493.9180
 3  79  14.792  49992.441  55.327   0.012    9.699  -10.000      304.1537     4498.9414
 5  79  14.792  49992.441  55.327   0.058    8.189  -10.000      304.1537     4498.9414
 2  18  14.792  44939.848 205.199  -0.173    9.432  -10.000      -37.4300     -553.6523
 3  18  14.792  44939.848 205.199  -0.072    8.601  -10.000      -37.4300     -553.6523
 9  18  14.792  44939.848 205.199  -0.041    7.834  -10.000      -37.4300     -553.6523
10  18  14.792  44939.848 205.199  -0.037    7.224  -10.000      -37.4300     -553.6523
 2  18  14.792  44939.891 206.245  -0.160    9.434  -10.000      -37.4271     -553.6094
 3  18  14.792  44939.891 206.245  -0.061    8.603  -10.000      -37.4271     -553.6094
 9  18  14.792  44939.891 206.245  -0.044    7.824  -10.000      -37.4271     -553.6094
10  18  14.792  44939.891 206.245  -0.021    7.234  -10.000      -37.4271     -553.6094
 2  18  14.792  44821.742 210.745  -0.085    9.491  -10.000      -45.4146     -671.7578
 3  18  14.792  44821.742 210.745  -0.029    8.618  -10.000      -45.4146     -671.7578
 9  18  14.792  44821.742 210.745  -0.010    7.842  -10.000      -45.4146     -671.7578
10  18  14.792  44821.742 210.745   0.003    7.242  -10.000      -45.4146     -671.7578
 2  18  14.792  44821.766 211.315  -0.067    9.510  -10.000      -45.4130     -671.7344
 3  18  14.792  44821.766 211.315   0.000    8.647  -10.000      -45.4130     -671.7344
 9  18  14.792  44821.766 211.315  -0.003    7.848  -10.000      -45.4130     -671.7344
10  18  14.792  44821.766 211.315  -0.010    7.228  -10.000      -45.4130     -671.7344
 2  18  14.792  44821.809 212.362  -0.046    9.533  -10.000      -45.4101     -671.6914
 3  18  14.792  44821.809 212.362   0.003    8.651  -10.000      -45.4101     -671.6914
 9  18  14.792  44821.809 212.362  -0.005    7.845  -10.000      -45.4101     -671.6914
10  18  14.792  44821.809 212.362   0.018    7.255  -10.000      -45.4101     -671.6914
 2  18  14.792  44821.863 213.692  -0.001    9.584  -10.000      -45.4064     -671.6367
 3  18  14.792  44821.863 213.692   0.038    8.688  -10.000      -45.4064     -671.6367
 9  18  14.792  44821.863 213.692   0.035    7.886  -10.000      -45.4064     -671.6367
10  18  14.792  44821.863 213.692   0.019    7.256  -10.000      -45.4064     -671.6367
 2  18  14.792  44910.672 215.118   0.011    9.604  -10.000      -39.4025     -582.8281
 3  18  14.792  44910.672 215.118   0.045    8.700  -10.000      -39.4025     -582.8281
 9  18  14.792  44910.672 215.118   0.031    7.884  -10.000      -39.4025     -582.8281
10  18  14.792  44910.672 215.118   0.017    7.254  -10.000      -39.4025     -582.8281
 2  18  14.792  44910.699 215.784   0.020    9.618  -10.000      -39.4006     -582.8008
 3  18  14.792  44910.699 215.784   0.054    8.711  -10.000      -39.4006     -582.8008
 9  18  14.792  44910.699 215.784   0.028    7.882  -10.000      -39.4006     -582.8008
10  18  14.792  44910.699 215.784   0.025    7.262  -10.000      -39.4006     -582.8008
 2  18  14.792  44555.562 212.459  -0.061    9.519  -10.000      -63.4098     -937.9375
 3  18  14.792  44555.562 212.459  -0.006    8.642  -10.000      -63.4098     -937.9375
 9  18  14.792  44555.562 212.459  -0.019    7.831  -10.000      -63.4098     -937.9375
10  18  14.792  44555.562 212.459  -0.006    7.231  -10.000      -63.4098     -937.9375
 2  18  14.792  44821.941 215.594   0.006    9.602  -10.000      -45.4011     -671.5586
 3  18  14.792  44821.941 215.594   0.048    8.704  -10.000      -45.4011     -671.5586
 9  18  14.792  44821.941 215.594   0.025    7.879  -10.000      -45.4011     -671.5586
10  18  14.792  44821.941 215.594   0.012    7.249  -10.000      -45.4011     -671.5586
 2  18  14.792  44555.590 213.124  -0.039    9.543  -10.000      -63.4080     -937.9102
 3  18  14.792  44555.590 213.124   0.002    8.651  -10.000      -63.4080     -937.9102
 9  18  14.792  44555.590 213.124  -0.008    7.843  -10.000      -63.4080     -937.9102
10  18  14.792  44555.590 213.124  -0.004    7.233  -10.000      -63.4080     -937.9102
 2  18  14.792  44555.625 213.981  -0.025    9.561  -10.000      -63.4056     -937.8750
 3  18  14.792  44555.625 213.981   0.011    8.662  -10.000      -63.4056     -937.8750
 9  18  14.792  44555.625 213.981  -0.003    7.848  -10.000      -63.4056     -937.8750
10  18  14.792  44555.625 213.981   0.011    7.248  -10.000      -63.4056     -937.8750
 2  18  14.792  44910.871 219.967   0.040    9.674  -10.000      -39.3890     -582.6289
 3  18  14.792  44910.871 219.967   0.052    8.731  -10.000      -39.3890     -582.6289
 9  18  14.792  44910.871 219.967   0.039    7.905  -10.000      -39.3890     -582.6289
10  18  14.792  44910.871 219.967   0.021    7.265  -10.000      -39.3890     -582.6289
 2  18  14.792  44910.891 220.442   0.048    9.687  -10.000      -39.3877     -582.6094
 3  18  14.792  44910.891 220.442   0.064    8.745  -10.000      -39.3877     -582.6094
 9  18  14.792  44910.891 220.442   0.033    7.901  -10.000      -39.3877     -582.6094
10  18  14.792  44910.891 220.442   0.027    7.271  -10.000      -39.3877     -582.6094
 2  18  14.792  44555.836 219.114   0.031    9.657  -10.000      -63.3913     -937.6641
 3  18  14.792  44555.836 219.114   0.050    8.724  -10.000      -63.3913     -937.6641
 9  18  14.792  44555.836 219.114   0.012    7.875  -10.000      -63.3913     -937.6641
10  18  14.792  44555.836 219.114   0.023    7.265  -10.000      -63.3913     -937.6641
 2  18  14.792  45014.711 227.222   0.047    9.754  -10.000      -32.3688     -478.7891
 3  18  14.792  45014.711 227.222   0.070    8.791  -10.000      -32.3688     -478.7891
 9  18  14.792  45014.711 227.222   0.055    7.945  -10.000      -32.3688     -478.7891
10  18  14.792  45014.711 227.222   0.049    7.305  -10.000      -32.3688     -478.7891
 2  18  14.792  44215.703 220.954   0.029    9.673  -10.000      -86.3862    -1277.7969
 3  18  14.792  44215.703 220.954   0.056    8.740  -10.000      -86.3862    -1277.7969
 9  18  14.792  44215.703 220.954   0.031    7.900  -10.000      -86.3862    -1277.7969
10  18  14.792  44215.703 220.954   0.015    7.260  -10.000      -86.3862    -1277.7969
 2  18  14.792  44985.633 239.518  -0.019    9.810  -10.000      -34.3347     -507.8672
 3  18  14.792  44985.633 239.518   0.019    8.807  -10.000      -34.3347     -507.8672
 9  18  14.792  44985.633 239.518   0.013    7.935  -10.000      -34.3347     -507.8672
10  18  14.792  44985.633 239.518  -0.002    7.265  -10.000      -34.3347     -507.8672
 2  18  14.792  44556.609 237.938  -0.019    9.793  -10.000      -63.3391     -936.8906
 3  18  14.792  44556.609 237.938   0.019    8.798  -10.000      -63.3391     -936.8906
 9  18  14.792  44556.609 237.938  -0.004    7.913  -10.000      -63.3391     -936.8906
10  18  14.792  44556.609 237.938  -0.002    7.263  -10.000      -63.3391     -936.8906
 2  18  14.792  44216.719 245.674  -0.023    9.873  -10.000      -86.3176    -1276.7812
 3  18  14.792  44216.719 245.674   0.011    8.837  -10.000      -86.3176    -1276.7812
 9  18  14.792  44216.719 245.674  -0.003    7.938  -10.000      -86.3176    -1276.7812
10  18  14.792  44216.719 245.674  -0.026    7.248  -10.000      -86.3176    -1276.7812
 2  18  14.792  44142.965 250.650  -0.059    9.890  -10.000      -91.3037    -1350.5352
 3  18  14.792  44142.965 250.650   0.000    8.855  -10.000      -91.3037    -1350.5352
 9  18  14.792  44142.965 250.650   0.004    7.959  -10.000      -91.3037    -1350.5352
10  18  14.792  44142.965 250.650  -0.010    7.269  -10.000      -91.3037    -1350.5352
 2  18  14.792  44986.645 264.142  -0.047   10.024  -10.000      -34.2663     -506.8555
 3  18  14.792  44986.645 264.142  -0.006    8.913  -10.000      -34.2663     -506.8555
 9  18  14.792  44986.645 264.142  -0.002    7.980  -10.000      -34.2663     -506.8555
10  18  14.792  44986.645 264.142   0.006    7.290  -10.000      -34.2663     -506.8555
 2  18  14.792  44217.727 270.201  -0.042   10.077  -10.000      -86.2494    -1275.7734
 3  18  14.792  44217.727 270.201   0.002    8.947  -10.000      -86.2494    -1275.7734
 9  18  14.792  44217.727 270.201  -0.011    7.982  -10.000      -86.2494    -1275.7734
10  18  14.792  44217.727 270.201  -0.014    7.272  -10.000      -86.2494    -1275.7734
 2  18  14.792  44218.672 293.209  -0.034   10.266  -10.000      -86.1855    -1274.8281
 3  18  14.792  44218.672 293.209  -0.004    9.038  -10.000      -86.1855    -1274.8281
 9  18  14.792  44218.672 293.209  -0.016    8.022  -10.000      -86.1855    -1274.8281
10  18  14.792  44218.672 293.209   0.004    7.302  -10.000      -86.1855    -1274.8281
 2  18  14.792  44914.684 312.755  -0.009   10.446  -10.000      -39.1312     -578.8164
 3  18  14.792  44914.684 312.755  -0.015    9.120  -10.000      -39.1312     -578.8164
 9  18  14.792  44914.684 312.755  -0.002    8.088  -10.000      -39.1312     -578.8164
10  18  14.792  44914.684 312.755   0.001    7.328  -10.000      -39.1312     -578.8164
 2  18  14.792  44945.707 347.804  -0.018   10.706  -10.000      -37.0339     -547.7930
 3  18  14.792  44945.707 347.804  -0.001    9.309  -10.000      -37.0339     -547.7930
 9  18  14.792  44945.707 347.804   0.007    8.213  -10.000      -37.0339     -547.7930
10  18  14.792  44945.707 347.804   0.017    7.423  -10.000      -37.0339     -547.7930
 2  18  14.792  44886.805 354.238  -0.025   10.751  -10.000      -41.0160     -606.6953
 3  18  14.792  44886.805 354.238  -0.014    9.332  -10.000      -41.0160     -606.6953
 9  18  14.792  44886.805 354.238  -0.004    8.229  -10.000      -41.0160     -606.6953
10  18  14.792  44886.805 354.238   0.022    7.449  -10.000      -41.0160     -606.6953
 2  18  14.792  44886.852 355.379  -0.040   10.745  -10.000      -41.0128     -606.6484
 3  18  14.792  44886.852 355.379  -0.011    9.342  -10.000      -41.0128     -606.6484
 9  18  14.792  44886.852 355.379   0.005    8.242  -10.000      -41.0128     -606.6484
10  18  14.792  44886.852 355.379   0.021    7.452  -10.000      -41.0128     -606.6484
 2  18  14.792  44222.703  31.322  -0.030   11.039  -10.000      -85.9130    -1270.7969
 3  18  14.792  44222.703  31.322  -0.026    9.531  -10.000      -85.9130    -1270.7969
 9  18  14.792  44222.703  31.322  -0.008    8.383  -10.000      -85.9130    -1270.7969
10  18  14.792  44222.703  31.322   0.010    7.563  -10.000      -85.9130    -1270.7969
 2  18  14.792  44223.688  55.278  -0.031   11.198  -10.000      -85.8465    -1269.8125
 3  18  14.792  44223.688  55.278  -0.033    9.654  -10.000      -85.8465    -1269.8125
 9  18  14.792  44223.688  55.278  -0.023    8.479  -10.000      -85.8465    -1269.8125
10  18  14.792  44223.688  55.278   0.006    7.659  -10.000      -85.8465    -1269.8125
 2  18  14.792  44105.992  70.807  -0.025   11.266  -10.000      -93.8033    -1387.5078
 3  18  14.792  44105.992  70.807  -0.001    9.743  -10.000      -93.8033    -1387.5078
 9  18  14.792  44105.992  70.807   0.012    8.567  -10.000      -93.8033    -1387.5078
10  18  14.792  44105.992  70.807   0.023    7.727  -10.000      -93.8033    -1387.5078
 2  18  14.792  45038.605  88.768  -0.011   11.290  -10.000      -30.7534     -454.8945
 3  18  14.792  45038.605  88.768  -0.004    9.767  -10.000      -30.7534     -454.8945
 9  18  14.792  45038.605  88.768   0.000    8.594  -10.000      -30.7534     -454.8945
10  18  14.792  45038.605  88.768   0.014    7.764  -10.000      -30.7534     -454.8945
 2  18  14.792  45010.609 127.399   0.034   10.979  -10.000      -32.6461     -482.8906
 3  18  14.792  45010.609 127.399   0.016    9.596  -10.000      -32.6461     -482.8906
 9  18  14.792  45010.609 127.399  -0.015    8.492  -10.000      -32.6461     -482.8906
10  18  14.792  45010.609 127.399  -0.034    7.692  -10.000      -32.6461     -482.8906
 2  18  14.792  45011.613 151.831  -0.043   10.662  -10.000      -32.5782     -481.8867
 3  18  14.792  45011.613 151.831  -0.027    9.417  -10.000      -32.5782     -481.8867
 9  18  14.792  45011.613 151.831  -0.075    8.363  -10.000      -32.5782     -481.8867
10  18  14.792  45011.613 151.831  -0.075    7.623  -10.000      -32.5782     -481.8867
 2  18  14.792  44908.816 169.960   0.018   10.693  -10.000      -39.5279     -584.6836
 3  18  14.792  44908.816 169.960   0.023    9.454  -10.000      -39.5279     -584.6836
 9  18  14.792  44908.816 169.960  -0.009    8.425  -10.000      -39.5279     -584.6836
10  18  14.792  44908.816 169.960  -0.035    7.665  -10.000      -39.5279     -584.6836
 2  18  14.792  45012.621 176.359   0.054   10.623  -10.000      -32.5101     -480.8789
 3  18  14.792  45012.621 176.359   0.052    9.409  -10.000      -32.5101     -480.8789
 9  18  14.792  45012.621 176.359   0.030    8.411  -10.000      -32.5101     -480.8789
10  18  14.792  45012.621 176.359  -0.019    7.641  -10.000      -32.5101     -480.8789
 2  18  14.792  45012.695 178.167   0.063   10.585  -10.000      -32.5051     -480.8047
 3  18  14.792  45012.695 178.167   0.051    9.375  -10.000      -32.5051     -480.8047
 9  18  14.792  45012.695 178.167   0.028    8.385  -10.000      -32.5051     -480.8047
10  18  14.792  45012.695 178.167   0.014    7.655  -10.000      -32.5051     -480.8047
 2  18  14.792  44139.949 177.256   0.018   10.564  -10.000      -91.5076    -1353.5508
 3  18  14.792  44139.949 177.256   0.029    9.370  -10.000      -91.5076    -1353.5508
 9  18  14.792  44139.949 177.256   0.004    8.374  -10.000      -91.5076    -1353.5508
10  18  14.792  44139.949 177.256  -0.037    7.614  -10.000      -91.5076    -1353.5508
 2  18  14.792  44909.645 190.114   0.017   10.084  -10.000      -39.4719     -583.8555
 3  18  14.792  44909.645 190.114   0.067    9.070  -10.000      -39.4719     -583.8555
 9  18  14.792  44909.645 190.114   0.035    8.157  -10.000      -39.4719     -583.8555
10  18  14.792  44909.645 190.114   0.019    7.477  -10.000      -39.4719     -583.8555
 2  18  14.792  44820.918 190.686  -0.026   10.017  -10.000      -45.4703     -672.5820
 3  18  14.792  44820.918 190.686   0.023    9.009  -10.000      -45.4703     -672.5820
 9  18  14.792  44820.918 190.686   0.013    8.122  -10.000      -45.4703     -672.5820
10  18  14.792  44820.918 190.686   0.004    7.452  -10.000      -45.4703     -672.5820
 2  18  14.792  44909.707 191.636  -0.016    9.986  -10.000      -39.4677     -583.7930
 3  18  14.792  44909.707 191.636   0.039    8.997  -10.000      -39.4677     -583.7930
 9  18  14.792  44909.707 191.636   0.031    8.119  -10.000      -39.4677     -583.7930
10  18  14.792  44909.707 191.636  -0.002    7.429  -10.000      -39.4677     -583.7930
 2  18  14.792  44820.922 190.780  -0.029   10.010  -10.000      -45.4701     -672.5781
 3  18  14.792  44820.922 190.780   0.026    9.009  -10.000      -45.4701     -672.5781
 9  18  14.792  44820.922 190.780   0.007    8.114  -10.000      -45.4701     -672.5781
10  18  14.792  44820.922 190.780   0.018    7.464  -10.000      -45.4701     -672.5781
 2  18  14.792  44554.574 188.406   0.033   10.174  -10.000      -63.4767     -938.9258
 3  18  14.792  44554.574 188.406   0.056    9.111  -10.000      -63.4767     -938.9258
 9  18  14.792  44554.574 188.406   0.041    8.201  -10.000      -63.4767     -938.9258
10  18  14.792  44554.574 188.406   0.013    7.501  -10.000      -63.4767     -938.9258
 2  18  14.792  44909.762 192.967  -0.049    9.898  -10.000      -39.4640     -583.7383
 3  18  14.792  44909.762 192.967   0.008    8.926  -10.000      -39.4640     -583.7383
 9  18  14.792  44909.762 192.967   0.010    8.069  -10.000      -39.4640     -583.7383
10  18  14.792  44909.762 192.967   0.010    7.419  -10.000      -39.4640     -583.7383
 2  18  14.792  44554.637 189.928   0.079   10.154  -10.000      -63.4724     -938.8633
 3  18  14.792  44554.637 189.928   0.111    9.120  -10.000      -63.4724     -938.8633
 9  18  14.792  44554.637 189.928   0.067    8.193  -10.000      -63.4724     -938.8633
10  18  14.792  44554.637 189.928   0.082    7.543  -10.000      -63.4724     -938.8633
 2  18  14.792  44554.668 190.688  -0.012   10.031  -10.000      -63.4703     -938.8320
 3  18  14.792  44554.668 190.688   0.034    9.020  -10.000      -63.4703     -938.8320
 9  18  14.792  44554.668 190.688   0.019    8.128  -10.000      -63.4703     -938.8320
10  18  14.792  44554.668 190.688   0.000    7.448  -10.000      -63.4703     -938.8320
 2  18  14.792  44909.812 194.203  -0.097    9.800  -10.000      -39.4605     -583.6875
 3  18  14.792  44909.812 194.203  -0.005    8.878  -10.000      -39.4605     -583.6875
 9  18  14.792  44909.812 194.203  -0.009    8.025  -10.000      -39.4605     -583.6875
10  18  14.792  44909.812 194.203  -0.004    7.385  -10.000      -39.4605     -583.6875
 2  18  14.792  44554.695 191.353  -0.028    9.986  -10.000      -63.4685     -938.8047
 3  18  14.792  44554.695 191.353   0.018    8.984  -10.000      -63.4685     -938.8047
 9  18  14.792  44554.695 191.353  -0.003    8.092  -10.000      -63.4685     -938.8047
10  18  14.792  44554.695 191.353   0.006    7.442  -10.000      -63.4685     -938.8047
 2  18  14.792  44909.879 195.819  -0.135    9.701  -10.000      -39.4561     -583.6211
 3  18  14.792  44909.879 195.819  -0.037    8.803  -10.000      -39.4561     -583.6211
 9  18  14.792  44909.879 195.819  -0.021    7.980  -10.000      -39.4561     -583.6211
10  18  14.792  44909.879 195.819  -0.023    7.340  -10.000      -39.4561     -583.6211
 2  18  14.792  44939.793 203.868  -0.188    9.436  -10.000      -37.4337     -553.7070
 3  18  14.792  44939.793 203.868  -0.082    8.605  -10.000      -37.4337     -553.7070
 9  18  14.792  44939.793 203.868  -0.042    7.844  -10.000      -37.4337     -553.7070
10  18  14.792  44939.793 203.868  -0.026    7.244  -10.000      -37.4337     -553.7070
 2 150  14.792  50306.418 136.890   0.128   10.944  -10.000      325.3802     4812.9180
 3 150  14.792  50306.418 136.890   0.055    9.559  -10.000      325.3802     4812.9180
 4 150  14.792  50306.418 136.890   0.021    8.816  -10.000      325.3802     4812.9180
 2 150  14.792  50310.480 235.767   0.010    9.799  -10.000      325.6549     4816.9805
 3 150  14.792  50310.480 235.767  -0.017    8.750  -10.000      325.6549     4816.9805
 4 150  14.792  50310.480 235.767  -0.037    8.140  -10.000      325.6549     4816.9805
 2 150  14.792  50312.484 284.535   0.059   10.297  -10.000      325.7904     4818.9844
 3 150  14.792  50312.484 284.535   0.075    9.084  -10.000      325.7904     4818.9844
 4 150  14.792  50312.484 284.535   0.047    8.380  -10.000      325.7904     4818.9844
 2 150  14.792  50314.461 332.644  -0.013   10.599  -10.000      325.9240     4820.9609
 3 150  14.792  50314.461 332.644  -0.013    9.222  -10.000      325.9240     4820.9609
 4 150  14.792  50314.461 332.644  -0.025    8.473  -10.000      325.9240     4820.9609
 2 150  14.792  50315.418 355.935  -0.036   10.754  -10.000      325.9887     4821.9180
 3 150  14.792  50315.418 355.935  -0.061    9.295  -10.000      325.9887     4821.9180
 4 150  14.792  50315.418 355.935  -0.039    8.557  -10.000      325.9887     4821.9180
 2 150  14.792  50316.410  20.083  -0.037   10.946  -10.000      326.0558     4822.9102
 3 150  14.792  50316.410  20.083  -0.035    9.458  -10.000      326.0558     4822.9102
 4 150  14.792  50316.410  20.083  -0.047    8.662  -10.000      326.0558     4822.9102
 2 150  14.792  50317.449  45.374  -0.047   11.127  -10.000      326.1260     4823.9492
 3 150  14.792  50317.449  45.374  -0.057    9.585  -10.000      326.1260     4823.9492
 4 150  14.792  50317.449  45.374  -0.056    8.784  -10.000      326.1260     4823.9492
 2 150  14.792  50318.430  69.236  -0.024   11.264  -10.000      326.1923     4824.9297
 3 150  14.792  50318.430  69.236  -0.034    9.706  -10.000      326.1923     4824.9297
 4 150  14.792  50318.430  69.236  -0.037    8.895  -10.000      326.1923     4824.9297
 2 150  14.792  50319.445  93.955  -0.015   11.272  -10.000      326.2610     4825.9453
 3 150  14.792  50319.445  93.955  -0.029    9.738  -10.000      326.2610     4825.9453
 4 150  14.792  50319.445  93.955  -0.027    8.943  -10.000      326.2610     4825.9453
 2 150  14.792  50320.426 117.817   0.053   11.134  -10.000      326.3273     4826.9258
 3 150  14.792  50320.426 117.817   0.011    9.670  -10.000      326.3273     4826.9258
 4 150  14.792  50320.426 117.817  -0.013    8.891  -10.000      326.3273     4826.9258
 2 150  14.792  50321.445 142.625   0.016   10.770  -10.000      326.3962     4827.9453
 3 150  14.792  50321.445 142.625  -0.017    9.452  -10.000      326.3962     4827.9453
 4 150  14.792  50321.445 142.625  -0.041    8.730  -10.000      326.3962     4827.9453
 2 150  14.792  50322.406 166.014   0.057   10.757  -10.000      326.4612     4828.9062
 3 150  14.792  50322.406 166.014   0.005    9.453  -10.000      326.4612     4828.9062
 4 150  14.792  50322.406 166.014  -0.020    8.742  -10.000      326.4612     4828.9062
 2 150  14.792  50323.410 190.448   0.151   10.204  -10.000      326.5290     4829.9102
 3 150  14.792  50323.410 190.448   0.084    9.077  -10.000      326.5290     4829.9102
 4 150  14.792  50323.410 190.448   0.056    8.445  -10.000      326.5290     4829.9102
 2 150  14.792  50324.379 214.025   0.032    9.619  -10.000      326.5945     4830.8789
 3 150  14.792  50324.379 214.025  -0.003    8.648  -10.000      326.5945     4830.8789
 4 150  14.792  50324.379 214.025  -0.009    8.089  -10.000      326.5945     4830.8789
 2 150  14.792  50325.367 238.074   0.030    9.843  -10.000      326.6613     4831.8672
 3 150  14.792  50325.367 238.074   0.000    8.780  -10.000      326.6613     4831.8672
 4 150  14.792  50325.367 238.074  -0.003    8.183  -10.000      326.6613     4831.8672
 2 150  14.792  50326.309 260.991  -0.019   10.026  -10.000      326.7250     4832.8086
 3 150  14.792  50326.309 260.991  -0.009    8.897  -10.000      326.7250     4832.8086
 4 150  14.792  50326.309 260.991  -0.004    8.264  -10.000      326.7250     4832.8086
 2 150  14.792  50327.371 286.853  -0.018   10.237  -10.000      326.7968     4833.8711
 3 150  14.792  50327.371 286.853  -0.025    8.993  -10.000      326.7968     4833.8711
 4 150  14.792  50327.371 286.853  -0.017    8.322  -10.000      326.7968     4833.8711
 2 150  14.792  50330.328 358.813  -0.053   10.761  -10.000      326.9967     4836.8281
 3 150  14.792  50330.328 358.813  -0.047    9.326  -10.000      326.9967     4836.8281
 4 150  14.792  50330.328 358.813  -0.041    8.569  -10.000      326.9967     4836.8281
 2 150  14.792  50332.309  47.021  -0.054   11.129  -10.000      327.1306     4838.8086
 3 150  14.792  50332.309  47.021  -0.058    9.591  -10.000      327.1306     4838.8086
 4 150  14.792  50332.309  47.021  -0.106    8.741  -10.000      327.1306     4838.8086
 2 150  14.792  50333.293  70.972  -0.020   11.271  -10.000      327.1971     4839.7930
 3 150  14.792  50333.293  70.972  -0.039    9.705  -10.000      327.1971     4839.7930
 4 150  14.792  50333.293  70.972  -0.159    8.777  -10.000      327.1971     4839.7930
 2 150  14.792  50334.324  96.075   0.012   11.290  -10.000      327.2669     4840.8242
 3 150  14.792  50334.324  96.075  -0.009    9.754  -10.000      327.2669     4840.8242
 4 150  14.792  50334.324  96.075  -0.062    8.907  -10.000      327.2669     4840.8242
 2 150  14.792  50335.336 120.696   0.076   11.118  -10.000      327.3353     4841.8359
 3 150  14.792  50335.336 120.696   0.021    9.658  -10.000      327.3353     4841.8359
 4 150  14.792  50335.336 120.696  -0.035    8.853  -10.000      327.3353     4841.8359
 2 150  14.792  50336.363 145.701   0.168   10.898  -10.000      327.4047     4842.8633
 3 150  14.792  50336.363 145.701   0.126    9.582  -10.000      327.4047     4842.8633
 4 150  14.792  50336.363 145.701   0.104    8.866  -10.000      327.4047     4842.8633
 2 150  14.792  50337.273 167.849   0.042   10.733  -10.000      327.4662     4843.7734
 3 150  14.792  50337.273 167.849   0.000    9.442  -10.000      327.4662     4843.7734
 4 150  14.792  50337.273 167.849  -0.023    8.735  -10.000      327.4662     4843.7734
 2 150  14.792  50338.398 195.227   0.006    9.864  -10.000      327.5423     4844.8984
 3 150  14.792  50338.398 195.227   0.007    8.862  -10.000      327.5423     4844.8984
 4 150  14.792  50338.398 195.227   0.007    8.281  -10.000      327.5423     4844.8984
 2 150  14.792  50340.289 241.249   0.001    9.848  -10.000      327.6701     4846.7891
 3 150  14.792  50340.289 241.249  -0.004    8.795  -10.000      327.6701     4846.7891
 4 150  14.792  50340.289 241.249  -0.013    8.186  -10.000      327.6701     4846.7891
 2 150  14.792  50341.281 265.397   0.005   10.086  -10.000      327.7372     4847.7812
 3 150  14.792  50341.281 265.397  -0.004    8.920  -10.000      327.7372     4847.7812
 4 150  14.792  50341.281 265.397  -0.030    8.250  -10.000      327.7372     4847.7812
 2 150  14.792  50342.305 290.303  -0.048   10.232  -10.000      327.8064     4848.8047
 3 150  14.792  50342.305 290.303  -0.054    8.977  -10.000      327.8064     4848.8047
 4 150  14.792  50342.305 290.303  -0.033    8.314  -10.000      327.8064     4848.8047
 2 150  14.792  50344.309 339.071  -0.023   10.636  -10.000      327.9419     4850.8086
 3 150  14.792  50344.309 339.071  -0.042    9.224  -10.000      327.9419     4850.8086
 4 150  14.792  50344.309 339.071  -0.086    8.436  -10.000      327.9419     4850.8086
 2 150  14.792  50347.309  52.086  -0.025   11.186  -10.000      328.1447     4853.8086
 3 150  14.792  50347.309  52.086  -0.045    9.627  -10.000      328.1447     4853.8086
 4 150  14.792  50347.309  52.086  -0.036    8.832  -10.000      328.1447     4853.8086
 2 150  14.792  50349.258  99.525   0.020   11.280  -10.000      328.2765     4855.7578
 3 150  14.792  50349.258  99.525  -0.009    9.746  -10.000      328.2765     4855.7578
 4 150  14.792  50349.258  99.525  -0.019    8.946  -10.000      328.2765     4855.7578
 0 119  14.792  47789.504  80.189  -0.904  -48.850    0.890      155.2227     2296.0039
 0 119  14.792  47792.492 152.919   0.477  -59.180    1.160      155.4248     2298.9922
 0 119  14.792  47793.504 177.539   2.235  -69.660    0.500      155.4932     2300.0039
 0 119  14.792  47895.215 132.984  -0.509  -45.300    1.120      162.3694     2401.7148
 0 119  14.792  48084.539  60.760  -1.241  -55.710    0.340      175.1688     2591.0391
 0 119  14.792  48245.293  13.189   1.253  -67.810    0.730      186.0366     2751.7930
 0 119  14.792  48253.266 207.230  11.520  -74.160    0.950      186.5756     2759.7656
 0 119  14.792  48291.117  48.461   1.931  -58.300    0.390      189.1346     2797.6172
 0 119  14.792  48561.367 145.811   0.073  -54.470    1.000      207.4050     3067.8672
 0 119  14.792  48566.371 267.594  -0.415  -97.710    0.810      207.7433     3072.8711
 0 119  14.792  48567.352 291.456   0.528  -90.700    0.520      207.8096     3073.8516
 0 119  14.792  48568.270 313.802  -0.338  -84.140    0.500      207.8717     3074.7695
 0 119  14.792  48569.301 338.901  -0.320  -76.760    0.520      207.9414     3075.8008
 0 119  14.792  48572.273  51.246   2.218  -57.040    0.600      208.1423     3078.7734
 0 119  14.792  48575.242 123.503   4.456  -41.130    0.890      208.3431     3081.7422
 0 119  14.792  48586.215  30.553  -1.900  -63.250    0.370      209.0849     3092.7148
 0 119  14.792  48587.266  56.129  -0.713  -55.970    0.780      209.1559     3093.7656
 0 119  14.792  48590.215 127.908   3.382  -42.330    1.120      209.3553     3096.7148
 0 119  14.792  48590.234 128.381   0.975  -44.620    0.890      209.3566     3096.7344
 0 119  14.792  48591.184 151.485  -2.014  -60.540    1.160      209.4208     3097.6836
 0 119  14.792  48592.164 175.347   1.553  -69.360    0.850      209.4871     3098.6641
 0 119  14.792  48595.191 249.027  -3.192 -102.460    0.710      209.6917     3101.6914
 0 119  14.792  48598.176 321.658  -0.917  -82.860    0.460      209.8935     3104.6758
 0 119  14.792  48600.172  10.239   2.607  -67.370    0.870      210.0284     3106.6719
 0 119  14.792  48832.539 265.600  -0.966  -98.480    0.520      225.7378     3339.0391
 0 119  14.792  48833.527 289.649   0.753  -91.930    0.500      225.8046     3340.0273
 0 119  14.792  48834.535 314.176  -0.239  -83.880    0.480      225.8727     3341.0352
 0 119  14.792  48870.559 110.918  -2.169  -43.210    0.440      228.3081     3377.0586
 0 119  14.792  48875.594 233.465  -2.764  -99.980    0.640      228.6485     3382.0938
 0 119  14.792  48877.543 280.904   1.878  -93.790    0.620      228.7803     3384.0430
 0 119  14.792  48880.598 355.248  -1.956  -73.080    0.400      228.9868     3387.0977
 0 119  14.792  48921.453 269.588   0.178  -96.800    1.210      231.7489     3427.9531
 0 119  14.792  49252.477  46.044  -1.181  -60.620    0.370      254.1279     3758.9766
 0 119  14.792  49254.504  95.383   3.915  -47.410    0.350      254.2650     3761.0039
 0 119  14.792  49255.484 119.251  -1.684  -44.660    0.670      254.3313     3761.9844
 0 119  14.792  49256.523 144.536   0.372  -53.160    0.470      254.4015     3763.0234
 0 119  14.792  49636.422  30.509   0.585  -60.820    0.310      280.0847     4142.9219
 0 119  14.792  49648.441 323.042  -1.835  -83.570    0.210      280.8973     4154.9414
 0 119  14.792  49964.547  96.427   2.028  -48.580    0.410      302.2679     4471.0469
 0 119  14.792  49965.562 121.146  -2.230  -46.570    0.580      302.3365     4472.0625
 0 119  14.792  49966.551 145.195  -3.140  -57.210    0.390      302.4033     4473.0508
 0 119  14.792  49969.562 218.496  -3.301  -90.370    0.740      302.6069     4476.0625
 0 119  14.792  49972.574 291.797   0.204  -90.750    0.410      302.8105     4479.0742
 0 119  14.792  49986.535 271.582   0.989  -95.580    0.340      303.7544     4493.0352
 0 119  14.792  49988.605 321.965   0.061  -81.840    0.290      303.8943     4495.1055
 0 119  14.792  49996.602 156.577   1.480  -61.430    0.470      304.4349     4503.1016
 0 119  14.792  49998.594 205.060   4.154  -79.890    0.370      304.5696     4505.0938
 0 119  14.792  50096.207  60.776  -1.707  -56.180    0.360      311.1688     4602.7070
 0 119  14.792  50097.254  86.254   2.909  -49.170    0.430      311.2396     4603.7539
 0 119  14.792  50108.215 353.024  -2.072  -73.180    0.200      311.9806     4614.7148
 0 119  14.792  50690.578 126.584   2.056  -43.890    0.660      351.3516     5197.0781
 0 119  14.792  50693.520 198.171   0.476  -77.870    0.670      351.5505     5200.0195
 0 119  14.792  50695.523 246.951   0.159  -98.430    0.630      351.6860     5202.0234
 0 119  14.792  50700.527   8.734  -1.340  -71.840    0.250      352.0243     5207.0273
 0 119  14.792  50704.578 107.325   1.361  -41.960    0.450      352.2981     5211.0781
 0 119  14.792  50705.590 131.946  -0.661  -45.460    0.490      352.3665     5212.0898
18 163  14.792  47880.152 126.392   0.023    9.753  -10.000      161.3511     2386.6523
18 163  14.792  47880.258 128.958   0.016    9.724  -10.000      161.3582     2386.7578
18 163  14.792  47916.129 281.992  -0.028    9.116  -10.000      163.7833     2422.6289
18 163  14.792  47916.145 282.371  -0.005    9.140  -10.000      163.7844     2422.6445
18 163  14.792  47965.531  44.346   0.025    9.798  -10.000      167.1232     2472.0312
18 163  14.792  47965.547  44.725  -0.034    9.741  -10.000      167.1242     2472.0469
18 163  14.792  47965.617  46.434   0.017    9.800  -10.000      167.1290     2472.1172
18 163  14.792  47965.633  46.818  -0.003    9.782  -10.000      167.1301     2472.1328
18 163  14.792  47965.707  48.620  -0.007    9.786  -10.000      167.1351     2472.2070
18 163  14.792  47965.723  49.005  -0.038    9.757  -10.000      167.1361     2472.2227
18 163  14.792  48074.648 180.038   0.092    9.522  -10.000      174.5001     2581.1484
18 163  14.792  48074.660 180.324   0.067    9.491  -10.000      174.5009     2581.1602
18 163  14.792  48074.734 182.131   0.112    9.493  -10.000      174.5059     2581.2344
18 163  14.792  48074.750 182.510   0.124    9.496  -10.000      174.5070     2581.2500
18 163  14.792  48099.707  69.917  -0.011    9.867  -10.000      176.1942     2606.2070
18 163  14.792  48099.797  72.103  -0.039    9.844  -10.000      176.2003     2606.2969
18 163  14.792  48099.812  72.482  -0.028    9.856  -10.000      176.2013     2606.3125
18 163  14.792  48126.812   9.613  -0.031    9.540  -10.000      178.0267     2633.3125
18 163  14.792  48126.828   9.992   0.011    9.584  -10.000      178.0278     2633.3281
18 163  14.792  48126.902  11.799  -0.022    9.561  -10.000      178.0328     2633.4023
18 163  14.792  48164.035 195.535   0.015    9.013  -10.000      180.5432     2670.5352
18 163  14.792  48164.051 195.919   0.017    9.006  -10.000      180.5442     2670.5508
18 163  14.792  48164.125 197.721  -0.011    8.934  -10.000      180.5492     2670.6250
18 163  14.792  48164.141 198.105  -0.033    8.904  -10.000      180.5503     2670.6406
18 163  14.792  48164.215 199.907  -0.087    8.812  -10.000      180.5553     2670.7148
18 163  14.792  48174.168  82.150   0.014    9.918  -10.000      181.2282     2680.6680
18 163  14.792  48174.184  82.529   0.040    9.945  -10.000      181.2292     2680.6836
18 163  14.792  48174.258  84.337   0.025    9.932  -10.000      181.2343     2680.7578
18 163  14.792  48262.551  73.213   0.043    9.929  -10.000      187.2034     2769.0508
18 163  14.792  48262.562  73.499  -0.036    9.850  -10.000      187.2042     2769.0625
18 163  14.792  48262.641  75.399   0.070    9.960  -10.000      187.2094     2769.1406
18 163  14.792  48262.652  75.685  -0.004    9.887  -10.000      187.2102     2769.1523
18 163  14.792  48281.656 178.198   0.079    9.548  -10.000      188.4950     2788.1562
18 163  14.792  48281.668 178.484   0.101    9.565  -10.000      188.4958     2788.1680
18 163  14.792  48281.742 180.291   0.086    9.511  -10.000      188.5008     2788.2422
18 163  14.792  48281.758 180.670   0.112    9.528  -10.000      188.5019     2788.2578
18 163  14.792  48310.617 163.054  -0.058    9.538  -10.000      190.4529     2817.1172
18 163  14.792  48310.633 163.433   0.033    9.628  -10.000      190.4540     2817.1328
18 163  14.792  48310.809 167.712  -0.026    9.561  -10.000      190.4659     2817.3086
18 163  14.792  48348.734  10.750  -0.083    9.494  -10.000      193.0299     2855.2344
18 163  14.792  48348.746  11.036  -0.049    9.530  -10.000      193.0307     2855.2461
18 163  14.792  48349.000  17.216  -0.136    9.478  -10.000      193.0478     2855.5000
18 163  14.792  48349.016  17.595   0.001    9.618  -10.000      193.0489     2855.5156
18 163  14.792  48349.086  19.308  -0.025    9.602  -10.000      193.0536     2855.5859
18 163  14.792  48349.102  19.688  -0.004    9.625  -10.000      193.0547     2855.6016
18 163  14.792  48349.176  21.495  -0.006    9.633  -10.000      193.0597     2855.6758
18 163  14.792  48349.191  21.874   0.013    9.654  -10.000      193.0608     2855.6914
18 163  14.792  48360.289 291.967   0.014    9.195  -10.000      193.8110     2866.7891
18 163  14.792  48360.301 292.253  -0.002    9.181  -10.000      193.8118     2866.8008
18 163  14.792  48360.555 298.433  -0.052    9.157  -10.000      193.8290     2867.0547
18 163  14.792  48360.570 298.812   0.083    9.294  -10.000      193.8300     2867.0703
18 163  14.792  48360.641 300.526  -0.010    9.209  -10.000      193.8348     2867.1406
18 163  14.792  48360.656 300.905  -0.047    9.174  -10.000      193.8358     2867.1562
18 163  14.792  48360.730 302.712   0.003    9.233  -10.000      193.8409     2867.2305
18 163  14.792  48360.746 303.091   0.006    9.237  -10.000      193.8419     2867.2461
18 163  14.792  48361.000 309.271  -0.027    9.234  -10.000      193.8591     2867.5000
18 163  14.792  48361.012 309.556  -0.042    9.219  -10.000      193.8599     2867.5117
18 163  14.792  48436.465 345.938   0.029    9.469  -10.000      198.9609     2942.9648
18 163  14.792  48436.539 347.739   0.020    9.469  -10.000      198.9659     2943.0391
18 163  14.792  48436.555 348.124   0.027    9.478  -10.000      198.9670     2943.0547
18 163  14.792  48436.625 349.832   0.019    9.480  -10.000      198.9718     2943.1250
18 163  14.792  48436.641 350.211  -0.005    9.458  -10.000      198.9728     2943.1406
18 163  14.792  48471.477 118.054  -0.017    9.780  -10.000      201.3279     2977.9766
18 163  14.792  48471.547 119.762   0.025    9.809  -10.000      201.3327     2978.0469
18 163  14.792  48471.562 120.141   0.075    9.857  -10.000      201.3337     2978.0625
18 163  14.792  48471.637 121.948  -0.031    9.736  -10.000      201.3387     2978.1367
18 163  14.792  48471.652 122.327  -0.014    9.750  -10.000      201.3398     2978.1523
18 163  14.792  48521.309 250.862  -0.030    8.975  -10.000      204.6968     3027.8086
18 163  14.792  48521.324 251.246  -0.023    8.984  -10.000      204.6979     3027.8242
18 163  14.792  48521.398 253.054   0.017    9.034  -10.000      204.7029     3027.8984
18 163  14.792  48521.414 253.433   0.018    9.036  -10.000      204.7040     3027.9141
18 163  14.792  48609.914 247.346  -0.009    8.976  -10.000      210.6871     3116.4141
18 163  14.792  48609.992 249.247   0.027    9.023  -10.000      210.6924     3116.4922
18 163  14.792  48610.004 249.532   0.017    9.015  -10.000      210.6931     3116.5039
18 163  14.792  48610.078 251.340  -0.021    8.987  -10.000      210.6982     3116.5781
18 163  14.792  48610.094 251.719   0.004    9.014  -10.000      210.6992     3116.5938
18 163  14.792  48622.789 200.698  -0.101    8.785  -10.000      211.5575     3129.2891
18 163  14.792  48622.805 201.077  -0.101    8.778  -10.000      211.5585     3129.3047
18 163  14.792  48656.188 293.549  -0.008    9.180  -10.000      213.8154     3162.6875
18 163  14.792  48656.203 293.928   0.023    9.212  -10.000      213.8165     3162.7031
18 163  14.792  48656.277 295.735  -0.045    9.153  -10.000      213.8215     3162.7773
18 163  14.792  48656.293 296.115   0.000    9.198  -10.000      213.8225     3162.7930
18 163  14.792  48684.812 270.225  -0.054    9.037  -10.000      215.7506     3191.3125
18 163  14.792  48684.887 272.032  -0.039    9.060  -10.000      215.7556     3191.3867
18 163  14.792  48684.898 272.318  -0.015    9.085  -10.000      215.7564     3191.3984
18 163  14.792  48684.977 274.219  -0.032    9.077  -10.000      215.7617     3191.4766
18 163  14.792  48684.988 274.504  -0.022    9.088  -10.000      215.7625     3191.4883
18 163  14.792  48706.125  68.928  -0.041    9.835  -10.000      217.1915     3212.6250
18 163  14.792  48706.141  69.307  -0.047    9.829  -10.000      217.1925     3212.6406
18 163  14.792  48706.211  71.021  -0.042    9.839  -10.000      217.1973     3212.7109
18 163  14.792  48706.227  71.400  -0.019    9.862  -10.000      217.1983     3212.7266
18 163  14.792  48706.301  73.207  -0.057    9.829  -10.000      217.2034     3212.8008
18 163  14.792  48706.316  73.586   0.022    9.909  -10.000      217.2044     3212.8164
18 163  14.792  48706.391  75.394   0.013    9.903  -10.000      217.2094     3212.8906
18 163  14.792  48706.406  75.773  -0.019    9.872  -10.000      217.2105     3212.9062
18 163  14.792  48959.105 105.974   0.013    9.882  -10.000      234.2944     3465.6055
18 163  14.792  48959.117 106.260   0.018    9.885  -10.000      234.2952     3465.6172
18 163  14.792  48963.891 222.435   0.061    8.907  -10.000      234.6179     3470.3906
18 163  14.792  48963.902 222.720   0.023    8.870  -10.000      234.6187     3470.4023
18 163  14.792  48963.977 224.528   0.040    8.898  -10.000      234.6237     3470.4766
18 163  14.792  48963.992 224.907   0.015    8.875  -10.000      234.6247     3470.4922
18 163  14.792  48964.066 226.714   0.013    8.884  -10.000      234.6298     3470.5664
18 163  14.792  48964.078 227.000   0.000    8.872  -10.000      234.6306     3470.5781
18 163  14.792  49041.094 301.404  -0.023    9.200  -10.000      239.8372     3547.5938
18 163  14.792  49041.109 301.783   0.012    9.237  -10.000      239.8383     3547.6094
 0  29  14.792  44200.723 216.359  -3.822  -91.100    3.800      -87.3990    -1292.7773
 0  29  14.792  44570.723 221.427   1.194  -86.400    3.800      -62.3849     -922.7773
 0  29  14.792  44542.789 261.579  -5.220 -103.200    3.800      -64.2734     -950.7109
 0  29  14.792  44217.707 269.725   0.953  -96.000    3.800      -86.2508    -1275.7930
 0  29  14.792  44513.836 276.916  -2.628  -98.300    3.800      -66.2308     -979.6641
 0  29  14.792  44543.820 286.677  -6.200 -100.800    3.800      -64.2037     -949.6797
 0  29  14.792  45343.699 314.146  -9.344  -93.000    3.800      -10.1274     -149.8008
 0  29  14.792  45003.562 315.891  -4.882  -87.900    3.800      -33.1225     -489.9375
 0  29  14.792  45344.676 337.913  -0.916  -77.700    3.800      -10.0614     -148.8242
 0  29  14.792  45389.586 350.937  -6.287  -77.700    3.800       -7.0252     -103.9141
 0  29  14.792  44474.953  50.587   0.556  -59.100    3.800      -68.8595    -1018.5469
 0  29  14.792  44134.863  53.473   6.551  -50.900    3.800      -91.8515    -1358.6367
 0  29  14.792  44948.711  60.914   0.721  -53.800    3.800      -36.8308     -544.7891
 0  29  14.792  44890.879  93.396  12.065  -40.500    3.800      -40.7406     -602.6211
 0  29  14.792  44537.777 139.603  -0.109  -48.900    3.800      -64.6122     -955.7227
 0  29  14.792  44893.746 163.177   4.855  -62.700    3.800      -40.5467     -599.7539
 0 151  14.792  49964.547  96.427   2.028  -48.580    0.410      302.2679     4471.0469
 0 151  14.792  49965.562 121.146  -2.230  -46.570    0.580      302.3365     4472.0625
 0 151  14.792  49966.551 145.195  -3.140  -57.210    0.390      302.4033     4473.0508
 0 151  14.792  49969.562 218.496  -3.301  -90.370    0.740      302.6069     4476.0625
 0 151  14.792  49972.574 291.797   0.204  -90.750    0.410      302.8105     4479.0742
 0 151  14.792  49986.535 271.582   0.989  -95.580    0.340      303.7544     4493.0352
 0 151  14.792  49988.605 321.965   0.061  -81.840    0.290      303.8943     4495.1055
 0 151  14.792  49996.602 156.577   1.480  -61.430    0.470      304.4349     4503.1016
 0 151  14.792  49998.594 205.060   4.154  -79.890    0.370      304.5696     4505.0938
 0 151  14.792  50096.207  60.776  -1.707  -56.180    0.360      311.1688     4602.7070
 0 151  14.792  50097.254  86.254   2.909  -49.170    0.430      311.2396     4603.7539
 0 151  14.792  50108.215 353.024  -2.072  -73.180    0.200      311.9806     4614.7148
 0 151  14.792  50690.578 126.584   2.056  -43.890    0.660      351.3516     5197.0781
 0 151  14.792  50693.520 198.171   0.476  -77.870    0.670      351.5505     5200.0195
 0 151  14.792  50695.523 246.951   0.159  -98.430    0.630      351.6860     5202.0234
 0 151  14.792  50700.527   8.734  -1.340  -71.840    0.250      352.0243     5207.0273
 0 151  14.792  50704.578 107.325   1.361  -41.960    0.450      352.2981     5211.0781
 0 151  14.792  50705.590 131.946  -0.661  -45.460    0.490      352.3665     5212.0898
 2  14  14.792  43420.523 307.859   0.035   10.450  -10.000     -140.1448    -2072.9766
 3  14  14.792  43420.523 307.859  -0.011    9.100  -10.000     -140.1448    -2072.9766
 2  14  14.792  43424.488  44.352   0.013   11.180  -10.000     -139.8768    -2069.0117
 3  14  14.792  43424.488  44.352  -0.046    9.590  -10.000     -139.8768    -2069.0117
 2  14  14.792  43437.398 358.561   0.009   10.820  -10.000     -139.0040    -2056.1016
 3  14  14.792  43437.398 358.561  -0.031    9.340  -10.000     -139.0040    -2056.1016
 2  14  14.792  43438.473  24.703   0.011   11.030  -10.000     -138.9314    -2055.0273
 3  14  14.792  43438.473  24.703  -0.039    9.480  -10.000     -138.9314    -2055.0273
 2  14  14.792  43489.312 182.043   0.023   10.420  -10.000     -135.4943    -2004.1875
 3  14  14.792  43489.312 182.043  -0.006    9.230  -10.000     -135.4943    -2004.1875
 2  14  14.792  43490.332 206.862  -0.099    9.490  -10.000     -135.4254    -2003.1680
 3  14  14.792  43490.332 206.862  -0.080    8.580  -10.000     -135.4254    -2003.1680
 2  14  14.792  43560.273 109.094   0.028   11.210  -10.000     -130.6970    -1933.2266
 3  14  14.792  43560.273 109.094  -0.024    9.690  -10.000     -130.6970    -1933.2266
 2  14  14.792  43788.523 264.249  -0.001   10.070  -10.000     -115.2660    -1704.9766
 3  14  14.792  43788.523 264.249  -0.020    8.900  -10.000     -115.2660    -1704.9766
 2  14  14.792  43789.457 286.968   0.034   10.290  -10.000     -115.2029    -1704.0430
 3  14  14.792  43789.457 286.968  -0.008    9.010  -10.000     -115.2029    -1704.0430
 2  14  14.792  43791.527 337.357   0.033   10.680  -10.000     -115.0629    -1701.9727
 3  14  14.792  43791.527 337.357  -0.018    9.240  -10.000     -115.0629    -1701.9727
 2  14  14.792  43800.289 190.599   0.074   10.120  -10.000     -114.4706    -1693.2109
 3  14  14.792  43800.289 190.599  -0.009    8.980  -10.000     -114.4706    -1693.2109
 2  14  14.792  43830.246 199.693  -0.192    9.520  -10.000     -112.4453    -1663.2539
 3  14  14.792  43830.246 199.693  -0.151    8.600  -10.000     -112.4453    -1663.2539
 2  14  14.792  43837.422  14.337   0.024   10.960  -10.000     -111.9602    -1656.0781
 3  14  14.792  43837.422  14.337  -0.019    9.440  -10.000     -111.9602    -1656.0781
 2  14  14.792  43873.363 169.082   0.047   10.730  -10.000     -109.5303    -1620.1367
 3  14  14.792  43873.363 169.082  -0.026    9.410  -10.000     -109.5303    -1620.1367
 2  14  14.792  43928.250  64.915  -0.016   11.260  -10.000     -105.8197    -1565.2500
 3  14  14.792  43928.250  64.915  -0.029    9.700  -10.000     -105.8197    -1565.2500
 3  14  14.792  43931.266 138.310  -0.005    9.490  -10.000     -105.6158    -1562.2344
 2  14  14.792  44108.500 131.844   0.128   11.010  -10.000      -93.6338    -1385.0000
 3  14  14.792  44108.500 131.844  -0.043    9.500  -10.000      -93.6338    -1385.0000
 3  14  14.792  44113.379 250.587  -0.045    8.810  -10.000      -93.3039    -1380.1211
 2  14  14.792  44157.391 241.743   0.017    9.870  -10.000      -90.3285    -1336.1094
 3  14  14.792  44157.391 241.743  -0.012    8.790  -10.000      -90.3285    -1336.1094
 2  14  14.792  44166.371 100.311   0.095   11.350  -10.000      -89.7214    -1327.1289
 3  14  14.792  44166.371 100.311  -0.022    9.730  -10.000      -89.7214    -1327.1289
 2  14  14.792  44167.301 122.937   0.070   11.080  -10.000      -89.6585    -1326.1992
 3  14  14.792  44167.301 122.937   0.002    9.620  -10.000      -89.6585    -1326.1992
 3   9  14.792  44052.922 219.183   0.056    8.730  -10.000      -97.3912    -1440.5781
14   9  14.792  44052.922 219.183   0.098   10.050  -10.000      -97.3912    -1440.5781
15   9  14.792  44052.922 219.183   0.093    9.030  -10.000      -97.3912    -1440.5781
16   9  14.792  44052.922 219.183   0.054    8.200  -10.000      -97.3912    -1440.5781
17   9  14.792  44052.922 219.183   0.028    7.610  -10.000      -97.3912    -1440.5781
 3   9  14.792  44085.891 301.575   0.060    9.140  -10.000      -95.1623    -1407.6094
14   9  14.792  44085.891 301.575   0.115   11.020  -10.000      -95.1623    -1407.6094
15   9  14.792  44085.891 301.575   0.100    9.520  -10.000      -95.1623    -1407.6094
16   9  14.792  44085.891 301.575   0.057    8.460  -10.000      -95.1623    -1407.6094
17   9  14.792  44085.891 301.575   0.013    7.730  -10.000      -95.1623    -1407.6094
 3   9  14.792  44086.930 326.865  -0.016    9.190  -10.000      -95.0920    -1406.5703
14   9  14.792  44086.930 326.865   0.002   11.160  -10.000      -95.0920    -1406.5703
15   9  14.792  44086.930 326.865   0.006    9.570  -10.000      -95.0920    -1406.5703
16   9  14.792  44086.930 326.865  -0.004    8.490  -10.000      -95.0920    -1406.5703
17   9  14.792  44086.930 326.865   0.000    7.780  -10.000      -95.0920    -1406.5703
 3   9  14.792  43865.672 341.886  -0.039    9.240  -10.000     -110.0503    -1627.8281
14   9  14.792  43865.672 341.886  -0.014   11.280  -10.000     -110.0503    -1627.8281
15   9  14.792  43865.672 341.886  -0.016    9.630  -10.000     -110.0503    -1627.8281
16   9  14.792  43865.672 341.886  -0.020    8.530  -10.000     -110.0503    -1627.8281
17   9  14.792  43865.672 341.886  -0.002    7.820  -10.000     -110.0503    -1627.8281
 3   9  14.792  43866.660   5.941  -0.062    9.350  -10.000     -109.9835    -1626.8398
14   9  14.792  43866.660   5.941  -0.032   11.490  -10.000     -109.9835    -1626.8398
15   9  14.792  43866.660   5.941  -0.032    9.760  -10.000     -109.9835    -1626.8398
16   9  14.792  43866.660   5.941  -0.027    8.630  -10.000     -109.9835    -1626.8398
17   9  14.792  43866.660   5.941  -0.018    7.890  -10.000     -109.9835    -1626.8398
 3   9  14.792  43867.660  30.278  -0.041    9.510  -10.000     -109.9159    -1625.8398
14   9  14.792  43867.660  30.278   0.003   11.750  -10.000     -109.9159    -1625.8398
15   9  14.792  43867.660  30.278  -0.003    9.940  -10.000     -109.9159    -1625.8398
16   9  14.792  43867.660  30.278   0.009    8.780  -10.000     -109.9159    -1625.8398
17   9  14.792  43867.660  30.278   0.016    8.020  -10.000     -109.9159    -1625.8398
 3   9  14.792  43868.680  55.091  -0.046    9.640  -10.000     -109.8470    -1624.8203
14   9  14.792  43868.680  55.091   0.015   11.950  -10.000     -109.8470    -1624.8203
15   9  14.792  43868.680  55.091  -0.006   10.080  -10.000     -109.8470    -1624.8203
16   9  14.792  43868.680  55.091  -0.003    8.890  -10.000     -109.8470    -1624.8203
17   9  14.792  43868.680  55.091   0.007    8.120  -10.000     -109.8470    -1624.8203
 3   9  14.792  43869.691  79.714  -0.053    9.710  -10.000     -109.7786    -1623.8086
14   9  14.792  43869.691  79.714  -0.001   12.010  -10.000     -109.7786    -1623.8086
15   9  14.792  43869.691  79.714  -0.012   10.150  -10.000     -109.7786    -1623.8086
16   9  14.792  43869.691  79.714  -0.020    8.950  -10.000     -109.7786    -1623.8086
17   9  14.792  43869.691  79.714  -0.011    8.180  -10.000     -109.7786    -1623.8086
 3   9  14.792  44049.922 146.168  -0.045    9.410  -10.000      -97.5940    -1443.5781
14   9  14.792  44049.922 146.168  -0.050   11.210  -10.000      -97.5940    -1443.5781
15   9  14.792  44049.922 146.168  -0.012    9.780  -10.000      -97.5940    -1443.5781
16   9  14.792  44049.922 146.168  -0.052    8.730  -10.000      -97.5940    -1443.5781
17   9  14.792  44049.922 146.168  -0.071    8.030  -10.000      -97.5940    -1443.5781
 3   9  14.792  43814.898 186.163  -0.003    9.120  -10.000     -113.4829    -1678.6016
14   9  14.792  43814.898 186.163  -0.076   10.590  -10.000     -113.4829    -1678.6016
15   9  14.792  43814.898 186.163   0.007    9.430  -10.000     -113.4829    -1678.6016
16   9  14.792  43814.898 186.163   0.008    8.530  -10.000     -113.4829    -1678.6016
17   9  14.792  43814.898 186.163  -0.009    7.890  -10.000     -113.4829    -1678.6016
