 2  79  12.182  49520.648 234.492  -0.062   12.011  -10.000    -1073.3486   -13075.4883
 3  79  12.182  49520.648 234.492  -0.058   10.928  -10.000    -1073.3486   -13075.4883
 2  79  12.182  49522.574 291.401  -0.013   12.585  -10.000    -1073.1906   -13073.5625
 3  79  12.182  49522.574 291.401   0.013   11.309  -10.000    -1073.1906   -13073.5625
 2  79  12.182  49528.582 108.940   0.012   13.362  -10.000    -1072.6974   -13067.5547
 3  79  12.182  49528.582 108.940   0.037   11.903  -10.000    -1072.6974   -13067.5547
 4  79  12.182  49528.582 108.940   0.040   11.060  -10.000    -1072.6974   -13067.5547
 5  79  12.182  49528.582 108.940   0.039   10.269  -10.000    -1072.6974   -13067.5547
 2  79  12.182  49529.582 138.472   0.096   13.107  -10.000    -1072.6154   -13066.5547
 3  79  12.182  49529.582 138.472   0.039   11.701  -10.000    -1072.6154   -13066.5547
 4  79  12.182  49529.582 138.472   0.014   10.886  -10.000    -1072.6154   -13066.5547
 5  79  12.182  49529.582 138.472  -0.001   10.133  -10.000    -1072.6154   -13066.5547
 2  79  12.182  49530.594 168.398  -0.028   12.777  -10.000    -1072.5322   -13065.5430
 3  79  12.182  49530.594 168.398  -0.040   11.488  -10.000    -1072.5322   -13065.5430
 4  79  12.182  49530.594 168.398  -0.028   10.741  -10.000    -1072.5322   -13065.5430
 5  79  12.182  49530.594 168.398  -0.016   10.042  -10.000    -1072.5322   -13065.5430
 2  79  12.182  49532.586 227.241  -0.089   11.956  -10.000    -1072.3688   -13063.5508
 3  79  12.182  49532.586 227.241  -0.100   10.871  -10.000    -1072.3688   -13063.5508
 4  79  12.182  49532.586 227.241  -0.045   10.251  -10.000    -1072.3688   -13063.5508
 5  79  12.182  49532.586 227.241  -0.047    9.617  -10.000    -1072.3688   -13063.5508
 2  79  12.182  49534.590 286.479   0.001   12.560  -10.000    -1072.2042   -13061.5469
 3  79  12.182  49534.590 286.479  -0.003   11.271  -10.000    -1072.2042   -13061.5469
 4  79  12.182  49534.590 286.479   0.032   10.543  -10.000    -1072.2042   -13061.5469
 5  79  12.182  49534.590 286.479   0.014    9.812  -10.000    -1072.2042   -13061.5469
 2  79  12.182  49542.559 161.982  -0.009   12.831  -10.000    -1071.5500   -13053.5781
 3  79  12.182  49542.559 161.982  -0.038   11.514  -10.000    -1071.5500   -13053.5781
 4  79  12.182  49542.559 161.982  -0.057   10.731  -10.000    -1071.5500   -13053.5781
 5  79  12.182  49542.559 161.982  -0.051   10.023  -10.000    -1071.5500   -13053.5781
 2  79  12.182  49543.562 191.646  -0.036   12.523  -10.000    -1071.4677   -13052.5742
 3  79  12.182  49543.562 191.646  -0.043   11.307  -10.000    -1071.4677   -13052.5742
 4  79  12.182  49543.562 191.646  -0.031   10.587  -10.000    -1071.4677   -13052.5742
 5  79  12.182  49543.562 191.646  -0.044    9.889  -10.000    -1071.4677   -13052.5742
 2  79  12.182  49544.535 220.386  -0.137   11.928  -10.000    -1071.3878   -13051.6016
 3  79  12.182  49544.535 220.386  -0.134   10.855  -10.000    -1071.3878   -13051.6016
 4  79  12.182  49544.535 220.386  -0.073   10.240  -10.000    -1071.3878   -13051.6016
 5  79  12.182  49544.535 220.386  -0.087    9.593  -10.000    -1071.3878   -13051.6016
 2  79  12.182  49545.527 249.697   0.064   12.273  -10.000    -1071.3064   -13050.6094
 3  79  12.182  49545.527 249.697   0.019   11.086  -10.000    -1071.3064   -13050.6094
 4  79  12.182  49545.527 249.697   0.060   10.423  -10.000    -1071.3064   -13050.6094
 5  79  12.182  49545.527 249.697   0.011    9.715  -10.000    -1071.3064   -13050.6094
 2  79  12.182  49546.531 279.360   0.022   12.521  -10.000    -1071.2240   -13049.6055
 3  79  12.182  49546.531 279.360  -0.011   11.229  -10.000    -1071.2240   -13049.6055
 4  79  12.182  49546.531 279.360  -0.004   10.484  -10.000    -1071.2240   -13049.6055
 5  79  12.182  49546.531 279.360  -0.015    9.769  -10.000    -1071.2240   -13049.6055
 2  79  12.182  49558.582 275.493   0.012   12.475  -10.000    -1070.2347   -13037.5547
 3  79  12.182  49558.582 275.493   0.035   11.254  -10.000    -1070.2347   -13037.5547
 4  79  12.182  49558.582 275.493   0.024   10.497  -10.000    -1070.2347   -13037.5547
 5  79  12.182  49558.582 275.493  -0.022    9.753  -10.000    -1070.2347   -13037.5547
 2  79  12.182  49561.574   3.911  -0.030   13.109  -10.000    -1069.9891   -13034.5625
 3  79  12.182  49561.574   3.911   0.012   11.648  -10.000    -1069.9891   -13034.5625
 4  79  12.182  49561.574   3.911   0.009   10.791  -10.000    -1069.9891   -13034.5625
 5  79  12.182  49561.574   3.911  -0.011    9.975  -10.000    -1069.9891   -13034.5625
 2  79  12.182  49564.539  91.538  -0.058   13.423  -10.000    -1069.7457   -13031.5977
 3  79  12.182  49564.539  91.538  -0.017   11.919  -10.000    -1069.7457   -13031.5977
23   4  12.182  40989.605 125.947   0.044    5.038  -10.000    -1773.6501   -21606.5312
24   4  12.182  40989.605 125.947   0.106    6.575  -10.000    -1773.6501   -21606.5312
27   4  12.182  40989.605 125.947   0.284    7.895  -10.000    -1773.6501   -21606.5312
23   4  12.182  41009.438 352.046  -0.019    4.800  -10.000    -1772.0221   -21586.6992
24   4  12.182  41009.438 352.046  -0.068    6.310  -10.000    -1772.0221   -21586.6992
25   4  12.182  41009.438 352.046  -0.142    8.050  -10.000    -1772.0221   -21586.6992
27   4  12.182  41009.438 352.046   0.113    7.710  -10.000    -1772.0221   -21586.6992
23   4  12.182  41014.555 143.262   0.034    4.912  -10.000    -1771.6021   -21581.5820
24   4  12.182  41014.555 143.262   0.079    6.342  -10.000    -1771.6021   -21581.5820
25   4  12.182  41014.555 143.262  -0.137    7.852  -10.000    -1771.6021   -21581.5820
27   4  12.182  41014.555 143.262   0.172    7.492  -10.000    -1771.6021   -21581.5820
23   4  12.182  41016.410 198.105   0.052    4.545  -10.000    -1771.4497   -21579.7266
24   4  12.182  41016.410 198.105   0.082    5.767  -10.000    -1771.4497   -21579.7266
25   4  12.182  41016.410 198.105   0.202    7.517  -10.000    -1771.4497   -21579.7266
27   4  12.182  41016.410 198.105   0.172    6.735  -10.000    -1771.4497   -21579.7266
23   4  12.182  41017.516 230.757  -0.100    4.105  -10.000    -1771.3590   -21578.6211
24   4  12.182  41017.516 230.757  -0.132    5.148  -10.000    -1771.3590   -21578.6211
25   4  12.182  41017.516 230.757  -0.001    6.850  -10.000    -1771.3590   -21578.6211
27   4  12.182  41017.516 230.757  -0.084    5.965  -10.000    -1771.3590   -21578.6211
23   4  12.182  41027.469 164.883  -0.021    4.760  -10.000    -1770.5420   -21568.6680
24   4  12.182  41027.469 164.883  -0.028    6.078  -10.000    -1770.5420   -21568.6680
25   4  12.182  41027.469 164.883   0.004    7.805  -10.000    -1770.5420   -21568.6680
27   4  12.182  41027.469 164.883   0.051    7.158  -10.000    -1770.5420   -21568.6680
23   4  12.182  41042.453 247.720  -0.047    4.238  -10.000    -1769.3119   -21553.6836
24   4  12.182  41042.453 247.720  -0.095    5.333  -10.000    -1769.3119   -21553.6836
25   4  12.182  41042.453 247.720  -0.051    6.983  -10.000    -1769.3119   -21553.6836
27   4  12.182  41042.453 247.720  -0.029    6.233  -10.000    -1769.3119   -21553.6836
23   4  12.182  41055.434 271.318   0.003    4.435  -10.000    -1768.2463   -21540.7031
24   4  12.182  41055.434 271.318  -0.030    5.660  -10.000    -1768.2463   -21540.7031
25   4  12.182  41055.434 271.318   0.032    7.385  -10.000    -1768.2463   -21540.7031
27   4  12.182  41055.434 271.318   0.002    6.632  -10.000    -1768.2463   -21540.7031
23   4  12.182  41058.441   0.176  -0.047    4.818  -10.000    -1767.9995   -21537.6953
24   4  12.182  41058.441   0.176  -0.098    6.350  -10.000    -1767.9995   -21537.6953
25   4  12.182  41058.441   0.176  -0.041    8.233  -10.000    -1767.9995   -21537.6953
27   4  12.182  41058.441   0.176  -0.094    7.595  -10.000    -1767.9995   -21537.6953
23   4  12.182  41066.449 236.821  -0.107    4.117  -10.000    -1767.3422   -21529.6875
24   4  12.182  41066.449 236.821  -0.141    5.177  -10.000    -1767.3422   -21529.6875
25   4  12.182  41066.449 236.821   0.018    6.917  -10.000    -1767.3422   -21529.6875
27   4  12.182  41066.449 236.821  -0.141    5.965  -10.000    -1767.3422   -21529.6875
23   4  12.182  41067.441 266.177   0.015    4.418  -10.000    -1767.2606   -21528.6953
24   4  12.182  41067.441 266.177   0.016    5.653  -10.000    -1767.2606   -21528.6953
25   4  12.182  41067.441 266.177   0.065    7.352  -10.000    -1767.2606   -21528.6953
27   4  12.182  41067.441 266.177   0.036    6.590  -10.000    -1767.2606   -21528.6953
23   4  12.182  41068.426 295.269  -0.010    4.543  -10.000    -1767.1798   -21527.7109
24   4  12.182  41068.426 295.269  -0.051    5.865  -10.000    -1767.1798   -21527.7109
25   4  12.182  41068.426 295.269   0.070    7.703  -10.000    -1767.1798   -21527.7109
27   4  12.182  41068.426 295.269  -0.025    6.930  -10.000    -1767.1798   -21527.7109
23   4  12.182  41070.441 354.814  -0.012    4.823  -10.000    -1767.0144   -21525.6953
24   4  12.182  41070.441 354.814  -0.026    6.375  -10.000    -1767.0144   -21525.6953
25   4  12.182  41070.441 354.814   0.016    8.235  -10.000    -1767.0144   -21525.6953
27   4  12.182  41070.441 354.814  -0.090    7.538  -10.000    -1767.0144   -21525.6953
23   4  12.182  41090.391 224.341  -0.091    4.113  -10.000    -1765.3768   -21505.7461
24   4  12.182  41090.391 224.341  -0.104    5.168  -10.000    -1765.3768   -21505.7461
25   4  12.182  41090.391 224.341   0.074    6.913  -10.000    -1765.3768   -21505.7461
27   4  12.182  41090.391 224.341  -0.039    5.995  -10.000    -1765.3768   -21505.7461
23   4  12.182  41091.410 254.487  -0.031    4.302  -10.000    -1765.2931   -21504.7266
24   4  12.182  41091.410 254.487  -0.025    5.485  -10.000    -1765.2931   -21504.7266
25   4  12.182  41091.410 254.487   0.043    7.175  -10.000    -1765.2931   -21504.7266
27   4  12.182  41091.410 254.487   0.018    6.392  -10.000    -1765.2931   -21504.7266
23   4  12.182  41092.402 283.799  -0.023    4.477  -10.000    -1765.2117   -21503.7344
24   4  12.182  41092.402 283.799  -0.066    5.750  -10.000    -1765.2117   -21503.7344
25   4  12.182  41092.402 283.799  -0.046    7.463  -10.000    -1765.2117   -21503.7344
27   4  12.182  41092.402 283.799  -0.072    6.738  -10.000    -1765.2117   -21503.7344
23   4  12.182  41100.352 158.730   0.006    4.810  -10.000    -1764.5591   -21495.7852
24   4  12.182  41100.352 158.730  -0.009    6.132  -10.000    -1764.5591   -21495.7852
25   4  12.182  41100.352 158.730  -0.242    7.602  -10.000    -1764.5591   -21495.7852
27   4  12.182  41100.352 158.730   0.098    7.253  -10.000    -1764.5591   -21495.7852
23   4  12.182  41101.340 187.910   0.027    4.658  -10.000    -1764.4780   -21494.7969
24   4  12.182  41101.340 187.910   0.009    5.895  -10.000    -1764.4780   -21494.7969
25   4  12.182  41101.340 187.910   0.125    7.673  -10.000    -1764.4780   -21494.7969
27   4  12.182  41101.340 187.910  -0.003    6.820  -10.000    -1764.4780   -21494.7969
23   4  12.182  41114.328 211.729   0.011    4.305  -10.000    -1763.4119   -21481.8086
24   4  12.182  41114.328 211.729   0.003    5.400  -10.000    -1763.4119   -21481.8086
25   4  12.182  41114.328 211.729   0.103    7.085  -10.000    -1763.4119   -21481.8086
27   4  12.182  41114.328 211.729   0.103    6.295  -10.000    -1763.4119   -21481.8086
23   4  12.182  41115.320 241.084  -0.077    4.168  -10.000    -1763.3303   -21480.8164
24   4  12.182  41115.320 241.084  -0.114    5.243  -10.000    -1763.3303   -21480.8164
25   4  12.182  41115.320 241.084  -0.114    6.832  -10.000    -1763.3303   -21480.8164
27   4  12.182  41115.320 241.084  -0.038    6.122  -10.000    -1763.3303   -21480.8164
23   4  12.182  41116.336 271.099  -0.003    4.428  -10.000    -1763.2469   -21479.8008
24   4  12.182  41116.336 271.099   0.032    5.720  -10.000    -1763.2469   -21479.8008
27   4  12.182  41116.336 271.099  -0.002    6.625  -10.000    -1763.2469   -21479.8008
23   4  12.182  41117.355 301.201  -0.031    4.548  -10.000    -1763.1633   -21478.7812
24   4  12.182  41117.355 301.201  -0.048    5.920  -10.000    -1763.1633   -21478.7812
25   4  12.182  41117.355 301.201  -0.171    7.525  -10.000    -1763.1633   -21478.7812
27   4  12.182  41117.355 301.201  -0.053    6.975  -10.000    -1763.1633   -21478.7812
23   4  12.182  41122.328  88.154  -0.065    5.128  -10.000    -1762.7551   -21473.8086
24   4  12.182  41122.328  88.154  -0.110    6.738  -10.000    -1762.7551   -21473.8086
25   4  12.182  41122.328  88.154   0.078    8.788  -10.000    -1762.7551   -21473.8086
27   4  12.182  41122.328  88.154  -0.128    8.028  -10.000    -1762.7551   -21473.8086
23   4  12.182  41123.305 117.026  -0.002    5.060  -10.000    -1762.6749   -21472.8320
24   4  12.182  41123.305 117.026  -0.031    6.560  -10.000    -1762.6749   -21472.8320
25   4  12.182  41123.305 117.026  -0.165    8.225  -10.000    -1762.6749   -21472.8320
27   4  12.182  41123.305 117.026   0.056    7.837  -10.000    -1762.6749   -21472.8320
23   4  12.182  41124.301 146.470  -0.011    4.850  -10.000    -1762.5931   -21471.8359
24   4  12.182  41124.301 146.470   0.046    6.280  -10.000    -1762.5931   -21471.8359
25   4  12.182  41124.301 146.470  -0.220    7.735  -10.000    -1762.5931   -21471.8359
27   4  12.182  41124.301 146.470   0.022    7.303  -10.000    -1762.5931   -21471.8359
23   4  12.182  41130.297 323.657  -0.019    4.658  -10.000    -1762.1010   -21465.8398
24   4  12.182  41130.297 323.657  -0.082    6.065  -10.000    -1762.1010   -21465.8398
25   4  12.182  41130.297 323.657  -0.218    7.698  -10.000    -1762.1010   -21465.8398
27   4  12.182  41130.297 323.657  -0.017    7.265  -10.000    -1762.1010   -21465.8398
23   4  12.182  41131.309 353.540  -0.019    4.807  -10.000    -1762.0179   -21464.8281
24   4  12.182  41131.309 353.540  -0.106    6.285  -10.000    -1762.0179   -21464.8281
25   4  12.182  41131.309 353.540   0.246    8.453  -10.000    -1762.0179   -21464.8281
27   4  12.182  41131.309 353.540  -0.029    7.585  -10.000    -1762.0179   -21464.8281
23   4  12.182  41132.309  23.115  -0.060    4.927  -10.000    -1761.9358   -21463.8281
24   4  12.182  41132.309  23.115  -0.104    6.525  -10.000    -1761.9358   -21463.8281
25   4  12.182  41132.309  23.115  -0.216    8.267  -10.000    -1761.9358   -21463.8281
27   4  12.182  41132.309  23.115  -0.236    7.688  -10.000    -1761.9358   -21463.8281
23   4  12.182  41146.273  75.806  -0.042    5.153  -10.000    -1760.7894   -21449.8633
24   4  12.182  41146.273  75.806  -0.102    6.773  -10.000    -1760.7894   -21449.8633
27   4  12.182  41146.273  75.806  -0.201    8.005  -10.000    -1760.7894   -21449.8633
23   4  12.182  41147.266 105.117  -0.036    5.100  -10.000    -1760.7080   -21448.8711
24   4  12.182  41147.266 105.117  -0.063    6.662  -10.000    -1760.7080   -21448.8711
25   4  12.182  41147.266 105.117  -0.212    8.342  -10.000    -1760.7080   -21448.8711
27   4  12.182  41147.266 105.117  -0.198    7.775  -10.000    -1760.7080   -21448.8711
23   4  12.182  41148.250 134.209   0.044    4.975  -10.000    -1760.6272   -21447.8867
24   4  12.182  41148.250 134.209   0.067    6.425  -10.000    -1760.6272   -21447.8867
25   4  12.182  41148.250 134.209   0.131    8.238  -10.000    -1760.6272   -21447.8867
27   4  12.182  41148.250 134.209   0.152    7.608  -10.000    -1760.6272   -21447.8867
23   4  12.182  41149.258 164.004  -0.017    4.767  -10.000    -1760.5444   -21446.8789
24   4  12.182  41149.258 164.004   0.020    6.130  -10.000    -1760.5444   -21446.8789
25   4  12.182  41149.258 164.004  -0.175    7.633  -10.000    -1760.5444   -21446.8789
27   4  12.182  41149.258 164.004   0.115    7.227  -10.000    -1760.5444   -21446.8789
23   4  12.182  41154.238 311.177  -0.014    4.613  -10.000    -1760.1356   -21441.8984
24   4  12.182  41154.238 311.177  -0.093    5.960  -10.000    -1760.1356   -21441.8984
25   4  12.182  41154.238 311.177  -0.156    7.645  -10.000    -1760.1356   -21441.8984
27   4  12.182  41154.238 311.177   0.123    7.273  -10.000    -1760.1356   -21441.8984
23   4  12.182  41155.254 341.191  -0.019    4.745  -10.000    -1760.0522   -21440.8828
24   4  12.182  41155.254 341.191  -0.046    6.245  -10.000    -1760.0522   -21440.8828
25   4  12.182  41155.254 341.191  -0.069    8.020  -10.000    -1760.0522   -21440.8828
27   4  12.182  41155.254 341.191  -0.120    7.360  -10.000    -1760.0522   -21440.8828
23   4  12.182  41156.246  10.503  -0.030    4.892  -10.000    -1759.9708   -21439.8906
24   4  12.182  41156.246  10.503  -0.123    6.412  -10.000    -1759.9708   -21439.8906
25   4  12.182  41156.246  10.503  -0.114    8.262  -10.000    -1759.9708   -21439.8906
27   4  12.182  41156.246  10.503  -0.246    7.557  -10.000    -1759.9708   -21439.8906
23   4  12.182  41162.211 186.768  -0.038    4.605  -10.000    -1759.4812   -21433.9258
24   4  12.182  41162.211 186.768   0.020    5.925  -10.000    -1759.4812   -21433.9258
25   4  12.182  41162.211 186.768  -0.072    7.497  -10.000    -1759.4812   -21433.9258
27   4  12.182  41162.211 186.768   0.088    6.935  -10.000    -1759.4812   -21433.9258
 0  55  12.182  45391.773 258.398   1.905  -19.130    1.230    -1412.2822   -17204.3633
 0  55  12.182  45394.805 347.959  -0.990   -7.010    0.870    -1412.0334   -17201.3320
 0  55  12.182  45397.781  75.938  -0.821   13.540    1.420    -1411.7891   -17198.3555
 0  55  12.182  45399.723 133.286  -5.925   10.430    1.620    -1411.6298   -17196.4141
18 163  12.182  47883.746 100.898  -0.031   11.983  -10.000    -1207.7197   -14712.3906
18 163  12.182  47883.762 101.382   0.021   12.032  -10.000    -1207.7184   -14712.3750
18 163  12.182  47883.836 103.579  -0.008   11.994  -10.000    -1207.7123   -14712.3008
18 163  12.182  47883.852 104.019  -0.071   11.929  -10.000    -1207.7111   -14712.2852
18 163  12.182  47915.391 316.055   0.093   11.608  -10.000    -1205.1221   -14680.7461
18 163  12.182  47915.465 318.252   0.034   11.557  -10.000    -1205.1160   -14680.6719
18 163  12.182  47915.480 318.735   0.041   11.565  -10.000    -1205.1146   -14680.6562
18 163  12.182  47945.145 115.356   0.024   11.960  -10.000    -1202.6796   -14650.9922
18 163  12.182  47945.156 115.708   0.011   11.944  -10.000    -1202.6786   -14650.9805
18 163  12.182  47967.375  52.295   0.045   12.031  -10.000    -1200.8547   -14628.7617
18 163  12.182  47967.449  54.492  -0.119   11.876  -10.000    -1200.8486   -14628.6875
18 163  12.182  47967.465  54.976   0.054   12.051  -10.000    -1200.8473   -14628.6719
18 163  12.182  47967.539  57.129   0.194   12.200  -10.000    -1200.8413   -14628.5977
18 163  12.182  47967.719  62.446   0.020   12.045  -10.000    -1200.8265   -14628.4180
18 163  12.182  48013.480 334.819  -0.023   11.571  -10.000    -1197.0699   -14582.6562
18 163  12.182  48013.492 335.171   0.038   11.634  -10.000    -1197.0690   -14582.6445
18 163  12.182  48013.570 337.456   0.005   11.613  -10.000    -1197.0626   -14582.5664
18 163  12.182  48013.582 337.808   0.048   11.658  -10.000    -1197.0616   -14582.5547
18 163  12.182  48013.672 340.444   0.058   11.680  -10.000    -1197.0543   -14582.4648
18 163  12.182  48031.609 150.557  -0.029   11.683  -10.000    -1195.5818   -14564.5273
18 163  12.182  48031.699 153.193   0.005   11.705  -10.000    -1195.5745   -14564.4375
18 163  12.182  48031.715 153.677   0.059   11.757  -10.000    -1195.5731   -14564.4219
18 163  12.182  48031.789 155.874   0.128   11.817  -10.000    -1195.5670   -14564.3477
18 163  12.182  48031.805 156.313   0.052   11.739  -10.000    -1195.5658   -14564.3320
18 163  12.182  48031.879 158.511  -0.007   11.672  -10.000    -1195.5597   -14564.2578
18 163  12.182  48031.891 158.862  -0.021   11.656  -10.000    -1195.5587   -14564.2461
18 163  12.182  48032.055 163.696   0.009   11.669  -10.000    -1195.5453   -14564.0820
18 163  12.182  48070.445 218.232  -0.033   11.089  -10.000    -1192.3938   -14525.6914
18 163  12.182  48070.520 220.430  -0.078   11.031  -10.000    -1192.3877   -14525.6172
18 163  12.182  48161.684  34.497  -0.049   11.851  -10.000    -1184.9042   -14434.4531
18 163  12.182  48161.758  36.694   0.049   11.960  -10.000    -1184.8981   -14434.3789
18 163  12.182  48161.773  37.134   0.027   11.941  -10.000    -1184.8969   -14434.3633
18 163  12.182  48161.848  39.331   0.084   12.008  -10.000    -1184.8907   -14434.2891
18 163  12.182  48172.781   2.461  -0.008   11.727  -10.000    -1183.9932   -14423.3555
18 163  12.182  48172.797   2.900   0.015   11.753  -10.000    -1183.9919   -14423.3398
18 163  12.182  48172.871   5.098   0.119   11.870  -10.000    -1183.9858   -14423.2656
18 163  12.182  48172.883   5.449   0.043   11.796  -10.000    -1183.9849   -14423.2539
18 163  12.182  48213.371 121.948   0.058   11.948  -10.000    -1180.6613   -14382.7656
18 163  12.182  48213.387 122.432  -0.033   11.853  -10.000    -1180.6599   -14382.7500
18 163  12.182  48225.828 130.078   0.038   11.866  -10.000    -1179.6387   -14370.3086
18 163  12.182  48226.008 135.396   0.015   11.807  -10.000    -1179.6239   -14370.1289
18 163  12.182  48260.922  87.188   0.043   12.090  -10.000    -1176.7578   -14335.2148
18 163  12.182  48261.082  91.890  -0.040   12.002  -10.000    -1176.7448   -14335.0547
18 163  12.182  48284.914  76.201   0.051   12.099  -10.000    -1174.7883   -14311.2227
18 163  12.182  48285.078  81.035   0.027   12.075  -10.000    -1174.7749   -14311.0586
18 163  12.182  48311.379 138.252   0.054   11.830  -10.000    -1172.6160   -14284.7578
18 163  12.182  48311.395 138.735   0.144   11.917  -10.000    -1172.6146   -14284.7422
18 163  12.182  48311.484 141.372   0.020   11.779  -10.000    -1172.6073   -14284.6523
18 163  12.182  48351.824 253.521   0.049   11.259  -10.000    -1169.2958   -14244.3125
18 163  12.182  48351.898 255.718   0.054   11.278  -10.000    -1169.2897   -14244.2383
18 163  12.182  48351.914 256.157   0.072   11.300  -10.000    -1169.2885   -14244.2227
18 163  12.182  48368.164  16.392   0.054   11.865  -10.000    -1167.9545   -14227.9727
18 163  12.182  48368.254  19.028   0.130   11.953  -10.000    -1167.9471   -14227.8828
18 163  12.182  48368.266  19.380  -0.001   11.824  -10.000    -1167.9462   -14227.8711
18 163  12.182  48368.355  22.017   0.168   12.006  -10.000    -1167.9388   -14227.7812
18 163  12.182  48368.520  26.895   0.212   12.074  -10.000    -1167.9253   -14227.6172
18 163  12.182  48368.609  29.531   0.098   11.972  -10.000    -1167.9180   -14227.5273
18 163  12.182  48368.695  32.080   0.007   11.895  -10.000    -1167.9109   -14227.4414
18 163  12.182  48413.586 278.701   0.008   11.359  -10.000    -1164.2258   -14182.5508
18 163  12.182  48413.746 283.403   0.079   11.453  -10.000    -1164.2128   -14182.3906
18 163  12.182  48413.836 286.084  -0.012   11.374  -10.000    -1164.2053   -14182.3008
18 163  12.182  48467.949  85.210  -0.165   11.884  -10.000    -1159.7633   -14128.1875
18 163  12.182  48468.055  88.330   0.047   12.094  -10.000    -1159.7546   -14128.0820
18 163  12.182  48468.125  90.396  -0.112   11.932  -10.000    -1159.7489   -14128.0117
18 163  12.182  48503.125  44.736   0.056   12.006  -10.000    -1156.8757   -14093.0117
18 163  12.182  48503.141  45.176  -0.018   11.935  -10.000    -1156.8745   -14092.9961
18 163  12.182  48518.516 139.570   0.022   11.790  -10.000    -1155.6123   -14077.6211
18 163  12.182  48518.590 141.768   0.050   11.807  -10.000    -1155.6062   -14077.5469
18 163  12.182  48518.695 144.844  -0.003   11.738  -10.000    -1155.5977   -14077.4414
18 163  12.182  48559.391 267.495   0.150   11.439  -10.000    -1152.2570   -14036.7461
18 163  12.182  48559.406 267.935   0.062   11.354  -10.000    -1152.2557   -14036.7305
18 163  12.182  48559.480 270.132   0.111   11.415  -10.000    -1152.2496   -14036.6562
18 163  12.182  48559.496 270.615   0.056   11.362  -10.000    -1152.2483   -14036.6406
18 163  12.182  48568.738 183.735   0.065   11.616  -10.000    -1151.4896   -14027.3984
18 163  12.182  48568.812 185.933   0.034   11.564  -10.000    -1151.4835   -14027.3242
18 163  12.182  48606.938 232.603  -0.024   11.075  -10.000    -1148.3539   -13989.1992
18 163  12.182  48607.008 234.668  -0.075   11.031  -10.000    -1148.3481   -13989.1289
18 163  12.182  48607.023 235.107  -0.022   11.085  -10.000    -1148.3469   -13989.1133
18 163  12.182  48626.027  76.729   0.001   12.049  -10.000    -1146.7869   -13970.1094
18 163  12.182  48626.043  77.212   0.128   12.176  -10.000    -1146.7855   -13970.0938
18 163  12.182  48626.133  79.849   0.028   12.076  -10.000    -1146.7782   -13970.0039
18 163  12.182  48655.984 242.007  -0.013   11.123  -10.000    -1144.3278   -13940.1523
18 163  12.182  48656.059 244.204   0.001   11.150  -10.000    -1144.3217   -13940.0781
18 163  12.182  48656.074 244.688   0.078   11.229  -10.000    -1144.3203   -13940.0625
18 163  12.182  48656.148 246.885   0.144   11.309  -10.000    -1144.3142   -13939.9883
18 163  12.182  48688.848 133.198   0.106   11.912  -10.000    -1141.6300   -13907.2891
18 163  12.182  48688.859 133.550   0.062   11.866  -10.000    -1141.6290   -13907.2773
18 163  12.182  48688.938 135.835   0.075   11.864  -10.000    -1141.6227   -13907.1992
18 163  12.182  48688.949 136.187   0.141   11.928  -10.000    -1141.6217   -13907.1875
18 163  12.182  48709.215  15.073   0.099   11.904  -10.000    -1139.9581   -13886.9219
18 163  12.182  48709.305  17.754   0.093   11.910  -10.000    -1139.9507   -13886.8320
18 163  12.182  48709.391  20.259   0.128   11.957  -10.000    -1139.9437   -13886.7461
18 163  12.182  48755.953 316.274   0.003   11.519  -10.000    -1136.1215   -13840.1836
18 163  12.182  48756.031 318.604   0.071   11.596  -10.000    -1136.1150   -13840.1055
18 163  12.182  48756.043 318.955   0.044   11.570  -10.000    -1136.1140   -13840.0938
18 163  12.182  48776.734 210.410  -0.026   11.173  -10.000    -1134.4155   -13819.4023
18 163  12.182  48776.750 210.850  -0.059   11.134  -10.000    -1134.4143   -13819.3867
18 163  12.182  48776.824 213.047  -0.033   11.136  -10.000    -1134.4082   -13819.3125
18 163  12.182  48776.840 213.530  -0.026   11.137  -10.000    -1134.4069   -13819.2969
18 163  12.182  48776.914 215.728  -0.128   11.014  -10.000    -1134.4008   -13819.2227
18 163  12.182  48776.930 216.167  -0.075   11.063  -10.000    -1134.3995   -13819.2070
18 163  12.182  48777.094 221.045  -0.052   11.054  -10.000    -1134.3860   -13819.0430
18 163  12.182  48953.840  44.209   0.035   11.983  -10.000    -1119.8772   -13642.2969
18 163  12.182  48953.914  46.406  -0.031   11.927  -10.000    -1119.8711   -13642.2227
18 163  12.182  48969.297 140.977   0.139   11.900  -10.000    -1118.6084   -13626.8398
18 163  12.182  48969.312 141.460  -0.079   11.680  -10.000    -1118.6071   -13626.8242
18 163  12.182  48969.402 144.097  -0.007   11.738  -10.000    -1118.5997   -13626.7344
11  43  12.182  48340.672 283.931  -0.064    8.572  -10.000    -1170.2113   -14255.4648
12  43  12.182  48340.672 283.931  -0.062    8.076  -10.000    -1170.2113   -14255.4648
13  43  12.182  48340.672 283.931  -0.098    7.866  -10.000    -1170.2113   -14255.4648
11  43  12.182  48341.719 314.868  -0.046    8.593  -10.000    -1170.1254   -14254.4180
12  43  12.182  48341.719 314.868  -0.053    8.063  -10.000    -1170.1254   -14254.4180
13  43  12.182  48341.719 314.868  -0.080    7.855  -10.000    -1170.1254   -14254.4180
11  43  12.182  48342.711 344.180  -0.037    8.630  -10.000    -1170.0439   -14253.4258
12  43  12.182  48342.711 344.180  -0.056    8.070  -10.000    -1170.0439   -14253.4258
13  43  12.182  48342.711 344.180  -0.086    7.853  -10.000    -1170.0439   -14253.4258
 1   2  12.182  41760.758 234.976   0.032   12.800  -10.000    -1710.3473   -20835.3789
 2   2  12.182  41760.758 234.976  -0.096   11.980  -10.000    -1710.3473   -20835.3789
 3   2  12.182  41760.758 234.976  -0.027   10.960  -10.000    -1710.3473   -20835.3789
 1   2  12.182  41762.781 294.785   0.202   13.810  -10.000    -1710.1812   -20833.3555
 2   2  12.182  41762.781 294.785   0.047   12.670  -10.000    -1710.1812   -20833.3555
 3   2  12.182  41762.781 294.785   0.050   11.360  -10.000    -1710.1812   -20833.3555
 1   2  12.182  41764.789 354.111   0.077   14.340  -10.000    -1710.0164   -20831.3477
 2   2  12.182  41764.789 354.111   0.049   13.110  -10.000    -1710.0164   -20831.3477
 3   2  12.182  41764.789 354.111   0.058   11.640  -10.000    -1710.0164   -20831.3477
 1   2  12.182  41765.777  23.291  -0.033   14.530  -10.000    -1709.9353   -20830.3594
 2   2  12.182  41765.777  23.291   0.001   13.280  -10.000    -1709.9353   -20830.3594
 3   2  12.182  41765.777  23.291   0.053   11.790  -10.000    -1709.9353   -20830.3594
 1   2  12.182  41767.805  83.232   0.333   15.150  -10.000    -1709.7688   -20828.3320
 2   2  12.182  41767.805  83.232  -0.016   13.490  -10.000    -1709.7688   -20828.3320
 3   2  12.182  41767.805  83.232  -0.023   11.920  -10.000    -1709.7688   -20828.3320
 1   2  12.182  41768.801 112.676  -0.001   14.500  -10.000    -1709.6870   -20827.3359
 2   2  12.182  41768.801 112.676   0.037   13.350  -10.000    -1709.6870   -20827.3359
 3   2  12.182  41768.801 112.676   0.046   11.890  -10.000    -1709.6870   -20827.3359
 1   2  12.182  41769.785 141.768   0.302   14.300  -10.000    -1709.6062   -20826.3516
 2   2  12.182  41769.785 141.768   0.128   13.110  -10.000    -1709.6062   -20826.3516
 3   2  12.182  41769.785 141.768   0.086   11.730  -10.000    -1709.6062   -20826.3516
 1   2  12.182  41770.820 172.354   0.051   13.760  -10.000    -1709.5212   -20825.3164
 2   2  12.182  41770.820 172.354   0.039   12.820  -10.000    -1709.5212   -20825.3164
 3   2  12.182  41770.820 172.354   0.029   11.540  -10.000    -1709.5212   -20825.3164
 1   2  12.182  41771.781 200.742   0.199   13.360  -10.000    -1709.4424   -20824.3555
 2   2  12.182  41771.781 200.742   0.122   12.500  -10.000    -1709.4424   -20824.3555
 3   2  12.182  41771.781 200.742   0.121   11.340  -10.000    -1709.4424   -20824.3555
 1   2  12.182  41772.801 230.845   0.027   12.760  -10.000    -1709.3588   -20823.3359
 2   2  12.182  41772.801 230.845  -0.094   11.960  -10.000    -1709.3588   -20823.3359
 3   2  12.182  41772.801 230.845  -0.055   10.920  -10.000    -1709.3588   -20823.3359
 1   2  12.182  41773.789 260.068   0.135   13.270  -10.000    -1709.2776   -20822.3477
 2   2  12.182  41773.789 260.068   0.022   12.340  -10.000    -1709.2776   -20822.3477
 3   2  12.182  41773.789 260.068   0.026   11.160  -10.000    -1709.2776   -20822.3477
 1   2  12.182  42213.570 296.455   0.072   13.700  -10.000    -1673.1765   -20382.5664
 2   2  12.182  42213.570 296.455   0.064   12.700  -10.000    -1673.1765   -20382.5664
 3   2  12.182  42213.570 296.455   0.073   11.390  -10.000    -1673.1765   -20382.5664
 1   2  12.182  42214.539 325.063   0.022   13.970  -10.000    -1673.0970   -20381.5977
 2   2  12.182  42214.539 325.063   0.017   12.860  -10.000    -1673.0970   -20381.5977
 3   2  12.182  42214.539 325.063   0.042   11.480  -10.000    -1673.0970   -20381.5977
 1   2  12.182  42216.535  24.082  -0.040   14.530  -10.000    -1672.9331   -20379.6016
 2   2  12.182  42216.535  24.082  -0.024   13.260  -10.000    -1672.9331   -20379.6016
 3   2  12.182  42216.535  24.082  -0.041   11.700  -10.000    -1672.9331   -20379.6016
 1   2  12.182  42219.527 112.500   0.116   14.620  -10.000    -1672.6875   -20376.6094
 2   2  12.182  42219.527 112.500   0.065   13.380  -10.000    -1672.6875   -20376.6094
 3   2  12.182  42219.527 112.500   0.025   11.870  -10.000    -1672.6875   -20376.6094
 1   2  12.182  42220.527 142.031   0.215   14.210  -10.000    -1672.6055   -20375.6094
 2   2  12.182  42220.527 142.031   0.161   13.140  -10.000    -1672.6055   -20375.6094
 3   2  12.182  42220.527 142.031   0.107   11.750  -10.000    -1672.6055   -20375.6094
 1   2  12.182  42221.523 171.475   0.093   13.810  -10.000    -1672.5237   -20374.6133
 2   2  12.182  42221.523 171.475   0.044   12.830  -10.000    -1672.5237   -20374.6133
 3   2  12.182  42221.523 171.475  -0.015   11.500  -10.000    -1672.5237   -20374.6133
 0 123  12.182  41789.539   5.493  -0.212   -1.700  -10.000    -1707.9847   -20806.5977
 0 123  12.182  41790.527  34.717   0.442    9.500  -10.000    -1707.9036   -20805.6094
 1 123  12.182  41773.570 253.608   0.105   13.140  -10.000    -1709.2955   -20822.5664
 2 123  12.182  41773.570 253.608  -0.082   12.170  -10.000    -1709.2955   -20822.5664
 3 123  12.182  41773.570 253.608   0.076   11.170  -10.000    -1709.2955   -20822.5664
 1 123  12.182  41778.547  40.693  -0.087   14.620  -10.000    -1708.8870   -20817.5898
 2 123  12.182  41778.547  40.693  -0.111   13.280  -10.000    -1708.8870   -20817.5898
 3 123  12.182  41778.547  40.693  -0.025   11.800  -10.000    -1708.8870   -20817.5898
 1 123  12.182  41779.570  70.928  -0.157   14.690  -10.000    -1708.8030   -20816.5664
 2 123  12.182  41779.570  70.928  -0.126   13.390  -10.000    -1708.8030   -20816.5664
 3 123  12.182  41779.570  70.928  -0.118   11.820  -10.000    -1708.8030   -20816.5664
 1 123  12.182  41783.832 196.875   0.129   13.400  -10.000    -1708.4531   -20812.3047
 2 123  12.182  41783.832 196.875  -0.109   12.350  -10.000    -1708.4531   -20812.3047
 3 123  12.182  41783.832 196.875  -0.137   11.140  -10.000    -1708.4531   -20812.3047
 1 123  12.182  41784.863 227.329  -0.017   12.700  -10.000    -1708.3685   -20811.2734
 2 123  12.182  41784.863 227.329  -0.165   11.880  -10.000    -1708.3685   -20811.2734
 3 123  12.182  41784.863 227.329  -0.121   10.850  -10.000    -1708.3685   -20811.2734
 1 123  12.182  41785.578 248.467   0.059   13.010  -10.000    -1708.3098   -20810.5586
 2 123  12.182  41785.578 248.467  -0.006   12.190  -10.000    -1708.3098   -20810.5586
 3 123  12.182  41785.578 248.467  -0.028   11.030  -10.000    -1708.3098   -20810.5586
