 2  79  31.081  48503.348 148.258  -0.018   13.731  -10.000       78.4118     2437.0898
 3  79  31.081  48503.348 148.258  -0.030   11.534  -10.000       78.4118     2437.0898
 4  79  31.081  48503.348 148.258  -0.032   10.270  -10.000       78.4118     2437.0898
 2  79  31.081  48504.277 159.027   0.002   13.462  -10.000       78.4417     2438.0195
 3  79  31.081  48504.277 159.027  -0.006   11.373  -10.000       78.4417     2438.0195
 4  79  31.081  48504.277 159.027  -0.045   10.116  -10.000       78.4417     2438.0195
 2  79  31.081  48505.309 170.972  -0.071   12.865  -10.000       78.4749     2439.0508
 3  79  31.081  48505.309 170.972  -0.064   10.965  -10.000       78.4749     2439.0508
 4  79  31.081  48505.309 170.972  -0.080    9.804  -10.000       78.4749     2439.0508
 2  79  31.081  48506.316 182.645  -0.096   12.325  -10.000       78.5073     2440.0586
 3  79  31.081  48506.316 182.645  -0.103   10.573  -10.000       78.5073     2440.0586
 4  79  31.081  48506.316 182.645  -0.110    9.487  -10.000       78.5073     2440.0586
 2  79  31.081  48507.297 193.999   0.012   12.204  -10.000       78.5389     2441.0391
 3  79  31.081  48507.297 193.999  -0.024   10.483  -10.000       78.5389     2441.0391
 4  79  31.081  48507.297 193.999  -0.021    9.432  -10.000       78.5389     2441.0391
 2  79  31.081  48508.258 205.131   0.051   12.239  -10.000       78.5698     2442.0000
 3  79  31.081  48508.258 205.131  -0.002   10.482  -10.000       78.5698     2442.0000
 4  79  31.081  48508.258 205.131   0.006    9.429  -10.000       78.5698     2442.0000
 2  79  31.081  48509.312 217.348   0.036   12.314  -10.000       78.6037     2443.0547
 3  79  31.081  48509.312 217.348   0.033   10.554  -10.000       78.6037     2443.0547
 4  79  31.081  48509.312 217.348   0.019    9.457  -10.000       78.6037     2443.0547
 2  79  31.081  48510.297 228.749   0.054   12.440  -10.000       78.6354     2444.0391
 3  79  31.081  48510.297 228.749   0.023   10.596  -10.000       78.6354     2444.0391
 4  79  31.081  48510.297 228.749   0.025    9.491  -10.000       78.6354     2444.0391
 2  79  31.081  48511.305 240.422   0.054   12.541  -10.000       78.6678     2445.0469
 3  79  31.081  48511.305 240.422   0.041   10.661  -10.000       78.6678     2445.0469
 4  79  31.081  48511.305 240.422   0.038    9.529  -10.000       78.6678     2445.0469
 2  79  31.081  48512.289 251.823   0.056   12.646  -10.000       78.6995     2446.0312
 3  79  31.081  48512.289 251.823   0.065   10.737  -10.000       78.6995     2446.0312
 4  79  31.081  48512.289 251.823   0.029    9.551  -10.000       78.6995     2446.0312
 2  79  31.081  48513.301 263.543   0.062   12.752  -10.000       78.7321     2447.0430
 3  79  31.081  48513.301 263.543   0.045   10.768  -10.000       78.7321     2447.0430
 4  79  31.081  48513.301 263.543   0.033    9.585  -10.000       78.7321     2447.0430
 2  79  31.081  48514.305 275.172   0.012   12.807  -10.000       78.7644     2448.0469
 3  79  31.081  48514.305 275.172   0.020   10.800  -10.000       78.7644     2448.0469
 4  79  31.081  48514.305 275.172   0.016    9.606  -10.000       78.7644     2448.0469
 2  79  31.081  48515.238 285.985   0.001   12.873  -10.000       78.7944     2448.9805
 3  79  31.081  48515.238 285.985   0.044   10.864  -10.000       78.7944     2448.9805
 4  79  31.081  48515.238 285.985   0.041    9.654  -10.000       78.7944     2448.9805
 2  79  31.081  48516.227 297.430   0.038   12.993  -10.000       78.8262     2449.9688
 3  79  31.081  48516.227 297.430   0.024   10.890  -10.000       78.8262     2449.9688
 4  79  31.081  48516.227 297.430   0.032    9.677  -10.000       78.8262     2449.9688
 2  79  31.081  48517.316 310.053   0.007   13.045  -10.000       78.8613     2451.0586
 3  79  31.081  48517.316 310.053   0.040   10.953  -10.000       78.8613     2451.0586
 4  79  31.081  48517.316 310.053   0.023    9.700  -10.000       78.8613     2451.0586
 2  79  31.081  48518.230 320.641   0.038   13.149  -10.000       78.8907     2451.9727
 3  79  31.081  48518.230 320.641   0.041   10.999  -10.000       78.8907     2451.9727
 4  79  31.081  48518.230 320.641   0.034    9.744  -10.000       78.8907     2451.9727
 2  79  31.081  48519.277 332.768   0.009   13.209  -10.000       78.9244     2453.0195
 3  79  31.081  48519.277 332.768   0.037   11.053  -10.000       78.9244     2453.0195
 4  79  31.081  48519.277 332.768   0.028    9.782  -10.000       78.9244     2453.0195
 2  79  31.081  48520.266 344.215   0.002   13.285  -10.000       78.9562     2454.0078
 3  79  31.081  48520.266 344.215   0.042   11.113  -10.000       78.9562     2454.0078
 4  79  31.081  48520.266 344.215   0.031    9.829  -10.000       78.9562     2454.0078
 2  79  31.081  48521.305 356.251   0.014   13.385  -10.000       78.9896     2455.0469
 3  79  31.081  48521.305 356.251   0.015   11.145  -10.000       78.9896     2455.0469
 4  79  31.081  48521.305 356.251   0.037    9.882  -10.000       78.9896     2455.0469
 2  79  31.081  48522.270   7.427   0.035   13.483  -10.000       79.0206     2456.0117
 3  79  31.081  48522.270   7.427   0.027   11.210  -10.000       79.0206     2456.0117
 4  79  31.081  48522.270   7.427   0.031    9.919  -10.000       79.0206     2456.0117
 2  79  31.081  48523.262  18.918   0.016   13.543  -10.000       79.0526     2457.0039
 3  79  31.081  48523.262  18.918   0.030   11.271  -10.000       79.0526     2457.0039
 4  79  31.081  48523.262  18.918   0.035    9.972  -10.000       79.0526     2457.0039
 2  79  31.081  46606.402 136.371   0.008   13.858  -10.000       17.3788      540.1445
 3  79  31.081  46606.402 136.371  -0.011   11.601  -10.000       17.3788      540.1445
 4  79  31.081  46606.402 136.371  -0.045   10.284  -10.000       17.3788      540.1445
 2  79  31.081  46607.453 148.542   0.029   13.773  -10.000       17.4126      541.1953
 3  79  31.081  46607.453 148.542  -0.024   11.537  -10.000       17.4126      541.1953
 4  79  31.081  46607.453 148.542  -0.045   10.255  -10.000       17.4126      541.1953
 1  79  31.081  46608.359 159.039  -0.018   15.257  -10.000       17.4418      542.1016
 2  79  31.081  46608.359 159.039  -0.003   13.456  -10.000       17.4418      542.1016
 3  79  31.081  46608.359 159.039  -0.030   11.349  -10.000       17.4418      542.1016
 4  79  31.081  46608.359 159.039  -0.053   10.108  -10.000       17.4418      542.1016
 1  79  31.081  46609.391 170.984  -0.051   14.474  -10.000       17.4750      543.1328
 2  79  31.081  46609.391 170.984  -0.064   12.871  -10.000       17.4750      543.1328
 3  79  31.081  46609.391 170.984  -0.067   10.962  -10.000       17.4750      543.1328
 4  79  31.081  46609.391 170.984  -0.078    9.806  -10.000       17.4750      543.1328
 1  79  31.081  46610.422 182.929  -0.171   13.615  -10.000       17.5081      544.1641
 2  79  31.081  46610.422 182.929  -0.167   12.244  -10.000       17.5081      544.1641
 3  79  31.081  46610.422 182.929  -0.158   10.511  -10.000       17.5081      544.1641
 4  79  31.081  46610.422 182.929  -0.139    9.453  -10.000       17.5081      544.1641
 1  79  31.081  46611.367 193.878   0.038   13.532  -10.000       17.5385      545.1094
 2  79  31.081  46611.367 193.878  -0.054   12.139  -10.000       17.5385      545.1094
 3  79  31.081  46611.367 193.878  -0.080   10.428  -10.000       17.5385      545.1094
 4  79  31.081  46611.367 193.878  -0.078    9.376  -10.000       17.5385      545.1094
 1  79  31.081  46612.383 205.641   0.120   13.637  -10.000       17.5712      546.1250
 2  79  31.081  46612.383 205.641   0.015   12.205  -10.000       17.5712      546.1250
 3  79  31.081  46612.383 205.641  -0.011   10.474  -10.000       17.5712      546.1250
 4  79  31.081  46612.383 205.641  -0.019    9.403  -10.000       17.5712      546.1250
 1  79  31.081  46613.359 216.953   0.062   13.728  -10.000       17.6026      547.1016
 2  79  31.081  46613.359 216.953   0.017   12.292  -10.000       17.6026      547.1016
 3  79  31.081  46613.359 216.953   0.004   10.524  -10.000       17.6026      547.1016
 4  79  31.081  46613.359 216.953   0.003    9.440  -10.000       17.6026      547.1016
 1  79  31.081  46614.359 228.536   0.015   13.865  -10.000       17.6348      548.1016
 2  79  31.081  46614.359 228.536   0.000   12.384  -10.000       17.6348      548.1016
 3  79  31.081  46614.359 228.536   0.002   10.574  -10.000       17.6348      548.1016
 4  79  31.081  46614.359 228.536  -0.006    9.459  -10.000       17.6348      548.1016
 1  79  31.081  46615.359 240.119   0.049   14.069  -10.000       17.6670      549.1016
 2  79  31.081  46615.359 240.119   0.022   12.506  -10.000       17.6670      549.1016
 3  79  31.081  46615.359 240.119   0.028   10.647  -10.000       17.6670      549.1016
 4  79  31.081  46615.359 240.119   0.027    9.517  -10.000       17.6670      549.1016
 1  79  31.081  46616.355 251.656   0.009   14.202  -10.000       17.6990      550.0977
 2  79  31.081  46616.355 251.656   0.034   12.623  -10.000       17.6990      550.0977
 3  79  31.081  46616.355 251.656   0.015   10.687  -10.000       17.6990      550.0977
 4  79  31.081  46616.355 251.656   0.020    9.542  -10.000       17.6990      550.0977
 1  79  31.081  46617.340 263.058  -0.066   14.286  -10.000       17.7307      551.0820
 2  79  31.081  46617.340 263.058   0.013   12.699  -10.000       17.7307      551.0820
 3  79  31.081  46617.340 263.058   0.005   10.726  -10.000       17.7307      551.0820
 4  79  31.081  46617.340 263.058   0.001    9.552  -10.000       17.7307      551.0820
 1  79  31.081  46618.340 274.640  -0.017   14.502  -10.000       17.7629      552.0820
 2  79  31.081  46618.340 274.640   0.000   12.791  -10.000       17.7629      552.0820
 3  79  31.081  46618.340 274.640   0.012   10.790  -10.000       17.7629      552.0820
 4  79  31.081  46618.340 274.640   0.001    9.589  -10.000       17.7629      552.0820
 2  79  31.081  46619.363 286.495   0.050   12.925  -10.000       17.7958      553.1055
 3  79  31.081  46619.363 286.495   0.040   10.861  -10.000       17.7958      553.1055
 4  79  31.081  46619.363 286.495   0.025    9.640  -10.000       17.7958      553.1055
 2  79  31.081  46620.320 297.580   0.030   12.986  -10.000       17.8266      554.0625
 3  79  31.081  46620.320 297.580   0.026   10.893  -10.000       17.8266      554.0625
 4  79  31.081  46620.320 297.580   0.020    9.665  -10.000       17.8266      554.0625
 2  79  31.081  46621.363 309.661   0.033   13.068  -10.000       17.8602      555.1055
 3  79  31.081  46621.363 309.661   0.026   10.937  -10.000       17.8602      555.1055
 4  79  31.081  46621.363 309.661   0.030    9.705  -10.000       17.8602      555.1055
 1  79  31.081  46622.344 321.017   0.133   15.160  -10.000       17.8917      556.0859
 2  79  31.081  46622.344 321.017   0.017   13.131  -10.000       17.8917      556.0859
 3  79  31.081  46622.344 321.017   0.024   10.984  -10.000       17.8917      556.0859
 4  79  31.081  46622.344 321.017   0.026    9.737  -10.000       17.8917      556.0859
 2  79  31.081  46623.379 333.007   0.013   13.215  -10.000       17.9250      557.1211
 3  79  31.081  46623.379 333.007   0.020   11.037  -10.000       17.9250      557.1211
 4  79  31.081  46623.379 333.007   0.011    9.766  -10.000       17.9250      557.1211
 2  79  31.081  46624.363 344.409   0.026   13.311  -10.000       17.9567      558.1055
 3  79  31.081  46624.363 344.409   0.037   11.109  -10.000       17.9567      558.1055
 4  79  31.081  46624.363 344.409   0.029    9.828  -10.000       17.9567      558.1055
 2  79  31.081  46625.320 355.494  -0.010   13.355  -10.000       17.9875      559.0625
 3  79  31.081  46625.320 355.494   0.038   11.164  -10.000       17.9875      559.0625
 4  79  31.081  46625.320 355.494   0.023    9.865  -10.000       17.9875      559.0625
 2  79  31.081  46626.340   7.303  -0.031   13.417  -10.000       18.0203      560.0820
 3  79  31.081  46626.340   7.303   0.010   11.192  -10.000       18.0203      560.0820
 4  79  31.081  46626.340   7.303   0.007    9.895  -10.000       18.0203      560.0820
 1  79  31.081  46627.332  18.795  -0.018   15.593  -10.000       18.0522      561.0742
 2  79  31.081  46627.332  18.795  -0.013   13.513  -10.000       18.0522      561.0742
 3  79  31.081  46627.332  18.795   0.016   11.256  -10.000       18.0522      561.0742
 4  79  31.081  46627.332  18.795   0.017    9.954  -10.000       18.0522      561.0742
 2  79  31.081  46628.340  30.469   0.009   13.594  -10.000       18.0846      562.0820
 3  79  31.081  46628.340  30.469   0.039   11.325  -10.000       18.0846      562.0820
 4  79  31.081  46628.340  30.469   0.036   10.013  -10.000       18.0846      562.0820
 2  79  31.081  46629.316  41.780  -0.007   13.641  -10.000       18.1161      563.0586
 3  79  31.081  46629.316  41.780   0.004   11.341  -10.000       18.1161      563.0586
 4  79  31.081  46629.316  41.780   0.010   10.032  -10.000       18.1161      563.0586
 2  79  31.081  46631.289  64.628  -0.068   13.644  -10.000       18.1795      565.0312
 3  79  31.081  46631.289  64.628   0.003   11.401  -10.000       18.1795      565.0312
 4  79  31.081  46631.289  64.628   0.010   10.093  -10.000       18.1795      565.0312
 2  79  31.081  46632.328  76.664  -0.065   13.673  -10.000       18.2130      566.0703
 3  79  31.081  46632.328  76.664  -0.010   11.419  -10.000       18.2130      566.0703
 4  79  31.081  46632.328  76.664  -0.010   10.106  -10.000       18.2130      566.0703
 2  79  31.081  46635.359 111.774   0.072   13.872  -10.000       18.3105      569.1016
 3  79  31.081  46635.359 111.774   0.091   11.620  -10.000       18.3105      569.1016
 4  79  31.081  46635.359 111.774   0.054   10.286  -10.000       18.3105      569.1016
 2  79  31.081  46636.324 122.949   0.102   13.928  -10.000       18.3415      570.0664
 3  79  31.081  46636.324 122.949   0.064   11.631  -10.000       18.3415      570.0664
 4  79  31.081  46636.324 122.949   0.037   10.311  -10.000       18.3415      570.0664
 2  79  31.081  44826.387  38.855  -0.104   13.527  -10.000      -39.8921    -1239.8711
 3  79  31.081  44826.387  38.855  -0.052   11.271  -10.000      -39.8921    -1239.8711
 2  79  31.081  44829.324  72.879  -0.089   13.637  -10.000      -39.7976    -1236.9336
 3  79  31.081  44829.324  72.879  -0.043   11.374  -10.000      -39.7976    -1236.9336
 2  79  31.081  44830.352  84.779  -0.061   13.699  -10.000      -39.7645    -1235.9062
 3  79  31.081  44830.352  84.779  -0.006   11.450  -10.000      -39.7645    -1235.9062
 2  79  31.081  44831.289  95.637  -0.111   13.667  -10.000      -39.7343    -1234.9688
 3  79  31.081  44831.289  95.637  -0.072   11.414  -10.000      -39.7343    -1234.9688
 2  79  31.081  44832.305 107.401  -0.015   13.779  -10.000      -39.7017    -1233.9531
 3  79  31.081  44832.305 107.401  -0.009   11.509  -10.000      -39.7017    -1233.9531
 2  79  31.081  44833.285 118.758   0.047   13.862  -10.000      -39.6701    -1232.9727
 3  79  31.081  44833.285 118.758   0.037   11.589  -10.000      -39.6701    -1232.9727
 2  79  31.081  44834.406 131.744   0.041   13.888  -10.000      -39.6340    -1231.8516
 3  79  31.081  44834.406 131.744   0.017   11.617  -10.000      -39.6340    -1231.8516
 2  79  31.081  44835.410 143.372  -0.034   13.781  -10.000      -39.6017    -1230.8477
 3  79  31.081  44835.410 143.372  -0.041   11.560  -10.000      -39.6017    -1230.8477
 2  79  31.081  44836.445 155.362   0.118   13.699  -10.000      -39.5684    -1229.8125
 3  79  31.081  44836.445 155.362   0.051   11.510  -10.000      -39.5684    -1229.8125
 2  79  31.081  44845.246 257.298  -0.025   12.612  -10.000      -39.2853    -1221.0117
 3  79  31.081  44845.246 257.298  -0.010   10.686  -10.000      -39.2853    -1221.0117
 2  79  31.081  44847.254 280.555  -0.089   12.747  -10.000      -39.2207    -1219.0039
 3  79  31.081  44847.254 280.555  -0.038   10.764  -10.000      -39.2207    -1219.0039
 2  79  31.081  44850.266 315.439  -0.052   13.023  -10.000      -39.1238    -1215.9922
 3  79  31.081  44850.266 315.439  -0.028   10.908  -10.000      -39.1238    -1215.9922
 2  79  31.081  44851.258 326.931  -0.050   13.106  -10.000      -39.0919    -1215.0000
 3  79  31.081  44851.258 326.931  -0.024   10.962  -10.000      -39.0919    -1215.0000
 2  79  31.081  44852.250 338.423   0.033   13.276  -10.000      -39.0599    -1214.0078
 3  79  31.081  44852.250 338.423   0.034   11.078  -10.000      -39.0599    -1214.0078
 2  79  31.081  44853.270 350.232  -0.048   13.278  -10.000      -39.0271    -1212.9883
 3  79  31.081  44853.270 350.232  -0.018   11.082  -10.000      -39.0271    -1212.9883
 2  79  31.081  44854.258   1.680  -0.057   13.353  -10.000      -38.9953    -1212.0000
 3  79  31.081  44854.258   1.680  -0.020   11.136  -10.000      -38.9953    -1212.0000
 2  79  31.081  44856.250  24.755  -0.120   13.438  -10.000      -38.9312    -1210.0078
 3  79  31.081  44856.250  24.755  -0.076   11.189  -10.000      -38.9312    -1210.0078
 2  79  31.081  44857.246  36.292  -0.074   13.542  -10.000      -38.8992    -1209.0117
 3  79  31.081  44857.246  36.292  -0.026   11.285  -10.000      -38.8992    -1209.0117
 2  79  31.081  44880.238 302.605   0.062   13.052  -10.000      -38.1594    -1186.0195
 3  79  31.081  44880.238 302.605   0.052   10.938  -10.000      -38.1594    -1186.0195
 2  79  31.081  44881.230 314.098  -0.007   13.058  -10.000      -38.1275    -1185.0273
 3  79  31.081  44881.230 314.098  -0.013   10.917  -10.000      -38.1275    -1185.0273
 2  79  31.081  44882.273 326.179  -0.019   13.131  -10.000      -38.0939    -1183.9844
 3  79  31.081  44882.273 326.179  -0.004   10.979  -10.000      -38.0939    -1183.9844
 2  79  31.081  44883.207 336.992  -0.006   13.227  -10.000      -38.0639    -1183.0508
 3  79  31.081  44883.207 336.992  -0.005   11.032  -10.000      -38.0639    -1183.0508
 2  79  31.081  44884.234 348.891  -0.056   13.260  -10.000      -38.0309    -1182.0234
 3  79  31.081  44884.234 348.891   0.007   11.100  -10.000      -38.0309    -1182.0234
 2  79  31.081  45174.453 110.429  -0.007   13.791  -10.000      -28.6933     -891.8047
 3  79  31.081  45174.453 110.429  -0.002   11.524  -10.000      -28.6933     -891.8047
 2  79  31.081  45176.438 133.414   0.039   13.889  -10.000      -28.6294     -889.8203
 3  79  31.081  45176.438 133.414  -0.008   11.598  -10.000      -28.6294     -889.8203
 2  79  31.081  45178.426 156.443   0.111   13.659  -10.000      -28.5654     -887.8320
 3  79  31.081  45178.426 156.443   0.036   11.473  -10.000      -28.5654     -887.8320
 2  79  31.081  45179.340 167.031   0.211   13.336  -10.000      -28.5360     -886.9180
 3  79  31.081  45179.340 167.031   0.125   11.281  -10.000      -28.5360     -886.9180
 2  79  31.081  45180.355 178.794   0.203   12.772  -10.000      -28.5033     -885.9023
 3  79  31.081  45180.355 178.794   0.090   10.869  -10.000      -28.5033     -885.9023
 2  79  31.081  45181.297 189.699   0.064   12.308  -10.000      -28.4731     -884.9609
 3  79  31.081  45181.297 189.699  -0.002   10.546  -10.000      -28.4731     -884.9609
 2  79  31.081  45182.297 201.281   0.009   12.183  -10.000      -28.4409     -883.9609
 3  79  31.081  45182.297 201.281  -0.026   10.456  -10.000      -28.4409     -883.9609
 2  79  31.081  45183.320 213.135   0.001   12.243  -10.000      -28.4080     -882.9375
 3  79  31.081  45183.320 213.135  -0.016   10.489  -10.000      -28.4080     -882.9375
 2  79  31.081  45184.340 224.944  -0.007   12.343  -10.000      -28.3752     -881.9180
 3  79  31.081  45184.340 224.944  -0.008   10.548  -10.000      -28.3752     -881.9180
 2  79  31.081  45186.375 248.518  -0.051   12.510  -10.000      -28.3097     -879.8828
 3  79  31.081  45186.375 248.518  -0.026   10.631  -10.000      -28.3097     -879.8828
 2  79  31.081  45187.344 259.738  -0.037   12.620  -10.000      -28.2785     -878.9141
 3  79  31.081  45187.344 259.738  -0.015   10.691  -10.000      -28.2785     -878.9141
 2  79  31.081  45188.336 271.230  -0.074   12.687  -10.000      -28.2466     -877.9219
 3  79  31.081  45188.336 271.230  -0.030   10.732  -10.000      -28.2466     -877.9219
 2  79  31.081  45189.363 283.130  -0.043   12.810  -10.000      -28.2135     -876.8945
 3  79  31.081  45189.363 283.130  -0.025   10.785  -10.000      -28.2135     -876.8945
 2  79  31.081  45190.387 294.984  -0.058   12.878  -10.000      -28.1806     -875.8711
 3  79  31.081  45190.387 294.984  -0.023   10.833  -10.000      -28.1806     -875.8711
 2  79  31.081  45191.379 306.477  -0.060   12.955  -10.000      -28.1487     -874.8789
 3  79  31.081  45191.379 306.477  -0.018   10.881  -10.000      -28.1487     -874.8789
 2  79  31.081  45192.387 318.150  -0.078   13.016  -10.000      -28.1163     -873.8711
 3  79  31.081  45192.387 318.150  -0.038   10.910  -10.000      -28.1163     -873.8711
 2  79  31.081  45193.402 329.913  -0.053   13.125  -10.000      -28.0836     -872.8555
 3  79  31.081  45193.402 329.913  -0.010   10.991  -10.000      -28.0836     -872.8555
 2  79  31.081  45194.387 341.315  -0.075   13.189  -10.000      -28.0519     -871.8711
 3  79  31.081  45194.387 341.315  -0.041   11.017  -10.000      -28.0519     -871.8711
 2  79  31.081  45198.398  27.782  -0.069   13.503  -10.000      -27.9228     -867.8594
 3  79  31.081  45198.398  27.782  -0.039   11.237  -10.000      -27.9228     -867.8594
 2  79  31.081  45199.340  38.686  -0.105   13.525  -10.000      -27.8925     -866.9180
 3  79  31.081  45199.340  38.686  -0.054   11.268  -10.000      -27.8925     -866.9180
 2  79  31.081  45201.371  62.214  -0.118   13.591  -10.000      -27.8272     -864.8867
 3  79  31.081  45201.371  62.214  -0.046   11.348  -10.000      -27.8272     -864.8867
 2  79  31.081  45203.277  84.293  -0.121   13.638  -10.000      -27.7659     -862.9805
 3  79  31.081  45203.277  84.293  -0.070   11.385  -10.000      -27.7659     -862.9805
 2  79  31.081  45204.266  95.740  -0.072   13.706  -10.000      -27.7341     -861.9922
 3  79  31.081  45204.266  95.740  -0.053   11.433  -10.000      -27.7341     -861.9922
 2  79  31.081  45205.289 107.595  -0.028   13.766  -10.000      -27.7011     -860.9688
 3  79  31.081  45205.289 107.595  -0.021   11.497  -10.000      -27.7011     -860.9688
 2  79  31.081  45207.297 130.851   0.040   13.885  -10.000      -27.6365     -858.9609
 3  79  31.081  45207.297 130.851   0.025   11.622  -10.000      -27.6365     -858.9609
 2  79  31.081  45208.332 142.841   0.033   13.853  -10.000      -27.6032     -857.9258
 3  79  31.081  45208.332 142.841   0.001   11.604  -10.000      -27.6032     -857.9258
 2  79  31.081  45209.281 153.835   0.072   13.697  -10.000      -27.5727     -856.9766
 3  79  31.081  45209.281 153.835   0.018   11.505  -10.000      -27.5727     -856.9766
 2  79  31.081  45210.320 165.870   0.221   13.399  -10.000      -27.5392     -855.9375
 3  79  31.081  45210.320 165.870   0.110   11.302  -10.000      -27.5392     -855.9375
 2  79  31.081  45211.281 177.001   0.205   12.853  -10.000      -27.5083     -854.9766
 3  79  31.081  45211.281 177.001   0.093   10.926  -10.000      -27.5083     -854.9766
 2  79  31.081  45212.289 188.674   0.065   12.327  -10.000      -27.4759     -853.9688
 3  79  31.081  45212.289 188.674   0.007   10.569  -10.000      -27.4759     -853.9688
 2  79  31.081  45213.289 200.257   0.018   12.190  -10.000      -27.4437     -852.9688
 3  79  31.081  45213.289 200.257  -0.030   10.453  -10.000      -27.4437     -852.9688
 2  79  31.081  45214.285 211.794   0.034   12.266  -10.000      -27.4117     -851.9727
 3  79  31.081  45214.285 211.794   0.014   10.515  -10.000      -27.4117     -851.9727
 2  79  31.081  45489.277 156.966   0.078   13.609  -10.000      -18.5640     -576.9805
 3  79  31.081  45489.277 156.966   0.055   11.481  -10.000      -18.5640     -576.9805
 4  79  31.081  45489.277 156.966   0.020   10.218  -10.000      -18.5640     -576.9805
 2  79  31.081  45493.250 202.981  -0.010   12.168  -10.000      -18.4362     -573.0078
 3  79  31.081  45493.250 202.981  -0.061   10.421  -10.000      -18.4362     -573.0078
 4  79  31.081  45493.250 202.981  -0.039    9.384  -10.000      -18.4362     -573.0078
 2  79  31.081  45496.285 238.136  -0.054   12.413  -10.000      -18.3385     -569.9727
 3  79  31.081  45496.285 238.136  -0.036   10.574  -10.000      -18.3385     -569.9727
 4  79  31.081  45496.285 238.136  -0.038    9.447  -10.000      -18.3385     -569.9727
 2  79  31.081  45498.242 260.804  -0.038   12.628  -10.000      -18.2755     -568.0156
 3  79  31.081  45498.242 260.804  -0.034   10.677  -10.000      -18.2755     -568.0156
 4  79  31.081  45498.242 260.804  -0.018    9.527  -10.000      -18.2755     -568.0156
 2  79  31.081  45501.293 296.141  -0.056   12.889  -10.000      -18.1774     -564.9648
 3  79  31.081  45501.293 296.141  -0.049   10.812  -10.000      -18.1774     -564.9648
 4  79  31.081  45501.293 296.141  -0.046    9.595  -10.000      -18.1774     -564.9648
 2  79  31.081  45503.285 319.216  -0.051   13.050  -10.000      -18.1133     -562.9727
 3  79  31.081  45503.285 319.216  -0.044   10.908  -10.000      -18.1133     -562.9727
 4  79  31.081  45503.285 319.216  -0.028    9.678  -10.000      -18.1133     -562.9727
 3  79  31.081  45508.266  16.903  -0.051   11.180  -10.000      -17.9530     -557.9922
 4  79  31.081  45508.266  16.903  -0.024    9.905  -10.000      -17.9530     -557.9922
 3  79  31.081  45509.289  28.757  -0.041   11.239  -10.000      -17.9201     -556.9688
 4  79  31.081  45509.289  28.757  -0.033    9.939  -10.000      -17.9201     -556.9688
 3  79  31.081  45512.297  63.596  -0.064   11.333  -10.000      -17.8233     -553.9609
 4  79  31.081  45512.297  63.596  -0.091    9.990  -10.000      -17.8233     -553.9609
 3  79  31.081  45513.316  75.405  -0.055   11.370  -10.000      -17.7905     -552.9414
 4  79  31.081  45513.316  75.405  -0.041   10.071  -10.000      -17.7905     -552.9414
 3  79  31.081  45514.293  86.716  -0.063   11.398  -10.000      -17.7591     -551.9648
 4  79  31.081  45514.293  86.716  -0.057   10.094  -10.000      -17.7591     -551.9648
 3  79  31.081  45515.293  98.299  -0.063   11.431  -10.000      -17.7269     -550.9648
 4  79  31.081  45515.293  98.299  -0.072   10.117  -10.000      -17.7269     -550.9648
 2  79  31.081  45648.266 198.491   0.018   12.191  -10.000      -13.4486     -417.9922
 3  79  31.081  45648.266 198.491  -0.012   10.474  -10.000      -13.4486     -417.9922
 4  79  31.081  45648.266 198.491  -0.008    9.424  -10.000      -13.4486     -417.9922
 2  79  31.081  45649.293 210.391  -0.041   12.180  -10.000      -13.4156     -416.9648
 3  79  31.081  45649.293 210.391  -0.022   10.474  -10.000      -13.4156     -416.9648
 4  79  31.081  45649.293 210.391  -0.007    9.419  -10.000      -13.4156     -416.9648
 2  79  31.081  45658.211 313.686  -0.011   13.051  -10.000      -13.1287     -408.0469
 3  79  31.081  45658.211 313.686   0.037   10.965  -10.000      -13.1287     -408.0469
 4  79  31.081  45658.211 313.686   0.047    9.735  -10.000      -13.1287     -408.0469
 2  79  31.081  45695.113  21.117  -0.049   13.491  -10.000      -11.9413     -371.1445
 3  79  31.081  45695.113  21.117  -0.016   11.235  -10.000      -11.9413     -371.1445
 4  79  31.081  45695.113  21.117  -0.008    9.938  -10.000      -11.9413     -371.1445
 2  79  31.081  49617.246  90.291   0.015   13.785  -10.000      114.2508     3550.9883
 3  79  31.081  49617.246  90.291  -0.002   11.469  -10.000      114.2508     3550.9883
 4  79  31.081  49617.246  90.291   0.024   10.186  -10.000      114.2508     3550.9883
 2  79  31.081  49620.309 125.763   0.292   14.125  -10.000      114.3493     3554.0508
 3  79  31.081  49620.309 125.763   0.154   11.731  -10.000      114.3493     3554.0508
 4  79  31.081  49620.309 125.763   0.116   10.403  -10.000      114.3493     3554.0508
 2  79  31.081  49621.316 137.436   0.194   14.042  -10.000      114.3818     3555.0586
 3  79  31.081  49621.316 137.436   0.117   11.730  -10.000      114.3818     3555.0586
 4  79  31.081  49621.316 137.436   0.087   10.418  -10.000      114.3818     3555.0586
 2  79  31.081  49623.242 159.741   0.073   13.506  -10.000      114.4437     3556.9844
 3  79  31.081  49623.242 159.741   0.044   11.406  -10.000      114.4437     3556.9844
 4  79  31.081  49623.242 159.741   0.015   10.163  -10.000      114.4437     3556.9844
 2  79  31.081  49624.273 171.686   0.074   12.975  -10.000      114.4769     3558.0156
 3  79  31.081  49624.273 171.686   0.002   11.008  -10.000      114.4769     3558.0156
 4  79  31.081  49624.273 171.686  -0.005    9.860  -10.000      114.4769     3558.0156
 2  79  31.081  49625.297 183.540  -0.081   12.310  -10.000      114.5098     3559.0391
 3  79  31.081  49625.297 183.540  -0.073   10.582  -10.000      114.5098     3559.0391
 4  79  31.081  49625.297 183.540  -0.060    9.520  -10.000      114.5098     3559.0391
 2  79  31.081  49626.297 195.123  -0.140   12.044  -10.000      114.5420     3560.0391
 3  79  31.081  49626.297 195.123  -0.153   10.347  -10.000      114.5420     3560.0391
 4  79  31.081  49626.297 195.123  -0.135    9.312  -10.000      114.5420     3560.0391
 2  79  31.081  49631.262 252.631   0.021   12.618  -10.000      114.7018     3565.0039
 3  79  31.081  49631.262 252.631   0.010   10.686  -10.000      114.7018     3565.0039
 4  79  31.081  49631.262 252.631   0.022    9.546  -10.000      114.7018     3565.0039
 2  79  31.081  49632.289 264.529   0.049   12.748  -10.000      114.7348     3566.0312
 3  79  31.081  49632.289 264.529   0.069   10.797  -10.000      114.7348     3566.0312
 4  79  31.081  49632.289 264.529   0.066    9.622  -10.000      114.7348     3566.0312
 2  79  31.081  49633.270 275.886   0.020   12.821  -10.000      114.7663     3567.0117
 3  79  31.081  49633.270 275.886   0.025   10.809  -10.000      114.7663     3567.0117
 4  79  31.081  49633.270 275.886   0.056    9.648  -10.000      114.7663     3567.0117
 2  79  31.081  49635.316 299.594   0.051   13.021  -10.000      114.8322     3569.0586
 3  79  31.081  49635.316 299.594   0.032   10.907  -10.000      114.8322     3569.0586
 4  79  31.081  49635.316 299.594   0.044    9.695  -10.000      114.8322     3569.0586
 2  79  31.081  49933.430 152.573   0.021   13.679  -10.000      124.4238     3867.1719
 3  79  31.081  49933.430 152.573  -0.016   11.492  -10.000      124.4238     3867.1719
 4  79  31.081  49933.430 152.573  -0.056   10.204  -10.000      124.4238     3867.1719
 5  79  31.081  49933.430 152.573  -0.029    9.071  -10.000      124.4238     3867.1719
 3  79  31.081  49934.418 164.020   0.092   11.339  -10.000      124.4556     3868.1602
 4  79  31.081  49934.418 164.020  -0.017   10.040  -10.000      124.4556     3868.1602
 5  79  31.081  49934.418 164.020  -0.021    8.927  -10.000      124.4556     3868.1602
 3  79  31.081  49935.418 175.603  -0.047   10.831  -10.000      124.4878     3869.1602
 4  79  31.081  49935.418 175.603  -0.077    9.685  -10.000      124.4878     3869.1602
 5  79  31.081  49935.418 175.603  -0.084    8.638  -10.000      124.4878     3869.1602
 3  79  31.081  49936.391 186.869  -0.025   10.564  -10.000      124.5191     3870.1328
 4  79  31.081  49936.391 186.869  -0.032    9.493  -10.000      124.5191     3870.1328
 5  79  31.081  49936.391 186.869  -0.063    8.470  -10.000      124.5191     3870.1328
 2  79  31.081  49937.379 198.317   0.059   12.232  -10.000      124.5509     3871.1211
 3  79  31.081  49937.379 198.317  -0.011   10.476  -10.000      124.5509     3871.1211
 4  79  31.081  49937.379 198.317  -0.031    9.401  -10.000      124.5509     3871.1211
 3  79  31.081  49938.418 210.350   0.046   10.542  -10.000      124.5843     3872.1602
 4  79  31.081  49938.418 210.350   0.017    9.443  -10.000      124.5843     3872.1602
 5  79  31.081  49938.418 210.350  -0.023    8.405  -10.000      124.5843     3872.1602
 3  79  31.081  49939.406 221.797   0.044   10.585  -10.000      124.6161     3873.1484
 5  79  31.081  49939.406 221.797   0.010    8.439  -10.000      124.6161     3873.1484
 3  79  31.081  49941.406 244.962   0.072   10.713  -10.000      124.6805     3875.1484
 5  79  31.081  49941.406 244.962   0.070    8.513  -10.000      124.6805     3875.1484
 3  79  31.081  49942.379 256.229   0.055   10.746  -10.000      124.7117     3876.1211
 5  79  31.081  49942.379 256.229   0.010    8.464  -10.000      124.7117     3876.1211
 3  79  31.081  49943.367 267.676   0.116   10.860  -10.000      124.7435     3877.1094
 5  79  31.081  49943.367 267.676   0.048    8.516  -10.000      124.7435     3877.1094
 3  79  31.081  49944.402 279.665   0.031   10.829  -10.000      124.7768     3878.1445
 5  79  31.081  49944.402 279.665  -0.021    8.464  -10.000      124.7768     3878.1445
 3  79  31.081  49945.406 291.294   0.065   10.905  -10.000      124.8092     3879.1484
 5  79  31.081  49945.406 291.294   0.037    8.534  -10.000      124.8092     3879.1484
 3  79  31.081  49946.395 302.742   0.082   10.968  -10.000      124.8410     3880.1367
 5  79  31.081  49946.395 302.742   0.032    8.547  -10.000      124.8410     3880.1367
 3  79  31.081  49947.352 313.827   0.062   10.991  -10.000      124.8717     3881.0938
 5  79  31.081  49947.352 313.827   0.040    8.574  -10.000      124.8717     3881.0938
 3  79  31.081  49948.316 325.003   0.052   11.029  -10.000      124.9028     3882.0586
 5  79  31.081  49948.316 325.003   0.036    8.594  -10.000      124.9028     3882.0586
 3  79  31.081  49949.316 336.585   0.081   11.116  -10.000      124.9350     3883.0586
 5  79  31.081  49949.316 336.585   0.071    8.663  -10.000      124.9350     3883.0586
 3  79  31.081  49950.301 347.986   0.024   11.113  -10.000      124.9666     3884.0430
 5  79  31.081  49950.301 347.986  -0.038    8.586  -10.000      124.9666     3884.0430
 3  79  31.081  49952.301  11.151   0.018   11.220  -10.000      125.0310     3886.0430
 5  79  31.081  49952.301  11.151  -0.015    8.682  -10.000      125.0310     3886.0430
 3  79  31.081  49953.375  23.596   0.006   11.267  -10.000      125.0655     3887.1172
 5  79  31.081  49953.375  23.596  -0.012    8.727  -10.000      125.0655     3887.1172
 3  79  31.081  49954.316  34.500   0.027   11.330  -10.000      125.0958     3888.0586
 5  79  31.081  49954.316  34.500   0.009    8.782  -10.000      125.0958     3888.0586
 3  79  31.081  49955.293  45.810   0.015   11.368  -10.000      125.1273     3889.0352
 5  79  31.081  49955.293  45.810   0.000    8.813  -10.000      125.1273     3889.0352
 3  79  31.081  49956.363  58.208  -0.024   11.363  -10.000      125.1617     3890.1055
 5  79  31.081  49956.363  58.208  -0.016    8.829  -10.000      125.1617     3890.1055
 3  79  31.081  49957.379  69.972   0.004   11.413  -10.000      125.1944     3891.1211
 5  79  31.081  49957.379  69.972  -0.024    8.849  -10.000      125.1944     3891.1211
 3  79  31.081  49958.324  80.920  -0.025   11.419  -10.000      125.2248     3892.0664
 5  79  31.081  49958.324  80.920  -0.038    8.873  -10.000      125.2248     3892.0664
 3  79  31.081  49959.359  92.911   0.014   11.492  -10.000      125.2581     3893.1016
 5  79  31.081  49959.359  92.911  -0.020    8.934  -10.000      125.2581     3893.1016
 3  79  31.081  49960.348 104.356   0.030   11.540  -10.000      125.2899     3894.0898
 5  79  31.081  49960.348 104.356  -0.022    8.977  -10.000      125.2899     3894.0898
 3  79  31.081  49985.289  33.247  -0.023   11.275  -10.000      126.0924     3919.0312
 5  79  31.081  49985.289  33.247  -0.028    8.741  -10.000      126.0924     3919.0312
 3  79  31.081  49986.309  45.058  -0.038   11.312  -10.000      126.1252     3920.0508
 5  79  31.081  49986.309  45.058  -0.027    8.784  -10.000      126.1252     3920.0508
 3  79  31.081  49987.316  56.731  -0.067   11.317  -10.000      126.1576     3921.0586
 5  79  31.081  49987.316  56.731  -0.033    8.809  -10.000      126.1576     3921.0586
 3  79  31.081  49992.352 115.052   0.041   11.580  -10.000      126.3196     3926.0938
 5  79  31.081  49992.352 115.052   0.003    9.041  -10.000      126.3196     3926.0938
 2 150  31.081  50306.277 151.183   0.011   13.702  -10.000      136.4200     4240.0195
 3 150  31.081  50306.277 151.183   0.016   11.544  -10.000      136.4200     4240.0195
 4 150  31.081  50306.277 151.183  -0.004   10.272  -10.000      136.4200     4240.0195
 2 150  31.081  50307.301 163.037   0.138   13.440  -10.000      136.4529     4241.0430
 3 150  31.081  50307.301 163.037   0.078   11.353  -10.000      136.4529     4241.0430
 4 150  31.081  50307.301 163.037   0.065   10.144  -10.000      136.4529     4241.0430
 2 150  31.081  50310.293 197.693  -0.036   12.138  -10.000      136.5491     4244.0352
 3 150  31.081  50310.293 197.693  -0.049   10.439  -10.000      136.5491     4244.0352
 4 150  31.081  50310.293 197.693  -0.013    9.422  -10.000      136.5491     4244.0352
 2 150  31.081  50311.270 209.004  -0.018   12.193  -10.000      136.5806     4245.0117
 3 150  31.081  50311.270 209.004  -0.012   10.480  -10.000      136.5806     4245.0117
 4 150  31.081  50311.270 209.004   0.008    9.433  -10.000      136.5806     4245.0117
 2 150  31.081  50312.301 220.952  -0.042   12.270  -10.000      136.6138     4246.0430
 3 150  31.081  50312.301 220.952  -0.005   10.532  -10.000      136.6138     4246.0430
 4 150  31.081  50312.301 220.952   0.019    9.465  -10.000      136.6138     4246.0430
 2 150  31.081  50313.289 232.399  -0.018   12.400  -10.000      136.6456     4247.0312
 3 150  31.081  50313.289 232.399  -0.012   10.576  -10.000      136.6456     4247.0312
 4 150  31.081  50313.289 232.399   0.022    9.496  -10.000      136.6456     4247.0312
 2 150  31.081  50314.277 243.847  -0.022   12.496  -10.000      136.6774     4248.0195
 3 150  31.081  50314.277 243.847   0.011   10.646  -10.000      136.6774     4248.0195
 4 150  31.081  50314.277 243.847   0.035    9.535  -10.000      136.6774     4248.0195
 2 150  31.081  50315.285 255.520  -0.050   12.572  -10.000      136.7098     4249.0273
 3 150  31.081  50315.285 255.520  -0.020   10.668  -10.000      136.7098     4249.0273
 4 150  31.081  50315.285 255.520   0.020    9.551  -10.000      136.7098     4249.0273
 2 150  31.081  50316.227 266.424  -0.040   12.676  -10.000      136.7401     4249.9688
 3 150  31.081  50316.227 266.424  -0.005   10.732  -10.000      136.7401     4249.9688
 4 150  31.081  50316.227 266.424   0.022    9.583  -10.000      136.7401     4249.9688
 2 150  31.081  50317.277 278.591  -0.035   12.787  -10.000      136.7739     4251.0195
 3 150  31.081  50317.277 278.591  -0.010   10.784  -10.000      136.7739     4251.0195
 4 150  31.081  50317.277 278.591   0.020    9.618  -10.000      136.7739     4251.0195
 2 150  31.081  50318.270 290.083  -0.037   12.863  -10.000      136.8058     4252.0117
 3 150  31.081  50318.270 290.083   0.006   10.841  -10.000      136.8058     4252.0117
 4 150  31.081  50318.270 290.083   0.036    9.660  -10.000      136.8058     4252.0117
 2 150  31.081  50319.258 301.531  -0.038   12.945  -10.000      136.8376     4253.0000
 3 150  31.081  50319.258 301.531  -0.024   10.858  -10.000      136.8376     4253.0000
 4 150  31.081  50319.258 301.531   0.003    9.658  -10.000      136.8376     4253.0000
 2 150  31.081  50320.242 312.935   0.028   13.085  -10.000      136.8693     4253.9844
 3 150  31.081  50320.242 312.935   0.015   10.940  -10.000      136.8693     4253.9844
 4 150  31.081  50320.242 312.935   0.056    9.741  -10.000      136.8693     4253.9844
 2 150  31.081  50321.230 324.382  -0.022   13.115  -10.000      136.9011     4254.9727
 3 150  31.081  50321.230 324.382   0.001   10.975  -10.000      136.9011     4254.9727
 4 150  31.081  50321.230 324.382   0.029    9.751  -10.000      136.9011     4254.9727
 2 150  31.081  50322.266 336.368  -0.044   13.184  -10.000      136.9344     4256.0078
 3 150  31.081  50322.266 336.368  -0.011   11.023  -10.000      136.9344     4256.0078
 4 150  31.081  50322.266 336.368   0.010    9.779  -10.000      136.9344     4256.0078
 2 150  31.081  50323.266 347.953   0.029   13.338  -10.000      136.9665     4257.0078
 3 150  31.081  50323.266 347.953  -0.011   11.077  -10.000      136.9665     4257.0078
 4 150  31.081  50323.266 347.953   0.028    9.840  -10.000      136.9665     4257.0078
 2 150  31.081  50324.266 359.539  -0.132   13.263  -10.000      136.9987     4258.0078
 3 150  31.081  50324.266 359.539  -0.011   11.135  -10.000      136.9987     4258.0078
 4 150  31.081  50324.266 359.539   0.016    9.873  -10.000      136.9987     4258.0078
 2 150  31.081  50325.238  10.805  -0.087   13.385  -10.000      137.0300     4258.9805
 3 150  31.081  50325.238  10.805  -0.022   11.178  -10.000      137.0300     4258.9805
 4 150  31.081  50325.238  10.805   0.016    9.919  -10.000      137.0300     4258.9805
 2 150  31.081  50326.188  21.797  -0.034   13.509  -10.000      137.0605     4259.9297
 3 150  31.081  50326.188  21.797  -0.021   11.232  -10.000      137.0605     4259.9297
 4 150  31.081  50326.188  21.797   0.016    9.964  -10.000      137.0605     4259.9297
 2 150  31.081  50327.270  34.332  -0.082   13.523  -10.000      137.0954     4261.0117
 3 150  31.081  50327.270  34.332  -0.017   11.285  -10.000      137.0954     4261.0117
 2 150  31.081  50328.383  47.225  -0.072   13.603  -10.000      137.1312     4262.1250
 3 150  31.081  50328.383  47.225  -0.062   11.296  -10.000      137.1312     4262.1250
 4 150  31.081  50328.383  47.225  -0.036   10.006  -10.000      137.1312     4262.1250
 2 150  31.081  50330.223  68.538  -0.022   13.695  -10.000      137.1904     4263.9648
 3 150  31.081  50330.223  68.538   0.016   11.422  -10.000      137.1904     4263.9648
 4 150  31.081  50330.223  68.538   0.060   10.151  -10.000      137.1904     4263.9648
 2 150  31.081  50332.211  91.566  -0.097   13.675  -10.000      137.2543     4265.9531
 3 150  31.081  50332.211  91.566  -0.052   11.422  -10.000      137.2543     4265.9531
 4 150  31.081  50332.211  91.566   0.015   10.181  -10.000      137.2543     4265.9531
 2 150  31.081  50333.195 102.969  -0.008   13.780  -10.000      137.2860     4266.9375
 3 150  31.081  50333.195 102.969  -0.026   11.481  -10.000      137.2860     4266.9375
 4 150  31.081  50333.195 102.969  -0.001   10.204  -10.000      137.2860     4266.9375
 2 150  31.081  50334.230 114.955   0.019   13.826  -10.000      137.3193     4267.9727
 3 150  31.081  50334.230 114.955   0.025   11.564  -10.000      137.3193     4267.9727
 4 150  31.081  50334.230 114.955   0.063   10.306  -10.000      137.3193     4267.9727
 2 150  31.081  50335.219 126.403   0.103   13.937  -10.000      137.3511     4268.9609
 3 150  31.081  50335.219 126.403   0.024   11.604  -10.000      137.3511     4268.9609
 4 150  31.081  50335.219 126.403  -0.014   10.275  -10.000      137.3511     4268.9609
 2 150  31.081  50336.223 138.032  -0.025   13.822  -10.000      137.3834     4269.9648
 3 150  31.081  50336.223 138.032  -0.012   11.601  -10.000      137.3834     4269.9648
 4 150  31.081  50336.223 138.032  -0.007   10.324  -10.000      137.3834     4269.9648
 2 150  31.081  50337.188 149.205   0.082   13.814  -10.000      137.4145     4270.9297
 3 150  31.081  50337.188 149.205  -0.008   11.545  -10.000      137.4145     4270.9297
 4 150  31.081  50337.188 149.205   0.001   10.295  -10.000      137.4145     4270.9297
 2 150  31.081  50338.266 161.697   0.131   13.488  -10.000      137.4492     4272.0078
 3 150  31.081  50338.266 161.697   0.046   11.358  -10.000      137.4492     4272.0078
 4 150  31.081  50338.266 161.697   0.035   10.143  -10.000      137.4492     4272.0078
 2 150  31.081  50340.176 183.818   0.034   12.416  -10.000      137.5106     4273.9180
 3 150  31.081  50340.176 183.818  -0.045   10.604  -10.000      137.5106     4273.9180
 4 150  31.081  50340.176 183.818  -0.040    9.535  -10.000      137.5106     4273.9180
 2 150  31.081  50341.199 195.672   0.039   12.220  -10.000      137.5435     4274.9414
 3 150  31.081  50341.199 195.672  -0.036   10.461  -10.000      137.5435     4274.9414
 4 150  31.081  50341.199 195.672  -0.054    9.390  -10.000      137.5435     4274.9414
 2 150  31.081  50342.211 207.394   0.005   12.205  -10.000      137.5761     4275.9531
 3 150  31.081  50342.211 207.394  -0.036   10.452  -10.000      137.5761     4275.9531
 4 150  31.081  50342.211 207.394   0.000    9.423  -10.000      137.5761     4275.9531
 2 150  31.081  50344.242 230.922  -0.020   12.385  -10.000      137.6414     4277.9844
 3 150  31.081  50344.242 230.922  -0.017   10.565  -10.000      137.6414     4277.9844
 4 150  31.081  50344.242 230.922   0.033    9.504  -10.000      137.6414     4277.9844
 2 150  31.081  50347.227 265.490  -0.061   12.647  -10.000      137.7375     4280.9688
 3 150  31.081  50347.227 265.490  -0.007   10.726  -10.000      137.7375     4280.9688
 4 150  31.081  50347.227 265.490   0.022    9.580  -10.000      137.7375     4280.9688
 2 150  31.081  50349.176 288.067  -0.018   12.868  -10.000      137.8002     4282.9180
 3 150  31.081  50349.176 288.067  -0.020   10.807  -10.000      137.8002     4282.9180
 4 150  31.081  50349.176 288.067   0.029    9.647  -10.000      137.8002     4282.9180
 2 150  31.081  50357.191  20.907  -0.095   13.443  -10.000      138.0581     4290.9336
 3 150  31.081  50357.191  20.907  -0.037   11.213  -10.000      138.0581     4290.9336
 4 150  31.081  50357.191  20.907   0.007    9.952  -10.000      138.0581     4290.9336
