 2  79  14.098  49802.793 311.517   0.014    9.699  -10.000      305.8653     4311.9648
 3  79  14.098  49802.793 311.517   0.035    8.520  -10.000      305.8653     4311.9648
 4  79  14.098  49802.793 311.517   0.037    7.857  -10.000      305.8653     4311.9648
 5  79  14.098  49802.793 311.517   0.015    7.213  -10.000      305.8653     4311.9648
 2  79  14.098  49803.738 335.654   0.024    9.889  -10.000      305.9324     4312.9102
 3  79  14.098  49803.738 335.654   0.043    8.643  -10.000      305.9324     4312.9102
 4  79  14.098  49803.738 335.654   0.047    7.954  -10.000      305.9324     4312.9102
 5  79  14.098  49803.738 335.654   0.032    7.292  -10.000      305.9324     4312.9102
 2  79  14.098  49804.773   2.087   0.063   10.126  -10.000      306.0058     4313.9453
 3  79  14.098  49804.773   2.087   0.039    8.777  -10.000      306.0058     4313.9453
 4  79  14.098  49804.773   2.087   0.050    8.070  -10.000      306.0058     4313.9453
 5  79  14.098  49804.773   2.087   0.043    7.392  -10.000      306.0058     4313.9453
 2  79  14.098  49805.730  26.532   0.017   10.271  -10.000      306.0737     4314.9023
 3  79  14.098  49805.730  26.532   0.037    8.912  -10.000      306.0737     4314.9023
 4  79  14.098  49805.730  26.532   0.040    8.175  -10.000      306.0737     4314.9023
 5  79  14.098  49805.730  26.532   0.033    7.477  -10.000      306.0737     4314.9023
 2  79  14.098  49807.762  78.398  -0.044   10.472  -10.000      306.2178     4316.9336
 3  79  14.098  49807.762  78.398  -0.009    9.089  -10.000      306.2178     4316.9336
 4  79  14.098  49807.762  78.398   0.010    8.352  -10.000      306.2178     4316.9336
 5  79  14.098  49807.762  78.398   0.001    7.637  -10.000      306.2178     4316.9336
 2  79  14.098  49808.758 103.832  -0.084   10.347  -10.000      306.2884     4317.9297
 3  79  14.098  49808.758 103.832  -0.039    9.026  -10.000      306.2884     4317.9297
 4  79  14.098  49808.758 103.832  -0.018    8.313  -10.000      306.2884     4317.9297
 5  79  14.098  49808.758 103.832  -0.022    7.623  -10.000      306.2884     4317.9297
 2  79  14.098  49809.688 127.573   0.019   10.173  -10.000      306.3544     4318.8594
 3  79  14.098  49809.688 127.573   0.031    8.936  -10.000      306.3544     4318.8594
 4  79  14.098  49809.688 127.573   0.024    8.242  -10.000      306.3544     4318.8594
 5  79  14.098  49809.688 127.573  -0.003    7.573  -10.000      306.3544     4318.8594
 2  79  14.098  49810.738 154.413   0.061    9.997  -10.000      306.4289     4319.9102
 3  79  14.098  49810.738 154.413   0.056    8.836  -10.000      306.4289     4319.9102
 4  79  14.098  49810.738 154.413   0.036    8.169  -10.000      306.4289     4319.9102
 5  79  14.098  49810.738 154.413   0.002    7.529  -10.000      306.4289     4319.9102
 2  79  14.098  49811.691 178.748  -0.168    9.600  -10.000      306.4965     4320.8633
 3  79  14.098  49811.691 178.748  -0.095    8.573  -10.000      306.4965     4320.8633
 4  79  14.098  49811.691 178.748  -0.070    7.974  -10.000      306.4965     4320.8633
 5  79  14.098  49811.691 178.748  -0.079    7.380  -10.000      306.4965     4320.8633
 2  79  14.098  49812.699 204.489  -0.252    8.683  -10.000      306.5680     4321.8711
 3  79  14.098  49812.699 204.489  -0.147    7.930  -10.000      306.5680     4321.8711
 4  79  14.098  49812.699 204.489  -0.094    7.460  -10.000      306.5680     4321.8711
 5  79  14.098  49812.699 204.489  -0.098    6.965  -10.000      306.5680     4321.8711
 2  79  14.098  49813.711 230.317  -0.005    9.020  -10.000      306.6398     4322.8828
 3  79  14.098  49813.711 230.317   0.012    8.132  -10.000      306.6398     4322.8828
 4  79  14.098  49813.711 230.317   0.027    7.604  -10.000      306.6398     4322.8828
 5  79  14.098  49813.711 230.317  -0.008    7.059  -10.000      306.6398     4322.8828
 2  79  14.098  49814.734 256.454   0.025    9.284  -10.000      306.7124     4323.9062
 3  79  14.098  49814.734 256.454   0.039    8.286  -10.000      306.7124     4323.9062
 4  79  14.098  49814.734 256.454   0.053    7.713  -10.000      306.7124     4323.9062
 5  79  14.098  49814.734 256.454   0.016    7.125  -10.000      306.7124     4323.9062
 2  79  14.098  49815.688 280.800   0.000    9.456  -10.000      306.7800     4324.8594
 3  79  14.098  49815.688 280.800   0.037    8.390  -10.000      306.7800     4324.8594
 4  79  14.098  49815.688 280.800   0.045    7.772  -10.000      306.7800     4324.8594
 5  79  14.098  49815.688 280.800   0.012    7.154  -10.000      306.7800     4324.8594
 2  79  14.098  49816.672 305.936   0.013    9.657  -10.000      306.8498     4325.8438
 3  79  14.098  49816.672 305.936   0.040    8.501  -10.000      306.8498     4325.8438
 4  79  14.098  49816.672 305.936   0.056    7.858  -10.000      306.8498     4325.8438
 5  79  14.098  49816.672 305.936   0.021    7.207  -10.000      306.8498     4325.8438
 2  79  14.098  49817.668 331.370   0.010    9.844  -10.000      306.9205     4326.8398
 3  79  14.098  49817.668 331.370   0.022    8.602  -10.000      306.9205     4326.8398
 4  79  14.098  49817.668 331.370   0.024    7.915  -10.000      306.9205     4326.8398
 5  79  14.098  49817.668 331.370   0.022    7.270  -10.000      306.9205     4326.8398
 2  79  14.098  49818.668 356.902   0.032   10.054  -10.000      306.9914     4327.8398
 3  79  14.098  49818.668 356.902   0.031    8.740  -10.000      306.9914     4327.8398
 4  79  14.098  49818.668 356.902   0.026    8.022  -10.000      306.9914     4327.8398
 5  79  14.098  49818.668 356.902   0.006    7.336  -10.000      306.9914     4327.8398
 2  79  14.098  49821.660  73.312  -0.060   10.449  -10.000      307.2036     4330.8320
 3  79  14.098  49821.660  73.312  -0.006    9.081  -10.000      307.2036     4330.8320
 4  79  14.098  49821.660  73.312   0.001    8.330  -10.000      307.2036     4330.8320
 5  79  14.098  49821.660  73.312   0.002    7.624  -10.000      307.2036     4330.8320
 2  79  14.098  49822.656  98.756  -0.104   10.362  -10.000      307.2743     4331.8281
 3  79  14.098  49822.656  98.756  -0.038    9.046  -10.000      307.2743     4331.8281
 4  79  14.098  49822.656  98.756  -0.028    8.314  -10.000      307.2743     4331.8281
 5  79  14.098  49822.656  98.756  -0.020    7.630  -10.000      307.2743     4331.8281
 2  79  14.098  49822.758 101.349  -0.099   10.350  -10.000      307.2815     4331.9297
 3  79  14.098  49822.758 101.349  -0.042    9.033  -10.000      307.2815     4331.9297
 4  79  14.098  49822.758 101.349  -0.030    8.307  -10.000      307.2815     4331.9297
 5  79  14.098  49822.758 101.349  -0.034    7.614  -10.000      307.2815     4331.9297
 2  79  14.098  49823.648 124.091  -0.006   10.196  -10.000      307.3447     4332.8203
 3  79  14.098  49823.648 124.091   0.010    8.943  -10.000      307.3447     4332.8203
 4  79  14.098  49823.648 124.091   0.007    8.246  -10.000      307.3447     4332.8203
 5  79  14.098  49823.648 124.091  -0.005    7.585  -10.000      307.3447     4332.8203
 2  79  14.098  49823.750 126.683   0.014   10.180  -10.000      307.3519     4332.9219
 3  79  14.098  49823.750 126.683  -0.001    8.911  -10.000      307.3519     4332.9219
 4  79  14.098  49823.750 126.683   0.017    8.240  -10.000      307.3519     4332.9219
 5  79  14.098  49823.750 126.683  -0.009    7.571  -10.000      307.3519     4332.9219
 2  79  14.098  49824.645 149.524   0.054   10.002  -10.000      307.4153     4333.8164
 3  79  14.098  49824.645 149.524   0.043    8.829  -10.000      307.4153     4333.8164
 4  79  14.098  49824.645 149.524   0.026    8.161  -10.000      307.4153     4333.8164
 5  79  14.098  49824.645 149.524  -0.020    7.507  -10.000      307.4153     4333.8164
 2  79  14.098  49825.641 174.957  -0.117    9.726  -10.000      307.4860     4334.8125
 3  79  14.098  49825.641 174.957  -0.063    8.657  -10.000      307.4860     4334.8125
 4  79  14.098  49825.641 174.957  -0.051    8.035  -10.000      307.4860     4334.8125
 5  79  14.098  49825.641 174.957  -0.076    7.417  -10.000      307.4860     4334.8125
 2  79  14.098  49825.738 177.451  -0.126    9.671  -10.000      307.4929     4334.9102
 3  79  14.098  49825.738 177.451  -0.065    8.623  -10.000      307.4929     4334.9102
 4  79  14.098  49825.738 177.451  -0.059    8.001  -10.000      307.4929     4334.9102
 5  79  14.098  49825.738 177.451  -0.063    7.409  -10.000      307.4929     4334.9102
 2  79  14.098  49826.668 201.193  -0.280    8.725  -10.000      307.5589     4335.8398
 3  79  14.098  49826.668 201.193  -0.168    7.961  -10.000      307.5589     4335.8398
 4  79  14.098  49826.668 201.193  -0.111    7.487  -10.000      307.5589     4335.8398
 5  79  14.098  49826.668 201.193  -0.115    6.984  -10.000      307.5589     4335.8398
 2  79  14.098  49827.641 226.033  -0.041    8.945  -10.000      307.6279     4336.8125
 3  79  14.098  49827.641 226.033  -0.008    8.089  -10.000      307.6279     4336.8125
 4  79  14.098  49827.641 226.033   0.004    7.565  -10.000      307.6279     4336.8125
 5  79  14.098  49827.641 226.033  -0.022    7.036  -10.000      307.6279     4336.8125
11  17  14.098  45108.520 317.263  -0.021    6.240  -10.000      -27.1187     -382.3086
12  17  14.098  45108.520 317.263   0.020    5.810  -10.000      -27.1187     -382.3086
13  17  14.098  45108.520 317.263   0.026    5.670  -10.000      -27.1187     -382.3086
11  17  14.098  45109.523 342.899  -0.027    6.270  -10.000      -27.0475     -381.3047
12  17  14.098  45109.523 342.899   0.010    5.820  -10.000      -27.0475     -381.3047
13  17  14.098  45109.523 342.899  -0.009    5.650  -10.000      -27.0475     -381.3047
11  17  14.098  45110.504   7.936  -0.064    6.290  -10.000      -26.9780     -380.3242
12  17  14.098  45110.504   7.936   0.005    5.860  -10.000      -26.9780     -380.3242
13  17  14.098  45110.504   7.936   0.002    5.700  -10.000      -26.9780     -380.3242
 0 126  14.098  34133.309 131.265   3.793   26.700  -10.000     -805.6354   -11357.5195
 0 126  14.098  34137.281 232.712   3.031  -10.000  -10.000     -805.3536   -11353.5469
 0 126  14.098  34145.309  77.695   2.733   23.800  -10.000     -804.7842   -11345.5195
 0 126  14.098  34153.340 282.788  -3.327  -17.000  -10.000     -804.2145   -11337.4883
 0 126  14.098  34157.301  23.928   0.102    7.300  -10.000     -803.9335   -11333.5273
 0 126  14.098  34163.301 177.166  -1.185    3.300  -10.000     -803.5079   -11327.5273
 0 126  14.098  34183.262 326.887  -1.786   -5.200  -10.000     -802.0920   -11307.5664
 0 126  14.098  34200.238  40.408  -5.345    9.700  -10.000     -800.8878   -11290.5898
 0 126  14.098  34206.211 192.920   1.888    3.700  -10.000     -800.4641   -11284.6172
 0 126  14.098  34207.199 218.167   3.817   -1.400  -10.000     -800.3940   -11283.6289
23   1  14.098  37798.262 120.520   0.038    2.225  -10.000     -545.6652    -7692.5664
24   1  14.098  37798.262 120.520   0.052    3.600  -10.000     -545.6652    -7692.5664
25   1  14.098  37798.262 120.520   0.036    5.255  -10.000     -545.6652    -7692.5664
27   1  14.098  37798.262 120.520   0.064    4.800  -10.000     -545.6652    -7692.5664
23   1  14.098  37799.254 145.854   0.083    2.097  -10.000     -545.5948    -7691.5742
24   1  14.098  37799.254 145.854   0.145    3.378  -10.000     -545.5948    -7691.5742
25   1  14.098  37799.254 145.854   0.062    4.892  -10.000     -545.5948    -7691.5742
26   1  14.098  37799.254 145.854   0.333    6.205  -10.000     -545.5948    -7691.5742
27   1  14.098  37799.254 145.854   0.159    4.445  -10.000     -545.5948    -7691.5742
23   1  14.098  37801.254 196.919   0.061    1.490  -10.000     -545.4530    -7689.5742
24   1  14.098  37801.254 196.919   0.085    2.418  -10.000     -545.4530    -7689.5742
25   1  14.098  37801.254 196.919   0.152    3.925  -10.000     -545.4530    -7689.5742
26   1  14.098  37801.254 196.919   0.168    4.938  -10.000     -545.4530    -7689.5742
27   1  14.098  37801.254 196.919   0.105    3.200  -10.000     -545.4530    -7689.5742
23   1  14.098  37803.281 248.687  -0.010    1.413  -10.000     -545.3092    -7687.5469
24   1  14.098  37803.281 248.687  -0.017    2.390  -10.000     -545.3092    -7687.5469
25   1  14.098  37803.281 248.687   0.038    3.928  -10.000     -545.3092    -7687.5469
26   1  14.098  37803.281 248.687   0.133    5.030  -10.000     -545.3092    -7687.5469
27   1  14.098  37803.281 248.687  -0.036    3.210  -10.000     -545.3092    -7687.5469
23   1  14.098  37804.281 274.241  -0.003    1.535  -10.000     -545.2382    -7686.5469
24   1  14.098  37804.281 274.241  -0.041    2.602  -10.000     -545.2382    -7686.5469
25   1  14.098  37804.281 274.241  -0.023    4.163  -10.000     -545.2382    -7686.5469
26   1  14.098  37804.281 274.241  -0.193    5.017  -10.000     -545.2382    -7686.5469
27   1  14.098  37804.281 274.241  -0.060    3.533  -10.000     -545.2382    -7686.5469
23   1  14.098  37807.262 350.332  -0.014    1.883  -10.000     -545.0269    -7683.5664
24   1  14.098  37807.262 350.332  -0.038    3.233  -10.000     -545.0269    -7683.5664
25   1  14.098  37807.262 350.332  -0.081    4.865  -10.000     -545.0269    -7683.5664
26   1  14.098  37807.262 350.332   0.082    6.092  -10.000     -545.0269    -7683.5664
27   1  14.098  37807.262 350.332  -0.014    4.455  -10.000     -545.0269    -7683.5664
23   1  14.098  37808.273  16.172  -0.030    2.013  -10.000     -544.9551    -7682.5547
24   1  14.098  37808.273  16.172  -0.059    3.428  -10.000     -544.9551    -7682.5547
25   1  14.098  37808.273  16.172  -0.072    5.128  -10.000     -544.9551    -7682.5547
26   1  14.098  37808.273  16.172  -0.073    6.200  -10.000     -544.9551    -7682.5547
27   1  14.098  37808.273  16.172  -0.012    4.740  -10.000     -544.9551    -7682.5547
23   1  14.098  37812.281 118.521   0.042    2.245  -10.000     -544.6708    -7678.5469
24   1  14.098  37812.281 118.521   0.032    3.610  -10.000     -544.6708    -7678.5469
25   1  14.098  37812.281 118.521   0.003    5.257  -10.000     -544.6708    -7678.5469
26   1  14.098  37812.281 118.521  -0.064    6.255  -10.000     -544.6708    -7678.5469
27   1  14.098  37812.281 118.521   0.033    4.810  -10.000     -544.6708    -7678.5469
23   1  14.098  37814.242 168.596   0.034    2.020  -10.000     -544.5317    -7676.5859
24   1  14.098  37814.242 168.596   0.073    3.242  -10.000     -544.5317    -7676.5859
25   1  14.098  37814.242 168.596   0.029    4.780  -10.000     -544.5317    -7676.5859
26   1  14.098  37814.242 168.596   0.017    5.805  -10.000     -544.5317    -7676.5859
27   1  14.098  37814.242 168.596   0.085    4.278  -10.000     -544.5317    -7676.5859
23   1  14.098  37815.281 195.139   0.053    1.530  -10.000     -544.4579    -7675.5469
24   1  14.098  37815.281 195.139   0.089    2.492  -10.000     -544.4579    -7675.5469
25   1  14.098  37815.281 195.139   0.139    3.995  -10.000     -544.4579    -7675.5469
26   1  14.098  37815.281 195.139   0.090    4.945  -10.000     -544.4579    -7675.5469
27   1  14.098  37815.281 195.139   0.080    3.267  -10.000     -544.4579    -7675.5469
23   1  14.098  37817.273 246.006  -0.031    1.378  -10.000     -544.3167    -7673.5547
24   1  14.098  37817.273 246.006  -0.037    2.343  -10.000     -544.3167    -7673.5547
25   1  14.098  37817.273 246.006   0.013    3.868  -10.000     -544.3167    -7673.5547
26   1  14.098  37817.273 246.006  -0.033    4.828  -10.000     -544.3167    -7673.5547
27   1  14.098  37817.273 246.006  -0.060    3.145  -10.000     -544.3167    -7673.5547
23   1  14.098  37818.273 271.538  -0.016    1.510  -10.000     -544.2457    -7672.5547
24   1  14.098  37818.273 271.538  -0.041    2.577  -10.000     -544.2457    -7672.5547
25   1  14.098  37818.273 271.538  -0.047    4.108  -10.000     -544.2457    -7672.5547
26   1  14.098  37818.273 271.538  -0.088    5.090  -10.000     -544.2457    -7672.5547
27   1  14.098  37818.273 271.538  -0.092    3.465  -10.000     -544.2457    -7672.5547
23   1  14.098  37820.262 322.317  -0.022    1.735  -10.000     -544.1047    -7670.5664
24   1  14.098  37820.262 322.317  -0.060    2.985  -10.000     -544.1047    -7670.5664
25   1  14.098  37820.262 322.317  -0.107    4.573  -10.000     -544.1047    -7670.5664
26   1  14.098  37820.262 322.317  -0.126    5.605  -10.000     -544.1047    -7670.5664
27   1  14.098  37820.262 322.317  -0.078    4.088  -10.000     -544.1047    -7670.5664
23   1  14.098  37821.262 347.849  -0.011    1.873  -10.000     -544.0338    -7669.5664
24   1  14.098  37821.262 347.849  -0.045    3.205  -10.000     -544.0338    -7669.5664
25   1  14.098  37821.262 347.849  -0.076    4.847  -10.000     -544.0338    -7669.5664
26   1  14.098  37821.262 347.849  -0.174    5.812  -10.000     -544.0338    -7669.5664
27   1  14.098  37821.262 347.849  -0.030    4.412  -10.000     -544.0338    -7669.5664
23   1  14.098  37822.250  13.096  -0.009    2.015  -10.000     -543.9636    -7668.5781
24   1  14.098  37822.250  13.096  -0.036    3.425  -10.000     -543.9636    -7668.5781
25   1  14.098  37822.250  13.096  -0.069    5.100  -10.000     -543.9636    -7668.5781
26   1  14.098  37822.250  13.096   0.011    6.253  -10.000     -543.9636    -7668.5781
27   1  14.098  37822.250  13.096   0.002    4.720  -10.000     -543.9636    -7668.5781
23   1  14.098  37825.281  90.483  -0.042    2.290  -10.000     -543.7487    -7665.5469
24   1  14.098  37825.281  90.483  -0.066    3.765  -10.000     -543.7487    -7665.5469
25   1  14.098  37825.281  90.483  -0.136    5.435  -10.000     -543.7487    -7665.5469
26   1  14.098  37825.281  90.483  -0.016    6.637  -10.000     -543.7487    -7665.5469
27   1  14.098  37825.281  90.483  -0.117    5.030  -10.000     -543.7487    -7665.5469
23   1  14.098  37826.242 115.027   0.018    2.247  -10.000     -543.6805    -7664.5859
24   1  14.098  37826.242 115.027   0.009    3.635  -10.000     -543.6805    -7664.5859
25   1  14.098  37826.242 115.027  -0.034    5.280  -10.000     -543.6805    -7664.5859
26   1  14.098  37826.242 115.027  -0.064    6.318  -10.000     -543.6805    -7664.5859
27   1  14.098  37826.242 115.027   0.016    4.863  -10.000     -543.6805    -7664.5859
23   1  14.098  37829.250 191.843   0.093    1.663  -10.000     -543.4671    -7661.5781
24   1  14.098  37829.250 191.843   0.131    2.673  -10.000     -543.4671    -7661.5781
25   1  14.098  37829.250 191.843   0.166    4.182  -10.000     -543.4671    -7661.5781
26   1  14.098  37829.250 191.843   0.122    5.145  -10.000     -543.4671    -7661.5781
27   1  14.098  37829.250 191.843   0.130    3.497  -10.000     -543.4671    -7661.5781
23   1  14.098  37839.250  87.209  -0.035    2.300  -10.000     -542.7578    -7651.5781
24   1  14.098  37839.250  87.209  -0.064    3.778  -10.000     -542.7578    -7651.5781
25   1  14.098  37839.250  87.209  -0.079    5.505  -10.000     -542.7578    -7651.5781
26   1  14.098  37839.250  87.209  -0.147    6.520  -10.000     -542.7578    -7651.5781
27   1  14.098  37839.250  87.209  -0.043    5.120  -10.000     -542.7578    -7651.5781
23   1  14.098  37840.230 112.236   0.011    2.260  -10.000     -542.6882    -7650.5977
24   1  14.098  37840.230 112.236  -0.009    3.652  -10.000     -542.6882    -7650.5977
25   1  14.098  37840.230 112.236  -0.043    5.315  -10.000     -542.6882    -7650.5977
26   1  14.098  37840.230 112.236  -0.125    6.302  -10.000     -542.6882    -7650.5977
27   1  14.098  37840.230 112.236  -0.002    4.895  -10.000     -542.6882    -7650.5977
23   1  14.098  37841.242 138.076   0.085    2.138  -10.000     -542.6165    -7649.5859
24   1  14.098  37841.242 138.076   0.131    3.435  -10.000     -542.6165    -7649.5859
25   1  14.098  37841.242 138.076   0.056    4.975  -10.000     -542.6165    -7649.5859
26   1  14.098  37841.242 138.076   0.105    6.070  -10.000     -542.6165    -7649.5859
27   1  14.098  37841.242 138.076   0.154    4.543  -10.000     -542.6165    -7649.5859
23   1  14.098  37842.219 163.015   0.051    2.050  -10.000     -542.5472    -7648.6094
24   1  14.098  37842.219 163.015   0.089    3.280  -10.000     -542.5472    -7648.6094
25   1  14.098  37842.219 163.015   0.034    4.810  -10.000     -542.5472    -7648.6094
26   1  14.098  37842.219 163.015   0.086    5.900  -10.000     -542.5472    -7648.6094
27   1  14.098  37842.219 163.015   0.091    4.312  -10.000     -542.5472    -7648.6094
23   1  14.098  37844.219 214.080  -0.126    1.115  -10.000     -542.4053    -7646.6094
24   1  14.098  37844.219 214.080  -0.164    1.900  -10.000     -542.4053    -7646.6094
25   1  14.098  37844.219 214.080   0.005    3.470  -10.000     -542.4053    -7646.6094
26   1  14.098  37844.219 214.080  -0.005    4.445  -10.000     -542.4053    -7646.6094
27   1  14.098  37844.219 214.080  -0.201    2.553  -10.000     -542.4053    -7646.6094
23   1  14.098  37845.219 239.612  -0.041    1.332  -10.000     -542.3344    -7645.6094
24   1  14.098  37845.219 239.612  -0.054    2.257  -10.000     -542.3344    -7645.6094
25   1  14.098  37845.219 239.612   0.013    3.783  -10.000     -542.3344    -7645.6094
26   1  14.098  37845.219 239.612  -0.048    4.722  -10.000     -542.3344    -7645.6094
27   1  14.098  37845.219 239.612  -0.076    3.030  -10.000     -542.3344    -7645.6094
23   1  14.098  37846.219 265.166  -0.009    1.488  -10.000     -542.2634    -7644.6094
24   1  14.098  37846.219 265.166  -0.040    2.520  -10.000     -542.2634    -7644.6094
25   1  14.098  37846.219 265.166  -0.031    4.050  -10.000     -542.2634    -7644.6094
26   1  14.098  37846.219 265.166  -0.010    5.090  -10.000     -542.2634    -7644.6094
27   1  14.098  37846.219 265.166  -0.074    3.398  -10.000     -542.2634    -7644.6094
23   1  14.098  37850.219   7.295  -0.004    1.988  -10.000     -541.9797    -7640.6094
24   1  14.098  37850.219   7.295  -0.023    3.390  -10.000     -541.9797    -7640.6094
25   1  14.098  37850.219   7.295  -0.063    5.050  -10.000     -541.9797    -7640.6094
26   1  14.098  37850.219   7.295   0.043    6.227  -10.000     -541.9797    -7640.6094
27   1  14.098  37850.219   7.295   0.011    4.668  -10.000     -541.9797    -7640.6094
 3 150  14.098  50890.496   7.405   0.051    8.817  -10.000      383.0206     5399.6680
 5 150  14.098  50890.496   7.405   0.045    7.413  -10.000      383.0206     5399.6680
 3 150  14.098  50891.445  31.641   0.003    8.908  -10.000      383.0879     5400.6172
 5 150  14.098  50891.445  31.641   0.028    7.494  -10.000      383.0879     5400.6172
 3 150  14.098  50892.441  57.074  -0.013    9.021  -10.000      383.1585     5401.6133
 5 150  14.098  50892.441  57.074   0.016    7.587  -10.000      383.1585     5401.6133
 3 150  14.098  50893.309  79.222  -0.026    9.074  -10.000      383.2201     5402.4805
 5 150  14.098  50893.309  79.222  -0.016    7.622  -10.000      383.2201     5402.4805
 3 150  14.098  50893.465  83.210  -0.041    9.064  -10.000      383.2311     5402.6367
 5 150  14.098  50893.465  83.210  -0.012    7.635  -10.000      383.2311     5402.6367
 3 150  14.098  50896.469 159.917   0.027    8.809  -10.000      383.4442     5405.6406
 5 150  14.098  50896.469 159.917  -0.014    7.518  -10.000      383.4442     5405.6406
 3 150  14.098  50896.559 162.213   0.019    8.801  -10.000      383.4506     5405.7305
 5 150  14.098  50896.559 162.213  -0.021    7.512  -10.000      383.4506     5405.7305
 3 150  14.098  50897.320 181.670  -0.094    8.521  -10.000      383.5046     5406.4922
 5 150  14.098  50897.320 181.670  -0.095    7.329  -10.000      383.5046     5406.4922
 3 150  14.098  50897.367 182.867  -0.086    8.504  -10.000      383.5080     5406.5391
 5 150  14.098  50897.367 182.867  -0.077    7.331  -10.000      383.5080     5406.5391
 3 150  14.098  50897.453 185.054  -0.077    8.463  -10.000      383.5140     5406.6250
 5 150  14.098  50897.453 185.054  -0.058    7.317  -10.000      383.5140     5406.6250
 3 150  14.098  50901.516 288.798   0.018    8.403  -10.000      383.8022     5410.6875
 5 150  14.098  50901.516 288.798   0.008    7.160  -10.000      383.8022     5410.6875
 3 150  14.098  50902.297 308.749   0.022    8.496  -10.000      383.8576     5411.4688
 5 150  14.098  50902.297 308.749   0.028    7.220  -10.000      383.8576     5411.4688
 3 150  14.098  50902.402 311.440   0.018    8.503  -10.000      383.8651     5411.5742
 5 150  14.098  50902.402 311.440   0.011    7.208  -10.000      383.8651     5411.5742
 3 150  14.098  50902.465 313.044   0.022    8.514  -10.000      383.8696     5411.6367
 5 150  14.098  50902.465 313.044   0.009    7.210  -10.000      383.8696     5411.6367
 3 150  14.098  50902.535 314.835   0.072    8.572  -10.000      383.8745     5411.7070
 5 150  14.098  50902.535 314.835   0.045    7.250  -10.000      383.8745     5411.7070
 3 150  14.098  50903.520 339.972   0.022    8.643  -10.000      383.9444     5412.6914
 5 150  14.098  50903.520 339.972   0.026    7.299  -10.000      383.9444     5412.6914
 3 150  14.098  50904.309   0.121   0.024    8.751  -10.000      384.0003     5413.4805
 5 150  14.098  50904.309   0.121   0.030    7.372  -10.000      384.0003     5413.4805
 3 150  14.098  50904.371   1.714   0.019    8.755  -10.000      384.0048     5413.5430
 5 150  14.098  50904.371   1.714   0.029    7.376  -10.000      384.0048     5413.5430
 3 150  14.098  50904.465   4.109   0.006    8.755  -10.000      384.0114     5413.6367
 5 150  14.098  50904.465   4.109   0.021    7.377  -10.000      384.0114     5413.6367
 3 150  14.098  50904.559   6.504   0.018    8.779  -10.000      384.0181     5413.7305
 5 150  14.098  50904.559   6.504   0.041    7.405  -10.000      384.0181     5413.7305
 3 150  14.098  50905.324  26.060   0.007    8.880  -10.000      384.0724     5414.4961
 5 150  14.098  50905.324  26.060   0.029    7.471  -10.000      384.0724     5414.4961
 3 150  14.098  50906.496  55.986  -0.014    9.016  -10.000      384.1555     5415.6680
 5 150  14.098  50906.496  55.986   0.003    7.570  -10.000      384.1555     5415.6680
 3 150  14.098  50907.398  79.025  -0.034    9.065  -10.000      384.2195     5416.5703
 5 150  14.098  50907.398  79.025  -0.008    7.629  -10.000      384.2195     5416.5703
 3 150  14.098  50907.473  80.925  -0.039    9.063  -10.000      384.2248     5416.6445
 5 150  14.098  50907.473  80.925  -0.008    7.634  -10.000      384.2248     5416.6445
 3 150  14.098  50908.398 104.557  -0.068    8.994  -10.000      384.2904     5417.5703
 5 150  14.098  50908.398 104.557  -0.051    7.593  -10.000      384.2904     5417.5703
 3 150  14.098  50908.480 106.655  -0.030    9.023  -10.000      384.2963     5417.6523
 5 150  14.098  50908.480 106.655  -0.028    7.613  -10.000      384.2963     5417.6523
 3 150  14.098  50909.414 130.496   0.016    8.898  -10.000      384.3625     5418.5859
 5 150  14.098  50909.414 130.496  -0.013    7.553  -10.000      384.3625     5418.5859
 3 150  14.098  50910.285 152.743   0.035    8.816  -10.000      384.4243     5419.4570
 5 150  14.098  50910.285 152.743  -0.003    7.523  -10.000      384.4243     5419.4570
 3 150  14.098  50910.363 154.731   0.030    8.810  -10.000      384.4298     5419.5352
 5 150  14.098  50910.363 154.731  -0.013    7.514  -10.000      384.4298     5419.5352
 3 150  14.098  50910.441 156.731   0.031    8.811  -10.000      384.4354     5419.6133
 5 150  14.098  50910.441 156.731  -0.016    7.513  -10.000      384.4354     5419.6133
 3 150  14.098  50912.293 204.016  -0.146    7.937  -10.000      384.5667     5421.4648
 5 150  14.098  50912.293 204.016  -0.109    6.958  -10.000      384.5667     5421.4648
 3 150  14.098  50912.375 206.104  -0.131    7.929  -10.000      384.5725     5421.5469
 5 150  14.098  50912.375 206.104  -0.088    6.962  -10.000      384.5725     5421.5469
 3 150  14.098  50912.457 208.202  -0.124    7.920  -10.000      384.5783     5421.6289
 5 150  14.098  50912.457 208.202  -0.085    6.953  -10.000      384.5783     5421.6289
 3 150  14.098  50913.285 229.351   0.004    8.119  -10.000      384.6371     5422.4570
 5 150  14.098  50913.285 229.351  -0.018    7.047  -10.000      384.6371     5422.4570
 3 150  14.098  50913.371 231.548   0.011    8.137  -10.000      384.6432     5422.5430
 5 150  14.098  50913.371 231.548  -0.002    7.068  -10.000      384.6432     5422.5430
 3 150  14.098  50913.445 233.438   0.022    8.157  -10.000      384.6484     5422.6172
 5 150  14.098  50913.445 233.438   0.000    7.073  -10.000      384.6484     5422.6172
 3 150  14.098  50914.285 254.883   0.045    8.286  -10.000      384.7080     5423.4570
 5 150  14.098  50914.285 254.883   0.020    7.127  -10.000      384.7080     5423.4570
 3 150  14.098  50914.359 256.783   0.027    8.276  -10.000      384.7133     5423.5312
 5 150  14.098  50914.359 256.783   0.016    7.125  -10.000      384.7133     5423.5312
 3 150  14.098  50914.445 258.981   0.044    8.302  -10.000      384.7194     5423.6172
 5 150  14.098  50914.445 258.981   0.023    7.135  -10.000      384.7194     5423.6172
 3 150  14.098  50915.305 280.920   0.024    8.377  -10.000      384.7803     5424.4766
 5 150  14.098  50915.305 280.920   0.005    7.147  -10.000      384.7803     5424.4766
 3 150  14.098  50915.375 282.711   0.030    8.391  -10.000      384.7853     5424.5469
 5 150  14.098  50915.375 282.711   0.031    7.175  -10.000      384.7853     5424.5469
 3 150  14.098  50915.457 284.810   0.021    8.390  -10.000      384.7911     5424.6289
 5 150  14.098  50915.457 284.810   0.016    7.163  -10.000      384.7911     5424.6289
 3 150  14.098  50916.289 306.057   0.036    8.498  -10.000      384.8502     5425.4609
 5 150  14.098  50916.289 306.057   0.019    7.205  -10.000      384.8502     5425.4609
 3 150  14.098  50916.359 307.859   0.042    8.512  -10.000      384.8552     5425.5312
 5 150  14.098  50916.359 307.859   0.031    7.221  -10.000      384.8552     5425.5312
 3 150  14.098  50916.438 309.847   0.033    8.511  -10.000      384.8607     5425.6094
 5 150  14.098  50916.438 309.847   0.034    7.228  -10.000      384.8607     5425.6094
 3 150  14.098  50917.270 331.095   0.013    8.591  -10.000      384.9197     5426.4414
 5 150  14.098  50917.270 331.095   0.024    7.271  -10.000      384.9197     5426.4414
 3 150  14.098  50917.375 333.787   0.024    8.615  -10.000      384.9272     5426.5469
 5 150  14.098  50917.375 333.787   0.025    7.280  -10.000      384.9272     5426.5469
 3 150  14.098  50917.449 335.687   0.023    8.623  -10.000      384.9325     5426.6211
 5 150  14.098  50917.449 335.687   0.022    7.282  -10.000      384.9325     5426.6211
18 163  14.098  47947.367  90.857  -0.011    9.230  -10.000      174.2524     2456.5391
18 163  14.098  47947.383  91.252  -0.029    9.213  -10.000      174.2535     2456.5547
18 163  14.098  47947.457  93.148  -0.015    9.223  -10.000      174.2587     2456.6289
18 163  14.098  47947.469  93.450  -0.001    9.237  -10.000      174.2596     2456.6406
18 163  14.098  47947.559  95.740  -0.038    9.194  -10.000      174.2659     2456.7305
18 163  14.098  47947.648  98.036  -0.034    9.192  -10.000      174.2723     2456.8203
18 163  14.098  47968.609 273.301   0.062    8.531  -10.000      175.7592     2477.7812
18 163  14.098  47968.695 275.493   0.050    8.528  -10.000      175.7653     2477.8672
18 163  14.098  47968.711 275.894   0.030    8.510  -10.000      175.7664     2477.8828
18 163  14.098  47968.785 277.789   0.057    8.545  -10.000      175.7716     2477.9570
18 163  14.098  47968.801 278.190   0.042    8.532  -10.000      175.7728     2477.9727
18 163  14.098  47968.875 280.085   0.060    8.557  -10.000      175.7780     2478.0469
18 163  14.098  48012.516 314.506   0.057    8.700  -10.000      178.8736     2521.6875
18 163  14.098  48012.594 316.500   0.039    8.691  -10.000      178.8792     2521.7656
18 163  14.098  48012.605 316.796   0.070    8.723  -10.000      178.8800     2521.7773
18 163  14.098  48035.000 168.673  -0.005    8.910  -10.000      180.4685     2544.1719
18 163  14.098  48035.164 172.859  -0.027    8.861  -10.000      180.4802     2544.3359
18 163  14.098  48035.180 173.260  -0.056    8.828  -10.000      180.4813     2544.3516
18 163  14.098  48035.254 175.155  -0.060    8.804  -10.000      180.4865     2544.4258
18 163  14.098  48035.270 175.556  -0.085    8.775  -10.000      180.4877     2544.4414
18 163  14.098  48068.750 310.518   0.045    8.671  -10.000      182.8625     2577.9219
18 163  14.098  48068.766 310.919   0.054    8.682  -10.000      182.8637     2577.9375
18 163  14.098  48068.930 315.110   0.055    8.701  -10.000      182.8753     2578.1016
18 163  14.098  48068.941 315.406   0.069    8.716  -10.000      182.8761     2578.1133
18 163  14.098  48100.902  51.570  -0.009    9.140  -10.000      185.1432     2610.0742
18 163  14.098  48100.918  51.971   0.021    9.172  -10.000      185.1444     2610.0898
18 163  14.098  48101.008  54.261   0.055    9.215  -10.000      185.1507     2610.1797
18 163  14.098  48160.426 131.578   0.039    9.058  -10.000      189.3655     2669.5977
18 163  14.098  48160.438 131.874   0.051    9.068  -10.000      189.3663     2669.6094
18 163  14.098  48160.527 134.171   0.059    9.061  -10.000      189.3727     2669.6992
18 163  14.098  48160.617 136.467   0.027    9.014  -10.000      189.3791     2669.7891
18 163  14.098  48171.980  66.643   0.026    9.236  -10.000      190.1851     2681.1523
18 163  14.098  48171.992  66.940  -0.009    9.201  -10.000      190.1859     2681.1641
18 163  14.098  48172.066  68.835  -0.020    9.196  -10.000      190.1912     2681.2383
18 163  14.098  48172.082  69.236   0.004    9.220  -10.000      190.1923     2681.2539
18 163  14.098  48172.156  71.131   0.005    9.226  -10.000      190.1976     2681.3281
18 163  14.098  48172.172  71.526  -0.010    9.212  -10.000      190.1987     2681.3438
18 163  14.098  48211.148 346.844   0.054    8.851  -10.000      192.9635     2720.3203
18 163  14.098  48211.164 347.245   0.072    8.871  -10.000      192.9646     2720.3359
18 163  14.098  48211.254 349.541   0.087    8.898  -10.000      192.9709     2720.4258
18 163  14.098  48227.164  35.826   0.027    9.097  -10.000      194.0995     2736.3359
18 163  14.098  48259.945 152.935   0.051    8.978  -10.000      196.4248     2769.1172
18 163  14.098  48260.020 154.830   0.057    8.983  -10.000      196.4301     2769.1914
18 163  14.098  48260.031 155.132   0.029    8.955  -10.000      196.4309     2769.2031
18 163  14.098  48286.855 120.119   0.014    9.123  -10.000      198.3337     2796.0273
18 163  14.098  48286.867 120.421   0.018    9.124  -10.000      198.3345     2796.0391
18 163  14.098  48286.945 122.415   0.008    9.098  -10.000      198.3400     2796.1172
18 163  14.098  48286.957 122.712   0.006    9.094  -10.000      198.3409     2796.1289
18 163  14.098  48287.031 124.607  -0.011    9.061  -10.000      198.3461     2796.2031
18 163  14.098  48311.559  30.948   0.070    9.110  -10.000      200.0860     2820.7305
18 163  14.098  48311.574  31.344   0.042    9.085  -10.000      200.0871     2820.7461
18 163  14.098  48311.750  35.832   0.044    9.114  -10.000      200.0995     2820.9219
18 163  14.098  48353.055  10.602   0.042    8.966  -10.000      203.0294     2862.2266
18 163  14.098  48353.070  11.003   0.046    8.972  -10.000      203.0306     2862.2422
18 163  14.098  48353.145  12.898   0.063    9.000  -10.000      203.0358     2862.3164
18 163  14.098  48353.160  13.293   0.064    9.004  -10.000      203.0369     2862.3320
18 163  14.098  48372.344 143.174   0.029    8.982  -10.000      204.3977     2881.5156
18 163  14.098  48372.355 143.470   0.059    9.011  -10.000      204.3985     2881.5273
18 163  14.098  48372.520 147.662   0.042    8.978  -10.000      204.4102     2881.6914
18 163  14.098  48372.609 149.958   0.035    8.966  -10.000      204.4165     2881.7812
18 163  14.098  48412.059  77.344  -0.001    9.234  -10.000      207.2148     2921.2305
18 163  14.098  48412.074  77.739  -0.012    9.223  -10.000      207.2159     2921.2461
18 163  14.098  48412.148  79.634  -0.004    9.235  -10.000      207.2212     2921.3203
18 163  14.098  48412.164  80.035   0.009    9.248  -10.000      207.2223     2921.3359
18 163  14.098  48440.582  85.726  -0.038    9.207  -10.000      209.2381     2949.7539
18 163  14.098  48440.594  86.023  -0.051    9.194  -10.000      209.2390     2949.7656
18 163  14.098  48440.672  88.017  -0.024    9.220  -10.000      209.2445     2949.8438
18 163  14.098  48466.172  19.193   0.077    9.050  -10.000      211.0533     2975.3438
18 163  14.098  48502.770 233.762   0.019    8.308  -10.000      213.6493     3011.9414
18 163  14.098  48556.902 176.111  -0.061    8.793  -10.000      217.4892     3066.0742
18 163  14.098  48556.918 176.512  -0.098    8.750  -10.000      217.4903     3066.0898
18 163  14.098  48557.078 180.599  -0.117    8.667  -10.000      217.5017     3066.2500
18 163  14.098  48557.094 181.000  -0.113    8.663  -10.000      217.5028     3066.2656
18 163  14.098  48569.539 138.807   0.050    9.025  -10.000      218.3856     3078.7109
18 163  14.098  48569.613 140.702   0.051    9.016  -10.000      218.3908     3078.7852
18 163  14.098  48569.625 140.999   0.054    9.017  -10.000      218.3917     3078.7969
18 163  14.098  48605.500 337.115   0.015    8.765  -10.000      220.9364     3114.6719
18 163  14.098  48605.516 337.516   0.041    8.793  -10.000      220.9375     3114.6875
18 163  14.098  48605.590 339.412   0.021    8.783  -10.000      220.9428     3114.7617
18 163  14.098  48605.605 339.807   0.038    8.801  -10.000      220.9439     3114.7773
18 163  14.098  48627.629 182.203  -0.104    8.648  -10.000      222.5061     3136.8008
18 163  14.098  48627.641 182.505  -0.134    8.612  -10.000      222.5070     3136.8125
18 163  14.098  48627.719 184.499  -0.138    8.564  -10.000      222.5125     3136.8906
18 163  14.098  48627.730 184.801  -0.173    8.523  -10.000      222.5133     3136.9023
18 163  14.098  48627.805 186.696  -0.175    8.474  -10.000      222.5186     3136.9766
18 163  14.098  48655.707 179.214  -0.086    8.722  -10.000      224.4978     3164.8789
18 163  14.098  48655.719 179.517  -0.087    8.716  -10.000      224.4987     3164.8906
18 163  14.098  48691.516  13.634   0.029    8.970  -10.000      227.0379     3200.6875
18 163  14.098  48691.531  14.035   0.042    8.986  -10.000      227.0390     3200.7031
18 163  14.098  48691.605  15.930   0.039    8.994  -10.000      227.0443     3200.7773
18 163  14.098  48691.617  16.227   0.040    8.996  -10.000      227.0451     3200.7891
18 163  14.098  48691.695  18.221   0.007    8.975  -10.000      227.0506     3200.8672
18 163  14.098  48691.707  18.523   0.048    9.018  -10.000      227.0515     3200.8789
18 163  14.098  48711.070 152.990   0.010    8.936  -10.000      228.4250     3220.2422
18 163  14.098  48711.082 153.287   0.083    9.009  -10.000      228.4258     3220.2539
18 163  14.098  48711.156 155.182  -0.003    8.924  -10.000      228.4311     3220.3281
18 163  14.098  48711.172 155.583   0.077    9.003  -10.000      228.4322     3220.3438
18 163  14.098  48711.246 157.478   0.043    8.969  -10.000      228.4374     3220.4180
18 163  14.098  48711.262 157.874   0.051    8.978  -10.000      228.4385     3220.4336
18 163  14.098  48711.336 159.769   0.009    8.936  -10.000      228.4438     3220.5078
18 163  14.098  48711.352 160.170   0.009    8.937  -10.000      228.4449     3220.5234
18 163  14.098  48711.422 161.966   0.007    8.934  -10.000      228.4499     3220.5938
18 163  14.098  48711.438 162.361   0.002    8.930  -10.000      228.4510     3220.6094
18 163  14.098  48711.512 164.257   0.071    8.997  -10.000      228.4563     3220.6836
18 163  14.098  48711.527 164.658  -0.048    8.878  -10.000      228.4574     3220.6992
18 163  14.098  48779.492 100.228  -0.043    9.176  -10.000      233.2784     3288.6641
18 163  14.098  48779.504 100.525  -0.033    9.185  -10.000      233.2792     3288.6758
18 163  14.098  48810.055 160.681   0.054    8.982  -10.000      235.4463     3319.2266
18 163  14.098  48810.070 161.076   0.010    8.938  -10.000      235.4474     3319.2422
18 163  14.098  48810.145 162.971   0.021    8.949  -10.000      235.4527     3319.3164
18 163  14.098  48810.156 163.273  -0.012    8.916  -10.000      235.4535     3319.3281
18 163  14.098  48810.246 165.569  -0.010    8.915  -10.000      235.4599     3319.4180
18 163  14.098  48970.625 301.047   0.029    8.613  -10.000      246.8362     3479.7969
18 163  14.098  48970.641 301.448   0.036    8.622  -10.000      246.8374     3479.8125
18 163  14.098  48970.715 303.344   0.028    8.623  -10.000      246.8426     3479.8867
18 163  14.098  48970.730 303.739   0.025    8.622  -10.000      246.8437     3479.9023
18 163  14.098  49017.102  47.884  -0.001    9.132  -10.000      250.1330     3526.2734
18 163  14.098  49041.961 322.701   0.010    8.692  -10.000      251.8964     3551.1328
18 163  14.098  49042.035 324.597   0.038    8.729  -10.000      251.9017     3551.2070
18 163  14.098  49042.051 324.998   0.047    8.740  -10.000      251.9028     3551.2227
 1   2  14.098  41649.824 195.073   0.051    9.830  -10.000     -272.4581    -3841.0039
 2   2  14.098  41649.824 195.073  -0.015    9.190  -10.000     -272.4581    -3841.0039
 3   2  14.098  41649.824 195.073  -0.011    8.260  -10.000     -272.4581    -3841.0039
 1   2  14.098  41650.848 221.210   0.027    9.460  -10.000     -272.3855    -3839.9805
 2   2  14.098  41650.848 221.210  -0.201    8.740  -10.000     -272.3855    -3839.9805
 3   2  14.098  41650.848 221.210  -0.150    7.920  -10.000     -272.3855    -3839.9805
 1   2  14.098  41652.844 272.175  -0.011   10.130  -10.000     -272.2440    -3837.9844
 2   2  14.098  41652.844 272.175  -0.027    9.360  -10.000     -272.2440    -3837.9844
 3   2  14.098  41652.844 272.175  -0.016    8.300  -10.000     -272.2440    -3837.9844
 2   2  14.098  41654.840 323.152  -0.022    9.750  -10.000     -272.1024    -3835.9883
 3   2  14.098  41654.840 323.152  -0.010    8.530  -10.000     -272.1024    -3835.9883
 1   2  14.098  41655.828 348.387  -0.052   10.950  -10.000     -272.0323    -3835.0000
 2   2  14.098  41655.828 348.387  -0.017    9.940  -10.000     -272.0323    -3835.0000
 3   2  14.098  41655.828 348.387  -0.013    8.650  -10.000     -272.0323    -3835.0000
 1   2  14.098  41760.723 147.008   0.098   10.940  -10.000     -264.5916    -3730.1055
 2   2  14.098  41760.723 147.008   0.109   10.070  -10.000     -264.5916    -3730.1055
 3   2  14.098  41760.723 147.008   0.088    8.880  -10.000     -264.5916    -3730.1055
 1   2  14.098  41762.738 198.479   0.046    9.660  -10.000     -264.4487    -3728.0898
 2   2  14.098  41762.738 198.479  -0.055    9.030  -10.000     -264.4487    -3728.0898
 3   2  14.098  41762.738 198.479   0.024    8.210  -10.000     -264.4487    -3728.0898
 1   2  14.098  41766.727 300.322  -0.039   10.440  -10.000     -264.1658    -3724.1016
 2   2  14.098  41766.727 300.322  -0.001    9.600  -10.000     -264.1658    -3724.1016
 3   2  14.098  41766.727 300.322   0.035    8.470  -10.000     -264.1658    -3724.1016
 1   2  14.098  41767.766 326.854   0.193   10.970  -10.000     -264.0921    -3723.0625
 2   2  14.098  41767.766 326.854   0.000    9.800  -10.000     -264.0921    -3723.0625
 3   2  14.098  41767.766 326.854   0.062    8.620  -10.000     -264.0921    -3723.0625
 1   2  14.098  41768.750 351.991   0.020   11.060  -10.000     -264.0222    -3722.0781
 2   2  14.098  41768.750 351.991   0.016   10.000  -10.000     -264.0222    -3722.0781
 3   2  14.098  41768.750 351.991   0.038    8.720  -10.000     -264.0222    -3722.0781
 1   2  14.098  41769.738  17.227   0.019   11.330  -10.000     -263.9521    -3721.0898
 2   2  14.098  41769.738  17.227   0.029   10.210  -10.000     -263.9521    -3721.0898
 3   2  14.098  41769.738  17.227   0.038    8.860  -10.000     -263.9521    -3721.0898
 1   2  14.098  41770.777  43.759  -0.003   11.570  -10.000     -263.8784    -3720.0508
 2   2  14.098  41770.777  43.759   0.029   10.410  -10.000     -263.8784    -3720.0508
 3   2  14.098  41770.777  43.759   0.035    9.010  -10.000     -263.8784    -3720.0508
 1   2  14.098  41771.738  68.302  -0.002   11.710  -10.000     -263.8103    -3719.0898
 2   2  14.098  41771.738  68.302   0.012   10.510  -10.000     -263.8103    -3719.0898
 3   2  14.098  41771.738  68.302   0.045    9.120  -10.000     -263.8103    -3719.0898
 1   2  14.098  41772.758  94.340   0.045   11.710  -10.000     -263.7379    -3718.0703
 2   2  14.098  41772.758  94.340   0.020   10.510  -10.000     -263.7379    -3718.0703
 3   2  14.098  41772.758  94.340   0.024    9.120  -10.000     -263.7379    -3718.0703
 1   2  14.098  41773.754 119.773  -0.046   11.260  -10.000     -263.6673    -3717.0742
 2   2  14.098  41773.754 119.773   0.008   10.270  -10.000     -263.6673    -3717.0742
 3   2  14.098  41773.754 119.773   0.001    8.970  -10.000     -263.6673    -3717.0742
 0  10  14.098  40353.316 207.092  -1.046   -5.000  -10.000     -364.4247    -5137.5117
 0  10  14.098  40359.328   0.604  -5.253   -1.200  -10.000     -363.9983    -5131.5000
 0  10  14.098  40621.531 216.299  -0.959   -5.800  -10.000     -345.3992    -4869.2969
 0  10  14.098  40636.512 238.843   2.700  -12.200  -10.000     -344.3365    -4854.3164
 0  10  14.098  40651.473 260.892   0.503  -14.700  -10.000     -343.2753    -4839.3555
