 2  79  13.106  49521.578  15.864  -0.081   12.356  -10.000     1315.0441    17235.0332
 3  79  13.106  49521.578  15.864  -0.090   11.075  -10.000     1315.0441    17235.0332
 2  79  13.106  49524.582  98.394   0.048   12.561  -10.000     1315.2733    17238.0371
 3  79  13.106  49524.582  98.394  -0.004   11.238  -10.000     1315.2733    17238.0371
 4  79  13.106  49524.582  98.394  -0.046   10.434  -10.000     1315.2733    17238.0371
 5  79  13.106  49524.582  98.394  -0.078    9.689  -10.000     1315.2733    17238.0371
 2  79  13.106  49526.547 152.358   0.129   12.465  -10.000     1315.4232    17240.0020
 3  79  13.106  49526.547 152.358   0.095   11.234  -10.000     1315.4232    17240.0020
 4  79  13.106  49526.547 152.358   0.045   10.452  -10.000     1315.4232    17240.0020
 5  79  13.106  49526.547 152.358   0.025    9.748  -10.000     1315.4232    17240.0020
 2  79  13.106  49527.527 179.297   0.125   12.422  -10.000     1315.4980    17240.9824
 3  79  13.106  49527.527 179.297   0.093   11.207  -10.000     1315.4980    17240.9824
 4  79  13.106  49527.527 179.297   0.111   10.499  -10.000     1315.4980    17240.9824
 5  79  13.106  49527.527 179.297   0.121    9.830  -10.000     1315.4980    17240.9824
 2  79  13.106  49528.543 207.158  -0.070   11.989  -10.000     1315.5754    17241.9980
 3  79  13.106  49528.543 207.158  -0.111   10.833  -10.000     1315.5754    17241.9980
 4  79  13.106  49528.543 207.158  -0.122   10.125  -10.000     1315.5754    17241.9980
 5  79  13.106  49528.543 207.158  -0.129    9.465  -10.000     1315.5754    17241.9980
 2  79  13.106  49529.555 234.976   0.090   12.172  -10.000     1315.6527    17243.0098
 3  79  13.106  49529.555 234.976   0.070   11.023  -10.000     1315.6527    17243.0098
 4  79  13.106  49529.555 234.976   0.071   10.321  -10.000     1315.6527    17243.0098
 5  79  13.106  49529.555 234.976   0.038    9.630  -10.000     1315.6527    17243.0098
 2  79  13.106  49530.531 261.782  -0.061   12.095  -10.000     1315.7272    17243.9863
 3  79  13.106  49530.531 261.782  -0.070   10.922  -10.000     1315.7272    17243.9863
 4  79  13.106  49530.531 261.782  -0.046   10.228  -10.000     1315.7272    17243.9863
 5  79  13.106  49530.531 261.782  -0.033    9.569  -10.000     1315.7272    17243.9863
 2  79  13.106  49532.535 316.846   0.018   12.315  -10.000     1315.8801    17245.9902
 3  79  13.106  49532.535 316.846   0.015   11.086  -10.000     1315.8801    17245.9902
 4  79  13.106  49532.535 316.846   0.014   10.341  -10.000     1315.8801    17245.9902
 5  79  13.106  49532.535 316.846   0.014    9.645  -10.000     1315.8801    17245.9902
 2  79  13.106  49534.535  11.777  -0.001   12.427  -10.000     1316.0327    17247.9902
 3  79  13.106  49534.535  11.777   0.058   11.216  -10.000     1316.0327    17247.9902
 4  79  13.106  49534.535  11.777   0.129   10.526  -10.000     1316.0327    17247.9902
 5  79  13.106  49534.535  11.777   0.160    9.844  -10.000     1316.0327    17247.9902
 2  79  13.106  49542.531 231.416  -0.013   12.058  -10.000     1316.6428    17255.9863
 3  79  13.106  49542.531 231.416  -0.045   10.902  -10.000     1316.6428    17255.9863
 4  79  13.106  49542.531 231.416  -0.018   10.228  -10.000     1316.6428    17255.9863
 5  79  13.106  49542.531 231.416  -0.030    9.559  -10.000     1316.6428    17255.9863
 2  79  13.106  49543.527 258.750  -0.021   12.128  -10.000     1316.7188    17256.9824
 3  79  13.106  49543.527 258.750  -0.008   10.980  -10.000     1316.7188    17256.9824
 4  79  13.106  49543.527 258.750   0.058   10.330  -10.000     1316.7188    17256.9824
 5  79  13.106  49543.527 258.750   0.069    9.670  -10.000     1316.7188    17256.9824
 2  79  13.106  49545.496 312.847  -0.131   12.157  -10.000     1316.8690    17258.9512
 3  79  13.106  49545.496 312.847  -0.080   10.985  -10.000     1316.8690    17258.9512
 4  79  13.106  49545.496 312.847  -0.021   10.302  -10.000     1316.8690    17258.9512
 5  79  13.106  49545.496 312.847  -0.001    9.627  -10.000     1316.8690    17258.9512
 2  79  13.106  49546.504 340.532  -0.107   12.247  -10.000     1316.9459    17259.9590
 3  79  13.106  49546.504 340.532  -0.077   11.030  -10.000     1316.9459    17259.9590
 4  79  13.106  49546.504 340.532  -0.049   10.306  -10.000     1316.9459    17259.9590
 5  79  13.106  49546.504 340.532  -0.023    9.628  -10.000     1316.9459    17259.9590
 2  79  13.106  49558.527 310.781  -0.020   12.263  -10.000     1317.8633    17271.9824
 3  79  13.106  49558.527 310.781   0.060   11.122  -10.000     1317.8633    17271.9824
 4  79  13.106  49558.527 310.781   0.090   10.410  -10.000     1317.8633    17271.9824
 5  79  13.106  49558.527 310.781   0.102    9.729  -10.000     1317.8633    17271.9824
 2  79  13.106  49564.520 115.400   0.076   12.536  -10.000     1318.3206    17277.9746
 3  79  13.106  49564.520 115.400   0.052   11.264  -10.000     1318.3206    17277.9746
 0  42  13.106  46923.648 295.312  -4.435   19.450    0.750     1116.8203    14637.1035
 0  42  13.106  46924.480 318.164  -4.431   21.770    0.640     1116.8838    14637.9355
 0  42  13.106  46925.582 348.442  -3.485   24.900    0.620     1116.9679    14639.0371
 0  42  13.106  46926.582  15.908  -2.490   27.600    0.630     1117.0442    14640.0371
 0  42  13.106  46927.562  42.847  -3.335   28.550    0.630     1117.1190    14641.0176
 3 150  13.106  50568.406 330.381   0.051   11.142  -10.000     1394.9177    18281.8613
 5 150  13.106  50568.406 330.381   0.014    9.656  -10.000     1394.9177    18281.8613
 3 150  13.106  50570.348  23.687   0.041   11.219  -10.000     1395.0658    18283.8027
 5 150  13.106  50570.348  23.687   0.028    9.727  -10.000     1395.0658    18283.8027
 3 150  13.106  50571.316  50.317   0.040   11.259  -10.000     1395.1398    18284.7715
 5 150  13.106  50571.316  50.317   0.023    9.755  -10.000     1395.1398    18284.7715
 3 150  13.106  50572.312  77.695  -0.012   11.234  -10.000     1395.2158    18285.7676
 5 150  13.106  50572.312  77.695  -0.026    9.734  -10.000     1395.2158    18285.7676
 3 150  13.106  50573.316 105.249  -0.046   11.186  -10.000     1395.2924    18286.7715
 5 150  13.106  50573.316 105.249  -0.047    9.717  -10.000     1395.2924    18286.7715
 3 150  13.106  50573.410 107.842  -0.050   11.177  -10.000     1395.2996    18286.8652
 5 150  13.106  50573.410 107.842  -0.044    9.718  -10.000     1395.2996    18286.8652
 3 150  13.106  50574.438 136.055  -0.047   11.112  -10.000     1395.3779    18287.8926
 5 150  13.106  50574.438 136.055  -0.052    9.679  -10.000     1395.3779    18287.8926
 3 150  13.106  50575.305 159.873  -0.090   11.046  -10.000     1395.4441    18288.7598
 5 150  13.106  50575.305 159.873  -0.091    9.631  -10.000     1395.4441    18288.7598
 3 150  13.106  50576.312 187.559  -0.106   10.967  -10.000     1395.5210    18289.7676
 5 150  13.106  50576.312 187.559  -0.098    9.584  -10.000     1395.5210    18289.7676
 3 150  13.106  50576.402 190.020  -0.108   10.948  -10.000     1395.5278    18289.8574
 5 150  13.106  50576.402 190.020  -0.090    9.580  -10.000     1395.5278    18289.8574
 3 150  13.106  50578.332 243.018  -0.019   10.947  -10.000     1395.6750    18291.7871
 5 150  13.106  50578.332 243.018  -0.041    9.555  -10.000     1395.6750    18291.7871
 3 150  13.106  50578.418 245.391  -0.002   10.967  -10.000     1395.6816    18291.8730
 5 150  13.106  50578.418 245.391  -0.008    9.588  -10.000     1395.6816    18291.8730
 3 150  13.106  50579.422 272.944   0.005   11.012  -10.000     1395.7582    18292.8770
 5 150  13.106  50579.422 272.944  -0.017    9.589  -10.000     1395.7582    18292.8770
 3 150  13.106  50580.320 297.642   0.020   11.063  -10.000     1395.8268    18293.7754
 5 150  13.106  50580.320 297.642   0.005    9.624  -10.000     1395.8268    18293.7754
 3 150  13.106  50580.387 299.443   0.008   11.053  -10.000     1395.8318    18293.8418
 5 150  13.106  50580.387 299.443  -0.009    9.611  -10.000     1395.8318    18293.8418
 3 150  13.106  50582.340 353.101   0.051   11.177  -10.000     1395.9808    18295.7949
 5 150  13.106  50582.340 353.101   0.016    9.679  -10.000     1395.9808    18295.7949
 3 150  13.106  50582.402 354.814   0.045   11.174  -10.000     1395.9856    18295.8574
 5 150  13.106  50582.402 354.814   0.028    9.693  -10.000     1395.9856    18295.8574
 3 150  13.106  50583.320  20.039   0.049   11.221  -10.000     1396.0557    18296.7754
 5 150  13.106  50583.320  20.039   0.028    9.722  -10.000     1396.0557    18296.7754
 3 150  13.106  50583.402  22.280   0.040   11.216  -10.000     1396.0619    18296.8574
 5 150  13.106  50583.402  22.280   0.023    9.720  -10.000     1396.0619    18296.8574
 3 150  13.106  50584.324  47.637   0.031   11.246  -10.000     1396.1323    18297.7793
 5 150  13.106  50584.324  47.637   0.016    9.744  -10.000     1396.1323    18297.7793
 3 150  13.106  50584.387  49.351   0.032   11.250  -10.000     1396.1371    18297.8418
 5 150  13.106  50584.387  49.351   0.018    9.749  -10.000     1396.1371    18297.8418
11  43  13.106  48336.664 228.384  -0.018    8.479  -10.000     1224.6344    16050.1191
12  43  13.106  48336.664 228.384  -0.043    7.991  -10.000     1224.6344    16050.1191
13  43  13.106  48336.664 228.384  -0.076    7.795  -10.000     1224.6344    16050.1191
11  43  13.106  48337.645 255.322  -0.006    8.486  -10.000     1224.7092    16051.0996
12  43  13.106  48337.645 255.322  -0.030    7.990  -10.000     1224.7092    16051.0996
13  43  13.106  48337.645 255.322  -0.055    7.800  -10.000     1224.7092    16051.0996
11  43  13.106  48340.652 337.939   0.035    8.529  -10.000     1224.9387    16054.1074
12  43  13.106  48340.652 337.939   0.023    8.024  -10.000     1224.9387    16054.1074
13  43  13.106  48340.652 337.939   0.000    7.829  -10.000     1224.9387    16054.1074
11  43  13.106  48341.695   6.548   0.054    8.566  -10.000     1225.0182    16055.1504
12  43  13.106  48341.695   6.548   0.043    8.058  -10.000     1225.0182    16055.1504
13  43  13.106  48341.695   6.548   0.016    7.856  -10.000     1225.0182    16055.1504
11  43  13.106  48342.699  34.146   0.038    8.576  -10.000     1225.0948    16056.1543
12  43  13.106  48342.699  34.146   0.023    8.060  -10.000     1225.0948    16056.1543
13  43  13.106  48342.699  34.146  -0.002    7.860  -10.000     1225.0948    16056.1543
 0 125  13.106  37389.422 127.002   0.046   35.000  -10.000      389.3528     5102.8770
 0 125  13.106  37409.391 315.505   1.800   28.000  -10.000      390.8764     5122.8457
 0 125  13.106  37418.410 203.258  -0.403   27.000  -10.000      391.5646     5131.8652
 0 125  13.106  37693.520 200.028   5.304   33.000  -10.000      412.5556     5406.9746
 0 125  13.106  38154.250 255.476  -0.096   23.000  -10.000      447.7097     5867.7051
 0 125  13.106  38504.289 150.425  -3.362   28.000  -10.000      474.4178     6217.7441
