 2  79  11.054  45489.395 208.231   0.081   12.223  -10.000       -0.4216       -4.6602
 3  79  11.054  45489.395 208.231   0.009   10.573  -10.000       -0.4216       -4.6602
 4  79  11.054  45489.395 208.231  -0.005    9.587  -10.000       -0.4216       -4.6602
 2  79  11.054  45490.320 238.381  -0.118   11.811  -10.000       -0.3378       -3.7344
 3  79  11.054  45490.320 238.381  -0.119   10.280  -10.000       -0.3378       -3.7344
 4  79  11.054  45490.320 238.381  -0.098    9.349  -10.000       -0.3378       -3.7344
 2  79  11.054  45493.383 338.119   0.014   12.673  -10.000       -0.0608       -0.6719
 3  79  11.054  45493.383 338.119   0.020   10.857  -10.000       -0.0608       -0.6719
 4  79  11.054  45493.383 338.119   0.000    9.764  -10.000       -0.0608       -0.6719
 2  79  11.054  45496.324  73.913  -0.061   13.149  -10.000        0.2053        2.2695
 3  79  11.054  45496.324  73.913  -0.051   11.201  -10.000        0.2053        2.2695
 4  79  11.054  45496.324  73.913  -0.066   10.056  -10.000        0.2053        2.2695
 2  79  11.054  45497.305 105.844  -0.001   13.092  -10.000        0.2940        3.2500
 3  79  11.054  45497.305 105.844  -0.020   11.186  -10.000        0.2940        3.2500
 4  79  11.054  45497.305 105.844  -0.048   10.057  -10.000        0.2940        3.2500
 2  79  11.054  45498.344 139.684   0.141   12.875  -10.000        0.3880        4.2891
 3  79  11.054  45498.344 139.684   0.057   11.045  -10.000        0.3880        4.2891
 4  79  11.054  45498.344 139.684  -0.006    9.941  -10.000        0.3880        4.2891
 2  79  11.054  45501.355 237.768  -0.110   11.817  -10.000        0.6605        7.3008
 3  79  11.054  45501.355 237.768  -0.086   10.312  -10.000        0.6605        7.3008
 4  79  11.054  45501.355 237.768  -0.080    9.366  -10.000        0.6605        7.3008
 2  79  11.054  45502.359 270.462   0.070   12.226  -10.000        0.7513        8.3047
 3  79  11.054  45502.359 270.462   0.021   10.556  -10.000        0.7513        8.3047
 4  79  11.054  45502.359 270.462   0.000    9.545  -10.000        0.7513        8.3047
 2  79  11.054  45503.344 302.521   0.053   12.442  -10.000        0.8403        9.2891
 3  79  11.054  45503.344 302.521   0.005   10.673  -10.000        0.8403        9.2891
 4  79  11.054  45503.344 302.521  -0.011    9.626  -10.000        0.8403        9.2891
 2  79  11.054  45505.336   7.401   0.051   12.924  -10.000        1.0206       11.2812
 3  79  11.054  45505.336   7.401   0.029   11.011  -10.000        1.0206       11.2812
 4  79  11.054  45505.336   7.401   0.011    9.891  -10.000        1.0206       11.2812
 2  79  11.054  45508.340 105.231   0.002   13.100  -10.000        1.2923       14.2852
 3  79  11.054  45508.340 105.231  -0.013   11.195  -10.000        1.2923       14.2852
 4  79  11.054  45508.340 105.231  -0.027   10.080  -10.000        1.2923       14.2852
 2  79  11.054  45515.355 333.711  -0.009   12.614  -10.000        1.9270       21.3008
 3  79  11.054  45515.355 333.711  -0.024   10.790  -10.000        1.9270       21.3008
 4  79  11.054  45515.355 333.711  -0.043    9.703  -10.000        1.9270       21.3008
 2  79  11.054  45871.336  47.076  -0.037   13.093  -10.000       34.1308      377.2812
 3  79  11.054  45871.336  47.076  -0.022   11.153  -10.000       34.1308      377.2812
 4  79  11.054  45871.336  47.076  -0.029   10.017  -10.000       34.1308      377.2812
 2  79  11.054  45872.352  80.152  -0.043   13.161  -10.000       34.2226      378.2969
 3  79  11.054  45872.352  80.152  -0.050   11.203  -10.000       34.2226      378.2969
 4  79  11.054  45872.352  80.152  -0.051   10.075  -10.000       34.2226      378.2969
 2  79  11.054  45873.352 112.720  -0.004   13.025  -10.000       34.3131      379.2969
 3  79  11.054  45873.352 112.720  -0.028   11.140  -10.000       34.3131      379.2969
 4  79  11.054  45873.352 112.720  -0.056   10.023  -10.000       34.3131      379.2969
 2  79  11.054  45874.336 144.778   0.095   12.780  -10.000       34.4022      380.2812
 3  79  11.054  45874.336 144.778   0.020   10.977  -10.000       34.4022      380.2812
 4  79  11.054  45874.336 144.778  -0.006    9.916  -10.000       34.4022      380.2812
 2  79  11.054  45875.324 176.964  -0.033   12.420  -10.000       34.4916      381.2695
 3  79  11.054  45875.324 176.964  -0.042   10.754  -10.000       34.4916      381.2695
 4  79  11.054  45875.324 176.964  -0.060    9.731  -10.000       34.4916      381.2695
 2  79  11.054  45876.340 210.041   0.057   12.173  -10.000       34.5834      382.2852
 3  79  11.054  45876.340 210.041   0.030   10.575  -10.000       34.5834      382.2852
 4  79  11.054  45876.340 210.041   0.001    9.577  -10.000       34.5834      382.2852
 2  79  11.054  45877.332 242.353  -0.128   11.817  -10.000       34.6732      383.2773
 3  79  11.054  45877.332 242.353  -0.102   10.305  -10.000       34.6732      383.2773
 4  79  11.054  45877.332 242.353  -0.096    9.357  -10.000       34.6732      383.2773
 2  79  11.054  45878.328 274.793   0.055   12.244  -10.000       34.7633      384.2734
 3  79  11.054  45878.328 274.793   0.017   10.570  -10.000       34.7633      384.2734
 4  79  11.054  45878.328 274.793   0.002    9.559  -10.000       34.7633      384.2734
 2  79  11.054  45879.320 307.106   0.031   12.457  -10.000       34.8531      385.2656
 3  79  11.054  45879.320 307.106   0.007   10.698  -10.000       34.8531      385.2656
 4  79  11.054  45879.320 307.106   0.000    9.654  -10.000       34.8531      385.2656
 2  79  11.054  45880.328 339.928  -0.007   12.667  -10.000       34.9442      386.2734
 3  79  11.054  45880.328 339.928  -0.023   10.823  -10.000       34.9442      386.2734
 4  79  11.054  45880.328 339.928  -0.035    9.736  -10.000       34.9442      386.2734
 1  79  11.054  45881.324  12.368   0.180   14.728  -10.000       35.0344      387.2695
 2  79  11.054  45881.324  12.368  -0.006   12.906  -10.000       35.0344      387.2695
 3  79  11.054  45881.324  12.368   0.023   11.032  -10.000       35.0344      387.2695
 4  79  11.054  45881.324  12.368   0.003    9.905  -10.000       35.0344      387.2695
 2  79  11.054  45882.312  44.554  -0.002   13.114  -10.000       35.1238      388.2578
 3  79  11.054  45882.312  44.554  -0.012   11.152  -10.000       35.1238      388.2578
 4  79  11.054  45882.312  44.554  -0.007   10.029  -10.000       35.1238      388.2578
 2  79  11.054  45883.324  77.503  -0.005   13.202  -10.000       35.2153      389.2695
 3  79  11.054  45883.324  77.503  -0.010   11.243  -10.000       35.2153      389.2695
 4  79  11.054  45883.324  77.503  -0.011   10.114  -10.000       35.2153      389.2695
 1  79  11.054  45886.328 175.332   0.119   13.902  -10.000       35.4870      392.2734
 2  79  11.054  45886.328 175.332  -0.005   12.459  -10.000       35.4870      392.2734
 3  79  11.054  45886.328 175.332  -0.028   10.776  -10.000       35.4870      392.2734
 4  79  11.054  45886.328 175.332  -0.048    9.750  -10.000       35.4870      392.2734
 1  79  11.054  45887.309 207.264   0.065   13.436  -10.000       35.5757      393.2539
 2  79  11.054  45887.309 207.264   0.034   12.190  -10.000       35.5757      393.2539
 3  79  11.054  45887.309 207.264  -0.009   10.565  -10.000       35.5757      393.2539
 4  79  11.054  45887.309 207.264  -0.012    9.589  -10.000       35.5757      393.2539
 2  79  11.054  47735.285 271.088   0.022   12.183  -10.000      202.7530     2241.2305
 3  79  11.054  47735.285 271.088  -0.009   10.529  -10.000      202.7530     2241.2305
 4  79  11.054  47735.285 271.088  -0.011    9.536  -10.000      202.7530     2241.2305
 2  79  11.054  47736.273 303.272   0.022   12.417  -10.000      202.8424     2242.2188
 3  79  11.054  47736.273 303.272   0.004   10.676  -10.000      202.8424     2242.2188
 4  79  11.054  47736.273 303.272   0.002    9.642  -10.000      202.8424     2242.2188
 2  79  11.054  47737.270 335.715  -0.021   12.619  -10.000      202.9325     2243.2148
 3  79  11.054  47737.270 335.715  -0.029   10.795  -10.000      202.9325     2243.2148
 4  79  11.054  47737.270 335.715  -0.014    9.740  -10.000      202.9325     2243.2148
 2  79  11.054  47738.266   8.152  -0.044   12.835  -10.000      203.0226     2244.2109
 3  79  11.054  47738.266   8.152  -0.029   10.957  -10.000      203.0226     2244.2109
 4  79  11.054  47738.266   8.152  -0.020    9.863  -10.000      203.0226     2244.2109
 2  79  11.054  47739.234  39.705  -0.045   13.044  -10.000      203.1103     2245.1797
 3  79  11.054  47739.234  39.705  -0.027   11.115  -10.000      203.1103     2245.1797
 4  79  11.054  47739.234  39.705  -0.015   10.002  -10.000      203.1103     2245.1797
 2  79  11.054  47740.254  72.905  -0.065   13.145  -10.000      203.2025     2246.1992
 3  79  11.054  47740.254  72.905  -0.034   11.217  -10.000      203.2025     2246.1992
 4  79  11.054  47740.254  72.905  -0.017   10.103  -10.000      203.2025     2246.1992
 2  79  11.054  47741.242 105.095  -0.079   13.020  -10.000      203.2919     2247.1875
 3  79  11.054  47741.242 105.095  -0.057   11.152  -10.000      203.2919     2247.1875
 4  79  11.054  47741.242 105.095  -0.055   10.052  -10.000      203.2919     2247.1875
 2  79  11.054  47742.258 138.170   0.030   12.779  -10.000      203.3838     2248.2031
 3  79  11.054  47742.258 138.170   0.034   11.032  -10.000      203.3838     2248.2031
 4  79  11.054  47742.258 138.170  -0.006    9.948  -10.000      203.3838     2248.2031
 2  79  11.054  47743.250 170.480   0.016   12.513  -10.000      203.4736     2249.1953
 3  79  11.054  47743.250 170.480   0.011   10.839  -10.000      203.4736     2249.1953
 4  79  11.054  47743.250 170.480   0.008    9.826  -10.000      203.4736     2249.1953
 2  79  11.054  47744.223 202.159   0.001   12.230  -10.000      203.5616     2250.1680
 3  79  11.054  47744.223 202.159  -0.029   10.600  -10.000      203.5616     2250.1680
 4  79  11.054  47744.223 202.159  -0.020    9.628  -10.000      203.5616     2250.1680
 2  79  11.054  47745.219 234.597  -0.119   11.802  -10.000      203.6517     2251.1641
 3  79  11.054  47745.219 234.597  -0.108   10.287  -10.000      203.6517     2251.1641
 4  79  11.054  47745.219 234.597  -0.079    9.366  -10.000      203.6517     2251.1641
 2  79  11.054  47746.227 267.418   0.032   12.165  -10.000      203.7428     2252.1719
 3  79  11.054  47746.227 267.418  -0.010   10.511  -10.000      203.7428     2252.1719
 4  79  11.054  47746.227 267.418  -0.004    9.531  -10.000      203.7428     2252.1719
 2  79  11.054  47747.219 299.734   0.040   12.407  -10.000      203.8326     2253.1641
 3  79  11.054  47747.219 299.734   0.038   10.693  -10.000      203.8326     2253.1641
 4  79  11.054  47747.219 299.734   0.033    9.660  -10.000      203.8326     2253.1641
 3  79  11.054  47748.223 332.430  -0.012   10.795  -10.000      203.9234     2254.1680
 4  79  11.054  47748.223 332.430  -0.002    9.739  -10.000      203.9234     2254.1680
 2  79  11.054  47749.203   4.362  -0.021   12.830  -10.000      204.0121     2255.1484
 3  79  11.054  47749.203   4.362  -0.024   10.942  -10.000      204.0121     2255.1484
 4  79  11.054  47749.203   4.362  -0.015    9.852  -10.000      204.0121     2255.1484
 2  79  11.054  47750.199  36.799  -0.043   13.029  -10.000      204.1022     2256.1445
 3  79  11.054  47750.199  36.799  -0.035   11.094  -10.000      204.1022     2256.1445
 4  79  11.054  47750.199  36.799  -0.009    9.996  -10.000      204.1022     2256.1445
 2  79  11.054  47751.207  69.620  -0.063   13.146  -10.000      204.1934     2257.1523
 3  79  11.054  47751.207  69.620  -0.011   11.236  -10.000      204.1934     2257.1523
 4  79  11.054  47751.207  69.620  -0.024   10.091  -10.000      204.1934     2257.1523
 2  79  11.054  47752.184 101.426  -0.033   13.093  -10.000      204.2817     2258.1289
 3  79  11.054  47752.184 101.426  -0.043   11.181  -10.000      204.2817     2258.1289
 4  79  11.054  47752.184 101.426  -0.020   10.097  -10.000      204.2817     2258.1289
 2  79  11.054  47753.191 134.247   0.071   12.859  -10.000      204.3729     2259.1367
 3  79  11.054  47753.191 134.247   0.027   11.048  -10.000      204.3729     2259.1367
 4  79  11.054  47753.191 134.247   0.010    9.981  -10.000      204.3729     2259.1367
 2  79  11.054  47754.207 167.322  -0.005   12.513  -10.000      204.4648     2260.1523
 3  79  11.054  47754.207 167.322  -0.031   10.812  -10.000      204.4648     2260.1523
 4  79  11.054  47754.207 167.322  -0.023    9.808  -10.000      204.4648     2260.1523
 2  79  11.054  47755.203 199.764   0.009   12.270  -10.000      204.5549     2261.1484
 3  79  11.054  47755.203 199.764  -0.024   10.629  -10.000      204.5549     2261.1484
 4  79  11.054  47755.203 199.764  -0.019    9.650  -10.000      204.5549     2261.1484
 2  79  11.054  47756.227 233.097  -0.118   11.802  -10.000      204.6475     2262.1719
 3  79  11.054  47756.227 233.097  -0.092   10.304  -10.000      204.6475     2262.1719
 4  79  11.054  47756.227 233.097  -0.078    9.368  -10.000      204.6475     2262.1719
 2  79  11.054  47757.195 264.644   0.021   12.131  -10.000      204.7351     2263.1406
 3  79  11.054  47757.195 264.644  -0.007   10.500  -10.000      204.7351     2263.1406
 4  79  11.054  47757.195 264.644  -0.007    9.518  -10.000      204.7351     2263.1406
 2  79  11.054  47758.191 297.087   0.019   12.365  -10.000      204.8252     2264.1367
 3  79  11.054  47758.191 297.087  -0.005   10.637  -10.000      204.8252     2264.1367
 4  79  11.054  47758.191 297.087  -0.009    9.609  -10.000      204.8252     2264.1367
 2  79  11.054  47759.184 329.398  -0.002   12.588  -10.000      204.9150     2265.1289
 3  79  11.054  47759.184 329.398   0.020   10.813  -10.000      204.9150     2265.1289
 4  79  11.054  47759.184 329.398   0.016    9.746  -10.000      204.9150     2265.1289
 2  79  11.054  47760.199   2.472  -0.008   12.829  -10.000      205.0069     2266.1445
 3  79  11.054  47760.199   2.472   0.001   10.957  -10.000      205.0069     2266.1445
 4  79  11.054  47760.199   2.472   0.017    9.876  -10.000      205.0069     2266.1445
 2  79  11.054  47761.176  34.277  -0.025   13.032  -10.000      205.0952     2267.1211
 3  79  11.054  47761.176  34.277  -0.001   11.116  -10.000      205.0952     2267.1211
 4  79  11.054  47761.176  34.277   0.019   10.013  -10.000      205.0952     2267.1211
 2  79  11.054  47762.176  66.846  -0.064   13.141  -10.000      205.1857     2268.1211
 3  79  11.054  47762.176  66.846  -0.033   11.209  -10.000      205.1857     2268.1211
 4  79  11.054  47762.176  66.846  -0.017   10.093  -10.000      205.1857     2268.1211
 2  79  11.054  47763.164  99.031  -0.088   13.054  -10.000      205.2751     2269.1094
 3  79  11.054  47763.164  99.031  -0.040   11.192  -10.000      205.2751     2269.1094
 4  79  11.054  47763.164  99.031  -0.040   10.083  -10.000      205.2751     2269.1094
 2  79  11.054  47764.168 131.726   0.036   12.850  -10.000      205.3659     2270.1133
 3  79  11.054  47764.168 131.726  -0.005   11.032  -10.000      205.3659     2270.1133
 4  79  11.054  47764.168 131.726  -0.013    9.970  -10.000      205.3659     2270.1133
 2  79  11.054  47766.168 196.859   0.011   12.307  -10.000      205.5468     2272.1133
 3  79  11.054  47766.168 196.859  -0.017   10.662  -10.000      205.5468     2272.1133
 4  79  11.054  47766.168 196.859  -0.005    9.686  -10.000      205.5468     2272.1133
 2  79  11.054  47767.184 229.938  -0.111   11.813  -10.000      205.6387     2273.1289
 3  79  11.054  47767.184 229.938  -0.080   10.320  -10.000      205.6387     2273.1289
 4  79  11.054  47767.184 229.938  -0.066    9.385  -10.000      205.6387     2273.1289
 2  79  11.054  47768.180 262.375   0.048   12.139  -10.000      205.7288     2274.1250
 3  79  11.054  47768.180 262.375  -0.004   10.492  -10.000      205.7288     2274.1250
 4  79  11.054  47768.180 262.375   0.018    9.535  -10.000      205.7288     2274.1250
 2  79  11.054  47769.180 294.944  -0.010   12.320  -10.000      205.8193     2275.1250
 3  79  11.054  47769.180 294.944   0.010   10.642  -10.000      205.8193     2275.1250
 4  79  11.054  47769.180 294.944  -0.010    9.601  -10.000      205.8193     2275.1250
 2  79  11.054  47770.168 327.129  -0.006   12.568  -10.000      205.9087     2276.1133
 3  79  11.054  47770.168 327.129  -0.011   10.772  -10.000      205.9087     2276.1133
 4  79  11.054  47770.168 327.129  -0.003    9.719  -10.000      205.9087     2276.1133
 2  79  11.054  47771.168 359.698   0.006   12.822  -10.000      205.9992     2277.1133
 3  79  11.054  47771.168 359.698   0.012   10.954  -10.000      205.9992     2277.1133
 4  79  11.054  47771.168 359.698   0.012    9.859  -10.000      205.9992     2277.1133
 2  79  11.054  47772.164  32.141  -0.029   13.016  -10.000      206.0893     2278.1094
 3  79  11.054  47772.164  32.141  -0.004   11.103  -10.000      206.0893     2278.1094
 4  79  11.054  47772.164  32.141   0.009    9.994  -10.000      206.0893     2278.1094
 2  79  11.054  47773.168  64.830  -0.069   13.132  -10.000      206.1801     2279.1133
 3  79  11.054  47773.168  64.830  -0.021   11.216  -10.000      206.1801     2279.1133
 4  79  11.054  47773.168  64.830  -0.018   10.087  -10.000      206.1801     2279.1133
 2  79  11.054  47774.195  98.289  -0.051   13.095  -10.000      206.2730     2280.1406
 3  79  11.054  47774.195  98.289  -0.041   11.194  -10.000      206.2730     2280.1406
 4  79  11.054  47774.195  98.289  -0.037   10.087  -10.000      206.2730     2280.1406
 2  79  11.054  47775.160 129.716   0.047   12.882  -10.000      206.3603     2281.1055
 3  79  11.054  47775.160 129.716   0.030   11.080  -10.000      206.3603     2281.1055
 4  79  11.054  47775.160 129.716  -0.009    9.983  -10.000      206.3603     2281.1055
 2  79  11.054  47776.164 162.405   0.017   12.569  -10.000      206.4511     2282.1094
 3  79  11.054  47776.164 162.405  -0.031   10.836  -10.000      206.4511     2282.1094
 4  79  11.054  47776.164 162.405  -0.046    9.805  -10.000      206.4511     2282.1094
 3  79  11.054  49934.285 246.841  -0.047   10.375  -10.000      401.6857     4440.2305
 4  79  11.054  49934.285 246.841  -0.001    9.462  -10.000      401.6857     4440.2305
 5  79  11.054  49934.285 246.841  -0.012    8.555  -10.000      401.6857     4440.2305
 3  79  11.054  49935.293 279.657  -0.009   10.563  -10.000      401.7768     4441.2383
 4  79  11.054  49935.293 279.657  -0.016    9.554  -10.000      401.7768     4441.2383
 5  79  11.054  49935.293 279.657  -0.002    8.633  -10.000      401.7768     4441.2383
 3  79  11.054  49936.273 311.594   0.074   10.787  -10.000      401.8655     4442.2188
 4  79  11.054  49936.273 311.594   0.028    9.698  -10.000      401.8655     4442.2188
 5  79  11.054  49936.273 311.594   0.027    8.725  -10.000      401.8655     4442.2188
 3  79  11.054  49939.281  49.548   0.057   11.242  -10.000      402.1376     4445.2266
 5  79  11.054  49939.281  49.548   0.024    9.027  -10.000      402.1376     4445.2266
 3  79  11.054  49942.258 146.492   0.095   11.042  -10.000      402.4069     4448.2031
 5  79  11.054  49942.258 146.492  -0.001    8.951  -10.000      402.4069     4448.2031
 3  79  11.054  49943.246 178.671  -0.011   10.776  -10.000      402.4963     4449.1914
 5  79  11.054  49943.246 178.671  -0.052    8.796  -10.000      402.4963     4449.1914
 3  79  11.054  49944.250 211.366   0.098   10.630  -10.000      402.5871     4450.1953
 5  79  11.054  49944.250 211.366   0.036    8.698  -10.000      402.5871     4450.1953
 3  79  11.054  49945.250 243.929  -0.041   10.371  -10.000      402.6776     4451.1953
 5  79  11.054  49945.250 243.929  -0.053    8.510  -10.000      402.6776     4451.1953
 3  79  11.054  49946.223 275.614   0.025   10.581  -10.000      402.7656     4452.1680
 5  79  11.054  49946.223 275.614  -0.014    8.616  -10.000      402.7656     4452.1680
 3  79  11.054  49947.219 308.057   0.069   10.765  -10.000      402.8557     4453.1641
 5  79  11.054  49947.219 308.057  -0.003    8.686  -10.000      402.8557     4453.1641
 3  79  11.054  49948.223 340.741   0.060   10.911  -10.000      402.9465     4454.1680
 5  79  11.054  49948.223 340.741   0.029    8.800  -10.000      402.9465     4454.1680
 3  79  11.054  49949.227  13.436   0.098   11.113  -10.000      403.0373     4455.1719
 5  79  11.054  49949.227  13.436   0.055    8.929  -10.000      403.0373     4455.1719
 3  79  11.054  49950.223  45.879   0.030   11.200  -10.000      403.1274     4456.1680
 5  79  11.054  49950.223  45.879   0.011    9.002  -10.000      403.1274     4456.1680
 3  79  11.054  49952.230 111.270   0.035   11.212  -10.000      403.3091     4458.1758
 5  79  11.054  49952.230 111.270  -0.025    9.043  -10.000      403.3091     4458.1758
 3  79  11.054  49953.246 144.349   0.097   11.057  -10.000      403.4010     4459.1914
 5  79  11.054  49953.246 144.349   0.011    8.970  -10.000      403.4010     4459.1914
 3  79  11.054  49954.219 176.023   0.028   10.829  -10.000      403.4890     4460.1641
 5  79  11.054  49954.219 176.023  -0.035    8.822  -10.000      403.4890     4460.1641
 3  79  11.054  49955.215 208.466   0.088   10.650  -10.000      403.5791     4461.1602
 5  79  11.054  49955.215 208.466   0.025    8.709  -10.000      403.5791     4461.1602
23   4  11.054  41092.594 295.785  -0.025    3.893  -10.000     -398.1784    -4401.4609
24   4  11.054  41092.594 295.785  -0.036    5.675  -10.000     -398.1784    -4401.4609
25   4  11.054  41092.594 295.785  -0.147    7.558  -10.000     -398.1784    -4401.4609
27   4  11.054  41092.594 295.785   0.031    6.965  -10.000     -398.1784    -4401.4609
23   4  11.054  41100.551 194.930  -0.006    3.965  -10.000     -397.4585    -4393.5039
24   4  11.054  41100.551 194.930  -0.007    5.662  -10.000     -397.4585    -4393.5039
25   4  11.054  41100.551 194.930   0.124    7.740  -10.000     -397.4585    -4393.5039
27   4  11.054  41100.551 194.930   0.033    6.837  -10.000     -397.4585    -4393.5039
23   4  11.054  41101.547 227.362  -0.039    3.642  -10.000     -397.3684    -4392.5078
24   4  11.054  41101.547 227.362  -0.065    5.197  -10.000     -397.3684    -4392.5078
25   4  11.054  41101.547 227.362  -0.084    7.065  -10.000     -397.3684    -4392.5078
27   4  11.054  41101.547 227.362   0.000    6.287  -10.000     -397.3684    -4392.5078
23   4  11.054  41106.512  29.059   0.013    4.398  -10.000     -396.9193    -4387.5430
24   4  11.054  41106.512  29.059  -0.057    6.408  -10.000     -396.9193    -4387.5430
25   4  11.054  41106.512  29.059   0.101    8.703  -10.000     -396.9193    -4387.5430
27   4  11.054  41106.512  29.059  -0.096    7.858  -10.000     -396.9193    -4387.5430
23   4  11.054  41107.520  61.875  -0.060    4.463  -10.000     -396.8281    -4386.5352
24   4  11.054  41107.520  61.875  -0.095    6.545  -10.000     -396.8281    -4386.5352
25   4  11.054  41107.520  61.875   0.017    8.812  -10.000     -396.8281    -4386.5352
27   4  11.054  41107.520  61.875   0.169    8.333  -10.000     -396.8281    -4386.5352
23   4  11.054  41116.512 354.738  -0.020    4.185  -10.000     -396.0146    -4377.5430
24   4  11.054  41116.512 354.738  -0.066    6.132  -10.000     -396.0146    -4377.5430
25   4  11.054  41116.512 354.738  -0.145    8.148  -10.000     -396.0146    -4377.5430
27   4  11.054  41116.512 354.738  -0.184    7.422  -10.000     -396.0146    -4377.5430
23   4  11.054  41117.508  27.169  -0.011    4.365  -10.000     -395.9245    -4376.5469
24   4  11.054  41117.508  27.169  -0.003    6.450  -10.000     -395.9245    -4376.5469
25   4  11.054  41117.508  27.169   0.039    8.628  -10.000     -395.9245    -4376.5469
27   4  11.054  41117.508  27.169  -0.062    7.878  -10.000     -395.9245    -4376.5469
23   4  11.054  41122.559 191.667  -0.013    3.980  -10.000     -395.4676    -4371.4961
24   4  11.054  41122.559 191.667  -0.011    5.690  -10.000     -395.4676    -4371.4961
25   4  11.054  41122.559 191.667   0.083    7.735  -10.000     -395.4676    -4371.4961
27   4  11.054  41122.559 191.667  -0.090    6.755  -10.000     -395.4676    -4371.4961
23   4  11.054  41123.531 223.341   0.019    3.722  -10.000     -395.3796    -4370.5234
24   4  11.054  41123.531 223.341   0.021    5.312  -10.000     -395.3796    -4370.5234
25   4  11.054  41123.531 223.341   0.128    7.310  -10.000     -395.3796    -4370.5234
27   4  11.054  41123.531 223.341   0.154    6.477  -10.000     -395.3796    -4370.5234
23   4  11.054  41125.488 287.073  -0.023    3.858  -10.000     -395.2026    -4368.5664
24   4  11.054  41125.488 287.073  -0.041    5.600  -10.000     -395.2026    -4368.5664
25   4  11.054  41125.488 287.073  -0.134    7.485  -10.000     -395.2026    -4368.5664
27   4  11.054  41125.488 287.073  -0.012    6.823  -10.000     -395.2026    -4368.5664
23   4  11.054  41130.477  89.528  -0.033    4.510  -10.000     -394.7513    -4363.5781
24   4  11.054  41130.477  89.528  -0.015    6.608  -10.000     -394.7513    -4363.5781
25   4  11.054  41130.477  89.528  -0.147    8.613  -10.000     -394.7513    -4363.5781
27   4  11.054  41130.477  89.528  -0.027    8.085  -10.000     -394.7513    -4363.5781
23   4  11.054  41131.516 123.376   0.035    4.415  -10.000     -394.6573    -4362.5391
24   4  11.054  41131.516 123.376   0.125    6.438  -10.000     -394.6573    -4362.5391
25   4  11.054  41131.516 123.376   0.112    8.488  -10.000     -394.6573    -4362.5391
27   4  11.054  41131.516 123.376   0.025    7.690  -10.000     -394.6573    -4362.5391
23   4  11.054  41132.453 153.907   0.035    4.222  -10.000     -394.5725    -4361.6016
24   4  11.054  41132.453 153.907   0.097    6.082  -10.000     -394.5725    -4361.6016
25   4  11.054  41132.453 153.907  -0.086    7.895  -10.000     -394.5725    -4361.6016
27   4  11.054  41132.453 153.907   0.202    7.415  -10.000     -394.5725    -4361.6016
23   4  11.054  41133.504 188.119   0.001    4.015  -10.000     -394.4774    -4360.5508
24   4  11.054  41133.504 188.119  -0.001    5.730  -10.000     -394.4774    -4360.5508
25   4  11.054  41133.504 188.119  -0.069    7.617  -10.000     -394.4774    -4360.5508
27   4  11.054  41133.504 188.119   0.057    6.940  -10.000     -394.4774    -4360.5508
23   4  11.054  41146.426 248.961  -0.120    3.585  -10.000     -393.3084    -4347.6289
24   4  11.054  41146.426 248.961  -0.170    5.150  -10.000     -393.3084    -4347.6289
25   4  11.054  41146.426 248.961  -0.052    7.173  -10.000     -393.3084    -4347.6289
27   4  11.054  41146.426 248.961  -0.256    6.122  -10.000     -393.3084    -4347.6289
23   4  11.054  41147.422 281.393  -0.015    3.842  -10.000     -393.2184    -4346.6328
24   4  11.054  41147.422 281.393   0.005    5.602  -10.000     -393.2184    -4346.6328
25   4  11.054  41147.422 281.393   0.066    7.630  -10.000     -393.2184    -4346.6328
27   4  11.054  41147.422 281.393   0.109    6.880  -10.000     -393.2184    -4346.6328
23   4  11.054  41148.414 313.715  -0.043    3.963  -10.000     -393.1286    -4345.6406
24   4  11.054  41148.414 313.715  -0.084    5.783  -10.000     -393.1286    -4345.6406
25   4  11.054  41148.414 313.715  -0.108    7.785  -10.000     -393.1286    -4345.6406
27   4  11.054  41148.414 313.715  -0.019    7.133  -10.000     -393.1286    -4345.6406
23   4  11.054  41149.402 345.894  -0.016    4.148  -10.000     -393.0392    -4344.6523
24   4  11.054  41149.402 345.894  -0.044    6.088  -10.000     -393.0392    -4344.6523
25   4  11.054  41149.402 345.894  -0.040    8.173  -10.000     -393.0392    -4344.6523
27   4  11.054  41149.402 345.894  -0.037    7.480  -10.000     -393.0392    -4344.6523
23   4  11.054  41154.406 148.865   0.056    4.270  -10.000     -392.5865    -4339.6484
24   4  11.054  41154.406 148.865   0.131    6.160  -10.000     -392.5865    -4339.6484
25   4  11.054  41154.406 148.865   0.158    8.190  -10.000     -392.5865    -4339.6484
27   4  11.054  41154.406 148.865   0.302    7.573  -10.000     -392.5865    -4339.6484
23   4  11.054  41155.422 181.934  -0.011    4.037  -10.000     -392.4946    -4338.6328
24   4  11.054  41155.422 181.934  -0.034    5.745  -10.000     -392.4946    -4338.6328
25   4  11.054  41155.422 181.934  -0.101    7.640  -10.000     -392.4946    -4338.6328
27   4  11.054  41155.422 181.934  -0.067    6.878  -10.000     -392.4946    -4338.6328
23   4  11.054  41156.391 213.486   0.039    3.825  -10.000     -392.4070    -4337.6641
24   4  11.054  41156.391 213.486   0.051    5.457  -10.000     -392.4070    -4337.6641
25   4  11.054  41156.391 213.486   0.066    7.380  -10.000     -392.4070    -4337.6641
27   4  11.054  41156.391 213.486   0.142    6.612  -10.000     -392.4070    -4337.6641
23   4  11.054  41158.465 281.041  -0.009    3.848  -10.000     -392.2193    -4335.5898
24   4  11.054  41158.465 281.041  -0.027    5.568  -10.000     -392.2193    -4335.5898
25   4  11.054  41158.465 281.041   0.172    7.733  -10.000     -392.2193    -4335.5898
27   4  11.054  41158.465 281.041  -0.022    6.745  -10.000     -392.2193    -4335.5898
23   4  11.054  41162.461  51.185  -0.053    4.432  -10.000     -391.8578    -4331.5938
24   4  11.054  41162.461  51.185  -0.036    6.560  -10.000     -391.8578    -4331.5938
25   4  11.054  41162.461  51.185   0.042    8.790  -10.000     -391.8578    -4331.5938
27   4  11.054  41162.461  51.185  -0.323    7.790  -10.000     -391.8578    -4331.5938
23   4  11.054  41163.398  81.716  -0.028    4.517  -10.000     -391.7730    -4330.6562
24   4  11.054  41163.398  81.716  -0.008    6.635  -10.000     -391.7730    -4330.6562
25   4  11.054  41163.398  81.716  -0.099    8.690  -10.000     -391.7730    -4330.6562
27   4  11.054  41163.398  81.716  -0.216    7.932  -10.000     -391.7730    -4330.6562
23   4  11.054  41164.391 114.027  -0.005    4.443  -10.000     -391.6833    -4329.6641
24   4  11.054  41164.391 114.027   0.059    6.490  -10.000     -391.6833    -4329.6641
25   4  11.054  41164.391 114.027  -0.043    8.477  -10.000     -391.6833    -4329.6641
27   4  11.054  41164.391 114.027  -0.068    7.763  -10.000     -391.6833    -4329.6641
23   4  11.054  41165.398 146.843   0.029    4.255  -10.000     -391.5921    -4328.6562
24   4  11.054  41165.398 146.843   0.095    6.142  -10.000     -391.5921    -4328.6562
25   4  11.054  41165.398 146.843   0.165    8.220  -10.000     -391.5921    -4328.6562
27   4  11.054  41165.398 146.843   0.226    7.523  -10.000     -391.5921    -4328.6562
23   4  11.054  41170.336 307.650  -0.019    3.957  -10.000     -391.1454    -4323.7188
24   4  11.054  41170.336 307.650  -0.033    5.783  -10.000     -391.1454    -4323.7188
25   4  11.054  41170.336 307.650   0.009    7.840  -10.000     -391.1454    -4323.7188
27   4  11.054  41170.336 307.650   0.027    7.108  -10.000     -391.1454    -4323.7188
 0  42  11.054  46924.902 159.011  -1.969   25.280    0.630      129.4417     1430.8477
 0  42  11.054  46925.891 191.201  -1.406   18.160    0.670      129.5311     1431.8359
18 163  11.054  47962.355 106.183   0.044   11.305  -10.000      223.2950     2468.3008
18 163  11.054  47962.371 106.688   0.080   11.339  -10.000      223.2964     2468.3164
18 163  11.054  47962.535 112.033   0.071   11.301  -10.000      223.3112     2468.4805
18 163  11.054  47988.836 248.582  -0.005   10.491  -10.000      225.6905     2494.7812
18 163  11.054  47988.941 252.015  -0.023   10.488  -10.000      225.7000     2494.8867
18 163  11.054  48145.262 302.964   0.035   10.768  -10.000      239.8416     2651.2070
18 163  11.054  48145.277 303.475   0.121   10.856  -10.000      239.8430     2651.2227
18 163  11.054  48145.352 305.892   0.085   10.831  -10.000      239.8497     2651.2969
18 163  11.054  48167.918 320.823   0.034   10.849  -10.000      241.8912     2673.8633
18 163  11.054  48167.934 321.328   0.068   10.886  -10.000      241.8926     2673.8789
18 163  11.054  48192.812  51.570   0.069   11.318  -10.000      244.1432     2698.7578
18 163  11.054  48192.887  53.987   0.022   11.280  -10.000      244.1500     2698.8320
18 163  11.054  48192.898  54.371   0.082   11.342  -10.000      244.1510     2698.8438
18 163  11.054  48192.988  57.294   0.075   11.345  -10.000      244.1591     2698.9336
18 163  11.054  48309.660 256.998  -0.027   10.508  -10.000      254.7139     2815.6055
18 163  11.054  48309.676 257.509   0.042   10.580  -10.000      254.7153     2815.6211
18 163  11.054  48309.750 259.926   0.049   10.598  -10.000      254.7220     2815.6953
18 163  11.054  48309.766 260.431   0.029   10.582  -10.000      254.7234     2815.7109
18 163  11.054  48309.930 265.776   0.074   10.652  -10.000      254.7383     2815.8750
18 163  11.054  48327.438 115.961   0.068   11.274  -10.000      256.3221     2833.3828
18 163  11.054  48327.453 116.466   0.052   11.254  -10.000      256.3235     2833.3984
18 163  11.054  48327.527 118.883   0.082   11.266  -10.000      256.3302     2833.4727
18 163  11.054  48327.539 119.268   0.087   11.269  -10.000      256.3313     2833.4844
18 163  11.054  48327.629 122.190   0.078   11.239  -10.000      256.3394     2833.5742
18 163  11.054  48356.332 336.984   0.124   11.014  -10.000      258.9361     2862.2773
18 163  11.054  48493.219 115.027   0.056   11.268  -10.000      271.3195     2999.1641
18 163  11.054  48506.531 188.580   0.024   10.822  -10.000      272.5238     3012.4766
18 163  11.054  48506.547 189.086   0.035   10.830  -10.000      272.5252     3012.4922
18 163  11.054  48506.621 191.503  -0.007   10.774  -10.000      272.5320     3012.5664
18 163  11.054  48506.637 192.019   0.095   10.873  -10.000      272.5334     3012.5820
18 163  11.054  48539.078 168.552   0.023   10.924  -10.000      275.4682     3045.0234
18 163  11.054  48539.094 169.058   0.006   10.904  -10.000      275.4696     3045.0391
18 163  11.054  48577.102 326.876   0.066   10.907  -10.000      278.9080     3083.0469
18 163  11.054  48577.117 327.382   0.057   10.901  -10.000      278.9094     3083.0625
18 163  11.054  48577.191 329.799   0.070   10.925  -10.000      278.9161     3083.1367
18 163  11.054  48577.207 330.304   0.106   10.962  -10.000      278.9175     3083.1523
18 163  11.054  48577.547 341.378   0.047   10.959  -10.000      278.9483     3083.4922
18 163  11.054  48577.562 341.884   0.071   10.987  -10.000      278.9497     3083.5078
18 163  11.054  48577.652 344.806   0.124   11.053  -10.000      278.9578     3083.5977
18 163  11.054  48577.992 355.880   0.049   11.029  -10.000      278.9886     3083.9375
18 163  11.054  48578.008 356.385   0.029   11.012  -10.000      278.9900     3083.9531
18 163  11.054  48578.082 358.802   0.029   11.024  -10.000      278.9967     3084.0273
18 163  11.054  48578.094 359.187   0.067   11.064  -10.000      278.9977     3084.0391
18 163  11.054  48578.172   1.736   0.025   11.035  -10.000      279.0048     3084.1172
18 163  11.054  48578.438  10.382   0.050   11.104  -10.000      279.0288     3084.3828
18 163  11.054  48578.453  10.887   0.028   11.085  -10.000      279.0302     3084.3984
18 163  11.054  48578.527  13.304   0.096   11.167  -10.000      279.0370     3084.4727
18 163  11.054  48578.539  13.689   0.071   11.144  -10.000      279.0380     3084.4844
18 163  11.054  48578.617  16.238   0.097   11.184  -10.000      279.0451     3084.5625
18 163  11.054  48578.883  24.884   0.039   11.169  -10.000      279.0691     3084.8281
18 163  11.054  48578.895  25.269   0.045   11.177  -10.000      279.0702     3084.8398
18 163  11.054  48578.969  27.686   0.101   11.244  -10.000      279.0769     3084.9141
18 163  11.054  48579.328  39.386   0.072   11.269  -10.000      279.1094     3085.2734
18 163  11.054  48579.340  39.771   0.120   11.318  -10.000      279.1105     3085.2852
18 163  11.054  48579.414  42.188   0.028   11.237  -10.000      279.1172     3085.3594
18 163  11.054  48579.430  42.693   0.095   11.306  -10.000      279.1186     3085.3750
18 163  11.054  48579.504  45.110   0.029   11.251  -10.000      279.1253     3085.4492
18 163  11.054  48579.785  54.272   0.029   11.288  -10.000      279.1508     3085.7305
18 163  11.054  48579.859  56.689   0.039   11.307  -10.000      279.1575     3085.8047
18 163  11.054  48579.875  57.195   0.020   11.290  -10.000      279.1589     3085.8203
18 163  11.054  48580.215  68.269   0.025   11.325  -10.000      279.1896     3086.1602
18 163  11.054  48580.230  68.774   0.021   11.322  -10.000      279.1910     3086.1758
18 163  11.054  48580.305  71.191   0.064   11.369  -10.000      279.1978     3086.2500
18 163  11.054  48580.320  71.697   0.075   11.380  -10.000      279.1992     3086.2656
18 163  11.054  48580.660  82.771  -0.037   11.272  -10.000      279.2299     3086.6055
18 163  11.054  48580.672  83.145   0.043   11.351  -10.000      279.2310     3086.6172
18 163  11.054  48580.762  86.078   0.054   11.363  -10.000      279.2391     3086.7070
18 163  11.054  48702.328  85.177  -0.167   11.142  -10.000      290.2366     3208.2734
18 163  11.054  48702.344  85.693  -0.015   11.294  -10.000      290.2380     3208.2891
18 163  11.054  48702.418  88.110   0.023   11.331  -10.000      290.2448     3208.3633
18 163  11.054  48702.434  88.616   0.101   11.409  -10.000      290.2462     3208.3789
18 163  11.054  48749.250 173.298   0.021   10.899  -10.000      294.4814     3255.1953
18 163  11.054  48749.266 173.815  -0.088   10.787  -10.000      294.4828     3255.2109
18 163  11.054  48749.336 176.100  -0.002   10.862  -10.000      294.4892     3255.2812
18 163  11.054  48933.426  51.438  -0.033   11.215  -10.000      311.1429     3439.3711
18 163  11.054  49040.145 286.985   0.017   10.680  -10.000      320.7972     3546.0898
18 163  11.054  49040.156 287.369   0.060   10.725  -10.000      320.7982     3546.1016
18 163  11.054  49040.320 292.709   0.054   10.740  -10.000      320.8131     3546.2656
 1   2  11.054  41922.629 327.887  -0.162   13.910  -10.000     -323.0892    -3571.4258
 2   2  11.054  41922.629 327.887  -0.049   12.530  -10.000     -323.0892    -3571.4258
 3   2  11.054  41922.629 327.887  -0.026   10.760  -10.000     -323.0892    -3571.4258
 1   2  11.054  41928.629 163.290  -0.024   13.870  -10.000     -322.5464    -3565.4258
 2   2  11.054  41928.629 163.290   0.034   12.580  -10.000     -322.5464    -3565.4258
 3   2  11.054  41928.629 163.290  -0.003   10.860  -10.000     -322.5464    -3565.4258
 1   2  11.054  41929.617 195.480  -0.067   13.510  -10.000     -322.4570    -3564.4375
 2   2  11.054  41929.617 195.480  -0.030   12.280  -10.000     -322.4570    -3564.4375
 3   2  11.054  41929.617 195.480  -0.050   10.640  -10.000     -322.4570    -3564.4375
 0  34  11.054  46987.836  48.598   0.214   36.380    0.620      135.1350     1493.7812
 0  34  11.054  46989.742 110.676   0.679   45.300    0.480      135.3074     1495.6875
 0  34  11.054  46990.723 142.608   0.612   33.780    0.520      135.3961     1496.6680
 0  34  11.054  46991.738 175.688  -0.756   21.150    0.480      135.4880     1497.6836
 0  34  11.054  46992.770 209.273   0.660   16.720    0.490      135.5813     1498.7148
 0  34  11.054  46993.742 240.947   0.480   13.450    0.650      135.6693     1499.6875
 0  34  11.054  47019.746   7.828   1.604   25.120    0.610      138.0217     1525.6914
 0  34  11.054  47020.773  41.287  -2.257   33.440    0.590      138.1147     1526.7188
 0  34  11.054  47022.734 105.150   0.477   45.850    0.610      138.2921     1528.6797
 0  34  11.054  47018.727 334.627   0.726   16.610    0.470      137.9295     1524.6719
 3   9  11.054  43787.648 226.758  -0.102   10.310  -10.000     -154.3701    -1706.4062
14   9  11.054  43787.648 226.758  -0.145   12.360  -10.000     -154.3701    -1706.4062
15   9  11.054  43787.648 226.758  -0.114   10.750  -10.000     -154.3701    -1706.4062
16   9  11.054  43787.648 226.758  -0.077    9.450  -10.000     -154.3701    -1706.4062
17   9  11.054  43787.648 226.758  -0.094    8.440  -10.000     -154.3701    -1706.4062
 3   9  11.054  43788.648 259.321  -0.001   10.480  -10.000     -154.2797    -1705.4062
14   9  11.054  43788.648 259.321   0.079   12.750  -10.000     -154.2797    -1705.4062
15   9  11.054  43788.648 259.321   0.013   10.960  -10.000     -154.2797    -1705.4062
16   9  11.054  43788.648 259.321  -0.010    9.560  -10.000     -154.2797    -1705.4062
17   9  11.054  43788.648 259.321  -0.045    8.510  -10.000     -154.2797    -1705.4062
 3   9  11.054  43701.762 309.650  -0.033   10.670  -10.000     -162.1399    -1792.2930
14   9  11.054  43701.762 309.650  -0.003   13.150  -10.000     -162.1399    -1792.2930
15   9  11.054  43701.762 309.650  -0.026   11.180  -10.000     -162.1399    -1792.2930
16   9  11.054  43701.762 309.650  -0.012    9.710  -10.000     -162.1399    -1792.2930
17   9  11.054  43701.762 309.650  -0.029    8.620  -10.000     -162.1399    -1792.2930
 3   9  11.054  44047.852  60.897  -0.077   11.150  -10.000     -130.8308    -1446.2031
14   9  11.054  44047.852  60.897  -0.062   13.980  -10.000     -130.8308    -1446.2031
15   9  11.054  44047.852  60.897  -0.060   11.720  -10.000     -130.8308    -1446.2031
16   9  11.054  44047.852  60.897  -0.025   10.120  -10.000     -130.8308    -1446.2031
17   9  11.054  44047.852  60.897  -0.031    8.960  -10.000     -130.8308    -1446.2031
 3   9  11.054  43694.770  81.931  -0.003   11.250  -10.000     -162.7724    -1799.2852
14   9  11.054  43694.770  81.931   0.009   14.050  -10.000     -162.7724    -1799.2852
15   9  11.054  43694.770  81.931   0.007   11.810  -10.000     -162.7724    -1799.2852
16   9  11.054  43694.770  81.931   0.031   10.210  -10.000     -162.7724    -1799.2852
17   9  11.054  43694.770  81.931   0.009    9.040  -10.000     -162.7724    -1799.2852
 3   9  11.054  43717.770 110.978  -0.059   11.120  -10.000     -160.6917    -1776.2852
14   9  11.054  43717.770 110.978  -0.004   13.830  -10.000     -160.6917    -1776.2852
15   9  11.054  43717.770 110.978  -0.050   11.660  -10.000     -160.6917    -1776.2852
16   9  11.054  43717.770 110.978  -0.041   10.100  -10.000     -160.6917    -1776.2852
17   9  11.054  43717.770 110.978  -0.053    8.970  -10.000     -160.6917    -1776.2852
 3   9  11.054  43784.691 130.452   0.035   11.080  -10.000     -154.6376    -1709.3633
14   9  11.054  43784.691 130.452   0.130   13.690  -10.000     -154.6376    -1709.3633
15   9  11.054  43784.691 130.452   0.053   11.610  -10.000     -154.6376    -1709.3633
16   9  11.054  43784.691 130.452   0.024   10.070  -10.000     -154.6376    -1709.3633
17   9  11.054  43784.691 130.452   0.011    8.970  -10.000     -154.6376    -1709.3633
