 2  79  14.748  45493.426 150.273  -0.061   13.238  -10.000        0.4174        6.1562
 3  79  14.748  45493.426 150.273  -0.086   11.340  -10.000        0.4174        6.1562
 4  79  14.748  45493.426 150.273  -0.090   10.224  -10.000        0.4174        6.1562
 2  79  14.748  45496.363 221.976  -0.051   12.433  -10.000        0.6166        9.0938
 3  79  14.748  45496.363 221.976  -0.080   10.764  -10.000        0.6166        9.0938
 4  79  14.748  45496.363 221.976  -0.110    9.718  -10.000        0.6166        9.0938
 2  79  14.748  45497.328 245.528  -0.050   12.619  -10.000        0.6820       10.0586
 3  79  14.748  45497.328 245.528  -0.098   10.850  -10.000        0.6820       10.0586
 4  79  14.748  45497.328 245.528  -0.096    9.802  -10.000        0.6820       10.0586
 2  79  14.748  45498.371 270.986   0.006   12.852  -10.000        0.7527       11.1016
 3  79  14.748  45498.371 270.986  -0.013   11.029  -10.000        0.7527       11.1016
 4  79  14.748  45498.371 270.986  -0.027    9.930  -10.000        0.7527       11.1016
 2  79  14.748  45501.383 344.502   0.008   13.295  -10.000        0.9569       14.1133
 3  79  14.748  45501.383 344.502  -0.018   11.288  -10.000        0.9569       14.1133
 4  79  14.748  45501.383 344.502   0.015   10.163  -10.000        0.9569       14.1133
 2  79  14.748  45502.375   8.721   0.071   13.507  -10.000        1.0242       15.1055
 3  79  14.748  45502.375   8.721   0.019   11.429  -10.000        1.0242       15.1055
 4  79  14.748  45502.375   8.721   0.023   10.257  -10.000        1.0242       15.1055
 2  79  14.748  45503.371  33.035   0.010   13.593  -10.000        1.0918       16.1016
 3  79  14.748  45503.371  33.035   0.017   11.536  -10.000        1.0918       16.1016
 4  79  14.748  45503.371  33.035   0.043   10.369  -10.000        1.0918       16.1016
 2  79  14.748  45505.387  82.236  -0.027   13.730  -10.000        1.2284       18.1172
 3  79  14.748  45505.387  82.236  -0.033   11.641  -10.000        1.2284       18.1172
 4  79  14.748  45505.387  82.236  -0.038   10.436  -10.000        1.2284       18.1172
 3  79  14.748  45508.375 155.179  -0.029   11.397  -10.000        1.4311       21.1055
 4  79  14.748  45508.375 155.179  -0.085   10.230  -10.000        1.4311       21.1055
 2  79  14.748  45515.387 326.334   0.003   13.186  -10.000        1.9065       28.1172
 3  79  14.748  45515.387 326.334  -0.045   11.193  -10.000        1.9065       28.1172
 4  79  14.748  45515.387 326.334  -0.037   10.058  -10.000        1.9065       28.1172
 3  79  14.748  47737.250 201.478   0.020   10.888  -10.000      152.5597     2249.9805
 4  79  14.748  47737.250 201.478  -0.001    9.855  -10.000      152.5597     2249.9805
 2  79  14.748  47738.254 225.983  -0.053   12.462  -10.000      152.6277     2250.9844
 3  79  14.748  47738.254 225.983  -0.098   10.764  -10.000      152.6277     2250.9844
 4  79  14.748  47738.254 225.983  -0.114    9.727  -10.000      152.6277     2250.9844
 2  79  14.748  47739.223 249.631  -0.049   12.654  -10.000      152.6934     2251.9531
 3  79  14.748  47739.223 249.631  -0.080   10.886  -10.000      152.6934     2251.9531
 4  79  14.748  47739.223 249.631  -0.100    9.810  -10.000      152.6934     2251.9531
 2  79  14.748  47740.238 274.422   0.062   12.930  -10.000      152.7623     2252.9688
 3  79  14.748  47740.238 274.422   0.021   11.074  -10.000      152.7623     2252.9688
 4  79  14.748  47740.238 274.422   0.019    9.984  -10.000      152.7623     2252.9688
 2  79  14.748  47741.227 298.548   0.001   13.013  -10.000      152.8293     2253.9570
 3  79  14.748  47741.227 298.548  -0.009   11.123  -10.000      152.8293     2253.9570
 4  79  14.748  47741.227 298.548  -0.003   10.013  -10.000      152.8293     2253.9570
 2  79  14.748  47742.238 323.245   0.074   13.238  -10.000      152.8979     2254.9688
 3  79  14.748  47742.238 323.245   0.047   11.272  -10.000      152.8979     2254.9688
 4  79  14.748  47742.238 323.245   0.055   10.140  -10.000      152.8979     2254.9688
 2  79  14.748  47743.223 347.272   0.023   13.326  -10.000      152.9646     2255.9531
 3  79  14.748  47743.223 347.272   0.019   11.336  -10.000      152.9646     2255.9531
 4  79  14.748  47743.223 347.272   0.007   10.164  -10.000      152.9646     2255.9531
 2  79  14.748  47744.211  11.393   0.061   13.513  -10.000      153.0316     2256.9414
 3  79  14.748  47744.211  11.393   0.029   11.451  -10.000      153.0316     2256.9414
 4  79  14.748  47744.211  11.393   0.038   10.282  -10.000      153.0316     2256.9414
 2  79  14.748  47745.207  35.711   0.025   13.625  -10.000      153.0992     2257.9375
 3  79  14.748  47745.207  35.711   0.036   11.568  -10.000      153.0992     2257.9375
 4  79  14.748  47745.207  35.711   0.050   10.388  -10.000      153.0992     2257.9375
 2  79  14.748  47746.211  60.216  -0.043   13.675  -10.000      153.1673     2258.9414
 3  79  14.748  47746.211  60.216  -0.004   11.625  -10.000      153.1673     2258.9414
 4  79  14.748  47746.211  60.216   0.011   10.438  -10.000      153.1673     2258.9414
 2  79  14.748  47747.207  84.529  -0.034   13.722  -10.000      153.2348     2259.9375
 3  79  14.748  47747.207  84.529  -0.027   11.649  -10.000      153.2348     2259.9375
 4  79  14.748  47747.207  84.529   0.012   10.488  -10.000      153.2348     2259.9375
 2  79  14.748  47748.207 108.940  -0.043   13.618  -10.000      153.3026     2260.9375
 3  79  14.748  47748.207 108.940  -0.034   11.598  -10.000      153.3026     2260.9375
 4  79  14.748  47748.207 108.940  -0.019   10.436  -10.000      153.3026     2260.9375
 2  79  14.748  47749.188 132.869  -0.028   13.391  -10.000      153.3691     2261.9180
 3  79  14.748  47749.188 132.869  -0.057   11.436  -10.000      153.3691     2261.9180
 4  79  14.748  47749.188 132.869  -0.090   10.269  -10.000      153.3691     2261.9180
 2  79  14.748  47750.188 157.280  -0.038   13.257  -10.000      153.4369     2262.9180
 3  79  14.748  47750.188 157.280  -0.087   11.341  -10.000      153.4369     2262.9180
 4  79  14.748  47750.188 157.280  -0.093   10.224  -10.000      153.4369     2262.9180
 2  79  14.748  47751.191 181.785  -0.002   13.066  -10.000      153.5050     2263.9219
 3  79  14.748  47751.191 181.785  -0.070   11.201  -10.000      153.5050     2263.9219
 4  79  14.748  47751.191 181.785  -0.063   10.127  -10.000      153.5050     2263.9219
 2  79  14.748  47752.168 205.626   0.117   12.562  -10.000      153.5712     2264.8984
 3  79  14.748  47752.168 205.626   0.039   10.867  -10.000      153.5712     2264.8984
 4  79  14.748  47752.168 205.626   0.009    9.831  -10.000      153.5712     2264.8984
 2  79  14.748  47753.176 230.224  -0.027   12.520  -10.000      153.6395     2265.9062
 3  79  14.748  47753.176 230.224  -0.081   10.799  -10.000      153.6395     2265.9062
 4  79  14.748  47753.176 230.224  -0.086    9.767  -10.000      153.6395     2265.9062
 2  79  14.748  47754.188 254.921  -0.013   12.730  -10.000      153.7081     2266.9180
 3  79  14.748  47754.188 254.921  -0.055   10.932  -10.000      153.7081     2266.9180
 4  79  14.748  47754.188 254.921  -0.063    9.861  -10.000      153.7081     2266.9180
 2  79  14.748  47755.184 279.234   0.049   12.949  -10.000      153.7757     2267.9141
 3  79  14.748  47755.184 279.234  -0.002   11.068  -10.000      153.7757     2267.9141
 4  79  14.748  47755.184 279.234   0.013    9.989  -10.000      153.7757     2267.9141
 2  79  14.748  47756.207 304.217   0.094   13.141  -10.000      153.8450     2268.9375
 3  79  14.748  47756.207 304.217   0.021   11.174  -10.000      153.8450     2268.9375
 4  79  14.748  47756.207 304.217   0.008   10.039  -10.000      153.8450     2268.9375
 2  79  14.748  47757.180 327.958   0.076   13.269  -10.000      153.9110     2269.9102
 3  79  14.748  47757.180 327.958   0.038   11.282  -10.000      153.9110     2269.9102
 4  79  14.748  47757.180 327.958   0.036   10.135  -10.000      153.9110     2269.9102
 2  79  14.748  47758.172 352.178   0.101   13.434  -10.000      153.9783     2270.9023
 3  79  14.748  47758.172 352.178   0.029   11.367  -10.000      153.9783     2270.9023
 4  79  14.748  47758.172 352.178   0.045   10.220  -10.000      153.9783     2270.9023
 2  79  14.748  47759.168  16.490   0.052   13.536  -10.000      154.0458     2271.8984
 3  79  14.748  47759.168  16.490   0.053   11.498  -10.000      154.0458     2271.8984
 4  79  14.748  47759.168  16.490   0.039   10.302  -10.000      154.0458     2271.8984
 2  79  14.748  47760.184  41.281   0.054   13.688  -10.000      154.1147     2272.9141
 3  79  14.748  47760.184  41.281   0.034   11.593  -10.000      154.1147     2272.9141
 4  79  14.748  47760.184  41.281   0.056   10.419  -10.000      154.1147     2272.9141
 2  79  14.748  47761.164  65.215  -0.035   13.699  -10.000      154.1812     2273.8945
 3  79  14.748  47761.164  65.215  -0.003   11.641  -10.000      154.1812     2273.8945
 4  79  14.748  47761.164  65.215   0.010   10.451  -10.000      154.1812     2273.8945
 2  79  14.748  47762.164  89.626  -0.052   13.699  -10.000      154.2490     2274.8945
 3  79  14.748  47762.164  89.626  -0.043   11.633  -10.000      154.2490     2274.8945
 4  79  14.748  47762.164  89.626  -0.023   10.456  -10.000      154.2490     2274.8945
 2  79  14.748  47763.156 113.846  -0.065   13.555  -10.000      154.3162     2275.8867
 3  79  14.748  47763.156 113.846  -0.064   11.546  -10.000      154.3162     2275.8867
 4  79  14.748  47763.156 113.846  -0.068   10.373  -10.000      154.3162     2275.8867
 2  79  14.748  47764.156 138.257  -0.023   13.344  -10.000      154.3840     2276.8867
 3  79  14.748  47764.156 138.257  -0.048   11.416  -10.000      154.3840     2276.8867
 4  79  14.748  47764.156 138.257  -0.070   10.268  -10.000      154.3840     2276.8867
 2  79  14.748  47766.156 187.075   0.000   12.908  -10.000      154.5197     2278.8867
 3  79  14.748  47766.156 187.075  -0.029   11.130  -10.000      154.5197     2278.8867
 4  79  14.748  47766.156 187.075  -0.030   10.067  -10.000      154.5197     2278.8867
 2  79  14.748  47767.176 211.959   0.086   12.513  -10.000      154.5888     2279.9062
 3  79  14.748  47767.176 211.959  -0.017   10.794  -10.000      154.5888     2279.9062
 4  79  14.748  47767.176 211.959  -0.012    9.793  -10.000      154.5888     2279.9062
 2  79  14.748  47768.168 236.179  -0.024   12.568  -10.000      154.6561     2280.8984
 3  79  14.748  47768.168 236.179  -0.057   10.847  -10.000      154.6561     2280.8984
 4  79  14.748  47768.168 236.179  -0.083    9.786  -10.000      154.6561     2280.8984
 2  79  14.748  47769.160 260.398  -0.041   12.739  -10.000      154.7233     2281.8906
 3  79  14.748  47769.160 260.398  -0.070   10.937  -10.000      154.7233     2281.8906
 4  79  14.748  47769.160 260.398  -0.083    9.853  -10.000      154.7233     2281.8906
 2  79  14.748  47770.156 284.711  -0.008   12.925  -10.000      154.7909     2282.8867
 3  79  14.748  47770.156 284.711  -0.019   11.069  -10.000      154.7909     2282.8867
 4  79  14.748  47770.156 284.711  -0.029    9.958  -10.000      154.7909     2282.8867
 2  79  14.748  47771.156 309.122   0.074   13.151  -10.000      154.8587     2283.8867
 3  79  14.748  47771.156 309.122   0.000   11.171  -10.000      154.8587     2283.8867
 4  79  14.748  47771.156 309.122   0.003   10.048  -10.000      154.8587     2283.8867
 2  79  14.748  47772.152 333.435   0.046   13.271  -10.000      154.9262     2284.8828
 3  79  14.748  47772.152 333.435   0.014   11.279  -10.000      154.9262     2284.8828
 4  79  14.748  47772.152 333.435   0.028   10.143  -10.000      154.9262     2284.8828
 2  79  14.748  47773.156 357.940   0.070   13.440  -10.000      154.9943     2285.8867
 3  79  14.748  47773.156 357.940   0.017   11.381  -10.000      154.9943     2285.8867
 4  79  14.748  47773.156 357.940   0.025   10.221  -10.000      154.9943     2285.8867
 2  79  14.748  47774.184  23.022   0.049   13.573  -10.000      155.0639     2286.9141
 3  79  14.748  47774.184  23.022   0.016   11.490  -10.000      155.0639     2286.9141
 4  79  14.748  47774.184  23.022   0.037   10.324  -10.000      155.0639     2286.9141
 2  79  14.748  47775.148  46.571   0.010   13.670  -10.000      155.1294     2287.8789
 3  79  14.748  47775.148  46.571   0.016   11.597  -10.000      155.1294     2287.8789
 4  79  14.748  47775.148  46.571   0.023   10.405  -10.000      155.1294     2287.8789
 2  79  14.748  47776.152  71.076  -0.043   13.702  -10.000      155.1974     2288.8828
 3  79  14.748  47776.152  71.076  -0.027   11.629  -10.000      155.1974     2288.8828
 4  79  14.748  47776.152  71.076  -0.001   10.452  -10.000      155.1974     2288.8828
 2  79  14.748  48101.227  86.061   0.002   13.758  -10.000      177.2391     2613.9570
 3  79  14.748  48101.227  86.061   0.018   11.694  -10.000      177.2391     2613.9570
 4  79  14.748  48101.227  86.061  -0.009   10.469  -10.000      177.2391     2613.9570
 2  79  14.748  48102.227 110.468  -0.052   13.597  -10.000      177.3069     2614.9570
 3  79  14.748  48102.227 110.468  -0.052   11.574  -10.000      177.3069     2614.9570
 4  79  14.748  48102.227 110.468  -0.050   10.401  -10.000      177.3069     2614.9570
 2  79  14.748  48103.207 134.401  -0.024   13.379  -10.000      177.3733     2615.9375
 3  79  14.748  48103.207 134.401  -0.037   11.448  -10.000      177.3733     2615.9375
 4  79  14.748  48103.207 134.401  -0.059   10.294  -10.000      177.3733     2615.9375
 2  79  14.748  48104.219 159.099  -0.025   13.271  -10.000      177.4419     2616.9492
 3  79  14.748  48104.219 159.099  -0.064   11.365  -10.000      177.4419     2616.9492
 4  79  14.748  48104.219 159.099  -0.098   10.221  -10.000      177.4419     2616.9492
 2  79  14.748  48108.199 256.262  -0.001   12.751  -10.000      177.7118     2620.9297
 3  79  14.748  48108.199 256.262  -0.047   10.945  -10.000      177.7118     2620.9297
 4  79  14.748  48108.199 256.262  -0.055    9.872  -10.000      177.7118     2620.9297
 2  79  14.748  48109.191 280.481   0.053   12.961  -10.000      177.7791     2621.9219
 3  79  14.748  48109.191 280.481  -0.022   11.053  -10.000      177.7791     2621.9219
 4  79  14.748  48109.191 280.481  -0.036    9.942  -10.000      177.7791     2621.9219
 2  79  14.748  48110.195 304.986  -0.037   13.014  -10.000      177.8472     2622.9258
 3  79  14.748  48110.195 304.986  -0.013   11.143  -10.000      177.8472     2622.9258
 4  79  14.748  48110.195 304.986   0.000   10.033  -10.000      177.8472     2622.9258
 2  79  14.748  48111.207 329.683   0.019   13.222  -10.000      177.9158     2623.9375
 3  79  14.748  48111.207 329.683   0.011   11.261  -10.000      177.9158     2623.9375
 4  79  14.748  48111.207 329.683   0.014   10.119  -10.000      177.9158     2623.9375
 2  79  14.748  48112.199 353.897   0.065   13.409  -10.000      177.9830     2624.9297
 3  79  14.748  48112.199 353.897   0.012   11.358  -10.000      177.9830     2624.9297
 4  79  14.748  48112.199 353.897   0.020   10.201  -10.000      177.9830     2624.9297
 2  79  14.748  48113.191  18.116   0.059   13.553  -10.000      178.0503     2625.9219
 3  79  14.748  48113.191  18.116   0.059   11.511  -10.000      178.0503     2625.9219
 4  79  14.748  48113.191  18.116   0.014   10.283  -10.000      178.0503     2625.9219
 2  79  14.748  48114.211  43.006   0.082   13.725  -10.000      178.1195     2626.9414
 3  79  14.748  48114.211  43.006   0.010   11.577  -10.000      178.1195     2626.9414
 4  79  14.748  48114.211  43.006   0.006   10.375  -10.000      178.1195     2626.9414
 2  79  14.748  48115.191  66.940   0.009   13.747  -10.000      178.1859     2627.9219
 3  79  14.748  48115.191  66.940   0.015   11.663  -10.000      178.1859     2627.9219
 4  79  14.748  48115.191  66.940   0.025   10.470  -10.000      178.1859     2627.9219
 2  79  14.748  48117.215 116.329   0.016   13.613  -10.000      178.3231     2629.9453
 3  79  14.748  48117.215 116.329  -0.055   11.543  -10.000      178.3231     2629.9453
 4  79  14.748  48117.215 116.329  -0.079   10.353  -10.000      178.3231     2629.9453
 2  79  14.748  48118.215 140.740   0.019   13.366  -10.000      178.3909     2630.9453
 3  79  14.748  48118.215 140.740  -0.035   11.417  -10.000      178.3909     2630.9453
 4  79  14.748  48118.215 140.740  -0.067   10.263  -10.000      178.3909     2630.9453
 2  79  14.748  48119.188 164.482   0.018   13.313  -10.000      178.4569     2631.9180
 3  79  14.748  48119.188 164.482  -0.011   11.419  -10.000      178.4569     2631.9180
 2  79  14.748  48123.180 261.931   0.025   12.815  -10.000      178.7276     2635.9102
 3  79  14.748  48123.180 261.931  -0.008   11.004  -10.000      178.7276     2635.9102
 4  79  14.748  48123.180 261.931  -0.042    9.897  -10.000      178.7276     2635.9102
 2  79  14.748  48126.207 335.825   0.053   13.291  -10.000      178.9328     2638.9375
 3  79  14.748  48126.207 335.825   0.027   11.301  -10.000      178.9328     2638.9375
 4  79  14.748  48126.207 335.825   0.015   10.137  -10.000      178.9328     2638.9375
 2  79  14.748  48127.188 359.758   0.049   13.431  -10.000      178.9993     2639.9180
 3  79  14.748  48127.188 359.758   0.024   11.396  -10.000      178.9993     2639.9180
 4  79  14.748  48127.188 359.758  -0.001   10.202  -10.000      178.9993     2639.9180
 3  79  14.748  49934.250 189.723   0.104   11.201  -10.000      301.5270     4446.9805
 4  79  14.748  49934.250 189.723   0.040   10.087  -10.000      301.5270     4446.9805
 5  79  14.748  49934.250 189.723   0.073    9.140  -10.000      301.5270     4446.9805
 3  79  14.748  49935.266 214.508   0.085   10.900  -10.000      301.5959     4447.9961
 4  79  14.748  49935.266 214.508   0.030    9.837  -10.000      301.5959     4447.9961
 5  79  14.748  49935.266 214.508   0.045    8.911  -10.000      301.5959     4447.9961
 3  79  14.748  49936.219 237.777   0.003   10.914  -10.000      301.6605     4448.9492
 4  79  14.748  49936.219 237.777  -0.040    9.834  -10.000      301.6605     4448.9492
 5  79  14.748  49936.219 237.777  -0.024    8.881  -10.000      301.6605     4448.9492
 3  79  14.748  49942.227  24.423   0.113   11.593  -10.000      302.0678     4454.9570
 5  79  14.748  49942.227  24.423   0.139    9.326  -10.000      302.0678     4454.9570
 3  79  14.748  49943.215  48.549   0.055   11.643  -10.000      302.1349     4455.9453
 5  79  14.748  49943.215  48.549   0.082    9.354  -10.000      302.1349     4455.9453
 3  79  14.748  49944.191  72.389   0.121   11.779  -10.000      302.2011     4456.9219
 5  79  14.748  49944.191  72.389   0.169    9.504  -10.000      302.2011     4456.9219
 3  79  14.748  49945.199  96.987   0.054   11.722  -10.000      302.2694     4457.9297
 5  79  14.748  49945.199  96.987   0.068    9.435  -10.000      302.2694     4457.9297
 3  79  14.748  49946.191 121.201   0.065   11.634  -10.000      302.3367     4458.9219
 5  79  14.748  49946.191 121.201   0.016    9.351  -10.000      302.3367     4458.9219
 3  79  14.748  49947.207 145.997   0.040   11.474  -10.000      302.4055     4459.9375
 5  79  14.748  49947.207 145.997  -0.029    9.249  -10.000      302.4055     4459.9375
 3  79  14.748  49948.180 169.739   0.017   11.433  -10.000      302.4715     4460.9102
 5  79  14.748  49948.180 169.739  -0.004    9.274  -10.000      302.4715     4460.9102
 3  79  14.748  49949.184 194.249   0.115   11.110  -10.000      302.5396     4461.9141
 5  79  14.748  49949.184 194.249   0.030    9.028  -10.000      302.5396     4461.9141
 3  79  14.748  49950.184 218.650   0.075   10.904  -10.000      302.6074     4462.9141
 5  79  14.748  49950.184 218.650   0.003    8.875  -10.000      302.6074     4462.9141
 3  79  14.748  49952.191 267.660   0.073   11.104  -10.000      302.7435     4464.9219
 5  79  14.748  49952.191 267.660   0.040    8.983  -10.000      302.7435     4464.9219
 3  79  14.748  49953.223 292.841   0.119   11.232  -10.000      302.8134     4465.9531
 5  79  14.748  49953.223 292.841   0.090    9.059  -10.000      302.8134     4465.9531
 3  79  14.748  49954.207 316.868   0.119   11.319  -10.000      302.8802     4466.9375
 5  79  14.748  49954.207 316.868   0.079    9.089  -10.000      302.8802     4466.9375
 3  79  14.748  49955.207 341.279   0.114   11.408  -10.000      302.9480     4467.9375
 5  79  14.748  49955.207 341.279   0.140    9.202  -10.000      302.9480     4467.9375
23   4  14.748  41067.594 116.785  -0.010    4.885  -10.000     -299.6756    -4419.6758
24   4  14.748  41067.594 116.785   0.031    7.075  -10.000     -299.6756    -4419.6758
23   4  14.748  41068.594 141.196  -0.010    4.735  -10.000     -299.6078    -4418.6758
24   4  14.748  41068.594 141.196   0.036    6.803  -10.000     -299.6078    -4418.6758
23   4  14.748  41092.578   6.647   0.070    4.773  -10.000     -297.9815    -4394.6914
24   4  14.748  41092.578   6.647   0.129    7.010  -10.000     -297.9815    -4394.6914
23   4  14.748  41100.527 200.687   0.069    4.230  -10.000     -297.4425    -4386.7422
24   4  14.748  41100.527 200.687   0.146    6.012  -10.000     -297.4425    -4386.7422
23   4  14.748  41101.531 225.187  -0.032    4.110  -10.000     -297.3745    -4385.7383
24   4  14.748  41101.531 225.187  -0.032    5.835  -10.000     -297.3745    -4385.7383
23   4  14.748  41106.590 348.662   0.028    4.650  -10.000     -297.0315    -4380.6797
24   4  14.748  41106.590 348.662   0.097    6.858  -10.000     -297.0315    -4380.6797
23   4  14.748  41107.570  12.601   0.084    4.812  -10.000     -296.9650    -4379.6992
24   4  14.748  41107.570  12.601   0.143    7.062  -10.000     -296.9650    -4379.6992
23   4  14.748  41117.473 254.312  -0.088    4.185  -10.000     -296.2936    -4369.7969
24   4  14.748  41117.473 254.312  -0.058    6.065  -10.000     -296.2936    -4369.7969
23   4  14.748  41122.531  17.798   0.023    4.775  -10.000     -295.9506    -4364.7383
24   4  14.748  41122.531  17.798   0.067    7.023  -10.000     -295.9506    -4364.7383
23   4  14.748  41123.508  41.627   0.036    4.900  -10.000     -295.8844    -4363.7617
24   4  14.748  41123.508  41.627   0.042    7.150  -10.000     -295.8844    -4363.7617
23   4  14.748  41125.457  89.209   0.001    4.980  -10.000     -295.7522    -4361.8125
24   4  14.748  41125.457  89.209  -0.024    7.200  -10.000     -295.7522    -4361.8125
23   4  14.748  41130.465 211.454   0.058    4.150  -10.000     -295.4126    -4356.8047
24   4  14.748  41130.465 211.454   0.089    5.863  -10.000     -295.4126    -4356.8047
23   4  14.748  41131.480 236.239  -0.097    4.092  -10.000     -295.3438    -4355.7891
24   4  14.748  41131.480 236.239  -0.090    5.870  -10.000     -295.3438    -4355.7891
23   4  14.748  41132.484 260.750  -0.055    4.243  -10.000     -295.2757    -4354.7852
24   4  14.748  41132.484 260.750  -0.035    6.138  -10.000     -295.2757    -4354.7852
23   4  14.748  41133.480 285.062  -0.019    4.363  -10.000     -295.2082    -4353.7891
24   4  14.748  41133.480 285.062   0.012    6.358  -10.000     -295.2082    -4353.7891
23   4  14.748  41146.395 240.293  -0.033    4.175  -10.000     -294.3325    -4340.8750
24   4  14.748  41146.395 240.293  -0.004    5.992  -10.000     -294.3325    -4340.8750
23   4  14.748  41147.398 264.792  -0.023    4.287  -10.000     -294.2645    -4339.8711
24   4  14.748  41147.398 264.792  -0.014    6.188  -10.000     -294.2645    -4339.8711
23   4  14.748  41148.395 289.105   0.006    4.400  -10.000     -294.1969    -4338.8750
24   4  14.748  41148.395 289.105   0.026    6.398  -10.000     -294.1969    -4338.8750
23   4  14.748  41149.375 313.044   0.021    4.503  -10.000     -294.1304    -4337.8945
24   4  14.748  41149.375 313.044   0.073    6.602  -10.000     -294.1304    -4337.8945
23   4  14.748  41154.391  75.476   0.041    5.008  -10.000     -293.7903    -4332.8789
24   4  14.748  41154.391  75.476   0.093    7.320  -10.000     -293.7903    -4332.8789
23   4  14.748  41155.402 100.173  -0.006    4.957  -10.000     -293.7217    -4331.8672
24   4  14.748  41155.402 100.173   0.001    7.185  -10.000     -293.7217    -4331.8672
23   4  14.748  41156.379 124.003  -0.059    4.790  -10.000     -293.6555    -4330.8906
24   4  14.748  41156.379 124.003  -0.019    6.940  -10.000     -293.6555    -4330.8906
23   4  14.748  41158.457 174.738  -0.037    4.633  -10.000     -293.5146    -4328.8125
24   4  14.748  41158.457 174.738  -0.043    6.585  -10.000     -293.5146    -4328.8125
23   4  14.748  41162.441 271.989  -0.045    4.290  -10.000     -293.2445    -4324.8281
24   4  14.748  41162.441 271.989  -0.008    6.245  -10.000     -293.2445    -4324.8281
23   4  14.748  41163.477 297.257   0.016    4.438  -10.000     -293.1743    -4323.7930
24   4  14.748  41163.477 297.257   0.015    6.438  -10.000     -293.1743    -4323.7930
23   4  14.748  41170.324 104.403  -0.018    4.932  -10.000     -292.7100    -4316.9453
24   4  14.748  41170.324 104.403  -0.082    7.075  -10.000     -292.7100    -4316.9453
 0  42  14.748  46923.801 145.382  -3.654   49.110    0.650       97.4038     1436.5312
 0  42  14.748  46924.801 169.791   1.302   41.480    0.610       97.4716     1437.5312
 0  42  14.748  46925.773 193.532   1.104   35.780    0.680       97.5376     1438.5039
 0  42  14.748  46927.871 244.737  -3.504   12.660    0.740       97.6798     1440.6016
 0  55  14.748  45518.750  48.431   2.781   50.150    0.780        2.1345       31.4805
 0  55  14.748  45541.621 246.709  -4.340   11.340    0.890        3.6853       54.3516
 0  55  14.748  46296.574 314.931  -1.172   27.420    0.530       54.8748      809.3047
 0  55  14.748  46304.566 150.020  -1.746   48.490    0.750       55.4167      817.2969
 0  55  14.748  46306.617 200.079   1.250   32.120    0.700       55.5558      819.3477
 0  55  14.748  46316.586  83.414   1.025   57.450    0.950       56.2317      829.3164
 1   2  14.748  41761.879 144.113  -0.270   14.640  -10.000     -252.5997    -3725.3906
 2   2  14.748  41761.879 144.113  -0.004   13.320  -10.000     -252.5997    -3725.3906
 3   2  14.748  41761.879 144.113  -0.119   11.320  -10.000     -252.5997    -3725.3906
 1   2  14.748  41922.617 107.699  -0.302   15.150  -10.000     -241.7008    -3564.6523
 2   2  14.748  41922.617 107.699  -0.041   13.630  -10.000     -241.7008    -3564.6523
 3   2  14.748  41922.617 107.699  -0.027   11.610  -10.000     -241.7008    -3564.6523
 1   2  14.748  41924.648 157.280  -0.139   14.720  -10.000     -241.5631    -3562.6211
 2   2  14.748  41924.648 157.280   0.015   13.310  -10.000     -241.5631    -3562.6211
 3   2  14.748  41924.648 157.280   0.002   11.430  -10.000     -241.5631    -3562.6211
 1   2  14.748  41925.598 180.450  -0.168   14.420  -10.000     -241.4987    -3561.6719
 2   2  14.748  41925.598 180.450  -0.032   13.070  -10.000     -241.4987    -3561.6719
 3   2  14.748  41925.598 180.450  -0.076   11.220  -10.000     -241.4987    -3561.6719
 1   2  14.748  41926.590 204.670   0.085   13.780  -10.000     -241.4315    -3560.6797
 2   2  14.748  41926.590 204.670   0.076   12.530  -10.000     -241.4315    -3560.6797
 3   2  14.748  41926.590 204.670   0.015   10.850  -10.000     -241.4315    -3560.6797
 1   2  14.748  41927.605 229.460  -0.071   13.770  -10.000     -241.3626    -3559.6641
 2   2  14.748  41927.605 229.460  -0.041   12.500  -10.000     -241.3626    -3559.6641
 3   2  14.748  41927.605 229.460  -0.087   10.790  -10.000     -241.3626    -3559.6641
 1   2  14.748  41928.602 253.773  -0.097   14.050  -10.000     -241.2951    -3558.6680
 2   2  14.748  41928.602 253.773  -0.094   12.640  -10.000     -241.2951    -3558.6680
 3   2  14.748  41928.602 253.773  -0.103   10.880  -10.000     -241.2951    -3558.6680
 1   2  14.748  41929.594 277.993   0.008   14.410  -10.000     -241.2278    -3557.6758
 2   2  14.748  41929.594 277.993  -0.032   12.860  -10.000     -241.2278    -3557.6758
 3   2  14.748  41929.594 277.993  -0.036   11.030  -10.000     -241.2278    -3557.6758
 0  34  14.748  46987.766 266.748   0.976   17.640    0.610      101.7410     1500.4961
 0  34  14.748  46989.777 315.854   0.121   29.020    0.520      101.8774     1502.5078
 0  34  14.748  46990.758 339.785   0.616   35.180    0.450      101.9438     1503.4883
 0  34  14.748  46991.770   4.482   3.135   41.230    0.440      102.0125     1504.5000
 0  34  14.748  46992.805  29.748   0.628   46.410    0.490      102.0826     1505.5352
 0  34  14.748  46993.777  53.492   0.811   50.650    0.750      102.1486     1506.5078
 0  34  14.748  47018.762 303.354  -0.502   24.770    0.570      103.8427     1531.4922
 0  34  14.748  47020.707 350.840  -2.186   36.300    0.530      103.9746     1533.4375
 0  34  14.748  47021.688  14.771   2.556   43.270    0.450      104.0410     1534.4180
 0  34  14.748  47022.684  39.087  -7.390   45.350    0.770      104.1086     1535.4141
 3   9  14.748  43698.699 261.431  -0.040   10.970  -10.000     -121.2738    -1788.5703
14   9  14.748  43698.699 261.431   0.000   13.500  -10.000     -121.2738    -1788.5703
15   9  14.748  43698.699 261.431  -0.017   11.510  -10.000     -121.2738    -1788.5703
16   9  14.748  43698.699 261.431  -0.032    9.970  -10.000     -121.2738    -1788.5703
17   9  14.748  43698.699 261.431  -0.020    8.870  -10.000     -121.2738    -1788.5703
 3   9  14.748  43787.641 272.469  -0.127   10.920  -10.000     -115.2431    -1699.6289
14   9  14.748  43787.641 272.469  -0.060   13.530  -10.000     -115.2431    -1699.6289
15   9  14.748  43787.641 272.469  -0.101   11.470  -10.000     -115.2431    -1699.6289
16   9  14.748  43787.641 272.469  -0.103    9.920  -10.000     -115.2431    -1699.6289
17   9  14.748  43787.641 272.469  -0.070    8.830  -10.000     -115.2431    -1699.6289
 3   9  14.748  44025.891 328.093   0.006   11.250  -10.000      -99.0886    -1461.3789
14   9  14.748  44025.891 328.093   0.131   14.150  -10.000      -99.0886    -1461.3789
15   9  14.748  44025.891 328.093   0.038   11.840  -10.000      -99.0886    -1461.3789
16   9  14.748  44025.891 328.093   0.022   10.180  -10.000      -99.0886    -1461.3789
17   9  14.748  44025.891 328.093   0.067    9.050  -10.000      -99.0886    -1461.3789
 3   9  14.748  43701.711 334.946   0.000   11.270  -10.000     -121.0696    -1785.5586
14   9  14.748  43701.711 334.946   0.102   14.170  -10.000     -121.0696    -1785.5586
15   9  14.748  43701.711 334.946  -0.001   11.830  -10.000     -121.0696    -1785.5586
16   9  14.748  43701.711 334.946  -0.007   10.170  -10.000     -121.0696    -1785.5586
17   9  14.748  43701.711 334.946   0.022    9.020  -10.000     -121.0696    -1785.5586
 3   9  14.748  43717.762   6.743  -0.042   11.360  -10.000     -119.9813    -1769.5078
14   9  14.748  43717.762   6.743   0.014   14.310  -10.000     -119.9813    -1769.5078
15   9  14.748  43717.762   6.743  -0.026   11.950  -10.000     -119.9813    -1769.5078
16   9  14.748  43717.762   6.743  -0.033   10.250  -10.000     -119.9813    -1769.5078
17   9  14.748  43717.762   6.743   0.048    9.130  -10.000     -119.9813    -1769.5078
 3   9  14.748  44087.781  38.828  -0.018   11.530  -10.000      -94.8921    -1399.4883
14   9  14.748  44087.781  38.828   0.036   14.560  -10.000      -94.8921    -1399.4883
15   9  14.748  44087.781  38.828   0.027   12.160  -10.000      -94.8921    -1399.4883
16   9  14.748  44087.781  38.828   0.024   10.430  -10.000      -94.8921    -1399.4883
17   9  14.748  44087.781  38.828   0.083    9.270  -10.000      -94.8921    -1399.4883
 3   9  14.748  44135.602 126.112  -0.007   11.530  -10.000      -91.6497    -1351.6680
14   9  14.748  44135.602 126.112   0.068   14.390  -10.000      -91.6497    -1351.6680
15   9  14.748  44135.602 126.112   0.025   12.120  -10.000      -91.6497    -1351.6680
16   9  14.748  44135.602 126.112  -0.017   10.430  -10.000      -91.6497    -1351.6680
17   9  14.748  44135.602 126.112   0.010    9.280  -10.000      -91.6497    -1351.6680
 3   9  14.748  43694.711 164.078  -0.050   11.380  -10.000     -121.5442    -1792.5586
14   9  14.748  43694.711 164.078  -0.037   14.030  -10.000     -121.5442    -1792.5586
15   9  14.748  43694.711 164.078  -0.028   11.940  -10.000     -121.5442    -1792.5586
16   9  14.748  43694.711 164.078  -0.061   10.320  -10.000     -121.5442    -1792.5586
17   9  14.748  43694.711 164.078  -0.047    9.190  -10.000     -121.5442    -1792.5586
 3   9  14.748  44049.891 193.928   0.048   11.050  -10.000      -97.4613    -1437.3789
14   9  14.748  44049.891 193.928   0.211   13.550  -10.000      -97.4613    -1437.3789
15   9  14.748  44049.891 193.928   0.073   11.570  -10.000      -97.4613    -1437.3789
16   9  14.748  44049.891 193.928   0.016   10.050  -10.000      -97.4613    -1437.3789
17   9  14.748  44049.891 193.928   0.023    8.980  -10.000      -97.4613    -1437.3789
 3   9  14.748  44020.750 202.613   0.035   10.890  -10.000      -99.4372    -1466.5195
14   9  14.748  44020.750 202.613   0.184   13.280  -10.000      -99.4372    -1466.5195
15   9  14.748  44020.750 202.613   0.063   11.400  -10.000      -99.4372    -1466.5195
16   9  14.748  44020.750 202.613  -0.004    9.910  -10.000      -99.4372    -1466.5195
17   9  14.748  44020.750 202.613   0.013    8.870  -10.000      -99.4372    -1466.5195
