 2  79  11.661  45648.184 277.484  -0.030   12.182  -10.000       13.7708      160.5859
 3  79  11.661  45648.184 277.484   0.006   10.814  -10.000       13.7708      160.5859
 4  79  11.661  45648.184 277.484   0.002   10.004  -10.000       13.7708      160.5859
 2  79  11.661  45649.207 309.079  -0.016   12.430  -10.000       13.8586      161.6094
 3  79  11.661  45649.207 309.079  -0.016   10.927  -10.000       13.8586      161.6094
 4  79  11.661  45649.207 309.079  -0.038   10.058  -10.000       13.8586      161.6094
 2  79  11.661  45658.152 225.232  -0.028   11.816  -10.000       14.6256      170.5547
 3  79  11.661  45658.152 225.232  -0.012   10.580  -10.000       14.6256      170.5547
 4  79  11.661  45658.152 225.232  -0.004    9.846  -10.000       14.6256      170.5547
 2  79  11.661  45660.219 289.025   0.028   12.324  -10.000       14.8028      172.6211
 3  79  11.661  45660.219 289.025  -0.025   10.830  -10.000       14.8028      172.6211
 4  79  11.661  45660.219 289.025  -0.025   10.009  -10.000       14.8028      172.6211
 2  79  11.661  45665.168  81.813   0.051   13.257  -10.000       15.2273      177.5703
 3  79  11.661  45665.168  81.813  -0.002   11.495  -10.000       15.2273      177.5703
 4  79  11.661  45665.168  81.813  -0.004   10.561  -10.000       15.2273      177.5703
 2  79  11.661  45666.129 111.478   0.056   13.092  -10.000       15.3097      178.5312
 3  79  11.661  45666.129 111.478   0.006   11.420  -10.000       15.3097      178.5312
 4  79  11.661  45666.129 111.478  -0.020   10.497  -10.000       15.3097      178.5312
 2  79  11.661  45668.145 173.703   0.081   12.567  -10.000       15.4825      180.5469
 3  79  11.661  45668.145 173.703   0.035   11.099  -10.000       15.4825      180.5469
 4  79  11.661  45668.145 173.703   0.032   10.284  -10.000       15.4825      180.5469
 2  79  11.661  45674.148 359.051  -0.015   12.792  -10.000       15.9974      186.5508
 3  79  11.661  45674.148 359.051  -0.073   11.102  -10.000       15.9974      186.5508
 4  79  11.661  45674.148 359.051  -0.065   10.209  -10.000       15.9974      186.5508
 2  79  11.661  45676.125  60.070   0.036   13.229  -10.000       16.1669      188.5273
 3  79  11.661  45676.125  60.070  -0.016   11.453  -10.000       16.1669      188.5273
 4  79  11.661  45676.125  60.070  -0.010   10.520  -10.000       16.1669      188.5273
 1  79  11.661  45869.266 262.558  -0.060   13.068  -10.000       32.7293      381.6680
 2  79  11.661  45869.266 262.558  -0.030   12.054  -10.000       32.7293      381.6680
 3  79  11.661  45869.266 262.558  -0.028   10.705  -10.000       32.7293      381.6680
 4  79  11.661  45869.266 262.558  -0.027    9.922  -10.000       32.7293      381.6680
 2  79  11.661  45870.258 293.188  -0.024   12.301  -10.000       32.8144      382.6602
 3  79  11.661  45870.258 293.188  -0.022   10.849  -10.000       32.8144      382.6602
 4  79  11.661  45870.258 293.188  -0.020   10.025  -10.000       32.8144      382.6602
 2  79  11.661  45871.254 323.939   0.000   12.548  -10.000       32.8998      383.6562
 3  79  11.661  45871.254 323.939  -0.018   10.986  -10.000       32.8998      383.6562
 4  79  11.661  45871.254 323.939   0.001   10.141  -10.000       32.8998      383.6562
 2  79  11.661  45872.242 354.448  -0.018   12.754  -10.000       32.9846      384.6445
 3  79  11.661  45872.242 354.448  -0.021   11.130  -10.000       32.9846      384.6445
 4  79  11.661  45872.242 354.448  -0.013   10.242  -10.000       32.9846      384.6445
 2  79  11.661  45873.242  25.319  -0.027   12.972  -10.000       33.0703      385.6445
 3  79  11.661  45873.242  25.319  -0.031   11.281  -10.000       33.0703      385.6445
 4  79  11.661  45873.242  25.319  -0.029   10.360  -10.000       33.0703      385.6445
 2  79  11.661  45874.238  56.070  -0.033   13.143  -10.000       33.1558      386.6406
 3  79  11.661  45874.238  56.070  -0.039   11.415  -10.000       33.1558      386.6406
 4  79  11.661  45874.238  56.070  -0.022   10.494  -10.000       33.1558      386.6406
 2  79  11.661  45875.234  86.821  -0.002   13.194  -10.000       33.2412      387.6367
 3  79  11.661  45875.234  86.821  -0.026   11.470  -10.000       33.2412      387.6367
 4  79  11.661  45875.234  86.821  -0.015   10.553  -10.000       33.2412      387.6367
 2  79  11.661  45876.234 117.691   0.017   12.985  -10.000       33.3269      388.6367
 3  79  11.661  45876.234 117.691  -0.013   11.360  -10.000       33.3269      388.6367
 4  79  11.661  45876.234 117.691  -0.026   10.462  -10.000       33.3269      388.6367
 2  79  11.661  45877.242 148.804  -0.012   12.635  -10.000       33.4133      389.6445
 3  79  11.661  45877.242 148.804  -0.039   11.137  -10.000       33.4133      389.6445
 4  79  11.661  45877.242 148.804  -0.048   10.294  -10.000       33.4133      389.6445
 2  79  11.661  45878.227 179.193   0.051   12.497  -10.000       33.4978      390.6289
 3  79  11.661  45878.227 179.193   0.031   11.066  -10.000       33.4978      390.6289
 4  79  11.661  45878.227 179.193   0.016   10.243  -10.000       33.4978      390.6289
 2  79  11.661  45880.262 242.021   0.082   11.973  -10.000       33.6723      392.6641
 3  79  11.661  45880.262 242.021   0.053   10.666  -10.000       33.6723      392.6641
 4  79  11.661  45880.262 242.021   0.049    9.909  -10.000       33.6723      392.6641
 2  79  11.661  45881.246 272.409  -0.024   12.146  -10.000       33.7567      393.6484
 3  79  11.661  45881.246 272.409  -0.020   10.763  -10.000       33.7567      393.6484
 4  79  11.661  45881.246 272.409  -0.017    9.968  -10.000       33.7567      393.6484
 1  79  11.661  45882.234 302.919  -0.038   13.579  -10.000       33.8414      394.6367
 2  79  11.661  45882.234 302.919   0.000   12.398  -10.000       33.8414      394.6367
 3  79  11.661  45882.234 302.919   0.006   10.920  -10.000       33.8414      394.6367
 4  79  11.661  45882.234 302.919  -0.005   10.070  -10.000       33.8414      394.6367
 1  79  11.661  45883.238 333.910   0.004   13.955  -10.000       33.9275      395.6406
 2  79  11.661  45883.238 333.910  -0.001   12.619  -10.000       33.9275      395.6406
 3  79  11.661  45883.238 333.910   0.000   11.049  -10.000       33.9275      395.6406
 4  79  11.661  45883.238 333.910  -0.006   10.168  -10.000       33.9275      395.6406
 2  79  11.661  45886.242  66.644  -0.015   13.195  -10.000       34.1851      398.6445
 3  79  11.661  45886.242  66.644  -0.033   11.454  -10.000       34.1851      398.6445
 4  79  11.661  45886.242  66.644  -0.025   10.523  -10.000       34.1851      398.6445
 2  79  11.661  45887.234  97.274   0.044   13.196  -10.000       34.2702      399.6367
 3  79  11.661  45887.234  97.274  -0.006   11.473  -10.000       34.2702      399.6367
 4  79  11.661  45887.234  97.274  -0.008   10.554  -10.000       34.2702      399.6367
 2  79  11.661  47400.254   6.042   0.022   12.882  -10.000      164.0168     1912.6562
 3  79  11.661  47400.254   6.042   0.015   11.227  -10.000      164.0168     1912.6562
 4  79  11.661  47400.254   6.042   0.002   10.307  -10.000      164.0168     1912.6562
 2  79  11.661  47401.242  36.552  -0.010   13.058  -10.000      164.1015     1913.6445
 3  79  11.661  47401.242  36.552  -0.009   11.357  -10.000      164.1015     1913.6445
 4  79  11.661  47401.242  36.552   0.011   10.447  -10.000      164.1015     1913.6445
 2  79  11.661  47402.242  67.423   0.010   13.221  -10.000      164.1873     1914.6445
 3  79  11.661  47402.242  67.423  -0.019   11.469  -10.000      164.1873     1914.6445
 4  79  11.661  47402.242  67.423  -0.008   10.542  -10.000      164.1873     1914.6445
 2  79  11.661  47403.258  98.773   0.005   13.147  -10.000      164.2744     1915.6602
 3  79  11.661  47403.258  98.773  -0.010   11.464  -10.000      164.2744     1915.6602
 4  79  11.661  47403.258  98.773  -0.011   10.548  -10.000      164.2744     1915.6602
 2  79  11.661  47404.238 129.045  -0.012   12.822  -10.000      164.3585     1916.6406
 3  79  11.661  47404.238 129.045  -0.039   11.252  -10.000      164.3585     1916.6406
 4  79  11.661  47404.238 129.045  -0.049   10.378  -10.000      164.3585     1916.6406
 2  79  11.661  47407.238 221.655  -0.094   11.772  -10.000      164.6157     1919.6406
 3  79  11.661  47407.238 221.655  -0.046   10.563  -10.000      164.6157     1919.6406
 4  79  11.661  47407.238 221.655  -0.008    9.857  -10.000      164.6157     1919.6406
 2  79  11.661  47408.227 252.164   0.017   12.001  -10.000      164.7005     1920.6289
 3  79  11.661  47408.227 252.164  -0.007   10.664  -10.000      164.7005     1920.6289
 4  79  11.661  47408.227 252.164   0.010    9.914  -10.000      164.7005     1920.6289
 2  79  11.661  47409.234 283.277  -0.008   12.247  -10.000      164.7869     1921.6367
 3  79  11.661  47409.234 283.277  -0.005   10.827  -10.000      164.7869     1921.6367
 4  79  11.661  47409.234 283.277  -0.006   10.013  -10.000      164.7869     1921.6367
 2  79  11.661  47410.246 314.511  -0.009   12.477  -10.000      164.8736     1922.6484
 3  79  11.661  47410.246 314.511   0.019   10.986  -10.000      164.8736     1922.6484
 4  79  11.661  47410.246 314.511   0.022   10.135  -10.000      164.8736     1922.6484
 2  79  11.661  47411.258 345.745  -0.018   12.692  -10.000      164.9604     1923.6602
 3  79  11.661  47411.258 345.745   0.002   11.111  -10.000      164.9604     1923.6602
 4  79  11.661  47411.258 345.745   0.001   10.222  -10.000      164.9604     1923.6602
 2  79  11.661  47413.234  46.763  -0.002   13.126  -10.000      165.1299     1925.6367
 3  79  11.661  47413.234  46.763   0.001   11.415  -10.000      165.1299     1925.6367
 4  79  11.661  47413.234  46.763   0.004   10.483  -10.000      165.1299     1925.6367
 2  79  11.661  47414.234  77.635   0.008   13.220  -10.000      165.2157     1926.6367
 3  79  11.661  47414.234  77.635  -0.021   11.476  -10.000      165.2157     1926.6367
 4  79  11.661  47414.234  77.635  -0.008   10.554  -10.000      165.2157     1926.6367
 2  79  11.661  47415.219 108.023   0.034   13.103  -10.000      165.3001     1927.6211
 3  79  11.661  47415.219 108.023   0.007   11.440  -10.000      165.3001     1927.6211
 4  79  11.661  47415.219 108.023   0.001   10.532  -10.000      165.3001     1927.6211
 2  79  11.661  47416.211 138.653  -0.025   12.710  -10.000      165.3851     1928.6133
 3  79  11.661  47416.211 138.653  -0.028   11.203  -10.000      165.3851     1928.6133
 4  79  11.661  47416.211 138.653  -0.037   10.347  -10.000      165.3851     1928.6133
 2  79  11.661  47417.211 169.525   0.013   12.526  -10.000      165.4709     1929.6133
 3  79  11.661  47417.211 169.525  -0.013   11.071  -10.000      165.4709     1929.6133
 4  79  11.661  47417.211 169.525  -0.011   10.257  -10.000      165.4709     1929.6133
 2  79  11.661  47418.203 200.154   0.064   12.252  -10.000      165.5560     1930.6055
 3  79  11.661  47418.203 200.154   0.066   10.913  -10.000      165.5560     1930.6055
 4  79  11.661  47418.203 200.154   0.073   10.140  -10.000      165.5560     1930.6055
 2  79  11.661  47419.191 230.663  -0.015   11.821  -10.000      165.6407     1931.5938
 3  79  11.661  47419.191 230.663  -0.026   10.557  -10.000      165.6407     1931.5938
 4  79  11.661  47419.191 230.663  -0.013    9.827  -10.000      165.6407     1931.5938
 2  79  11.661  47420.191 261.535  -0.006   12.068  -10.000      165.7265     1932.5938
 3  79  11.661  47420.191 261.535  -0.028   10.699  -10.000      165.7265     1932.5938
 4  79  11.661  47420.191 261.535  -0.052    9.893  -10.000      165.7265     1932.5938
 2  79  11.661  47421.184 292.165  -0.011   12.307  -10.000      165.8116     1933.5859
 3  79  11.661  47421.184 292.165  -0.017   10.850  -10.000      165.8116     1933.5859
 4  79  11.661  47421.184 292.165  -0.003   10.039  -10.000      165.8116     1933.5859
 2  79  11.661  47422.191 323.278  -0.008   12.536  -10.000      165.8980     1934.5938
 3  79  11.661  47422.191 323.278  -0.026   10.975  -10.000      165.8980     1934.5938
 4  79  11.661  47422.191 323.278  -0.015   10.123  -10.000      165.8980     1934.5938
 2  79  11.661  47423.188 354.029   0.019   12.788  -10.000      165.9834     1935.5898
 3  79  11.661  47423.188 354.029   0.000   11.148  -10.000      165.9834     1935.5898
 4  79  11.661  47423.188 354.029   0.012   10.265  -10.000      165.9834     1935.5898
 2  79  11.661  47424.195  25.142   0.039   13.037  -10.000      166.0698     1936.5977
 3  79  11.661  47424.195  25.142   0.021   11.332  -10.000      166.0698     1936.5977
 4  79  11.661  47424.195  25.142   0.016   10.404  -10.000      166.0698     1936.5977
 2  79  11.661  47425.215  56.613  -0.032   13.147  -10.000      166.1573     1937.6172
 3  79  11.661  47425.215  56.613  -0.018   11.438  -10.000      166.1573     1937.6172
 4  79  11.661  47425.215  56.613   0.004   10.522  -10.000      166.1573     1937.6172
 2  79  11.661  47427.223 118.597   0.048   13.006  -10.000      166.3294     1939.6250
 3  79  11.661  47427.223 118.597   0.053   11.420  -10.000      166.3294     1939.6250
 4  79  11.661  47427.223 118.597   0.055   10.538  -10.000      166.3294     1939.6250
 2  79  11.661  47428.184 148.266  -0.010   12.642  -10.000      166.4118     1940.5859
 3  79  11.661  47428.184 148.266  -0.030   11.149  -10.000      166.4118     1940.5859
 4  79  11.661  47428.184 148.266  -0.022   10.322  -10.000      166.4118     1940.5859
 2  79  11.661  47429.180 179.017   0.011   12.459  -10.000      166.4973     1941.5820
 3  79  11.661  47429.180 179.017   0.036   11.072  -10.000      166.4973     1941.5820
 4  79  11.661  47429.180 179.017   0.027   10.255  -10.000      166.4973     1941.5820
 2  79  11.661  47430.156 209.163  -0.018   12.009  -10.000      166.5810     1942.5586
 3  79  11.661  47430.156 209.163   0.006   10.734  -10.000      166.5810     1942.5586
 4  79  11.661  47430.156 209.163   0.027    9.994  -10.000      166.5810     1942.5586
 2  79  11.661  47431.203 241.479   0.085   11.972  -10.000      166.6708     1943.6055
 3  79  11.661  47431.203 241.479   0.056   10.667  -10.000      166.6708     1943.6055
 4  79  11.661  47431.203 241.479   0.049    9.907  -10.000      166.6708     1943.6055
 2  79  11.661  47432.188 271.868  -0.033   12.132  -10.000      166.7552     1944.5898
 3  79  11.661  47432.188 271.868  -0.014   10.767  -10.000      166.7552     1944.5898
 4  79  11.661  47432.188 271.868  -0.005    9.978  -10.000      166.7552     1944.5898
 2  79  11.661  47433.191 302.860   0.035   12.433  -10.000      166.8413     1945.5938
 3  79  11.661  47433.191 302.860   0.021   10.934  -10.000      166.8413     1945.5938
 4  79  11.661  47433.191 302.860   0.014   10.088  -10.000      166.8413     1945.5938
 2  79  11.661  47434.188 333.611   0.020   12.638  -10.000      166.9267     1946.5898
 3  79  11.661  47434.188 333.611   0.012   11.060  -10.000      166.9267     1946.5898
 4  79  11.661  47434.188 333.611   0.013   10.186  -10.000      166.9267     1946.5898
 3  79  11.661  49945.332  95.724   0.002   11.486  -10.000      382.2659     4457.7344
 5  79  11.661  49945.332  95.724   0.016    9.724  -10.000      382.2659     4457.7344
 3  79  11.661  49946.312 125.991  -0.005   11.308  -10.000      382.3500     4458.7148
 5  79  11.661  49946.312 125.991  -0.019    9.614  -10.000      382.3500     4458.7148
 3  79  11.661  49947.309 156.742   0.030   11.168  -10.000      382.4354     4459.7109
 5  79  11.661  49947.309 156.742   0.007    9.549  -10.000      382.4354     4459.7109
 3  79  11.661  49948.289 187.009   0.035   11.016  -10.000      382.5195     4460.6914
 5  79  11.661  49948.289 187.009   0.015    9.448  -10.000      382.5195     4460.6914
 3  79  11.661  49949.293 218.002  -0.017   10.619  -10.000      382.6056     4461.6953
 5  79  11.661  49949.293 218.002   0.015    9.204  -10.000      382.6056     4461.6953
 3  79  11.661  49950.277 248.390   0.033   10.680  -10.000      382.6900     4462.6797
 5  79  11.661  49950.277 248.390   0.014    9.187  -10.000      382.6900     4462.6797
 3  79  11.661  49952.285 310.375   0.029   10.977  -10.000      382.8622     4464.6875
 5  79  11.661  49952.285 310.375   0.031    9.340  -10.000      382.8622     4464.6875
 3  79  11.661  49953.352 343.290   0.036   11.133  -10.000      382.9536     4465.7539
 5  79  11.661  49953.352 343.290   0.038    9.425  -10.000      382.9536     4465.7539
 3  79  11.661  49954.297  12.469   0.018   11.265  -10.000      383.0346     4466.6992
 5  79  11.661  49954.297  12.469   0.030    9.513  -10.000      383.0346     4466.6992
 3  79  11.661  49955.270  42.506   0.021   11.415  -10.000      383.1181     4467.6719
 5  79  11.661  49955.270  42.506   0.055    9.648  -10.000      383.1181     4467.6719
 0 119  11.661  48453.520 121.641   0.000   21.530    1.820      254.3379     2965.9219
