 2  79  17.074  45502.324 150.226  -0.015   10.596  -10.000        0.4173        7.1250
 3  79  17.074  45502.324 150.226  -0.014    9.205  -10.000        0.4173        7.1250
 4  79  17.074  45502.324 150.226  -0.040    8.414  -10.000        0.4173        7.1250
 2  79  17.074  45503.246 169.663   0.133   10.625  -10.000        0.4713        8.0469
 3  79  17.074  45503.246 169.663   0.089    9.240  -10.000        0.4713        8.0469
 4  79  17.074  45503.246 169.663   0.039    8.446  -10.000        0.4713        8.0469
 1  79  17.074  45505.242 211.750   0.057   10.142  -10.000        0.5882       10.0430
 2  79  17.074  45505.242 211.750  -0.026    9.389  -10.000        0.5882       10.0430
 3  79  17.074  45505.242 211.750   0.000    8.386  -10.000        0.5882       10.0430
 4  79  17.074  45505.242 211.750  -0.017    7.754  -10.000        0.5882       10.0430
 1  79  17.074  45508.223 274.591  -0.048   10.935  -10.000        0.7628       13.0234
 2  79  17.074  45508.223 274.591   0.018    9.980  -10.000        0.7628       13.0234
 3  79  17.074  45508.223 274.591   0.023    8.689  -10.000        0.7628       13.0234
 4  79  17.074  45508.223 274.591   0.009    7.949  -10.000        0.7628       13.0234
 1  79  17.074  45509.219 295.593  -0.069   11.209  -10.000        0.8211       14.0195
 2  79  17.074  45509.219 295.593   0.006   10.157  -10.000        0.8211       14.0195
 3  79  17.074  45509.219 295.593   0.041    8.814  -10.000        0.8211       14.0195
 4  79  17.074  45509.219 295.593   0.021    8.034  -10.000        0.8211       14.0195
 1  79  17.074  45512.227 359.011  -0.065   12.013  -10.000        0.9973       17.0273
 2  79  17.074  45512.227 359.011  -0.055   10.641  -10.000        0.9973       17.0273
 3  79  17.074  45512.227 359.011  -0.012    9.112  -10.000        0.9973       17.0273
 4  79  17.074  45512.227 359.011  -0.014    8.269  -10.000        0.9973       17.0273
 1  79  17.074  45513.246  20.507   0.134   12.457  -10.000        1.0570       18.0469
 2  79  17.074  45513.246  20.507  -0.021   10.855  -10.000        1.0570       18.0469
 3  79  17.074  45513.246  20.507   0.013    9.266  -10.000        1.0570       18.0469
 4  79  17.074  45513.246  20.507   0.011    8.403  -10.000        1.0570       18.0469
 3  79  17.074  45514.230  41.262  -0.017    9.348  -10.000        1.1146       19.0312
 4  79  17.074  45514.230  41.262  -0.009    8.481  -10.000        1.1146       19.0312
 2  79  17.074  45515.234  62.429  -0.112   11.018  -10.000        1.1734       20.0352
 3  79  17.074  45515.234  62.429  -0.052    9.409  -10.000        1.1734       20.0352
 4  79  17.074  45515.234  62.429  -0.047    8.532  -10.000        1.1734       20.0352
 1  79  17.074  45644.285 263.387   0.130   10.951  -10.000        8.7316      149.0859
 2  79  17.074  45644.285 263.387   0.057    9.918  -10.000        8.7316      149.0859
 3  79  17.074  45644.285 263.387   0.061    8.673  -10.000        8.7316      149.0859
 1  79  17.074  45648.215 346.242  -0.039   11.881  -10.000        8.9618      153.0156
 2  79  17.074  45648.215 346.242  -0.026   10.558  -10.000        8.9618      153.0156
 3  79  17.074  45648.215 346.242   0.019    9.065  -10.000        8.9618      153.0156
 4  79  17.074  45648.215 346.242   0.017    8.236  -10.000        8.9618      153.0156
 1  79  17.074  45649.234   7.738  -0.093   12.084  -10.000        9.0215      154.0352
 2  79  17.074  45649.234   7.738  -0.083   10.686  -10.000        9.0215      154.0352
 3  79  17.074  45649.234   7.738  -0.042    9.133  -10.000        9.0215      154.0352
 4  79  17.074  45649.234   7.738  -0.043    8.283  -10.000        9.0215      154.0352
 1  79  17.074  45658.168 196.097  -0.122   10.055  -10.000        9.5447      162.9688
 2  79  17.074  45658.168 196.097  -0.192    9.301  -10.000        9.5447      162.9688
 3  79  17.074  45658.168 196.097  -0.098    8.357  -10.000        9.5447      162.9688
 4  79  17.074  45658.168 196.097  -0.075    7.761  -10.000        9.5447      162.9688
 1  79  17.074  45864.289 222.036   0.068   10.270  -10.000       21.6168      369.0898
 2  79  17.074  45864.289 222.036   0.009    9.493  -10.000       21.6168      369.0898
 3  79  17.074  45864.289 222.036   0.017    8.436  -10.000       21.6168      369.0898
 4  79  17.074  45864.289 222.036   0.006    7.795  -10.000       21.6168      369.0898
 1  79  17.074  45866.281 264.040  -0.011   10.820  -10.000       21.7334      371.0820
 2  79  17.074  45866.281 264.040  -0.002    9.866  -10.000       21.7334      371.0820
 3  79  17.074  45866.281 264.040   0.024    8.639  -10.000       21.7334      371.0820
 4  79  17.074  45866.281 264.040   0.026    7.933  -10.000       21.7334      371.0820
 1  79  17.074  45867.270 284.877  -0.034   11.094  -10.000       21.7913      372.0703
 2  79  17.074  45867.270 284.877  -0.013   10.041  -10.000       21.7913      372.0703
 3  79  17.074  45867.270 284.877   0.014    8.731  -10.000       21.7913      372.0703
 4  79  17.074  45867.270 284.877   0.002    7.976  -10.000       21.7913      372.0703
 1  79  17.074  45868.246 305.467  -0.039   11.375  -10.000       21.8485      373.0469
 2  79  17.074  45868.246 305.467   0.001   10.240  -10.000       21.8485      373.0469
 3  79  17.074  45868.246 305.467   0.017    8.842  -10.000       21.8485      373.0469
 4  79  17.074  45868.246 305.467   0.007    8.057  -10.000       21.8485      373.0469
 1  79  17.074  45869.242 326.469  -0.048   11.639  -10.000       21.9069      374.0430
 2  79  17.074  45869.242 326.469  -0.051   10.371  -10.000       21.9069      374.0430
 3  79  17.074  45869.242 326.469  -0.016    8.923  -10.000       21.9069      374.0430
 4  79  17.074  45869.242 326.469  -0.021    8.114  -10.000       21.9069      374.0430
 1  79  17.074  45870.242 347.554  -0.035   11.900  -10.000       21.9654      375.0430
 2  79  17.074  45870.242 347.554  -0.053   10.542  -10.000       21.9654      375.0430
 3  79  17.074  45870.242 347.554  -0.005    9.048  -10.000       21.9654      375.0430
 4  79  17.074  45870.242 347.554  -0.002    8.223  -10.000       21.9654      375.0430
 1  79  17.074  45871.242   8.638  -0.039   12.149  -10.000       22.0240      376.0430
 2  79  17.074  45871.242   8.638  -0.076   10.700  -10.000       22.0240      376.0430
 3  79  17.074  45871.242   8.638  -0.040    9.140  -10.000       22.0240      376.0430
 4  79  17.074  45871.242   8.638  -0.025    8.305  -10.000       22.0240      376.0430
 1  79  17.074  45872.234  29.558  -0.014   12.395  -10.000       22.0821      377.0352
 2  79  17.074  45872.234  29.558  -0.075   10.866  -10.000       22.0821      377.0352
 3  79  17.074  45872.234  29.558  -0.025    9.278  -10.000       22.0821      377.0352
 4  79  17.074  45872.234  29.558  -0.016    8.419  -10.000       22.0821      377.0352
 1  79  17.074  45873.234  50.642   0.023   12.598  -10.000       22.1407      378.0352
 2  79  17.074  45873.234  50.642  -0.084   10.990  -10.000       22.1407      378.0352
 3  79  17.074  45873.234  50.642  -0.050    9.361  -10.000       22.1407      378.0352
 4  79  17.074  45873.234  50.642  -0.034    8.498  -10.000       22.1407      378.0352
 1  79  17.074  45874.227  71.562   0.045   12.708  -10.000       22.1988      379.0273
 2  79  17.074  45874.227  71.562  -0.063   11.094  -10.000       22.1988      379.0273
 3  79  17.074  45874.227  71.562  -0.028    9.462  -10.000       22.1988      379.0273
 4  79  17.074  45874.227  71.562  -0.024    8.585  -10.000       22.1988      379.0273
 1  79  17.074  45875.223  92.564   0.075   12.677  -10.000       22.2571      380.0234
 2  79  17.074  45875.223  92.564  -0.038   11.099  -10.000       22.2571      380.0234
 3  79  17.074  45875.223  92.564  -0.013    9.488  -10.000       22.2571      380.0234
 4  79  17.074  45875.223  92.564  -0.008    8.625  -10.000       22.2571      380.0234
 1  79  17.074  45876.227 113.730   0.123   12.468  -10.000       22.3159      381.0273
 2  79  17.074  45876.227 113.730   0.001   10.984  -10.000       22.3159      381.0273
 3  79  17.074  45876.227 113.730   0.012    9.437  -10.000       22.3159      381.0273
 4  79  17.074  45876.227 113.730   0.001    8.592  -10.000       22.3159      381.0273
 1  79  17.074  45877.227 134.815  -0.014   11.942  -10.000       22.3745      382.0273
 2  79  17.074  45877.227 134.815   0.025   10.760  -10.000       22.3745      382.0273
 3  79  17.074  45877.227 134.815   0.014    9.300  -10.000       22.3745      382.0273
 4  79  17.074  45877.227 134.815  -0.021    8.476  -10.000       22.3745      382.0273
 1  79  17.074  45878.215 155.652  -0.072   11.666  -10.000       22.4324      383.0156
 2  79  17.074  45878.215 155.652   0.002   10.606  -10.000       22.4324      383.0156
 3  79  17.074  45878.215 155.652   0.000    9.221  -10.000       22.4324      383.0156
 4  79  17.074  45878.215 155.652  -0.030    8.429  -10.000       22.4324      383.0156
 1  79  17.074  45879.250 177.478   0.181   11.404  -10.000       22.4930      384.0508
 2  79  17.074  45879.250 177.478   0.160   10.405  -10.000       22.4930      384.0508
 3  79  17.074  45879.250 177.478   0.130    9.111  -10.000       22.4930      384.0508
 4  79  17.074  45879.250 177.478   0.087    8.355  -10.000       22.4930      384.0508
 1  79  17.074  45880.250 198.562  -0.170    9.946  -10.000       22.5516      385.0508
 2  79  17.074  45880.250 198.562  -0.206    9.242  -10.000       22.5516      385.0508
 3  79  17.074  45880.250 198.562  -0.129    8.293  -10.000       22.5516      385.0508
 4  79  17.074  45880.250 198.562  -0.101    7.708  -10.000       22.5516      385.0508
 1  79  17.074  45881.234 219.317   0.096   10.265  -10.000       22.6092      386.0352
 2  79  17.074  45881.234 219.317   0.007    9.472  -10.000       22.6092      386.0352
 3  79  17.074  45881.234 219.317   0.042    8.452  -10.000       22.6092      386.0352
 4  79  17.074  45881.234 219.317   0.035    7.819  -10.000       22.6092      386.0352
 1  79  17.074  45882.223 240.154   0.043   10.503  -10.000       22.6671      387.0234
 2  79  17.074  45882.223 240.154   0.024    9.661  -10.000       22.6671      387.0234
 3  79  17.074  45882.223 240.154   0.047    8.539  -10.000       22.6671      387.0234
 4  79  17.074  45882.223 240.154   0.036    7.865  -10.000       22.6671      387.0234
 1  79  17.074  45883.230 261.404  -0.016   10.775  -10.000       22.7261      388.0312
 2  79  17.074  45883.230 261.404   0.000    9.843  -10.000       22.7261      388.0312
 3  79  17.074  45883.230 261.404   0.032    8.634  -10.000       22.7261      388.0312
 4  79  17.074  45883.230 261.404   0.019    7.918  -10.000       22.7261      388.0312
 1  79  17.074  45886.230 324.657  -0.034   11.631  -10.000       22.9018      391.0312
 2  79  17.074  45886.230 324.657  -0.039   10.368  -10.000       22.9018      391.0312
 3  79  17.074  45886.230 324.657  -0.012    8.917  -10.000       22.9018      391.0312
 4  79  17.074  45886.230 324.657  -0.008    8.120  -10.000       22.9018      391.0312
 1  79  17.074  45887.227 345.659  -0.008   11.905  -10.000       22.9602      392.0273
 2  79  17.074  45887.227 345.659  -0.053   10.526  -10.000       22.9602      392.0273
 3  79  17.074  45887.227 345.659  -0.007    9.036  -10.000       22.9602      392.0273
 4  79  17.074  45887.227 345.659   0.004    8.221  -10.000       22.9602      392.0273
 2  79  17.074  48503.305  64.078  -0.044   11.092  -10.000      176.1780     3008.1055
 3  79  17.074  48503.305  64.078  -0.025    9.442  -10.000      176.1780     3008.1055
 4  79  17.074  48503.305  64.078  -0.012    8.573  -10.000      176.1780     3008.1055
 2  79  17.074  48504.242  83.848  -0.064   11.096  -10.000      176.2329     3009.0430
 3  79  17.074  48504.242  83.848  -0.015    9.490  -10.000      176.2329     3009.0430
 4  79  17.074  48504.242  83.848  -0.015    8.615  -10.000      176.2329     3009.0430
 2  79  17.074  48505.262 105.342   0.024   11.092  -10.000      176.2926     3010.0625
 3  79  17.074  48505.262 105.342   0.017    9.489  -10.000      176.2926     3010.0625
 4  79  17.074  48505.262 105.342   0.014    8.635  -10.000      176.2926     3010.0625
 2  79  17.074  48506.281 126.837   0.059   10.885  -10.000      176.3523     3011.0820
 3  79  17.074  48506.281 126.837   0.042    9.379  -10.000      176.3523     3011.0820
 4  79  17.074  48506.281 126.837   0.001    8.532  -10.000      176.3523     3011.0820
 2  79  17.074  48507.254 147.349   0.033   10.654  -10.000      176.4093     3012.0547
 3  79  17.074  48507.254 147.349   0.016    9.239  -10.000      176.4093     3012.0547
 4  79  17.074  48507.254 147.349  -0.013    8.441  -10.000      176.4093     3012.0547
 2  79  17.074  48508.227 167.855   0.132   10.658  -10.000      176.4663     3013.0273
 3  79  17.074  48508.227 167.855   0.071    9.246  -10.000      176.4663     3013.0273
 4  79  17.074  48508.227 167.855   0.043    8.469  -10.000      176.4663     3013.0273
 2  79  17.074  48509.254 189.514  -0.168    9.529  -10.000      176.5264     3014.0547
 3  79  17.074  48509.254 189.514  -0.085    8.514  -10.000      176.5264     3014.0547
 4  79  17.074  48509.254 189.514  -0.075    7.880  -10.000      176.5264     3014.0547
 2  79  17.074  48510.230 210.108   0.003    9.410  -10.000      176.5836     3015.0312
 3  79  17.074  48510.230 210.108   0.013    8.395  -10.000      176.5836     3015.0312
 4  79  17.074  48510.230 210.108  -0.016    7.754  -10.000      176.5836     3015.0312
 2  79  17.074  48511.246 231.520   0.031    9.588  -10.000      176.6431     3016.0469
 3  79  17.074  48511.246 231.520   0.034    8.487  -10.000      176.6431     3016.0469
 4  79  17.074  48511.246 231.520   0.021    7.827  -10.000      176.6431     3016.0469
 2  79  17.074  48512.242 252.521   0.029    9.787  -10.000      176.7014     3017.0430
 3  79  17.074  48512.242 252.521   0.038    8.593  -10.000      176.7014     3017.0430
 4  79  17.074  48512.242 252.521   0.028    7.896  -10.000      176.7014     3017.0430
 2  79  17.074  48513.246 273.691   0.011    9.966  -10.000      176.7603     3018.0469
 3  79  17.074  48513.246 273.691   0.035    8.697  -10.000      176.7603     3018.0469
 4  79  17.074  48513.246 273.691   0.016    7.953  -10.000      176.7603     3018.0469
 2  79  17.074  48514.254 294.939   0.025   10.170  -10.000      176.8193     3019.0547
 3  79  17.074  48514.254 294.939   0.025    8.794  -10.000      176.8193     3019.0547
 4  79  17.074  48514.254 294.939   0.011    8.021  -10.000      176.8193     3019.0547
 2  79  17.074  48515.230 315.527  -0.022   10.306  -10.000      176.8765     3020.0312
 3  79  17.074  48515.230 315.527   0.012    8.891  -10.000      176.8765     3020.0312
 4  79  17.074  48515.230 315.527   0.009    8.099  -10.000      176.8765     3020.0312
 2  79  17.074  48516.215 336.281  -0.019   10.484  -10.000      176.9341     3021.0156
 3  79  17.074  48516.215 336.281   0.004    8.995  -10.000      176.9341     3021.0156
 4  79  17.074  48516.215 336.281   0.002    8.178  -10.000      176.9341     3021.0156
 2  79  17.074  48517.211 357.286  -0.043   10.638  -10.000      176.9925     3022.0117
 3  79  17.074  48517.211 357.286  -0.016    9.097  -10.000      176.9925     3022.0117
 4  79  17.074  48517.211 357.286  -0.003    8.271  -10.000      176.9925     3022.0117
 2  79  17.074  48518.219  18.534  -0.052   10.808  -10.000      177.0515     3023.0195
 3  79  17.074  48518.219  18.534  -0.007    9.234  -10.000      177.0515     3023.0195
 4  79  17.074  48518.219  18.534  -0.009    8.372  -10.000      177.0515     3023.0195
 2  79  17.074  48519.250  40.276  -0.043   10.971  -10.000      177.1119     3024.0508
 3  79  17.074  48519.250  40.276  -0.010    9.350  -10.000      177.1119     3024.0508
 4  79  17.074  48519.250  40.276  -0.013    8.472  -10.000      177.1119     3024.0508
 2  79  17.074  48520.219  60.705  -0.037   11.087  -10.000      177.1686     3025.0195
 3  79  17.074  48520.219  60.705  -0.012    9.443  -10.000      177.1686     3025.0195
 4  79  17.074  48520.219  60.705  -0.007    8.566  -10.000      177.1686     3025.0195
 2  79  17.074  48522.223 102.953   0.020   11.106  -10.000      177.2860     3027.0234
 3  79  17.074  48522.223 102.953   0.027    9.508  -10.000      177.2860     3027.0234
 4  79  17.074  48522.223 102.953   0.004    8.630  -10.000      177.2860     3027.0234
 2  79  17.074  48523.211 123.794   0.066   10.927  -10.000      177.3439     3028.0117
 3  79  17.074  48523.211 123.794   0.051    9.407  -10.000      177.3439     3028.0117
 4  79  17.074  48523.211 123.794   0.016    8.560  -10.000      177.3439     3028.0117
 2  79  17.074  48854.301 264.622   0.011    9.884  -10.000      196.7351     3359.1016
 3  79  17.074  48854.301 264.622   0.028    8.646  -10.000      196.7351     3359.1016
 4  79  17.074  48854.301 264.622   0.008    7.917  -10.000      196.7351     3359.1016
 2  79  17.074  48856.289 306.541   0.005   10.254  -10.000      196.8515     3361.0898
 3  79  17.074  48856.289 306.541   0.009    8.840  -10.000      196.8515     3361.0898
 4  79  17.074  48856.289 306.541   0.001    8.055  -10.000      196.8515     3361.0898
 2  79  17.074  48858.281 348.547  -0.012   10.591  -10.000      196.9682     3363.0820
 3  79  17.074  48858.281 348.547  -0.006    9.053  -10.000      196.9682     3363.0820
 4  79  17.074  48858.281 348.547  -0.004    8.226  -10.000      196.9682     3363.0820
 2  79  17.074  48860.270  30.465  -0.016   10.932  -10.000      197.0846     3365.0703
 3  79  17.074  48860.270  30.465  -0.023    9.285  -10.000      197.0846     3365.0703
 4  79  17.074  48860.270  30.465  -0.016    8.424  -10.000      197.0846     3365.0703
 2  79  17.074  48862.293  73.130  -0.045   11.115  -10.000      197.2031     3367.0938
 3  79  17.074  48862.293  73.130  -0.016    9.478  -10.000      197.2031     3367.0938
 4  79  17.074  48862.293  73.130  -0.023    8.591  -10.000      197.2031     3367.0938
 2  79  17.074  48870.254 240.980   0.053    9.698  -10.000      197.6694     3375.0547
 3  79  17.074  48870.254 240.980   0.034    8.530  -10.000      197.6694     3375.0547
 4  79  17.074  48870.254 240.980   0.029    7.860  -10.000      197.6694     3375.0547
 2  79  17.074  48872.258 283.233  -0.007   10.032  -10.000      197.7868     3377.0586
 3  79  17.074  48872.258 283.233   0.000    8.709  -10.000      197.7868     3377.0586
 4  79  17.074  48872.258 283.233  -0.012    7.957  -10.000      197.7868     3377.0586
 2  79  17.074  48874.277 325.816   0.000   10.416  -10.000      197.9050     3379.0781
 3  79  17.074  48874.277 325.816  -0.008    8.927  -10.000      197.9050     3379.0781
 4  79  17.074  48874.277 325.816  -0.007    8.125  -10.000      197.9050     3379.0781
 2  79  17.074  48876.234   7.075  -0.030   10.733  -10.000      198.0197     3381.0352
 3  79  17.074  48876.234   7.075   0.002    9.173  -10.000      198.0197     3381.0352
 4  79  17.074  48876.234   7.075  -0.006    8.316  -10.000      198.0197     3381.0352
 2  79  17.074  48877.227  27.999  -0.032   10.898  -10.000      198.0778     3382.0273
 3  79  17.074  48877.227  27.999  -0.034    9.261  -10.000      198.0778     3382.0273
 4  79  17.074  48877.227  27.999  -0.018    8.410  -10.000      198.0778     3382.0273
 2  79  17.074  48878.242  49.411  -0.026   11.041  -10.000      198.1373     3383.0430
 3  79  17.074  48878.242  49.411  -0.023    9.382  -10.000      198.1373     3383.0430
 4  79  17.074  48878.242  49.411  -0.015    8.511  -10.000      198.1373     3383.0430
 2  79  17.074  48880.234  91.412  -0.004   11.137  -10.000      198.2539     3385.0352
 3  79  17.074  48880.234  91.412  -0.022    9.480  -10.000      198.2539     3385.0352
 4  79  17.074  48880.234  91.412  -0.009    8.624  -10.000      198.2539     3385.0352
 2  79  17.074  48881.199 111.758   0.026   11.032  -10.000      198.3104     3386.0000
 3  79  17.074  48881.199 111.758  -0.005    9.433  -10.000      198.3104     3386.0000
 4  79  17.074  48881.199 111.758  -0.017    8.582  -10.000      198.3104     3386.0000
 2  79  17.074  48882.207 133.006   0.099   10.855  -10.000      198.3695     3387.0078
 3  79  17.074  48882.207 133.006   0.028    9.326  -10.000      198.3695     3387.0078
 4  79  17.074  48882.207 133.006   0.003    8.508  -10.000      198.3695     3387.0078
 2  79  17.074  48883.238 154.748   0.062   10.667  -10.000      198.4299     3388.0391
 3  79  17.074  48883.238 154.748   0.020    9.240  -10.000      198.4299     3388.0391
 4  79  17.074  48883.238 154.748  -0.016    8.442  -10.000      198.4299     3388.0391
 2  79  17.074  48884.227 175.589   0.153   10.472  -10.000      198.4877     3389.0273
 3  79  17.074  48884.227 175.589   0.104    9.136  -10.000      198.4877     3389.0273
 4  79  17.074  48884.227 175.589   0.059    8.370  -10.000      198.4877     3389.0273
 2  79  17.074  48885.223 196.589  -0.212    9.271  -10.000      198.5461     3390.0234
 3  79  17.074  48885.223 196.589  -0.141    8.306  -10.000      198.5461     3390.0234
 4  79  17.074  48885.223 196.589  -0.107    7.723  -10.000      198.5461     3390.0234
 2  79  17.074  48886.234 217.919   0.043    9.498  -10.000      198.6053     3391.0352
 3  79  17.074  48886.234 217.919   0.034    8.439  -10.000      198.6053     3391.0352
 4  79  17.074  48886.234 217.919   0.013    7.795  -10.000      198.6053     3391.0352
 2  79  17.074  48887.258 239.496   0.028    9.659  -10.000      198.6653     3392.0586
 3  79  17.074  48887.258 239.496   0.040    8.529  -10.000      198.6653     3392.0586
 4  79  17.074  48887.258 239.496   0.024    7.851  -10.000      198.6653     3392.0586
 2  79  17.074  48888.219 259.761   0.039    9.866  -10.000      198.7216     3393.0195
 3  79  17.074  48888.219 259.761   0.027    8.620  -10.000      198.7216     3393.0195
 4  79  17.074  48888.219 259.761   0.014    7.907  -10.000      198.7216     3393.0195
 2  79  17.074  48889.223 280.926   0.033   10.052  -10.000      198.7803     3394.0234
 3  79  17.074  48889.223 280.926   0.009    8.706  -10.000      198.7803     3394.0234
 4  79  17.074  48889.223 280.926   0.010    7.971  -10.000      198.7803     3394.0234
 2  79  17.074  48890.207 301.679   0.001   10.207  -10.000      198.8380     3395.0078
 3  79  17.074  48890.207 301.679   0.004    8.809  -10.000      198.8380     3395.0078
 4  79  17.074  48890.207 301.679   0.000    8.036  -10.000      198.8380     3395.0078
 2  79  17.074  48891.203 322.685   0.005   10.395  -10.000      198.8963     3396.0039
 3  79  17.074  48891.203 322.685  -0.015    8.904  -10.000      198.8963     3396.0039
 4  79  17.074  48891.203 322.685  -0.010    8.110  -10.000      198.8963     3396.0039
 2  79  17.074  48892.223 344.180  -0.003   10.564  -10.000      198.9561     3397.0234
 3  79  17.074  48892.223 344.180  -0.010    9.024  -10.000      198.9561     3397.0234
 4  79  17.074  48892.223 344.180   0.001    8.211  -10.000      198.9561     3397.0234
 2  79  17.074  48893.211   5.015  -0.034   10.713  -10.000      199.0139     3398.0117
 3  79  17.074  48893.211   5.015  -0.023    9.137  -10.000      199.0139     3398.0117
 4  79  17.074  48893.211   5.015  -0.019    8.293  -10.000      199.0139     3398.0117
 2  79  17.074  48894.215  26.186  -0.040   10.878  -10.000      199.0727     3399.0156
 3  79  17.074  48894.215  26.186  -0.030    9.255  -10.000      199.0727     3399.0156
 4  79  17.074  48894.215  26.186  -0.028    8.391  -10.000      199.0727     3399.0156
 2  79  17.074  49934.383 357.495  -0.054   10.629  -10.000      259.9930     4439.1836
 3  79  17.074  49934.383 357.495  -0.024    9.091  -10.000      259.9930     4439.1836
 4  79  17.074  49934.383 357.495  -0.062    8.214  -10.000      259.9930     4439.1836
 5  79  17.074  49934.383 357.495   0.002    7.495  -10.000      259.9930     4439.1836
 3  79  17.074  49935.383  18.578  -0.037    9.205  -10.000      260.0516     4440.1836
 4  79  17.074  49935.383  18.578  -0.064    8.318  -10.000      260.0516     4440.1836
 5  79  17.074  49935.383  18.578   0.009    7.589  -10.000      260.0516     4440.1836
 3  79  17.074  49936.375  39.496  -0.001    9.355  -10.000      260.1097     4441.1758
 4  79  17.074  49936.375  39.496  -0.011    8.471  -10.000      260.1097     4441.1758
 5  79  17.074  49936.375  39.496   0.024    7.691  -10.000      260.1097     4441.1758
 3  79  17.074  49937.359  60.249   0.021    9.474  -10.000      260.1674     4442.1602
 4  79  17.074  49937.359  60.249  -0.013    8.559  -10.000      260.1674     4442.1602
 3  79  17.074  49938.391  82.002   0.068    9.573  -10.000      260.2278     4443.1914
 3  79  17.074  49939.383 102.920   0.031    9.512  -10.000      260.2859     4444.1836
 4  79  17.074  49939.383 102.920   0.014    8.640  -10.000      260.2859     4444.1836
 5  79  17.074  49939.383 102.920   0.023    7.852  -10.000      260.2859     4444.1836
 3  79  17.074  49941.355 144.514   0.052    9.283  -10.000      260.4014     4446.1562
 5  79  17.074  49941.355 144.514  -0.021    7.717  -10.000      260.4014     4446.1562
 3  79  17.074  49942.336 165.179   0.081    9.280  -10.000      260.4588     4447.1367
 5  79  17.074  49942.336 165.179  -0.009    7.732  -10.000      260.4588     4447.1367
 3  79  17.074  49943.324 186.021  -0.005    8.700  -10.000      260.5167     4448.1250
 5  79  17.074  49943.324 186.021  -0.053    7.369  -10.000      260.5167     4448.1250
 3  79  17.074  49944.375 208.169   0.024    8.404  -10.000      260.5782     4449.1758
 5  79  17.074  49944.375 208.169  -0.030    7.166  -10.000      260.5782     4449.1758
 3  79  17.074  49945.379 229.340   0.077    8.521  -10.000      260.6371     4450.1797
 5  79  17.074  49945.379 229.340   0.041    7.241  -10.000      260.6371     4450.1797
 3  79  17.074  49946.363 250.093   0.096    8.638  -10.000      260.6947     4451.1641
 5  79  17.074  49946.363 250.093   0.064    7.285  -10.000      260.6947     4451.1641
 3  79  17.074  49947.293 269.692   0.076    8.719  -10.000      260.7491     4452.0938
 5  79  17.074  49947.293 269.692   0.044    7.298  -10.000      260.7491     4452.0938
 3  79  17.074  49948.277 290.457   0.049    8.795  -10.000      260.8068     4453.0781
 5  79  17.074  49948.277 290.457   0.016    7.308  -10.000      260.8068     4453.0781
 3  79  17.074  49949.273 311.451   0.057    8.914  -10.000      260.8651     4454.0742
 5  79  17.074  49949.273 311.451   0.020    7.362  -10.000      260.8651     4454.0742
 3  79  17.074  49950.270 332.457   0.017    8.988  -10.000      260.9235     4455.0703
 5  79  17.074  49950.270 332.457  -0.002    7.401  -10.000      260.9235     4455.0703
 3  79  17.074  49952.273  14.711  -0.002    9.216  -10.000      261.0409     4457.0742
 5  79  17.074  49952.273  14.711   0.008    7.571  -10.000      261.0409     4457.0742
 3  79  17.074  49953.332  37.024   0.003    9.347  -10.000      261.1028     4458.1328
 5  79  17.074  49953.332  37.024   0.016    7.673  -10.000      261.1028     4458.1328
 3  79  17.074  49954.266  56.711   0.030    9.469  -10.000      261.1575     4459.0664
 5  79  17.074  49954.266  56.711   0.058    7.796  -10.000      261.1575     4459.0664
 3  79  17.074  49955.258  77.629   0.036    9.538  -10.000      261.2156     4460.0586
 5  79  17.074  49955.258  77.629   0.026    7.831  -10.000      261.2156     4460.0586
11  17  17.074  45146.945 217.277  -0.048    6.230  -10.000      -20.3965     -348.2539
12  17  17.074  45146.945 217.277  -0.013    5.830  -10.000      -20.3965     -348.2539
13  17  17.074  45146.945 217.277  -0.003    5.700  -10.000      -20.3965     -348.2539
11  17  17.074  45147.934 238.115   0.029    6.270  -10.000      -20.3386     -347.2656
12  17  17.074  45147.934 238.115   0.065    5.850  -10.000      -20.3386     -347.2656
13  17  17.074  45147.934 238.115   0.063    5.700  -10.000      -20.3386     -347.2656
11  17  17.074  45148.926 259.034  -0.032    6.190  -10.000      -20.2805     -346.2734
12  17  17.074  45148.926 259.034   0.037    5.780  -10.000      -20.2805     -346.2734
13  17  17.074  45148.926 259.034   0.022    5.610  -10.000      -20.2805     -346.2734
11  17  17.074  45158.934 110.043  -0.024    6.600  -10.000      -19.6943     -336.2656
12  17  17.074  45158.934 110.043   0.007    6.070  -10.000      -19.6943     -336.2656
13  17  17.074  45158.934 110.043   0.009    5.890  -10.000      -19.6943     -336.2656
11  17  17.074  45162.910 193.887  -0.069    6.290  -10.000      -19.4614     -332.2891
12  17  17.074  45162.910 193.887   0.007    5.930  -10.000      -19.4614     -332.2891
13  17  17.074  45162.910 193.887   0.008    5.790  -10.000      -19.4614     -332.2891
11  17  17.074  45163.941 215.630  -0.020    6.260  -10.000      -19.4010     -331.2578
12  17  17.074  45163.941 215.630   0.013    5.860  -10.000      -19.4010     -331.2578
13  17  17.074  45163.941 215.630   0.013    5.720  -10.000      -19.4010     -331.2578
11  17  17.074  45164.871 235.232  -0.005    6.240  -10.000      -19.3466     -330.3281
12  17  17.074  45164.871 235.232   0.027    5.820  -10.000      -19.3466     -330.3281
13  17  17.074  45164.871 235.232   0.014    5.660  -10.000      -19.3466     -330.3281
11  17  17.074  45165.855 255.987  -0.013    6.210  -10.000      -19.2889     -329.3438
12  17  17.074  45165.855 255.987   0.013    5.760  -10.000      -19.2889     -329.3438
13  17  17.074  45165.855 255.987   0.006    5.600  -10.000      -19.2889     -329.3438
11  17  17.074  45166.852 276.989  -0.021    6.190  -10.000      -19.2306     -328.3477
12  17  17.074  45166.852 276.989   0.006    5.720  -10.000      -19.2306     -328.3477
13  17  17.074  45166.852 276.989   0.006    5.560  -10.000      -19.2306     -328.3477
11  17  17.074  45167.852 298.073   0.029    6.240  -10.000      -19.1720     -327.3477
12  17  17.074  45167.852 298.073   0.025    5.720  -10.000      -19.1720     -327.3477
13  17  17.074  45167.852 298.073   0.012    5.540  -10.000      -19.1720     -327.3477
11  17  17.074  45168.852 319.158  -0.028    6.200  -10.000      -19.1135     -326.3477
12  17  17.074  45168.852 319.158   0.005    5.700  -10.000      -19.1135     -326.3477
13  17  17.074  45168.852 319.158   0.008    5.530  -10.000      -19.1135     -326.3477
11  17  17.074  45184.879 297.084  -0.041    6.170  -10.000      -18.1748     -310.3203
12  17  17.074  45184.879 297.084  -0.006    5.690  -10.000      -18.1748     -310.3203
13  17  17.074  45184.879 297.084   0.021    5.550  -10.000      -18.1748     -310.3203
11  17  17.074  45185.855 317.674   0.014    6.240  -10.000      -18.1176     -309.3438
12  17  17.074  45185.855 317.674   0.026    5.720  -10.000      -18.1176     -309.3438
13  17  17.074  45185.855 317.674   0.018    5.540  -10.000      -18.1176     -309.3438
11  17  17.074  45189.852  41.930  -0.009    6.430  -10.000      -17.8835     -305.3477
12  17  17.074  45189.852  41.930  -0.019    5.840  -10.000      -17.8835     -305.3477
13  17  17.074  45189.852  41.930  -0.021    5.650  -10.000      -17.8835     -305.3477
11  17  17.074  45192.852 105.183  -0.010    6.610  -10.000      -17.7078     -302.3477
12  17  17.074  45192.852 105.183  -0.014    6.040  -10.000      -17.7078     -302.3477
13  17  17.074  45192.852 105.183  -0.031    5.840  -10.000      -17.7078     -302.3477
11  17  17.074  45193.852 126.267   0.002    6.630  -10.000      -17.6493     -301.3477
12  17  17.074  45193.852 126.267  -0.017    6.070  -10.000      -17.6493     -301.3477
13  17  17.074  45193.852 126.267  -0.002    5.910  -10.000      -17.6493     -301.3477
11  17  17.074  45197.754 208.546  -0.091    6.200  -10.000      -17.4207     -297.4453
12  17  17.074  45197.754 208.546   0.018    5.880  -10.000      -17.4207     -297.4453
13  17  17.074  45197.754 208.546   0.016    5.740  -10.000      -17.4207     -297.4453
11  17  17.074  45224.797  58.731  -0.020    6.480  -10.000      -15.8369     -270.4023
12  17  17.074  45224.797  58.731   0.003    5.920  -10.000      -15.8369     -270.4023
13  17  17.074  45224.797  58.731   0.002    5.730  -10.000      -15.8369     -270.4023
11  17  17.074  45232.691 225.182  -0.054    6.210  -10.000      -15.3745     -262.5078
12  17  17.074  45232.691 225.182   0.047    5.870  -10.000      -15.3745     -262.5078
13  17  17.074  45232.691 225.182   0.040    5.720  -10.000      -15.3745     -262.5078
 1 162  17.074  36751.797 330.667  -0.097   11.640  -10.000     -512.0815    -8743.4023
 2 162  17.074  36751.797 330.667  -0.126   10.330  -10.000     -512.0815    -8743.4023
 3 162  17.074  36751.797 330.667  -0.021    8.940  -10.000     -512.0815    -8743.4023
 1 162  17.074  36752.805 351.914  -0.088   11.900  -10.000     -512.0225    -8742.3945
 2 162  17.074  36752.805 351.914  -0.122   10.510  -10.000     -512.0225    -8742.3945
 3 162  17.074  36752.805 351.914  -0.079    9.000  -10.000     -512.0225    -8742.3945
 1 162  17.074  36766.707 285.029   0.001   11.131  -10.000     -511.2083    -8728.4922
 2 162  17.074  36766.707 285.029  -0.045   10.011  -10.000     -511.2083    -8728.4922
 3 162  17.074  36766.707 285.029   0.023    8.741  -10.000     -511.2083    -8728.4922
 1 162  17.074  36768.711 327.283  -0.087   11.610  -10.000     -511.0909    -8726.4883
 2 162  17.074  36768.711 327.283  -0.049   10.380  -10.000     -511.0909    -8726.4883
 3 162  17.074  36768.711 327.283  -0.043    8.900  -10.000     -511.0909    -8726.4883
 2 162  17.074  36769.859 351.497  -0.119   10.510  -10.000     -511.0236    -8725.3398
 3 162  17.074  36769.859 351.497  -0.097    8.980  -10.000     -511.0236    -8725.3398
 2 162  17.074  36770.793  11.184  -0.147   10.650  -10.000     -510.9689    -8724.4062
 3 162  17.074  36770.793  11.184  -0.086    9.110  -10.000     -510.9689    -8724.4062
 2 162  17.074  36771.727  30.872  -0.011   10.940  -10.000     -510.9142    -8723.4727
 3 162  17.074  36771.727  30.872  -0.021    9.290  -10.000     -510.9142    -8723.4727
 2 162  17.074  36772.824  54.009  -0.123   10.970  -10.000     -510.8500    -8722.3750
 3 162  17.074  36772.824  54.009  -0.097    9.330  -10.000     -510.8500    -8722.3750
 2 162  17.074  36772.848  54.503  -0.125   10.970  -10.000     -510.8486    -8722.3516
 3 162  17.074  36772.848  54.503  -0.079    9.350  -10.000     -510.8486    -8722.3516
 2 162  17.074  36773.738  73.279  -0.080   11.080  -10.000     -510.7964    -8721.4609
 3 162  17.074  36773.738  73.279  -0.070    9.424  -10.000     -510.7964    -8721.4609
 2 162  17.074  36774.770  95.032  -0.038   11.090  -10.000     -510.7360    -8720.4297
 3 162  17.074  36774.770  95.032  -0.028    9.470  -10.000     -510.7360    -8720.4297
 2 162  17.074  36775.742 115.532   0.089   11.050  -10.000     -510.6791    -8719.4570
 3 162  17.074  36775.742 115.532  -0.013    9.400  -10.000     -510.6791    -8719.4570
 2 162  17.074  36777.797 158.851   0.040   10.640  -10.000     -510.5587    -8717.4023
 3 162  17.074  36777.797 158.851  -0.001    9.220  -10.000     -510.5587    -8717.4023
 1 162  17.074  36778.789 179.780   0.387   11.470  -10.000     -510.5006    -8716.4102
 2 162  17.074  36778.789 179.780   0.385   10.530  -10.000     -510.5006    -8716.4102
 3 162  17.074  36778.789 179.780   0.289    9.200  -10.000     -510.5006    -8716.4102
 1 162  17.074  36793.734 134.890   0.176   12.130  -10.000     -509.6253    -8701.4648
 2 162  17.074  36793.734 134.890   0.155   10.890  -10.000     -509.6253    -8701.4648
 3 162  17.074  36793.734 134.890   0.084    9.370  -10.000     -509.6253    -8701.4648
 1 162  17.074  36808.715  90.747   0.247   12.861  -10.000     -508.7479    -8686.4844
 2 162  17.074  36808.715  90.747   0.028   11.171  -10.000     -508.7479    -8686.4844
 3 162  17.074  36808.715  90.747  -0.016    9.486  -10.000     -508.7479    -8686.4844
 1 162  17.074  36810.684 132.253   0.227   12.228  -10.000     -508.6326    -8684.5156
 2 162  17.074  36810.684 132.253   0.174   10.938  -10.000     -508.6326    -8684.5156
 3 162  17.074  36810.684 132.253   0.097    9.400  -10.000     -508.6326    -8684.5156
 1 162  17.074  36813.668 195.172   0.204   10.410  -10.000     -508.4579    -8681.5312
 2 162  17.074  36813.668 195.172   0.130    9.645  -10.000     -508.4579    -8681.5312
 3 162  17.074  36813.668 195.172   0.166    8.636  -10.000     -508.4579    -8681.5312
 1 162  17.074  36814.730 217.573   0.043   10.192  -10.000     -508.3956    -8680.4688
 2 162  17.074  36814.730 217.573  -0.007    9.445  -10.000     -508.3956    -8680.4688
 3 162  17.074  36814.730 217.573   0.027    8.431  -10.000     -508.3956    -8680.4688
 1 162  17.074  36815.688 237.755  -0.103   10.319  -10.000     -508.3396    -8679.5117
 2 162  17.074  36815.688 237.755  -0.071    9.543  -10.000     -508.3396    -8679.5117
 3 162  17.074  36815.688 237.755   0.012    8.492  -10.000     -508.3396    -8679.5117
 1 162  17.074  36816.672 258.508  -0.150   10.597  -10.000     -508.2819    -8678.5273
 2 162  17.074  36816.672 258.508  -0.089    9.726  -10.000     -508.2819    -8678.5273
 3 162  17.074  36816.672 258.508  -0.009    8.578  -10.000     -508.2819    -8678.5273
 1 162  17.074  36817.672 279.591  -0.131   10.922  -10.000     -508.2234    -8677.5273
 2 162  17.074  36817.672 279.591  -0.073    9.934  -10.000     -508.2234    -8677.5273
 3 162  17.074  36817.672 279.591  -0.013    8.678  -10.000     -508.2234    -8677.5273
 1 162  17.074  36848.758 215.024   0.006   10.125  -10.000     -506.4027    -8646.4414
 2 162  17.074  36848.758 215.024   0.005    9.440  -10.000     -506.4027    -8646.4414
 3 162  17.074  36848.758 215.024   0.029    8.424  -10.000     -506.4027    -8646.4414
 1 162  17.074  36849.707 235.042   0.004   10.384  -10.000     -506.3471    -8645.4922
 2 162  17.074  36849.707 235.042  -0.021    9.568  -10.000     -506.3471    -8645.4922
 3 162  17.074  36849.707 235.042   0.024    8.492  -10.000     -506.3471    -8645.4922
 2  18  17.074  44821.684 199.332  -0.239    9.198  -10.000      -39.4463     -673.5156
 3  18  17.074  44821.684 199.332  -0.114    8.300  -10.000      -39.4463     -673.5156
 9  18  17.074  44821.684 199.332  -0.077    7.451  -10.000      -39.4463     -673.5156
10  18  17.074  44821.684 199.332  -0.070    6.771  -10.000      -39.4463     -673.5156
 2  18  17.074  44821.879 203.449  -0.149    9.254  -10.000      -39.4349     -673.3203
 3  18  17.074  44821.879 203.449  -0.055    8.332  -10.000      -39.4349     -673.3203
 9  18  17.074  44821.879 203.449  -0.045    7.460  -10.000      -39.4349     -673.3203
10  18  17.074  44821.879 203.449  -0.051    6.770  -10.000      -39.4349     -673.3203
 2  18  17.074  44941.578 207.235  -0.053    9.345  -10.000      -32.4243     -553.6211
 3  18  17.074  44941.578 207.235  -0.003    8.377  -10.000      -32.4243     -553.6211
 9  18  17.074  44941.578 207.235   0.006    7.502  -10.000      -32.4243     -553.6211
10  18  17.074  44941.578 207.235  -0.019    6.792  -10.000      -32.4243     -553.6211
 2  18  17.074  44463.887 215.401  -0.037    9.400  -10.000      -60.4017    -1031.3125
 3  18  17.074  44463.887 215.401   0.017    8.414  -10.000      -60.4017    -1031.3125
 9  18  17.074  44463.887 215.401  -0.004    7.495  -10.000      -60.4017    -1031.3125
10  18  17.074  44463.887 215.401  -0.010    6.795  -10.000      -60.4017    -1031.3125
 2  18  17.074  44105.848 226.365  -0.036    9.480  -10.000      -81.3712    -1389.3516
 3  18  17.074  44105.848 226.365   0.027    8.460  -10.000      -81.3712    -1389.3516
 9  18  17.074  44105.848 226.365   0.010    7.519  -10.000      -81.3712    -1389.3516
10  18  17.074  44105.848 226.365   0.000    6.799  -10.000      -81.3712    -1389.3516
 2  18  17.074  44942.570 228.154  -0.014    9.516  -10.000      -32.3662     -552.6289
 3  18  17.074  44942.570 228.154   0.034    8.474  -10.000      -32.3662     -552.6289
 9  18  17.074  44942.570 228.154   0.024    7.535  -10.000      -32.3662     -552.6289
10  18  17.074  44942.570 228.154  -0.003    6.795  -10.000      -32.3662     -552.6289
 2  18  17.074  44072.949 252.721  -0.034    9.725  -10.000      -83.2980    -1422.2500
 3  18  17.074  44072.949 252.721   0.022    8.578  -10.000      -83.2980    -1422.2500
 9  18  17.074  44072.949 252.721   0.030    7.585  -10.000      -83.2980    -1422.2500
10  18  17.074  44072.949 252.721  -0.013    6.785  -10.000      -83.2980    -1422.2500
 2  18  17.074  44107.891 269.440  -0.050    9.867  -10.000      -81.2516    -1387.3086
 3  18  17.074  44107.891 269.440   0.014    8.655  -10.000      -81.2516    -1387.3086
 9  18  17.074  44107.891 269.440   0.013    7.608  -10.000      -81.2516    -1387.3086
10  18  17.074  44107.891 269.440  -0.002    6.808  -10.000      -81.2516    -1387.3086
 2  18  17.074  44432.949 283.103  -0.050    9.988  -10.000      -62.2136    -1062.2500
 3  18  17.074  44432.949 283.103   0.013    8.721  -10.000      -62.2136    -1062.2500
 9  18  17.074  44432.949 283.103   0.001    7.628  -10.000      -62.2136    -1062.2500
10  18  17.074  44432.949 283.103  -0.003    6.818  -10.000      -62.2136    -1062.2500
 2  18  17.074  44945.605 292.148  -0.032   10.088  -10.000      -32.1885     -549.5938
 3  18  17.074  44945.605 292.148   0.010    8.765  -10.000      -32.1885     -549.5938
 9  18  17.074  44945.605 292.148   0.030    7.681  -10.000      -32.1885     -549.5938
10  18  17.074  44945.605 292.148   0.009    6.841  -10.000      -32.1885     -549.5938
 2  18  17.074  44075.941 315.810  -0.067   10.263  -10.000      -83.1227    -1419.2578
 3  18  17.074  44075.941 315.810  -0.020    8.861  -10.000      -83.1227    -1419.2578
 9  18  17.074  44075.941 315.810  -0.001    7.722  -10.000      -83.1227    -1419.2578
10  18  17.074  44075.941 315.810  -0.020    6.852  -10.000      -83.1227    -1419.2578
 2  18  17.074  44434.922 324.695  -0.058   10.349  -10.000      -62.0981    -1060.2773
 3  18  17.074  44434.922 324.695   0.004    8.933  -10.000      -62.0981    -1060.2773
 9  18  17.074  44434.922 324.695  -0.014    7.740  -10.000      -62.0981    -1060.2773
10  18  17.074  44434.922 324.695  -0.001    6.890  -10.000      -62.0981    -1060.2773
 2  18  17.074  44486.848 339.519  -0.051   10.478  -10.000      -59.0569    -1008.3516
 3  18  17.074  44486.848 339.519   0.001    9.010  -10.000      -59.0569    -1008.3516
 9  18  17.074  44486.848 339.519  -0.008    7.798  -10.000      -59.0569    -1008.3516
10  18  17.074  44486.848 339.519   0.011    6.938  -10.000      -59.0569    -1008.3516
 2  18  17.074  44436.918   6.781  -0.112   10.649  -10.000      -61.9812    -1058.2812
 3  18  17.074  44436.918   6.781  -0.023    9.147  -10.000      -61.9812    -1058.2812
 9  18  17.074  44436.918   6.781   0.000    7.922  -10.000      -61.9812    -1058.2812
10  18  17.074  44436.918   6.781  -0.014    7.002  -10.000      -61.9812    -1058.2812
 2  18  17.074  44078.957  19.391  -0.048   10.819  -10.000      -82.9461    -1416.2422
 3  18  17.074  44078.957  19.391   0.006    9.253  -10.000      -82.9461    -1416.2422
 9  18  17.074  44078.957  19.391   0.032    8.013  -10.000      -82.9461    -1416.2422
10  18  17.074  44078.957  19.391   0.010    7.073  -10.000      -82.9461    -1416.2422
 2  18  17.074  44490.828  63.445  -0.078   11.056  -10.000      -58.8238    -1004.3711
 3  18  17.074  44490.828  63.445  -0.026    9.438  -10.000      -58.8238    -1004.3711
 9  18  17.074  44490.828  63.445   0.013    8.180  -10.000      -58.8238    -1004.3711
10  18  17.074  44490.828  63.445   0.040    7.270  -10.000      -58.8238    -1004.3711
 2  18  17.074  44100.867 121.355  -0.020   10.870  -10.000      -81.6629    -1394.3320
 3  18  17.074  44100.867 121.355   0.037    9.410  -10.000      -81.6629    -1394.3320
 9  18  17.074  44100.867 121.355   0.017    8.189  -10.000      -81.6629    -1394.3320
10  18  17.074  44100.867 121.355   0.005    7.299  -10.000      -81.6629    -1394.3320
 2  18  17.074  44493.816 126.450   0.023   10.853  -10.000      -58.6488    -1001.3828
 3  18  17.074  44493.816 126.450   0.044    9.383  -10.000      -58.6488    -1001.3828
 9  18  17.074  44493.816 126.450  -0.003    8.153  -10.000      -58.6488    -1001.3828
10  18  17.074  44493.816 126.450  -0.005    7.283  -10.000      -58.6488    -1001.3828
 2  18  17.074  44459.930 131.969   0.019   10.787  -10.000      -60.6334    -1035.2695
 3  18  17.074  44459.930 131.969   0.032    9.337  -10.000      -60.6334    -1035.2695
 9  18  17.074  44459.930 131.969  -0.007    8.132  -10.000      -60.6334    -1035.2695
10  18  17.074  44459.930 131.969  -0.060    7.222  -10.000      -60.6334    -1035.2695
 2  18  17.074  44562.582 136.332   0.013   10.731  -10.000      -54.6213     -932.6172
 3  18  17.074  44562.582 136.332   0.019    9.296  -10.000      -54.6213     -932.6172
 9  18  17.074  44562.582 136.332  -0.022    8.102  -10.000      -54.6213     -932.6172
10  18  17.074  44562.582 136.332  -0.053    7.222  -10.000      -54.6213     -932.6172
 2  18  17.074  44938.590 144.229  -0.040   10.601  -10.000      -32.5994     -556.6094
 3  18  17.074  44938.590 144.229  -0.014    9.219  -10.000      -32.5994     -556.6094
 9  18  17.074  44938.590 144.229  -0.033    8.068  -10.000      -32.5994     -556.6094
10  18  17.074  44938.590 144.229  -0.057    7.208  -10.000      -32.5994     -556.6094
 2  18  17.074  44494.785 146.876  -0.014   10.610  -10.000      -58.5920    -1000.4141
 3  18  17.074  44494.785 146.876   0.013    9.237  -10.000      -58.5920    -1000.4141
 9  18  17.074  44494.785 146.876  -0.009    8.089  -10.000      -58.5920    -1000.4141
10  18  17.074  44494.785 146.876  -0.067    7.199  -10.000      -58.5920    -1000.4141
 2  18  17.074  44460.898 152.395  -0.004   10.603  -10.000      -60.5767    -1034.3008
 3  18  17.074  44460.898 152.395   0.013    9.232  -10.000      -60.5767    -1034.3008
 9  18  17.074  44460.898 152.395  -0.017    8.084  -10.000      -60.5767    -1034.3008
10  18  17.074  44460.898 152.395  -0.059    7.214  -10.000      -60.5767    -1034.3008
 2  18  17.074  44939.559 164.655   0.057   10.625  -10.000      -32.5426     -555.6406
 3  18  17.074  44939.559 164.655   0.059    9.262  -10.000      -32.5426     -555.6406
 9  18  17.074  44939.559 164.655   0.028    8.126  -10.000      -32.5426     -555.6406
10  18  17.074  44939.559 164.655   0.007    7.286  -10.000      -32.5426     -555.6406
 2  18  17.074  44939.633 166.219   0.077   10.628  -10.000      -32.5383     -555.5664
 3  18  17.074  44939.633 166.219   0.094    9.285  -10.000      -32.5383     -555.5664
 9  18  17.074  44939.633 166.219   0.053    8.143  -10.000      -32.5383     -555.5664
10  18  17.074  44939.633 166.219   0.020    7.293  -10.000      -32.5383     -555.5664
 2  18  17.074  44461.883 173.150   0.105   10.507  -10.000      -60.5190    -1033.3164
 3  18  17.074  44461.883 173.150   0.095    9.185  -10.000      -60.5190    -1033.3164
 9  18  17.074  44461.883 173.150   0.024    8.043  -10.000      -60.5190    -1033.3164
10  18  17.074  44461.883 173.150  -0.018    7.203  -10.000      -60.5190    -1033.3164
 2  18  17.074  45264.555 177.000   0.046   10.310  -10.000      -13.5083     -230.6445
 3  18  17.074  45264.555 177.000   0.086    9.080  -10.000      -13.5083     -230.6445
 9  18  17.074  45264.555 177.000   0.075    8.026  -10.000      -13.5083     -230.6445
10  18  17.074  45264.555 177.000   0.027    7.196  -10.000      -13.5083     -230.6445
 2  18  17.074  44564.555 177.924   0.053   10.279  -10.000      -54.5058     -930.6445
 3  18  17.074  44564.555 177.924   0.077    9.045  -10.000      -54.5058     -930.6445
 9  18  17.074  44564.555 177.924   0.035    7.967  -10.000      -54.5058     -930.6445
10  18  17.074  44564.555 177.924   0.003    7.157  -10.000      -54.5058     -930.6445
 2  18  17.074  45264.652 179.059   0.022   10.199  -10.000      -13.5026     -230.5469
 3  18  17.074  45264.652 179.059   0.056    8.990  -10.000      -13.5026     -230.5469
 9  18  17.074  45264.652 179.059   0.037    7.944  -10.000      -13.5026     -230.5469
10  18  17.074  45264.652 179.059  -0.011    7.124  -10.000      -13.5026     -230.5469
 2  18  17.074  45264.742 180.953   0.041   10.131  -10.000      -13.4974     -230.4570
 3  18  17.074  45264.742 180.953   0.058    8.931  -10.000      -13.4974     -230.4570
 9  18  17.074  45264.742 180.953   0.059    7.922  -10.000      -13.4974     -230.4570
10  18  17.074  45264.742 180.953   0.040    7.142  -10.000      -13.4974     -230.4570
 2  18  17.074  45264.758 181.283  -0.011   10.063  -10.000      -13.4964     -230.4414
 3  18  17.074  45264.758 181.283   0.007    8.869  -10.000      -13.4964     -230.4414
 9  18  17.074  45264.758 181.283  -0.015    7.841  -10.000      -13.4964     -230.4414
10  18  17.074  45264.758 181.283  -0.065    7.031  -10.000      -13.4964     -230.4414
 2  18  17.074  44940.551 185.574  -0.128    9.742  -10.000      -32.4845     -554.6484
 3  18  17.074  44940.551 185.574  -0.030    8.689  -10.000      -32.4845     -554.6484
 9  18  17.074  44940.551 185.574  -0.025    7.727  -10.000      -32.4845     -554.6484
10  18  17.074  44940.551 185.574  -0.059    6.957  -10.000      -32.4845     -554.6484
 2  18  17.074  44940.590 186.398  -0.153    9.679  -10.000      -32.4822     -554.6094
 3  18  17.074  44940.590 186.398  -0.049    8.644  -10.000      -32.4822     -554.6094
 9  18  17.074  44940.590 186.398  -0.011    7.721  -10.000      -32.4822     -554.6094
10  18  17.074  44940.590 186.398  -0.040    6.961  -10.000      -32.4822     -554.6094
 2  18  17.074  44940.629 187.221  -0.172    9.623  -10.000      -32.4799     -554.5703
 3  18  17.074  44940.629 187.221  -0.047    8.620  -10.000      -32.4799     -554.5703
 9  18  17.074  44940.629 187.221  -0.045    7.669  -10.000      -32.4799     -554.5703
10  18  17.074  44940.629 187.221  -0.047    6.939  -10.000      -32.4799     -554.5703
 2  18  17.074  44462.871 193.987  -0.292    9.253  -10.000      -60.4611    -1032.3281
 3  18  17.074  44462.871 193.987  -0.151    8.341  -10.000      -60.4611    -1032.3281
 9  18  17.074  44462.871 193.987  -0.103    7.483  -10.000      -60.4611    -1032.3281
10  18  17.074  44462.871 193.987  -0.094    6.793  -10.000      -60.4611    -1032.3281
 2 150  17.074  50305.289 257.827   0.038    9.847  -10.000      281.7162     4810.0898
 3 150  17.074  50305.289 257.827   0.059    8.642  -10.000      281.7162     4810.0898
 4 150  17.074  50305.289 257.827   0.052    7.938  -10.000      281.7162     4810.0898
 2 150  17.074  50306.312 279.404   0.002   10.007  -10.000      281.7761     4811.1133
 3 150  17.074  50306.312 279.404   0.035    8.725  -10.000      281.7761     4811.1133
 4 150  17.074  50306.312 279.404   0.025    7.981  -10.000      281.7761     4811.1133
 2 150  17.074  50307.293 300.081  -0.009   10.182  -10.000      281.8336     4812.0938
 3 150  17.074  50307.293 300.081   0.058    8.855  -10.000      281.8336     4812.0938
 4 150  17.074  50307.293 300.081   0.053    8.083  -10.000      281.8336     4812.0938
 2 150  17.074  50310.277   2.999  -0.095   10.635  -10.000      282.0083     4815.0781
 3 150  17.074  50310.277   2.999  -0.028    9.120  -10.000      282.0083     4815.0781
 4 150  17.074  50310.277   2.999  -0.017    8.286  -10.000      282.0083     4815.0781
 2 150  17.074  50311.250  23.511  -0.086   10.812  -10.000      282.0653     4816.0508
 3 150  17.074  50311.250  23.511  -0.023    9.248  -10.000      282.0653     4816.0508
 4 150  17.074  50311.250  23.511  -0.005    8.401  -10.000      282.0653     4816.0508
 2 150  17.074  50312.281  45.253  -0.085   10.959  -10.000      282.1257     4817.0820
 3 150  17.074  50312.281  45.253  -0.016    9.369  -10.000      282.1257     4817.0820
 4 150  17.074  50312.281  45.253  -0.001    8.507  -10.000      282.1257     4817.0820
 2 150  17.074  50313.277  66.259  -0.078   11.065  -10.000      282.1841     4818.0781
 3 150  17.074  50313.277  66.259  -0.024    9.450  -10.000      282.1841     4818.0781
 4 150  17.074  50313.277  66.259  -0.016    8.576  -10.000      282.1841     4818.0781
 2 150  17.074  50314.266  87.089  -0.048   11.105  -10.000      282.2419     4819.0664
 3 150  17.074  50314.266  87.089   0.011    9.515  -10.000      282.2419     4819.0664
 4 150  17.074  50314.266  87.089   0.020    8.651  -10.000      282.2419     4819.0664
 2 150  17.074  50315.215 107.106   0.000   11.053  -10.000      282.2975     4820.0156
 3 150  17.074  50315.215 107.106   0.007    9.471  -10.000      282.2975     4820.0156
 4 150  17.074  50315.215 107.106   0.017    8.633  -10.000      282.2975     4820.0156
 2 150  17.074  50316.211 128.112   0.027   10.838  -10.000      282.3559     4821.0117
 3 150  17.074  50316.211 128.112   0.042    9.371  -10.000      282.3559     4821.0117
 4 150  17.074  50316.211 128.112   0.043    8.568  -10.000      282.3559     4821.0117
 2 150  17.074  50317.227 149.524  -0.005   10.608  -10.000      282.4153     4822.0273
 3 150  17.074  50317.227 149.524   0.012    9.232  -10.000      282.4153     4822.0273
 4 150  17.074  50317.227 149.524  -0.005    8.448  -10.000      282.4153     4822.0273
 2 150  17.074  50318.242 170.936   0.105   10.568  -10.000      282.4748     4823.0430
 3 150  17.074  50318.242 170.936   0.086    9.218  -10.000      282.4748     4823.0430
 4 150  17.074  50318.242 170.936   0.075    8.466  -10.000      282.4748     4823.0430
 2 150  17.074  50319.230 191.777  -0.271    9.343  -10.000      282.5327     4824.0312
 3 150  17.074  50319.230 191.777  -0.176    8.364  -10.000      282.5327     4824.0312
 4 150  17.074  50319.230 191.777  -0.129    7.778  -10.000      282.5327     4824.0312
 2 150  17.074  50320.230 212.860   0.036    9.457  -10.000      282.5913     4825.0312
 3 150  17.074  50320.230 212.860   0.033    8.422  -10.000      282.5913     4825.0312
 4 150  17.074  50320.230 212.860   0.045    7.818  -10.000      282.5913     4825.0312
 2 150  17.074  50321.219 233.701   0.021    9.597  -10.000      282.6492     4826.0195
 3 150  17.074  50321.219 233.701   0.046    8.508  -10.000      282.6492     4826.0195
 4 150  17.074  50321.219 233.701   0.046    7.857  -10.000      282.6492     4826.0195
 2 150  17.074  50322.250 255.443   0.021    9.807  -10.000      282.7096     4827.0508
 3 150  17.074  50322.250 255.443   0.040    8.610  -10.000      282.7096     4827.0508
 4 150  17.074  50322.250 255.443   0.037    7.915  -10.000      282.7096     4827.0508
 2 150  17.074  50323.254 276.603   0.015    9.995  -10.000      282.7683     4828.0547
 3 150  17.074  50323.254 276.603   0.035    8.711  -10.000      282.7683     4828.0547
 4 150  17.074  50323.254 276.603   0.040    7.987  -10.000      282.7683     4828.0547
 2 150  17.074  50324.254 297.686   0.006   10.176  -10.000      282.8269     4829.0547
 3 150  17.074  50324.254 297.686   0.030    8.814  -10.000      282.8269     4829.0547
 4 150  17.074  50324.254 297.686   0.033    8.054  -10.000      282.8269     4829.0547
 2 150  17.074  50325.219 318.032  -0.029   10.321  -10.000      282.8834     4830.0195
 3 150  17.074  50325.219 318.032   0.007    8.900  -10.000      282.8834     4830.0195
 4 150  17.074  50325.219 318.032   0.019    8.119  -10.000      282.8834     4830.0195
 2 150  17.074  50326.180 338.291  -0.038   10.481  -10.000      282.9397     4830.9805
 3 150  17.074  50326.180 338.291   0.011    9.013  -10.000      282.9397     4830.9805
 4 150  17.074  50326.180 338.291   0.023    8.207  -10.000      282.9397     4830.9805
 0 119  17.074  47027.387 265.246  -0.591  -38.650    0.600       89.7368     1532.1875
 0 119  17.074  48453.539  94.801   0.394   13.660    0.430      173.2633     2958.3398
 0 119  17.074  48491.430 173.705   2.744   -4.400    0.430      175.4825     2996.2305
 0 119  17.074  48822.434 312.720   1.650  -23.930    0.260      194.8687     3327.2344
 0 119  17.074  48823.387 332.814   0.766  -18.960    0.430      194.9245     3328.1875
 0 119  17.074  48824.445 355.133  -0.829  -13.840    0.460      194.9865     3329.2461
 0 119  17.074  48825.469  16.716  -0.849   -7.870    0.260      195.0464     3330.2695
 0 119  17.074  48827.473  58.964  -1.152    2.980    0.290      195.1638     3332.2734
 0 119  17.074  48830.484 122.465   3.742   17.620    0.580      195.3402     3335.2852
 0 119  17.074  48831.457 142.976   1.995    8.750    0.600      195.3972     3336.2578
 0 119  17.074  48832.434 163.564  -1.676   -5.940    0.810      195.4543     3337.2344
 0 119  17.074  48833.426 184.482   0.738  -10.100    0.570      195.5125     3338.2266
 0 119  17.074  48834.383 204.664  -0.666  -27.140    0.460      195.5685     3339.1836
 0 119  17.074  48835.465 227.477  -1.856  -43.180    0.520      195.6319     3340.2656
 0 119  17.074  48861.453  55.421  -0.166    3.310    0.290      197.1539     3366.2539
 0 119  17.074  48863.453  97.592  -0.008   13.060    0.540      197.2711     3368.2539
 0 119  17.074  48866.484 161.505   0.336   -2.800    0.340      197.4486     3371.2852
 0 119  17.074  48869.469 224.429   0.884  -38.960    0.540      197.6234     3374.2695
 0 119  17.074  48875.406 349.618  -0.345  -14.540    0.420      197.9712     3380.2070
 0 119  17.074  48877.402  31.701  -0.420   -3.980    0.460      198.0881     3382.2031
 0 119  17.074  48879.453  74.943   2.079    8.670    0.810      198.2082     3384.2539
 0 119  17.074  48921.250 236.206   1.187  -41.480    0.600      200.6561     3426.0508
 0 119  17.074  49186.488  68.593  -2.388    5.150    0.180      216.1905     3691.2891
 0 119  17.074  49189.484 131.765   4.243   15.670    0.860      216.3660     3694.2852
 0 119  17.074  49190.434 151.776  -4.724    0.910    0.710      216.4216     3695.2344
 0 119  17.074  49193.410 214.536  -1.844  -35.170    0.580      216.5959     3698.2109
 0 119  17.074  49196.406 277.707  -0.208  -35.170    0.380      216.7714     3701.2070
 0 119  17.074  49200.410   2.126  -1.035  -12.700    0.200      217.0059     3705.2109
 0 119  17.074  49225.422 169.486  -0.367   -6.270    0.320      218.4708     3730.2227
 0 119  17.074  49234.402 358.830  -0.623  -12.870    0.150      218.9967     3739.2031
 0 119  17.074  49238.387  82.837   2.960    9.270    0.340      219.2301     3743.1875
 0 119  17.074  49241.379 145.926  -2.781    4.360    0.360      219.4053     3746.1797
 0 119  17.074  49256.340 101.371   0.613   13.130    0.510      220.2816     3761.1406
 0 119  17.074  49533.508 185.290  -0.628  -11.640    0.530      236.5147     4038.3086
 0 119  17.074  49537.422 267.814   1.438  -36.490    0.440      236.7439     4042.2227
 0 119  17.074  49558.414 350.420  -0.618  -14.630    0.200      237.9734     4063.2148
 0 119  17.074  49566.461 160.087  -3.898   -5.990    0.370      238.4447     4071.2617
 0 119  17.074  49570.484 244.918  -1.513  -42.870    0.390      238.6803     4075.2852
 0 119  17.074  49574.504 329.667   0.223  -20.630    0.310      238.9157     4079.3047
 0 119  17.074  49576.508  11.920   0.244   -9.200    0.300      239.0331     4081.3086
 0 119  17.074  49589.402 283.793   1.741  -32.290    0.260      239.7883     4094.2031
 0 119  17.074  49614.312  89.006  -1.369    9.480    0.450      241.2472     4119.1133
 0 119  17.074  49925.469 169.552  -1.031   -6.950    0.570      259.4710     4430.2695
 0 119  17.074  49935.410  19.160  -1.427   -7.200    0.260      260.0532     4440.2109
 0 119  17.074  49936.371  39.419  -1.692   -2.220    0.300      260.1095     4441.1719
 0 119  17.074  49937.379  60.667  -2.021    2.660    0.410      260.1685     4442.1797
 0 119  17.074  49938.352  81.178   2.366    8.070    0.370      260.2255     4443.1523
 0 119  17.074  49939.406 103.414   1.797   14.280    0.630      260.2873     4444.2070
 0 119  17.074  49942.352 165.509  -1.719   -6.690    0.390      260.4597     4447.1523
 0 119  17.074  49945.406 229.922  -4.046  -46.080    0.440      260.6387     4450.2070
 0 119  17.074  49950.430 335.830   0.138  -18.560    0.330      260.9329     4455.2305
 0 119  17.074  49952.398  17.347  -2.089   -8.770    0.330      261.0482     4457.1992
 0 119  17.074  49964.336 269.033  -1.116  -38.780    0.360      261.7473     4469.1367
 0 119  17.074  49970.418  37.277  -0.301   -1.930    0.280      262.1035     4475.2188
18 163  17.074  47858.559 150.002  -0.030    9.319  -10.000      138.4167     2363.3594
18 163  17.074  47858.570 150.249  -0.026    9.324  -10.000      138.4174     2363.3711
18 163  17.074  47893.578 168.365   0.089    9.389  -10.000      140.4677     2398.3789
18 163  17.074  47893.652 169.931   0.099    9.378  -10.000      140.4720     2398.4531
18 163  17.074  47893.668 170.261   0.093    9.367  -10.000      140.4729     2398.4688
18 163  17.074  47893.742 171.826   0.102    9.350  -10.000      140.4773     2398.5430
18 163  17.074  47893.754 172.073   0.108    9.351  -10.000      140.4780     2398.5547
18 163  17.074  47911.340 182.862   0.091    9.036  -10.000      141.5079     2416.1406
18 163  17.074  47911.352 183.109   0.057    8.995  -10.000      141.5086     2416.1523
18 163  17.074  47911.426 184.675   0.030    8.915  -10.000      141.5130     2416.2266
18 163  17.074  47911.441 185.004  -0.018    8.857  -10.000      141.5139     2416.2422
18 163  17.074  47911.516 186.564  -0.040    8.785  -10.000      141.5182     2416.3164
18 163  17.074  47911.531 186.894  -0.054    8.760  -10.000      141.5191     2416.3320
18 163  17.074  47911.695 190.355  -0.122    8.592  -10.000      141.5288     2416.4961
18 163  17.074  47911.707 190.602  -0.093    8.615  -10.000      141.5294     2416.5078
18 163  17.074  47957.191  69.615  -0.019    9.588  -10.000      144.1934     2461.9922
18 163  17.074  47957.203  69.862  -0.047    9.561  -10.000      144.1941     2462.0039
18 163  17.074  47978.785 164.905   0.055    9.386  -10.000      145.4581     2483.5859
18 163  17.074  47978.801 165.234   0.029    9.358  -10.000      145.4590     2483.6016
18 163  17.074  48010.332 110.050   0.002    9.575  -10.000      147.3057     2515.1328
18 163  17.074  48010.344 110.297  -0.026    9.546  -10.000      147.3064     2515.1445
18 163  17.074  48010.422 111.945   0.000    9.562  -10.000      147.3110     2515.2227
18 163  17.074  48010.434 112.192   0.035    9.596  -10.000      147.3116     2515.2344
18 163  17.074  48010.508 113.758   0.035    9.586  -10.000      147.3160     2515.3086
18 163  17.074  48043.203  83.117  -0.001    9.627  -10.000      149.2309     2548.0039
18 163  17.074  48043.219  83.447  -0.013    9.615  -10.000      149.2318     2548.0195
18 163  17.074  48043.293  85.012  -0.033    9.595  -10.000      149.2361     2548.0938
18 163  17.074  48043.309  85.342   0.023    9.651  -10.000      149.2371     2548.1094
18 163  17.074  48061.793 115.071  -0.009    9.533  -10.000      150.3196     2566.5938
18 163  17.074  48061.867 116.636   0.014    9.546  -10.000      150.3240     2566.6680
18 163  17.074  48061.883 116.966   0.087    9.616  -10.000      150.3249     2566.6836
18 163  17.074  48112.230  98.520   0.002    9.618  -10.000      153.2737     2617.0312
18 163  17.074  48112.246  98.849   0.005    9.620  -10.000      153.2746     2617.0469
18 163  17.074  48112.500 104.200   0.010    9.611  -10.000      153.2894     2617.3008
18 163  17.074  48112.512 104.447  -0.040    9.560  -10.000      153.2901     2617.3125
18 163  17.074  48153.891 256.899   0.026    8.739  -10.000      155.7136     2658.6914
18 163  17.074  48153.906 257.228   0.040    8.754  -10.000      155.7145     2658.7070
18 163  17.074  48170.422 245.446   0.044    8.698  -10.000      156.6818     2675.2227
18 163  17.074  48170.523 247.588   0.060    8.726  -10.000      156.6877     2675.3242
18 163  17.074  48203.465 222.138   0.045    8.603  -10.000      158.6171     2708.2656
18 163  17.074  48203.480 222.468  -0.004    8.555  -10.000      158.6180     2708.2812
18 163  17.074  48232.254 109.138   0.005    9.583  -10.000      160.3032     2737.0547
18 163  17.074  48232.266 109.385   0.057    9.634  -10.000      160.3038     2737.0664
18 163  17.074  48232.344 111.033   0.051    9.619  -10.000      160.3084     2737.1445
18 163  17.074  48232.355 111.281   0.003    9.569  -10.000      160.3091     2737.1562
18 163  17.074  48254.734 223.127   0.005    8.567  -10.000      161.6198     2759.5352
18 163  17.074  48254.914 226.917   0.025    8.599  -10.000      161.6303     2759.7148
18 163  17.074  48254.926 227.164   0.022    8.597  -10.000      161.6310     2759.7266
18 163  17.074  48255.000 228.724  -0.007    8.573  -10.000      161.6353     2759.8008
18 163  17.074  48299.711  91.428   0.012    9.637  -10.000      164.2540     2804.5117
18 163  17.074  48299.785  92.994  -0.006    9.617  -10.000      164.2583     2804.5859
18 163  17.074  48315.785  70.345  -0.023    9.586  -10.000      165.1954     2820.5859
18 163  17.074  48315.797  70.593  -0.033    9.576  -10.000      165.1961     2820.5977
18 163  17.074  48315.875  72.241  -0.026    9.588  -10.000      165.2007     2820.6758
18 163  17.074  48315.887  72.488   0.006    9.620  -10.000      165.2014     2820.6875
18 163  17.074  48315.961  74.053   0.014    9.632  -10.000      165.2057     2820.7617
18 163  17.074  48315.977  74.383  -0.013    9.606  -10.000      165.2066     2820.7773
18 163  17.074  48316.141  77.838   0.005    9.629  -10.000      165.2162     2820.9414
18 163  17.074  48316.156  78.168   0.023    9.648  -10.000      165.2171     2820.9570
18 163  17.074  48354.453 165.635   0.068    9.394  -10.000      167.4601     2859.2539
18 163  17.074  48354.527 167.201   0.078    9.391  -10.000      167.4644     2859.3281
18 163  17.074  48354.539 167.448   0.068    9.378  -10.000      167.4651     2859.3398
18 163  17.074  48406.703 187.295  -0.029    8.773  -10.000      170.5203     2911.5039
18 163  17.074  48406.777 188.860  -0.072    8.683  -10.000      170.5246     2911.5781
18 163  17.074  48406.789 189.108  -0.109    8.639  -10.000      170.5253     2911.5898
18 163  17.074  48406.867 190.756  -0.116    8.588  -10.000      170.5299     2911.6680
18 163  17.074  48406.879 191.003  -0.103    8.594  -10.000      170.5306     2911.6797
18 163  17.074  48445.332 281.761   0.006    8.839  -10.000      172.7827     2950.1328
18 163  17.074  48445.348 282.090   0.021    8.856  -10.000      172.7836     2950.1484
18 163  17.074  48445.422 283.656  -0.004    8.838  -10.000      172.7879     2950.2227
18 163  17.074  48445.438 283.986   0.035    8.880  -10.000      172.7888     2950.2383
18 163  17.074  48445.523 285.798   0.009    8.862  -10.000      172.7939     2950.3242
18 163  17.074  48456.887 165.388   0.043    9.372  -10.000      173.4594     2961.6875
18 163  17.074  48456.902 165.712   0.059    9.385  -10.000      173.4603     2961.7031
18 163  17.074  48456.977 167.278   0.074    9.386  -10.000      173.4647     2961.7773
18 163  17.074  48456.992 167.607   0.093    9.402  -10.000      173.4656     2961.7930
18 163  17.074  48457.062 169.091   0.098    9.389  -10.000      173.4697     2961.8633
18 163  17.074  48499.434 342.460   0.002    9.154  -10.000      175.9513     3004.2344
18 163  17.074  48499.449 342.790  -0.023    9.130  -10.000      175.9522     3004.2500
18 163  17.074  48499.523 344.355   0.029    9.190  -10.000      175.9565     3004.3242
18 163  17.074  48499.539 344.685  -0.005    9.158  -10.000      175.9575     3004.3398
18 163  17.074  48499.609 346.168   0.008    9.179  -10.000      175.9616     3004.4102
18 163  17.074  48499.625 346.498  -0.023    9.150  -10.000      175.9625     3004.4258
18 163  17.074  48511.625 239.507   0.043    8.668  -10.000      176.6653     3016.4258
18 163  17.074  48548.520 297.405   0.024    8.937  -10.000      178.8261     3053.3203
18 163  17.074  48548.684 300.866   0.015    8.946  -10.000      178.8357     3053.4844
18 163  17.074  48548.695 301.113   0.009    8.941  -10.000      178.8364     3053.4961
18 163  17.074  48572.242  77.585  -0.010    9.615  -10.000      180.2155     3077.0430
18 163  17.074  48572.316  79.151  -0.011    9.615  -10.000      180.2199     3077.1172
18 163  17.074  48572.332  79.481   0.005    9.631  -10.000      180.2208     3077.1328
18 163  17.074  48599.328 288.677  -0.015    8.853  -10.000      181.8019     3104.1289
18 163  17.074  48638.066  25.450  -0.103    9.302  -10.000      184.0707     3142.8672
18 163  17.074  48638.082  25.779  -0.049    9.357  -10.000      184.0716     3142.8828
18 163  17.074  48638.336  31.130  -0.013    9.422  -10.000      184.0865     3143.1367
18 163  17.074  48638.348  31.377   0.005    9.441  -10.000      184.0872     3143.1484
18 163  17.074  48638.422  32.943  -0.062    9.382  -10.000      184.0915     3143.2227
18 163  17.074  48638.438  33.272  -0.058    9.389  -10.000      184.0924     3143.2383
18 163  17.074  48638.512  34.838  -0.012    9.443  -10.000      184.0968     3143.3125
18 163  17.074  48638.523  35.085  -0.007    9.449  -10.000      184.0975     3143.3242
18 163  17.074  48653.887 359.011  -0.016    9.233  -10.000      184.9973     3158.6875
18 163  17.074  48653.977   0.906  -0.010    9.251  -10.000      185.0025     3158.7773
18 163  17.074  48653.992   1.236  -0.003    9.259  -10.000      185.0034     3158.7930
18 163  17.074  48654.066   2.802  -0.030    9.241  -10.000      185.0078     3158.8672
18 163  17.074  48654.078   3.049  -0.025    9.248  -10.000      185.0085     3158.8789
18 163  17.074  48698.316 215.782   0.013    8.551  -10.000      187.5994     3203.1172
18 163  17.074  48698.332 216.112   0.019    8.558  -10.000      187.6003     3203.1328
18 163  17.074  48698.406 217.678   0.020    8.564  -10.000      187.6047     3203.2070
18 163  17.074  48698.422 218.007   0.017    8.562  -10.000      187.6056     3203.2227
18 163  17.074  48786.109 266.847   0.072    8.835  -10.000      192.7412     3290.9102
18 163  17.074  48786.121 267.094   0.020    8.784  -10.000      192.7419     3290.9219
18 163  17.074  48786.195 268.660   0.056    8.827  -10.000      192.7463     3290.9961
18 163  17.074  48786.211 268.989   0.067    8.840  -10.000      192.7472     3291.0117
18 163  17.074  48786.285 270.549   0.018    8.798  -10.000      192.7515     3291.0859
18 163  17.074  48802.371 249.714   0.059    8.735  -10.000      193.6936     3307.1719
18 163  17.074  48802.387 250.043   0.043    8.721  -10.000      193.6946     3307.1875
18 163  17.074  48802.461 251.609   0.056    8.741  -10.000      193.6989     3307.2617
18 163  17.074  48977.418 340.472  -0.037    9.103  -10.000      203.9458     3482.2188
18 163  17.074  48977.680 345.987  -0.016    9.154  -10.000      203.9611     3482.4805
18 163  17.074  49046.430 355.540   0.047    9.274  -10.000      207.9876     3551.2305
18 163  17.074  49046.445 355.869  -0.031    9.199  -10.000      207.9885     3551.2461
18 163  17.074  49046.520 357.435  -0.003    9.236  -10.000      207.9929     3551.3203
18 163  17.074  49046.535 357.764  -0.015    9.227  -10.000      207.9938     3551.3359
 0  29  17.074  44946.574 312.575  -1.486  -27.100    3.800      -32.1317     -548.6250
 0  29  17.074  44571.555 325.515  -0.727  -23.200    3.800      -54.0958     -923.6445
 0  29  17.074  44543.637  96.882   1.932   15.100    3.800      -55.7309     -951.5625
 0  29  17.074  44475.762 105.778   5.745   18.500    3.800      -59.7062    -1019.4375
 0  29  17.074  44800.840 119.854   6.934   20.700    3.800      -40.6671     -694.3594
 0  29  17.074  44513.641 184.432   5.328   -5.500    3.800      -57.4877     -981.5586
 0  29  17.074  44445.840 194.893   1.156  -14.400    3.800      -61.4586    -1049.3594
 0 151  17.074  49925.469 169.552  -1.031   -6.950    0.570      259.4710     4430.2695
 0 151  17.074  49935.410  19.160  -1.427   -7.200    0.260      260.0532     4440.2109
 0 151  17.074  49936.371  39.419  -1.692   -2.220    0.300      260.1095     4441.1719
 0 151  17.074  49937.379  60.667  -2.021    2.660    0.410      260.1685     4442.1797
 0 151  17.074  49938.352  81.178   2.366    8.070    0.370      260.2255     4443.1523
 0 151  17.074  49939.406 103.414   1.797   14.280    0.630      260.2873     4444.2070
 0 151  17.074  49942.352 165.509  -1.719   -6.690    0.390      260.4597     4447.1523
 0 151  17.074  49945.406 229.922  -4.046  -46.080    0.440      260.6387     4450.2070
 0 151  17.074  49950.430 335.830   0.138  -18.560    0.330      260.9329     4455.2305
 0 151  17.074  49952.398  17.347  -2.089   -8.770    0.330      261.0482     4457.1992
 0 151  17.074  49964.336 269.033  -1.116  -38.780    0.360      261.7473     4469.1367
 0 151  17.074  49970.418  37.277  -0.301   -1.930    0.280      262.1035     4475.2188
 1  14  17.074  43630.488 283.700  -0.091   11.020  -10.000     -109.2119    -1864.7109
 2  14  17.074  43630.488 283.700  -0.054    9.990  -10.000     -109.2119    -1864.7109
 3  14  17.074  43630.488 283.700  -0.031    8.680  -10.000     -109.2119    -1864.7109
 1  14  17.074  43705.500  65.278  -0.058   12.590  -10.000     -104.8187    -1789.6992
 2  14  17.074  43705.500  65.278  -0.010   11.130  -10.000     -104.8187    -1789.6992
 3  14  17.074  43705.500  65.278  -0.021    9.450  -10.000     -104.8187    -1789.6992
 1  14  17.074  43714.430 253.553   0.108   10.780  -10.000     -104.2957    -1780.7695
 2  14  17.074  43714.430 253.553   0.012    9.780  -10.000     -104.2957    -1780.7695
 3  14  17.074  43714.430 253.553   0.010    8.570  -10.000     -104.2957    -1780.7695
 1  14  17.074  43720.523  22.036  -0.018   12.320  -10.000     -103.9388    -1774.6758
 2  14  17.074  43720.523  22.036  -0.098   10.790  -10.000     -103.9388    -1774.6758
 3  14  17.074  43720.523  22.036  -0.052    9.210  -10.000     -103.9388    -1774.6758
 2  14  17.074  43724.562 107.199   0.118   11.170  -10.000     -103.7022    -1770.6367
 3  14  17.074  43724.562 107.199   0.077    9.540  -10.000     -103.7022    -1770.6367
 2  14  17.074  43743.496 146.401   0.043   10.670  -10.000     -102.5933    -1751.7031
 3  14  17.074  43743.496 146.401   0.045    9.270  -10.000     -102.5933    -1751.7031
 1  14  17.074  43761.301 161.804   0.158   11.870  -10.000     -101.5505    -1733.8984
 2  14  17.074  43761.301 161.804   0.100   10.690  -10.000     -101.5505    -1733.8984
 3  14  17.074  43761.301 161.804   0.014    9.230  -10.000     -101.5505    -1733.8984
 1  14  17.074  43763.422 206.524  -0.003   10.050  -10.000     -101.4263    -1731.7773
 2  14  17.074  43763.422 206.524   0.003    9.400  -10.000     -101.4263    -1731.7773
 3  14  17.074  43763.422 206.524   0.030    8.410  -10.000     -101.4263    -1731.7773
 1  14  17.074  43772.418  36.203   0.042   12.510  -10.000     -100.8994    -1722.7812
 2  14  17.074  43772.418  36.203  -0.028   10.960  -10.000     -100.8994    -1722.7812
 3  14  17.074  43772.418  36.203   0.021    9.360  -10.000     -100.8994    -1722.7812
 1  14  17.074  43798.238 220.608   0.145   10.330  -10.000      -99.3872    -1696.9609
 2  14  17.074  43798.238 220.608   0.046    9.520  -10.000      -99.3872    -1696.9609
 3  14  17.074  43798.238 220.608   0.066    8.480  -10.000      -99.3872    -1696.9609
 1  14  17.074  43803.281 326.934   0.018   11.710  -10.000      -99.0919    -1691.9180
 2  14  17.074  43803.281 326.934   0.004   10.430  -10.000      -99.0919    -1691.9180
 3  14  17.074  43803.281 326.934   0.029    8.970  -10.000      -99.0919    -1691.9180
 1  14  17.074  43809.254  92.865  -0.080   12.520  -10.000      -98.7420    -1685.9453
 2  14  17.074  43809.254  92.865  -0.006   11.130  -10.000      -98.7420    -1685.9453
 3  14  17.074  43809.254  92.865   0.010    9.510  -10.000      -98.7420    -1685.9453
 1  14  17.074  43830.297 176.542   0.264   11.540  -10.000      -97.5096    -1664.9023
 2  14  17.074  43830.297 176.542   0.198   10.480  -10.000      -97.5096    -1664.9023
 3  14  17.074  43830.297 176.542   0.133    9.140  -10.000      -97.5096    -1664.9023
 2  14  17.074  44049.402 116.249   0.107   11.060  -10.000      -84.6771    -1445.7969
 3  14  17.074  44049.402 116.249   0.032    9.440  -10.000      -84.6771    -1445.7969
 1  14  17.074  44101.449 133.627   0.023   12.000  -10.000      -81.6288    -1393.7500
 2  14  17.074  44101.449 133.627   0.021   10.770  -10.000      -81.6288    -1393.7500
 3  14  17.074  44101.449 133.627   0.046    9.340  -10.000      -81.6288    -1393.7500
 2  14  17.074  44111.402 343.482   0.019   10.580  -10.000      -81.0459    -1383.7969
 3  14  17.074  44111.402 343.482  -0.021    9.010  -10.000      -81.0459    -1383.7969
 1  14  17.074  44126.344 298.512  -0.009   11.310  -10.000      -80.1708    -1368.8555
 2  14  17.074  44126.344 298.512   0.003   10.180  -10.000      -80.1708    -1368.8555
 3  14  17.074  44126.344 298.512   0.012    8.800  -10.000      -80.1708    -1368.8555
 1  14  17.074  44129.344   1.766   0.020   12.130  -10.000      -79.9951    -1365.8555
 2  14  17.074  44129.344   1.766  -0.030   10.690  -10.000      -79.9951    -1365.8555
 3  14  17.074  44129.344   1.766  -0.021    9.120  -10.000      -79.9951    -1365.8555
 2  14  17.074  44140.332 233.446   0.136    9.710  -10.000      -79.3515    -1354.8672
 3  14  17.074  44140.332 233.446   0.079    8.540  -10.000      -79.3515    -1354.8672
 1  14  17.074  44155.254 188.067  -0.104   10.440  -10.000      -78.4776    -1339.9453
 2  14  17.074  44155.254 188.067  -0.108    9.650  -10.000      -78.4776    -1339.9453
 3  14  17.074  44155.254 188.067  -0.061    8.580  -10.000      -78.4776    -1339.9453
 1  14  17.074  44159.328 273.969   0.086   11.060  -10.000      -78.2390    -1335.8711
 2  14  17.074  44159.328 273.969   0.033    9.990  -10.000      -78.2390    -1335.8711
 3  14  17.074  44159.328 273.969   0.007    8.670  -10.000      -78.2390    -1335.8711
 0 171  17.074  44197.258 353.691   1.355  -11.960    0.500      -76.0175    -1297.9414
 0 171  17.074  44168.352 104.222   2.218   14.760    0.480      -77.7105    -1326.8477
 0 171  17.074  44331.652 307.321   4.164  -23.300    0.640      -68.1463    -1163.5469
 0 171  17.074  44333.605 348.500   2.331  -12.130    0.570      -68.0319    -1161.5938
 0 171  17.074  44334.641  10.324   2.484   -7.560    0.400      -67.9713    -1160.5586
 0 171  17.074  44489.371  32.724   0.625   -2.720    0.320      -58.9091    -1005.8281
 0 171  17.074  44490.355  53.479   0.222    3.550    0.390      -58.8514    -1004.8438
 0 171  17.074  44491.371  74.892   2.342    8.950    0.420      -58.7920    -1003.8281
 0 171  17.074  44492.379  96.141   0.847   14.090    0.670      -58.7329    -1002.8203
 0 171  17.074  44568.273 256.332  -2.161  -38.290    0.300      -54.2880     -926.9258
 0 171  17.074  44910.340 268.595   2.853  -34.920    0.280      -34.2539     -584.8594
 0 171  17.074  44854.355 168.198   0.571   -5.050    0.400      -37.5328     -640.8438
 0 171  17.074  44855.344 189.035  -1.962  -13.940    0.410      -37.4749     -639.8555
 0 171  17.074  44856.336 209.956   0.273  -30.460    0.550      -37.4168     -638.8633
 0 171  17.074  44867.461  84.519   3.549   10.860    0.500      -36.7652     -627.7383
 0 171  17.074  44869.301 123.311   1.900   15.810    0.420      -36.6575     -625.8984
 0 171  17.074  44907.250 203.448   1.757  -23.430    0.360      -34.4349     -587.9492
 0 171  17.074  44908.258 224.697  -0.719  -40.720    0.500      -34.3758     -586.9414
 0 171  17.074  44909.398 248.746  -0.348  -39.500    0.380      -34.3090     -585.8008
 0 171  17.074  45134.496 314.793   3.667  -21.510    0.380      -21.1256     -360.7031
 0 171  17.074  45137.477  17.634   0.439   -6.090    0.300      -20.9510     -357.7227
 0 171  17.074  45138.535  39.955  -0.274   -0.520    0.450      -20.8890     -356.6641
 0 171  17.074  45139.523  60.791  -0.907    3.820    0.550      -20.8311     -355.6758
 0 171  17.074  45491.551 283.075   2.163  -31.980    0.290       -0.2137       -3.6484
 0 171  17.074  45493.516 324.502   2.280  -20.580    0.230       -0.0986       -1.6836
 0 171  17.074  45963.352 150.708  -4.439    1.840    0.600       27.4186      468.1523
 0 171  17.074  45967.504 238.258   1.134  -41.570    0.410       27.6618      472.3047
 0 171  17.074  46689.309 337.072   1.518  -16.750    0.190       69.9363     1194.1094
 0 171  17.074  46781.230 115.189   2.074   15.900    0.500       75.3200     1286.0312
 0 171  17.074  46782.254 136.769   4.404   12.390    0.940       75.3799     1287.0547
 0 171  17.074  46783.223 157.192  -3.895   -3.300    0.820       75.4366     1288.0234
 0 171  17.074  46784.234 178.525   3.064   -6.010    0.470       75.4959     1289.0352
 0 171  17.074  46786.227 220.529  -1.977  -39.210    0.490       75.6126     1291.0273
 0 171  17.074  47059.340 218.958  -2.719  -38.840    0.410       91.6082     1564.1406
 0 171  17.074  47814.367 298.251   2.880  -28.180    0.240      135.8285     2319.1680
 3   9  17.074  43456.648 218.392  -0.057    8.350  -10.000     -119.3934    -2038.5508
14   9  17.074  43456.648 218.392  -0.067    9.760  -10.000     -119.3934    -2038.5508
15   9  17.074  43456.648 218.392  -0.041    8.660  -10.000     -119.3934    -2038.5508
16   9  17.074  43456.648 218.392  -0.049    7.770  -10.000     -119.3934    -2038.5508
17   9  17.074  43456.648 218.392  -0.056    7.130  -10.000     -119.3934    -2038.5508
 3   9  17.074  43304.789 256.531   0.004    8.580  -10.000     -128.2874    -2190.4102
14   9  17.074  43304.789 256.531  -0.035   10.240  -10.000     -128.2874    -2190.4102
15   9  17.074  43304.789 256.531   0.010    8.920  -10.000     -128.2874    -2190.4102
16   9  17.074  43304.789 256.531   0.007    7.920  -10.000     -128.2874    -2190.4102
17   9  17.074  43304.789 256.531  -0.008    7.210  -10.000     -128.2874    -2190.4102
 3   9  17.074  43358.828 315.912  -0.021    8.860  -10.000     -125.1225    -2136.3711
14   9  17.074  43358.828 315.912  -0.058   10.900  -10.000     -125.1225    -2136.3711
15   9  17.074  43358.828 315.912  -0.008    9.260  -10.000     -125.1225    -2136.3711
16   9  17.074  43358.828 315.912   0.005    8.120  -10.000     -125.1225    -2136.3711
17   9  17.074  43358.828 315.912   0.004    7.340  -10.000     -125.1225    -2136.3711
 3   9  17.074  43427.852 331.227  -0.044    8.920  -10.000     -121.0799    -2067.3477
14   9  17.074  43427.852 331.227  -0.049   11.070  -10.000     -121.0799    -2067.3477
15   9  17.074  43427.852 331.227  -0.031    9.330  -10.000     -121.0799    -2067.3477
16   9  17.074  43427.852 331.227  -0.006    8.170  -10.000     -121.0799    -2067.3477
17   9  17.074  43427.852 331.227   0.000    7.380  -10.000     -121.0799    -2067.3477
 3   9  17.074  43428.762 350.417  -0.050    9.020  -10.000     -121.0266    -2066.4375
14   9  17.074  43428.762 350.417  -0.081   11.230  -10.000     -121.0266    -2066.4375
15   9  17.074  43428.762 350.417  -0.040    9.440  -10.000     -121.0266    -2066.4375
16   9  17.074  43428.762 350.417  -0.019    8.240  -10.000     -121.0266    -2066.4375
17   9  17.074  43428.762 350.417  -0.004    7.440  -10.000     -121.0266    -2066.4375
 3   9  17.074  43464.641  26.903  -0.039    9.250  -10.000     -118.9253    -2030.5586
14   9  17.074  43464.641  26.903  -0.050   11.620  -10.000     -118.9253    -2030.5586
15   9  17.074  43464.641  26.903  -0.028    9.690  -10.000     -118.9253    -2030.5586
16   9  17.074  43464.641  26.903  -0.009    8.430  -10.000     -118.9253    -2030.5586
17   9  17.074  43464.641  26.903   0.006    7.600  -10.000     -118.9253    -2030.5586
 3   9  17.074  43314.898 109.679  -0.070    9.380  -10.000     -127.6953    -2180.3008
14   9  17.074  43314.898 109.679  -0.049   11.690  -10.000     -127.6953    -2180.3008
15   9  17.074  43314.898 109.679  -0.047    9.820  -10.000     -127.6953    -2180.3008
16   9  17.074  43314.898 109.679  -0.046    8.580  -10.000     -127.6953    -2180.3008
17   9  17.074  43314.898 109.679  -0.051    7.750  -10.000     -127.6953    -2180.3008
 3   9  17.074  43315.930 131.424   0.002    9.310  -10.000     -127.6349    -2179.2695
14   9  17.074  43315.930 131.424   0.038   11.450  -10.000     -127.6349    -2179.2695
15   9  17.074  43315.930 131.424   0.042    9.740  -10.000     -127.6349    -2179.2695
16   9  17.074  43315.930 131.424  -0.004    8.530  -10.000     -127.6349    -2179.2695
17   9  17.074  43315.930 131.424  -0.030    7.720  -10.000     -127.6349    -2179.2695
