 2  79  21.760  45644.266 318.999  -0.048   14.990  -10.000       15.8861      345.6797
 3  79  21.760  45644.266 318.999  -0.004   13.035  -10.000       15.8861      345.6797
 2  79  21.760  45648.176  23.690  -0.094   15.432  -10.000       16.0658      349.5898
 3  79  21.760  45648.176  23.690  -0.004   13.371  -10.000       16.0658      349.5898
 4  79  21.760  45648.176  23.690   0.015   12.098  -10.000       16.0658      349.5898
 2  79  21.760  45649.199  40.622   0.025   15.664  -10.000       16.1128      350.6133
 3  79  21.760  45649.199  40.622  -0.017   13.445  -10.000       16.1128      350.6133
 4  79  21.760  45649.199  40.622  -0.013   12.147  -10.000       16.1128      350.6133
 2  79  21.760  45658.141 188.550  -0.067   14.206  -10.000       16.5238      359.5547
 3  79  21.760  45658.141 188.550  -0.173   12.501  -10.000       16.5238      359.5547
 4  79  21.760  45658.141 188.550  -0.125   11.488  -10.000       16.5238      359.5547
 2  79  21.760  45659.145 205.159  -0.059   14.033  -10.000       16.5699      360.5586
 3  79  21.760  45659.145 205.159  -0.089   12.446  -10.000       16.5699      360.5586
 4  79  21.760  45659.145 205.159  -0.045   11.446  -10.000       16.5699      360.5586
 3  79  21.760  45660.211 222.802  -0.095   12.494  -10.000       16.6189      361.6250
 4  79  21.760  45660.211 222.802  -0.033   11.483  -10.000       16.6189      361.6250
 2  79  21.760  45663.141 271.272   0.099   14.760  -10.000       16.7535      364.5547
 3  79  21.760  45663.141 271.272   0.011   12.831  -10.000       16.7535      364.5547
 4  79  21.760  45663.141 271.272   0.009   11.666  -10.000       16.7535      364.5547
 2  79  21.760  45665.160 304.683   0.041   14.971  -10.000       16.8463      366.5742
 3  79  21.760  45665.160 304.683  -0.012   12.961  -10.000       16.8463      366.5742
 4  79  21.760  45665.160 304.683   0.027   11.789  -10.000       16.8463      366.5742
 2  79  21.760  45666.121 320.581  -0.014   15.036  -10.000       16.8905      367.5352
 3  79  21.760  45666.121 320.581  -0.039   13.007  -10.000       16.8905      367.5352
 4  79  21.760  45666.121 320.581  -0.027   11.789  -10.000       16.8905      367.5352
 2  79  21.760  45667.148 337.578  -0.035   15.143  -10.000       16.9377      368.5625
 3  79  21.760  45667.148 337.578  -0.076   13.054  -10.000       16.9377      368.5625
 4  79  21.760  45667.148 337.578  -0.059   11.822  -10.000       16.9377      368.5625
 2  79  21.760  45668.137 353.928  -0.076   15.222  -10.000       16.9831      369.5508
 3  79  21.760  45668.137 353.928  -0.006   13.206  -10.000       16.9831      369.5508
 4  79  21.760  45668.137 353.928   0.031   11.978  -10.000       16.9831      369.5508
 2  79  21.760  45676.121 126.023   0.002   15.622  -10.000       17.3501      377.5352
 3  79  21.760  45676.121 126.023  -0.031   13.521  -10.000       17.3501      377.5352
 2  79  21.760  45679.141 175.979   0.190   15.068  -10.000       17.4888      380.5547
 3  79  21.760  45679.141 175.979   0.120   13.215  -10.000       17.4888      380.5547
 4  79  21.760  45679.141 175.979   0.058   12.015  -10.000       17.4888      380.5547
 2  79  21.760  45683.129 241.962   0.111   14.517  -10.000       17.6721      384.5430
 3  79  21.760  45683.129 241.962   0.011   12.697  -10.000       17.6721      384.5430
 4  79  21.760  45683.129 241.962   0.026   11.601  -10.000       17.6721      384.5430
 3  79  21.760  45686.117 291.401   0.072   12.984  -10.000       17.8094      387.5312
 3  79  21.760  45687.090 307.492  -0.010   12.975  -10.000       17.8541      388.5039
 4  79  21.760  45687.090 307.492   0.012   11.782  -10.000       17.8541      388.5039
 2  79  21.760  45691.098  13.799  -0.049   15.401  -10.000       18.0383      392.5117
 3  79  21.760  45691.098  13.799  -0.029   13.289  -10.000       18.0383      392.5117
 4  79  21.760  45691.098  13.799  -0.025   12.010  -10.000       18.0383      392.5117
 2  79  21.760  45692.086  30.149  -0.042   15.529  -10.000       18.0837      393.5000
 3  79  21.760  45692.086  30.149  -0.032   13.377  -10.000       18.0837      393.5000
 4  79  21.760  45692.086  30.149  -0.033   12.080  -10.000       18.0837      393.5000
 2  79  21.760  45693.086  46.693  -0.075   15.598  -10.000       18.1297      394.5000
 3  79  21.760  45693.086  46.693  -0.017   13.473  -10.000       18.1297      394.5000
 4  79  21.760  45693.086  46.693  -0.041   12.144  -10.000       18.1297      394.5000
 2  79  21.760  45694.090  63.302   0.004   15.743  -10.000       18.1758      395.5039
 3  79  21.760  45694.090  63.302  -0.024   13.526  -10.000       18.1758      395.5039
 4  79  21.760  45694.090  63.302  -0.016   12.227  -10.000       18.1758      395.5039
 2  79  21.760  45695.086  79.781  -0.037   15.736  -10.000       18.2216      396.5000
 3  79  21.760  45695.086  79.781   0.032   13.623  -10.000       18.2216      396.5000
 4  79  21.760  45695.086  79.781  -0.001   12.286  -10.000       18.2216      396.5000
 3  79  21.760  45701.086 179.047   0.107   13.088  -10.000       18.4974      402.5000
 4  79  21.760  45701.086 179.047   0.088   11.952  -10.000       18.4974      402.5000
 2  79  21.760  45869.258  81.319  -0.071   15.704  -10.000       26.2259      570.6719
 3  79  21.760  45869.258  81.319  -0.010   13.584  -10.000       26.2259      570.6719
 4  79  21.760  45869.258  81.319  -0.036   12.254  -10.000       26.2259      570.6719
 2  79  21.760  45870.254  97.798  -0.053   15.683  -10.000       26.2717      571.6680
 3  79  21.760  45870.254  97.798   0.006   13.594  -10.000       26.2717      571.6680
 4  79  21.760  45870.254  97.798  -0.012   12.286  -10.000       26.2717      571.6680
 2  79  21.760  45871.246 114.213  -0.030   15.637  -10.000       26.3173      572.6602
 3  79  21.760  45871.246 114.213  -0.028   13.537  -10.000       26.3173      572.6602
 4  79  21.760  45871.246 114.213  -0.023   12.272  -10.000       26.3173      572.6602
 2  79  21.760  45872.238 130.628   0.077   15.687  -10.000       26.3629      573.6523
 3  79  21.760  45872.238 130.628   0.047   13.601  -10.000       26.3629      573.6523
 4  79  21.760  45872.238 130.628   0.008   12.310  -10.000       26.3629      573.6523
 2  79  21.760  45873.238 147.172   0.064   15.619  -10.000       26.4088      574.6523
 3  79  21.760  45873.238 147.172   0.045   13.584  -10.000       26.4088      574.6523
 4  79  21.760  45873.238 147.172   0.011   12.315  -10.000       26.4088      574.6523
 2  79  21.760  45874.234 163.652   0.154   15.538  -10.000       26.4546      575.6484
 3  79  21.760  45874.234 163.652   0.081   13.519  -10.000       26.4546      575.6484
 4  79  21.760  45874.234 163.652   0.055   12.287  -10.000       26.4546      575.6484
 2  79  21.760  45875.227 180.067   0.019   14.678  -10.000       26.5002      576.6406
 3  79  21.760  45875.227 180.067  -0.019   12.924  -10.000       26.5002      576.6406
 4  79  21.760  45875.227 180.067  -0.023   11.811  -10.000       26.5002      576.6406
 2  79  21.760  45876.230 196.676  -0.097   14.012  -10.000       26.5463      577.6445
 3  79  21.760  45876.230 196.676  -0.139   12.417  -10.000       26.5463      577.6445
 4  79  21.760  45876.230 196.676  -0.111   11.403  -10.000       26.5463      577.6445
 2  79  21.760  45877.242 213.414   0.018   14.152  -10.000       26.5928      578.6562
 3  79  21.760  45877.242 213.414  -0.033   12.517  -10.000       26.5928      578.6562
 4  79  21.760  45877.242 213.414  -0.020   11.475  -10.000       26.5928      578.6562
 2  79  21.760  45878.223 229.635   0.047   14.323  -10.000       26.6379      579.6367
 3  79  21.760  45878.223 229.635  -0.008   12.610  -10.000       26.6379      579.6367
 4  79  21.760  45878.223 229.635  -0.006   11.526  -10.000       26.6379      579.6367
 2  79  21.760  45879.254 246.696   0.007   14.461  -10.000       26.6853      580.6680
 3  79  21.760  45879.254 246.696  -0.002   12.710  -10.000       26.6853      580.6680
 4  79  21.760  45879.254 246.696   0.006   11.597  -10.000       26.6853      580.6680
 2  79  21.760  45880.258 263.305   0.031   14.623  -10.000       26.7314      581.6719
 3  79  21.760  45880.258 263.305  -0.001   12.781  -10.000       26.7314      581.6719
 4  79  21.760  45880.258 263.305   0.002   11.635  -10.000       26.7314      581.6719
 2  79  21.760  45881.242 279.590   0.001   14.728  -10.000       26.7766      582.6562
 3  79  21.760  45881.242 279.590   0.008   12.864  -10.000       26.7766      582.6562
 4  79  21.760  45881.242 279.590   0.004   11.685  -10.000       26.7766      582.6562
 2  79  21.760  45882.230 295.941   0.005   14.869  -10.000       26.8221      583.6445
 3  79  21.760  45882.230 295.941  -0.008   12.926  -10.000       26.8221      583.6445
 4  79  21.760  45882.230 295.941   0.004   11.739  -10.000       26.8221      583.6445
 2  79  21.760  45883.238 312.615  -0.011   14.978  -10.000       26.8684      584.6523
 3  79  21.760  45883.238 312.615  -0.010   12.998  -10.000       26.8684      584.6523
 4  79  21.760  45883.238 312.615   0.004   11.792  -10.000       26.8684      584.6523
 2  79  21.760  45886.234   2.183  -0.074   15.290  -10.000       27.0061      587.6484
 3  79  21.760  45886.234   2.183  -0.048   13.210  -10.000       27.0061      587.6484
 4  79  21.760  45886.234   2.183  -0.039   11.946  -10.000       27.0061      587.6484
 2  79  21.760  47403.254 260.082   0.048   14.613  -10.000       96.7225     2104.6680
 3  79  21.760  47403.254 260.082   0.026   12.794  -10.000       96.7225     2104.6680
 4  79  21.760  47403.254 260.082   0.046   11.670  -10.000       96.7225     2104.6680
 2  79  21.760  47404.234 276.301   0.031   14.733  -10.000       96.7675     2105.6484
 3  79  21.760  47404.234 276.301   0.012   12.854  -10.000       96.7675     2105.6484
 4  79  21.760  47404.234 276.301   0.022   11.694  -10.000       96.7675     2105.6484
 2  79  21.760  47407.238 326.000   0.025   15.115  -10.000       96.9056     2108.6523
 3  79  21.760  47407.238 326.000  -0.009   13.063  -10.000       96.9056     2108.6523
 4  79  21.760  47407.238 326.000   0.018   11.854  -10.000       96.9056     2108.6523
 2  79  21.760  47408.223 342.285   0.022   15.234  -10.000       96.9508     2109.6367
 3  79  21.760  47408.223 342.285  -0.016   13.136  -10.000       96.9508     2109.6367
 4  79  21.760  47408.223 342.285   0.018   11.917  -10.000       96.9508     2109.6367
 2  79  21.760  47409.230 358.959   0.020   15.359  -10.000       96.9971     2110.6445
 3  79  21.760  47409.230 358.959   0.049   13.289  -10.000       96.9971     2110.6445
 4  79  21.760  47409.230 358.959   0.020   11.991  -10.000       96.9971     2110.6445
 2  79  21.760  47410.242  15.697  -0.044   15.420  -10.000       97.0436     2111.6562
 3  79  21.760  47410.242  15.697   0.017   13.346  -10.000       97.0436     2111.6562
 4  79  21.760  47410.242  15.697   0.019   12.063  -10.000       97.0436     2111.6562
 2  79  21.760  47411.254  32.434  -0.057   15.529  -10.000       97.0901     2112.6680
 3  79  21.760  47411.254  32.434  -0.021   13.399  -10.000       97.0901     2112.6680
 4  79  21.760  47411.254  32.434  -0.010   12.113  -10.000       97.0901     2112.6680
 2  79  21.760  47413.227  65.072  -0.051   15.693  -10.000       97.1808     2114.6406
 3  79  21.760  47413.227  65.072  -0.010   13.545  -10.000       97.1808     2114.6406
 4  79  21.760  47413.227  65.072  -0.002   12.246  -10.000       97.1808     2114.6406
 2  79  21.760  47414.230  81.681  -0.010   15.765  -10.000       97.2269     2115.6445
 3  79  21.760  47414.230  81.681  -0.008   13.587  -10.000       97.2269     2115.6445
 4  79  21.760  47414.230  81.681   0.011   12.302  -10.000       97.2269     2115.6445
 2  79  21.760  47415.215  97.965  -0.005   15.731  -10.000       97.2721     2116.6289
 3  79  21.760  47415.215  97.965   0.014   13.602  -10.000       97.2721     2116.6289
 4  79  21.760  47415.215  97.965  -0.008   12.290  -10.000       97.2721     2116.6289
 2  79  21.760  47416.207 114.381  -0.016   15.651  -10.000       97.3177     2117.6211
 3  79  21.760  47416.207 114.381  -0.018   13.547  -10.000       97.3177     2117.6211
 4  79  21.760  47416.207 114.381   0.004   12.299  -10.000       97.3177     2117.6211
 2  79  21.760  47417.203 130.861   0.028   15.637  -10.000       97.3635     2118.6172
 3  79  21.760  47417.203 130.861   0.034   13.588  -10.000       97.3635     2118.6172
 4  79  21.760  47417.203 130.861   0.032   12.334  -10.000       97.3635     2118.6172
 2  79  21.760  47419.184 163.625   0.046   15.430  -10.000       97.4545     2120.5977
 3  79  21.760  47419.184 163.625   0.027   13.465  -10.000       97.4545     2120.5977
 4  79  21.760  47419.184 163.625   0.019   12.251  -10.000       97.4545     2120.5977
 2  79  21.760  47420.188 180.233  -0.087   14.563  -10.000       97.5006     2121.6016
 3  79  21.760  47420.188 180.233  -0.097   12.840  -10.000       97.5006     2121.6016
 4  79  21.760  47420.188 180.233  -0.053   11.776  -10.000       97.5006     2121.6016
 2  79  21.760  47421.180 196.650  -0.101   14.008  -10.000       97.5462     2122.5938
 3  79  21.760  47421.180 196.650  -0.134   12.422  -10.000       97.5462     2122.5938
 4  79  21.760  47421.180 196.650  -0.085   11.429  -10.000       97.5462     2122.5938
 2  79  21.760  47422.191 213.387   0.037   14.171  -10.000       97.5927     2123.6055
 3  79  21.760  47422.191 213.387   0.000   12.550  -10.000       97.5927     2123.6055
 4  79  21.760  47422.191 213.387   0.022   11.517  -10.000       97.5927     2123.6055
 2  79  21.760  47423.184 229.801   0.068   14.345  -10.000       97.6383     2124.5977
 3  79  21.760  47423.184 229.801   0.021   12.640  -10.000       97.6383     2124.5977
 4  79  21.760  47423.184 229.801   0.030   11.562  -10.000       97.6383     2124.5977
 2  79  21.760  47424.191 246.476   0.122   14.574  -10.000       97.6847     2125.6055
 3  79  21.760  47424.191 246.476   0.068   12.779  -10.000       97.6847     2125.6055
 4  79  21.760  47424.191 246.476   0.064   11.654  -10.000       97.6847     2125.6055
 2  79  21.760  47425.211 263.342   0.020   14.612  -10.000       97.7315     2126.6250
 3  79  21.760  47425.211 263.342   0.028   12.810  -10.000       97.7315     2126.6250
 4  79  21.760  47425.211 263.342   0.055   11.688  -10.000       97.7315     2126.6250
 2  79  21.760  47427.219 296.559   0.065   14.934  -10.000       97.8238     2128.6328
 3  79  21.760  47427.219 296.559   0.036   12.973  -10.000       97.8238     2128.6328
 4  79  21.760  47427.219 296.559   0.076   11.814  -10.000       97.8238     2128.6328
 2  79  21.760  47428.184 312.523  -0.054   14.934  -10.000       97.8681     2129.5977
 3  79  21.760  47428.184 312.523  -0.034   12.974  -10.000       97.8681     2129.5977
 4  79  21.760  47428.184 312.523   0.014   11.802  -10.000       97.8681     2129.5977
 3  79  21.760  47429.176 328.939  -0.009   13.077  -10.000       97.9137     2130.5898
 4  79  21.760  47429.176 328.939   0.012   11.859  -10.000       97.9137     2130.5898
 2  79  21.760  47430.152 345.094  -0.030   15.201  -10.000       97.9586     2131.5664
 3  79  21.760  47430.152 345.094  -0.022   13.143  -10.000       97.9586     2131.5664
 4  79  21.760  47430.152 345.094   0.008   11.917  -10.000       97.9586     2131.5664
 2  79  21.760  47431.195   2.348   0.023   15.388  -10.000       98.0065     2132.6094
 3  79  21.760  47431.195   2.348  -0.008   13.251  -10.000       98.0065     2132.6094
 4  79  21.760  47431.195   2.348   0.014   12.000  -10.000       98.0065     2132.6094
 2  79  21.760  47432.180  18.636  -0.059   15.428  -10.000       98.0518     2133.5938
 3  79  21.760  47432.180  18.636  -0.024   13.322  -10.000       98.0518     2133.5938
 4  79  21.760  47432.180  18.636  -0.013   12.046  -10.000       98.0518     2133.5938
 2  79  21.760  47433.184  35.244   0.029   15.634  -10.000       98.0979     2134.5977
 3  79  21.760  47433.184  35.244   0.006   13.441  -10.000       98.0979     2134.5977
 4  79  21.760  47433.184  35.244   0.022   12.158  -10.000       98.0979     2134.5977
 2  79  21.760  47434.180  51.724  -0.039   15.658  -10.000       98.1437     2135.5938
 3  79  21.760  47434.180  51.724   0.019   13.529  -10.000       98.1437     2135.5938
 4  79  21.760  47434.180  51.724   0.014   12.218  -10.000       98.1437     2135.5938
 3  79  21.760  49944.332 180.225   0.079   13.017  -10.000      213.5006     4645.7461
 5  79  21.760  49944.332 180.225  -0.012   10.782  -10.000      213.5006     4645.7461
 3  79  21.760  49945.344 196.963  -0.057   12.497  -10.000      213.5471     4646.7578
 5  79  21.760  49945.344 196.963  -0.020   10.518  -10.000      213.5471     4646.7578
 3  79  21.760  49946.316 213.058   0.031   12.580  -10.000      213.5918     4647.7305
 5  79  21.760  49946.316 213.058  -0.012   10.497  -10.000      213.5918     4647.7305
 3  79  21.760  49947.316 229.598   0.044   12.662  -10.000      213.6378     4648.7305
 5  79  21.760  49947.316 229.598   0.022   10.540  -10.000      213.6378     4648.7305
 3  79  21.760  49948.293 245.759   0.055   12.762  -10.000      213.6827     4649.7070
 5  79  21.760  49948.293 245.759   0.008   10.551  -10.000      213.6827     4649.7070
 3  79  21.760  49949.293 262.299   0.069   12.847  -10.000      213.7286     4650.7070
 5  79  21.760  49949.293 262.299   0.044   10.603  -10.000      213.7286     4650.7070
 3  79  21.760  49950.281 278.652   0.021   12.873  -10.000      213.7740     4651.6953
 5  79  21.760  49950.281 278.652  -0.006   10.578  -10.000      213.7740     4651.6953
 3  79  21.760  49952.289 311.869  -0.002   13.003  -10.000      213.8663     4653.7031
 5  79  21.760  49952.289 311.869  -0.008   10.641  -10.000      213.8663     4653.7031
 3  79  21.760  49953.355 329.513   0.036   13.125  -10.000      213.9153     4654.7695
 5  79  21.760  49953.355 329.513   0.018   10.712  -10.000      213.9153     4654.7695
 3  79  21.760  49954.301 345.152   0.006   13.172  -10.000      213.9588     4655.7148
 5  79  21.760  49954.301 345.152  -0.006   10.734  -10.000      213.9588     4655.7148
 3  79  21.760  49955.273   1.241   0.039   13.292  -10.000      214.0034     4656.6875
 5  79  21.760  49955.273   1.241   0.024   10.820  -10.000      214.0034     4656.6875
 3  79  21.760  49957.281  34.459  -0.050   13.381  -10.000      214.0957     4658.6953
 5  79  21.760  49957.281  34.459  -0.006   10.917  -10.000      214.0957     4658.6953
 3  79  21.760  49958.258  50.614   0.027   13.533  -10.000      214.1406     4659.6719
 5  79  21.760  49958.258  50.614  -0.054   10.930  -10.000      214.1406     4659.6719
 3  79  21.760  49959.305  67.934   0.002   13.565  -10.000      214.1887     4660.7188
 5  79  21.760  49959.305  67.934  -0.070   10.969  -10.000      214.1887     4660.7188
 3  79  21.760  49986.246 153.660   0.081   13.612  -10.000      215.4268     4687.6602
 5  79  21.760  49986.246 153.660  -0.023   11.135  -10.000      215.4268     4687.6602
 3  79  21.760  49987.277 170.722   0.133   13.403  -10.000      215.4742     4688.6914
 5  79  21.760  49987.277 170.722   0.030   11.035  -10.000      215.4742     4688.6914
 3  79  21.760  49992.195 252.087  -0.013   12.723  -10.000      215.7002     4693.6094
 5  79  21.760  49992.195 252.087   0.007   10.557  -10.000      215.7002     4693.6094
 3  79  21.760  49993.207 268.824  -0.044   12.764  -10.000      215.7467     4694.6211
 5  79  21.760  49993.207 268.824  -0.043   10.526  -10.000      215.7467     4694.6211
 3  79  21.760  50009.254 174.309   0.142   13.296  -10.000      216.4842     4710.6680
 5  79  21.760  50009.254 174.309   0.094   11.026  -10.000      216.4842     4710.6680
 3  79  21.760  50011.215 206.752  -0.048   12.488  -10.000      216.5743     4712.6289
 5  79  21.760  50011.215 206.752  -0.001   10.512  -10.000      216.5743     4712.6289
 3  79  21.760  50017.176 305.370  -0.003   12.972  -10.000      216.8483     4718.5898
 5  79  21.760  50017.176 305.370  -0.006   10.629  -10.000      216.8483     4718.5898
 3  79  21.760  50018.223 322.690  -0.022   13.034  -10.000      216.8964     4719.6367
 5  79  21.760  50018.223 322.690   0.013   10.688  -10.000      216.8964     4719.6367
 3  79  21.760  50020.176 355.001  -0.050   13.168  -10.000      216.9861     4721.5898
 5  79  21.760  50020.176 355.001  -0.019   10.754  -10.000      216.9861     4721.5898
