 2  79  10.354  49521.676 143.954   0.027   13.244  -10.000      389.3999     4031.7539
 3  79  10.354  49521.676 143.954   0.066   11.712  -10.000      389.3999     4031.7539
 2  79  10.354  49522.605 176.276  -0.039   12.943  -10.000      389.4897     4032.6836
 3  79  10.354  49522.605 176.276   0.015   11.497  -10.000      389.4897     4032.6836
 2  79  10.354  49528.668  27.070   0.055   13.558  -10.000      390.0752     4038.7461
 3  79  10.354  49528.668  27.070   0.065   11.828  -10.000      390.0752     4038.7461
 4  79  10.354  49528.668  27.070   0.081   10.873  -10.000      390.0752     4038.7461
 5  79  10.354  49528.668  27.070   0.104    9.992  -10.000      390.0752     4038.7461
 3  79  10.354  49529.621  60.205   0.035   11.912  -10.000      390.1672     4039.6992
 4  79  10.354  49529.621  60.205   0.015   10.911  -10.000      390.1672     4039.6992
 5  79  10.354  49529.621  60.205   0.051   10.033  -10.000      390.1672     4039.6992
 2  79  10.354  49530.652  96.064   0.052   13.660  -10.000      390.2668     4040.7305
 3  79  10.354  49530.652  96.064   0.070   11.952  -10.000      390.2668     4040.7305
 4  79  10.354  49530.652  96.064   0.055   10.973  -10.000      390.2668     4040.7305
 5  79  10.354  49530.652  96.064   0.078   10.098  -10.000      390.2668     4040.7305
 2  79  10.354  49532.609 164.114   0.086   13.148  -10.000      390.4559     4042.6875
 3  79  10.354  49532.609 164.114   0.071   11.610  -10.000      390.4559     4042.6875
 4  79  10.354  49532.609 164.114   0.090   10.750  -10.000      390.4559     4042.6875
 5  79  10.354  49532.609 164.114   0.071    9.910  -10.000      390.4559     4042.6875
 2  79  10.354  49534.645 234.877  -0.048   12.631  -10.000      390.6524     4044.7227
 3  79  10.354  49534.645 234.877   0.020   11.268  -10.000      390.6524     4044.7227
 4  79  10.354  49534.645 234.877   0.037   10.443  -10.000      390.6524     4044.7227
 5  79  10.354  49534.645 234.877   0.059    9.679  -10.000      390.6524     4044.7227
 2  79  10.354  49543.609 186.581   0.058   12.994  -10.000      391.5183     4053.6875
 3  79  10.354  49543.609 186.581   0.058   11.504  -10.000      391.5183     4053.6875
 4  79  10.354  49543.609 186.581   0.046   10.626  -10.000      391.5183     4053.6875
 5  79  10.354  49543.609 186.581   0.035    9.807  -10.000      391.5183     4053.6875
 2  79  10.354  49544.551 219.309  -0.020   12.752  -10.000      391.6092     4054.6289
 3  79  10.354  49544.551 219.309   0.022   11.342  -10.000      391.6092     4054.6289
 4  79  10.354  49544.551 219.309   0.036   10.506  -10.000      391.6092     4054.6289
 5  79  10.354  49544.551 219.309   0.034    9.710  -10.000      391.6092     4054.6289
 2  79  10.354  49545.543 253.817  -0.098   12.594  -10.000      391.7050     4055.6211
 3  79  10.354  49545.543 253.817  -0.033   11.215  -10.000      391.7050     4055.6211
 4  79  10.354  49545.543 253.817  -0.035   10.366  -10.000      391.7050     4055.6211
 5  79  10.354  49545.543 253.817  -0.023    9.587  -10.000      391.7050     4055.6211
 2  79  10.354  49546.559 289.127  -0.066   12.824  -10.000      391.8031     4056.6367
 3  79  10.354  49546.559 289.127  -0.025   11.338  -10.000      391.8031     4056.6367
 4  79  10.354  49546.559 289.127   0.000   10.482  -10.000      391.8031     4056.6367
 5  79  10.354  49546.559 289.127   0.012    9.672  -10.000      391.8031     4056.6367
 2  79  10.354  49558.602 347.860  -0.030   13.242  -10.000      392.9663     4068.6797
 3  79  10.354  49558.602 347.860  -0.053   11.548  -10.000      392.9663     4068.6797
 4  79  10.354  49558.602 347.860  -0.060   10.599  -10.000      392.9663     4068.6797
 5  79  10.354  49558.602 347.860  -0.076    9.706  -10.000      392.9663     4068.6797
 2  79  10.354  49560.562  56.041   0.052   13.683  -10.000      393.1557     4070.6406
 3  79  10.354  49560.562  56.041   0.037   11.904  -10.000      393.1557     4070.6406
 4  79  10.354  49560.562  56.041   0.009   10.895  -10.000      393.1557     4070.6406
 5  79  10.354  49560.562  56.041   0.034   10.007  -10.000      393.1557     4070.6406
 2  79  10.354  49563.582 161.027   0.076   13.161  -10.000      393.4473     4073.6602
 3  79  10.354  49563.582 161.027   0.061   11.617  -10.000      393.4473     4073.6602
 2  79  10.354  49564.562 195.117  -0.021   12.889  -10.000      393.5420     4074.6406
 3  79  10.354  49564.562 195.117   0.010   11.435  -10.000      393.5420     4074.6406
 0  42  10.354  46870.867 135.423  -6.598  -12.480    0.620      133.3762     1380.9453
 0  42  10.354  46871.879 170.601  -1.035  -29.140    0.630      133.4739     1381.9570
 0  42  10.354  46872.855 204.554  -2.396  -35.180    0.620      133.5682     1382.9336
 0  42  10.354  46873.852 239.189  -0.908  -37.380    0.650      133.6644     1383.9297
 0  42  10.354  46874.820 272.873   0.143  -44.010    0.620      133.7580     1384.8984
 0  42  10.354  46875.883 309.814  -3.362  -45.560    0.620      133.8606     1385.9609
 0  42  10.354  46876.797 341.598  -2.980  -38.270    0.600      133.9489     1386.8750
11  43  10.354  48335.922 315.330  -0.052    8.286  -10.000      274.8759     2846.0000
12  43  10.354  48335.922 315.330  -0.026    7.733  -10.000      274.8759     2846.0000
13  43  10.354  48335.922 315.330  -0.045    7.509  -10.000      274.8759     2846.0000
11  43  10.354  48337.762  19.303  -0.029    8.392  -10.000      275.0536     2847.8398
12  43  10.354  48337.762  19.303  -0.040    7.770  -10.000      275.0536     2847.8398
13  43  10.354  48337.762  19.303  -0.050    7.545  -10.000      275.0536     2847.8398
11  43  10.354  48340.781 124.288  -0.002    8.566  -10.000      275.3452     2850.8594
12  43  10.354  48340.781 124.288  -0.005    7.974  -10.000      275.3452     2850.8594
13  43  10.354  48340.781 124.288  -0.030    7.742  -10.000      275.3452     2850.8594
11  43  10.354  48341.828 160.686  -0.004    8.507  -10.000      275.4464     2851.9062
12  43  10.354  48341.828 160.686   0.011    7.958  -10.000      275.4464     2851.9062
13  43  10.354  48341.828 160.686  -0.027    7.721  -10.000      275.4464     2851.9062
11  43  10.354  48342.793 194.238   0.006    8.445  -10.000      275.5396     2852.8711
12  43  10.354  48342.793 194.238   0.028    7.914  -10.000      275.5396     2852.8711
13  43  10.354  48342.793 194.238   0.000    7.690  -10.000      275.5396     2852.8711
 0 123  10.354  41412.715  75.641  -5.985  -10.000  -10.000     -393.7899    -4077.2070
 0 123  10.354  41793.746   4.087   0.692  -23.300  -10.000     -356.9886    -3696.1758
 0 123  10.354  41794.668  36.145   8.558    0.200  -10.000     -356.8996    -3695.2539
 1 123  10.354  41400.715  18.402   0.042   15.000  -10.000     -394.9489    -4089.2070
 2 123  10.354  41400.715  18.402  -0.096   13.360  -10.000     -394.9489    -4089.2070
 3 123  10.354  41400.715  18.402  -0.078   11.650  -10.000     -394.9489    -4089.2070
 2 123  10.354  41401.758  54.668  -0.127   13.500  -10.000     -394.8481    -4088.1641
 3 123  10.354  41401.758  54.668  -0.083   11.780  -10.000     -394.8481    -4088.1641
 1 123  10.354  41408.793 299.279  -0.105   14.130  -10.000     -394.1687    -4081.1289
 2 123  10.354  41408.793 299.279  -0.119   12.840  -10.000     -394.1687    -4081.1289
 3 123  10.354  41408.793 299.279  -0.086   11.320  -10.000     -394.1687    -4081.1289
 1 123  10.354  41409.777 333.512  -0.129   14.440  -10.000     -394.0736    -4080.1445
 2 123  10.354  41409.777 333.512  -0.123   13.060  -10.000     -394.0736    -4080.1445
 3 123  10.354  41409.777 333.512  -0.084   11.460  -10.000     -394.0736    -4080.1445
 1 123  10.354  41410.742   7.053   0.058   14.920  -10.000     -393.9804    -4079.1797
 2 123  10.354  41410.742   7.053  -0.076   13.310  -10.000     -393.9804    -4079.1797
 3 123  10.354  41410.742   7.053  -0.079   11.600  -10.000     -393.9804    -4079.1797
 1 123  10.354  41415.781 182.263   0.211   14.360  -10.000     -393.4937    -4074.1406
 2 123  10.354  41415.781 182.263   0.117   13.070  -10.000     -393.4937    -4074.1406
 3 123  10.354  41415.781 182.263   0.061   11.520  -10.000     -393.4937    -4074.1406
 1 123  10.354  41416.754 216.079   0.194   14.140  -10.000     -393.3998    -4073.1680
 2 123  10.354  41416.754 216.079   0.124   12.920  -10.000     -393.3998    -4073.1680
 3 123  10.354  41416.754 216.079   0.102   11.440  -10.000     -393.3998    -4073.1680
 2 123  10.354  41417.727 249.906  -0.119   12.560  -10.000     -393.3058    -4072.1953
 3 123  10.354  41417.727 249.906  -0.031   11.210  -10.000     -393.3058    -4072.1953
 2 123  10.354  41772.770 354.738  -0.112   13.200  -10.000     -359.0146    -3717.1523
 3 123  10.354  41772.770 354.738  -0.167   11.460  -10.000     -359.0146    -3717.1523
 2 123  10.354  41773.730  28.147  -0.059   13.450  -10.000     -358.9218    -3716.1914
 3 123  10.354  41773.730  28.147  -0.077   11.690  -10.000     -358.9218    -3716.1914
 2 123  10.354  41779.773 238.260   0.009   12.680  -10.000     -358.3382    -3710.1484
 3 123  10.354  41779.773 238.260  -0.001   11.240  -10.000     -358.3382    -3710.1484
 2 123  10.354  41783.848  19.918  -0.024   13.440  -10.000     -357.9447    -3706.0742
 3 123  10.354  41783.848  19.918  -0.004   11.730  -10.000     -357.9447    -3706.0742
 2 123  10.354  41784.840  54.415  -0.086   13.540  -10.000     -357.8488    -3705.0820
 3 123  10.354  41784.840  54.415  -0.042   11.820  -10.000     -357.8488    -3705.0820
 3 123  10.354  41785.766  86.605   0.095   11.990  -10.000     -357.7594    -3704.1562
