 2  79  10.342  45488.371 350.753   0.066   11.459  -10.000       -0.0257       -0.2656
 3  79  10.342  45488.371 350.753   0.001    9.697  -10.000       -0.0257       -0.2656
 4  79  10.342  45488.371 350.753  -0.004    8.721  -10.000       -0.0257       -0.2656
 2  79  10.342  45489.410  26.924   0.143   11.783  -10.000        0.0748        0.7734
 3  79  10.342  45489.410  26.924   0.074    9.944  -10.000        0.0748        0.7734
 4  79  10.342  45489.410  26.924   0.042    8.910  -10.000        0.0748        0.7734
 1  79  10.342  45493.406 166.032   0.189   12.504  -10.000        0.4612        4.7695
 2  79  10.342  45493.406 166.032   0.122   11.238  -10.000        0.4612        4.7695
 3  79  10.342  45493.406 166.032   0.053    9.654  -10.000        0.4612        4.7695
 4  79  10.342  45493.406 166.032   0.020    8.726  -10.000        0.4612        4.7695
 1  79  10.342  45496.340 268.154   0.095   12.013  -10.000        0.7449        7.7031
 2  79  10.342  45496.340 268.154   0.136   10.923  -10.000        0.7449        7.7031
 3  79  10.342  45496.340 268.154   0.051    9.375  -10.000        0.7449        7.7031
 4  79  10.342  45496.340 268.154   0.014    8.465  -10.000        0.7449        7.7031
 1  79  10.342  45497.312 302.013   0.223   12.521  -10.000        0.8389        8.6758
 2  79  10.342  45497.312 302.013   0.121   11.157  -10.000        0.8389        8.6758
 3  79  10.342  45497.312 302.013   0.041    9.513  -10.000        0.8389        8.6758
 4  79  10.342  45497.312 302.013   0.006    8.563  -10.000        0.8389        8.6758
 1  79  10.342  45498.355 338.320   0.094   12.799  -10.000        0.9398        9.7188
 2  79  10.342  45498.355 338.320   0.026   11.334  -10.000        0.9398        9.7188
 3  79  10.342  45498.355 338.320   0.004    9.645  -10.000        0.9398        9.7188
 4  79  10.342  45498.355 338.320  -0.022    8.661  -10.000        0.9398        9.7188
 1  79  10.342  45502.344 117.156  -0.042   12.971  -10.000        1.3254       13.7070
 2  79  10.342  45502.344 117.156  -0.016   11.580  -10.000        1.3254       13.7070
 3  79  10.342  45502.344 117.156  -0.030    9.884  -10.000        1.3254       13.7070
 4  79  10.342  45502.344 117.156  -0.042    8.908  -10.000        1.3254       13.7070
 1  79  10.342  45503.352 152.239   0.253   12.732  -10.000        1.4229       14.7148
 2  79  10.342  45503.352 152.239   0.175   11.409  -10.000        1.4229       14.7148
 3  79  10.342  45503.352 152.239   0.073    9.758  -10.000        1.4229       14.7148
 4  79  10.342  45503.352 152.239   0.016    8.791  -10.000        1.4229       14.7148
 1  79  10.342  45505.367 222.405  -0.039   11.822  -10.000        1.6178       16.7305
 2  79  10.342  45505.367 222.405  -0.010   10.761  -10.000        1.6178       16.7305
 3  79  10.342  45505.367 222.405  -0.015    9.325  -10.000        1.6178       16.7305
 4  79  10.342  45505.367 222.405  -0.025    8.455  -10.000        1.6178       16.7305
 2  79  10.342  45508.348 326.159   0.120   11.337  -10.000        1.9060       19.7109
 3  79  10.342  45508.348 326.159   0.016    9.600  -10.000        1.9060       19.7109
 4  79  10.342  45508.348 326.159  -0.018    8.622  -10.000        1.9060       19.7109
 2  79  10.342  45515.359 210.244   0.058   10.930  -10.000        2.5840       26.7227
 3  79  10.342  45515.359 210.244   0.015    9.430  -10.000        2.5840       26.7227
 4  79  10.342  45515.359 210.244  -0.006    8.539  -10.000        2.5840       26.7227
 1  79  10.342  45872.340  37.115   0.016   13.266  -10.000       37.1031      383.7031
 2  79  10.342  45872.340  37.115  -0.016   11.684  -10.000       37.1031      383.7031
 3  79  10.342  45872.340  37.115  -0.024    9.893  -10.000       37.1031      383.7031
 4  79  10.342  45872.340  37.115  -0.020    8.890  -10.000       37.1031      383.7031
 1  79  10.342  45873.340  71.926   0.056   13.438  -10.000       37.1998      384.7031
 2  79  10.342  45873.340  71.926  -0.040   11.779  -10.000       37.1998      384.7031
 3  79  10.342  45873.340  71.926  -0.037    9.988  -10.000       37.1998      384.7031
 4  79  10.342  45873.340  71.926  -0.041    8.973  -10.000       37.1998      384.7031
 2  79  10.342  45874.328 106.330  -0.025   11.673  -10.000       37.2954      385.6914
 3  79  10.342  45874.328 106.330  -0.033    9.942  -10.000       37.2954      385.6914
 4  79  10.342  45874.328 106.330  -0.046    8.947  -10.000       37.2954      385.6914
 2  79  10.342  45875.316 140.732  -0.005   11.338  -10.000       37.3909      386.6797
 3  79  10.342  45875.316 140.732  -0.033    9.724  -10.000       37.3909      386.6797
 4  79  10.342  45875.316 140.732  -0.044    8.788  -10.000       37.3909      386.6797
 1  79  10.342  45876.332 176.087   0.050   12.263  -10.000       37.4891      387.6953
 2  79  10.342  45876.332 176.087   0.058   11.099  -10.000       37.4891      387.6953
 3  79  10.342  45876.332 176.087   0.033    9.580  -10.000       37.4891      387.6953
 4  79  10.342  45876.332 176.087   0.010    8.670  -10.000       37.4891      387.6953
 1  79  10.342  45877.324 210.626   0.064   12.055  -10.000       37.5851      388.6875
 2  79  10.342  45877.324 210.626   0.063   10.932  -10.000       37.5851      388.6875
 3  79  10.342  45877.324 210.626   0.049    9.462  -10.000       37.5851      388.6875
 4  79  10.342  45877.324 210.626   0.022    8.565  -10.000       37.5851      388.6875
 1  79  10.342  45878.316 245.165  -0.010   11.741  -10.000       37.6810      389.6797
 2  79  10.342  45878.316 245.165  -0.024   10.657  -10.000       37.6810      389.6797
 3  79  10.342  45878.316 245.165  -0.024    9.241  -10.000       37.6810      389.6797
 4  79  10.342  45878.316 245.165  -0.022    8.389  -10.000       37.6810      389.6797
 1  79  10.342  45879.312 279.841   0.070   12.106  -10.000       37.7773      390.6758
 2  79  10.342  45879.312 279.841   0.064   10.927  -10.000       37.7773      390.6758
 3  79  10.342  45879.312 279.841   0.018    9.386  -10.000       37.7773      390.6758
 4  79  10.342  45879.312 279.841   0.009    8.490  -10.000       37.7773      390.6758
 1  79  10.342  45880.320 314.923  -0.001   12.445  -10.000       37.8748      391.6836
 2  79  10.342  45880.320 314.923  -0.015   11.119  -10.000       37.8748      391.6836
 3  79  10.342  45880.320 314.923  -0.038    9.494  -10.000       37.8748      391.6836
 4  79  10.342  45880.320 314.923  -0.044    8.557  -10.000       37.8748      391.6836
 1  79  10.342  45881.312 349.463   0.127   12.944  -10.000       37.9707      392.6758
 2  79  10.342  45881.312 349.463   0.040   11.425  -10.000       37.9707      392.6758
 3  79  10.342  45881.312 349.463   0.044    9.734  -10.000       37.9707      392.6758
 4  79  10.342  45881.312 349.463   0.010    8.731  -10.000       37.9707      392.6758
 2  79  10.342  45882.305  24.002   0.009   11.631  -10.000       38.0667      393.6680
 3  79  10.342  45882.305  24.002  -0.006    9.850  -10.000       38.0667      393.6680
 4  79  10.342  45882.305  24.002  -0.007    8.850  -10.000       38.0667      393.6680
 2  79  10.342  45883.316  59.220   0.029   11.827  -10.000       38.1645      394.6797
 3  79  10.342  45883.316  59.220   0.039   10.038  -10.000       38.1645      394.6797
 4  79  10.342  45883.316  59.220   0.009    8.995  -10.000       38.1645      394.6797
 1  79  10.342  45886.320 163.790   0.044   12.384  -10.000       38.4550      397.6836
 2  79  10.342  45886.320 163.790   0.058   11.193  -10.000       38.4550      397.6836
 3  79  10.342  45886.320 163.790   0.029    9.643  -10.000       38.4550      397.6836
 4  79  10.342  45886.320 163.790   0.005    8.722  -10.000       38.4550      397.6836
 1  79  10.342  45887.301 197.921   0.035   12.125  -10.000       38.5498      398.6641
 2  79  10.342  45887.301 197.921   0.050   10.995  -10.000       38.5498      398.6641
 3  79  10.342  45887.301 197.921   0.021    9.492  -10.000       38.5498      398.6641
 4  79  10.342  45887.301 197.921   0.017    8.610  -10.000       38.5498      398.6641
 2  79  10.342  47400.227 304.481   0.038   11.093  -10.000      184.8458     1911.5898
 3  79  10.342  47400.227 304.481   0.013    9.497  -10.000      184.8458     1911.5898
 4  79  10.342  47400.227 304.481  -0.006    8.560  -10.000      184.8458     1911.5898
 2  79  10.342  47401.184 337.797   0.005   11.309  -10.000      184.9383     1912.5469
 3  79  10.342  47401.184 337.797  -0.014    9.624  -10.000      184.9383     1912.5469
 4  79  10.342  47401.184 337.797   0.008    8.689  -10.000      184.9383     1912.5469
 2  79  10.342  47402.180  12.469  -0.006   11.538  -10.000      185.0346     1913.5430
 3  79  10.342  47402.180  12.469  -0.004    9.797  -10.000      185.0346     1913.5430
 4  79  10.342  47402.180  12.469   0.014    8.825  -10.000      185.0346     1913.5430
 2  79  10.342  47403.172  47.010  -0.011   11.741  -10.000      185.1306     1914.5352
 3  79  10.342  47403.172  47.010   0.014    9.974  -10.000      185.1306     1914.5352
 4  79  10.342  47403.172  47.010   0.032    8.981  -10.000      185.1306     1914.5352
 2  79  10.342  47404.160  81.414  -0.033   11.775  -10.000      185.2262     1915.5234
 3  79  10.342  47404.160  81.414  -0.013   10.012  -10.000      185.2262     1915.5234
 4  79  10.342  47404.160  81.414   0.021    9.040  -10.000      185.2262     1915.5234
 1  79  10.342  47408.156 220.523  -0.163   11.720  -10.000      185.6126     1919.5195
 2  79  10.342  47408.156 220.523  -0.057   10.731  -10.000      185.6126     1919.5195
 3  79  10.342  47408.156 220.523  -0.037    9.315  -10.000      185.6126     1919.5195
 2  79  10.342  47409.172 255.877   0.076   10.792  -10.000      185.7108     1920.5352
 3  79  10.342  47409.172 255.877   0.022    9.304  -10.000      185.7108     1920.5352
 4  79  10.342  47409.172 255.877   0.022    8.443  -10.000      185.7108     1920.5352
 2  79  10.342  47410.176 290.825   0.006   10.952  -10.000      185.8078     1921.5391
 3  79  10.342  47410.176 290.825  -0.016    9.402  -10.000      185.8078     1921.5391
 4  79  10.342  47410.176 290.825  -0.012    8.505  -10.000      185.8078     1921.5391
 2  79  10.342  47411.180 325.772   0.004   11.218  -10.000      185.9049     1922.5430
 3  79  10.342  47411.180 325.772  -0.010    9.572  -10.000      185.9049     1922.5430
 4  79  10.342  47411.180 325.772   0.000    8.638  -10.000      185.9049     1922.5430
 2  79  10.342  47412.184   0.720   0.089   11.550  -10.000      186.0020     1923.5469
 3  79  10.342  47412.184   0.720   0.044    9.787  -10.000      186.0020     1923.5469
 4  79  10.342  47412.184   0.720   0.025    8.788  -10.000      186.0020     1923.5469
 2  79  10.342  47413.168  34.986  -0.025   11.663  -10.000      186.0972     1924.5312
 3  79  10.342  47413.168  34.986  -0.026    9.881  -10.000      186.0972     1924.5312
 4  79  10.342  47413.168  34.986  -0.013    8.888  -10.000      186.0972     1924.5312
 2  79  10.342  47414.152  69.252   0.021   11.839  -10.000      186.1924     1925.5156
 3  79  10.342  47414.152  69.252  -0.010   10.012  -10.000      186.1924     1925.5156
 4  79  10.342  47414.152  69.252   0.007    9.017  -10.000      186.1924     1925.5156
 2  79  10.342  47415.156 104.200  -0.004   11.709  -10.000      186.2894     1926.5195
 3  79  10.342  47415.156 104.200  -0.039    9.944  -10.000      186.2894     1926.5195
 4  79  10.342  47415.156 104.200  -0.038    8.961  -10.000      186.2894     1926.5195
 2  79  10.342  47416.152 138.873  -0.030   11.332  -10.000      186.3858     1927.5156
 3  79  10.342  47416.152 138.873  -0.046    9.723  -10.000      186.3858     1927.5156
 4  79  10.342  47416.152 138.873  -0.048    8.794  -10.000      186.3858     1927.5156
 2  79  10.342  47417.145 173.414   0.058   11.117  -10.000      186.4817     1928.5078
 3  79  10.342  47417.145 173.414   0.004    9.564  -10.000      186.4817     1928.5078
 4  79  10.342  47417.145 173.414   0.007    8.678  -10.000      186.4817     1928.5078
 2  79  10.342  47418.148 208.361   0.094   10.979  -10.000      186.5788     1929.5117
 3  79  10.342  47418.148 208.361   0.052    9.477  -10.000      186.5788     1929.5117
 4  79  10.342  47418.148 208.361   0.070    8.623  -10.000      186.5788     1929.5117
 2  79  10.342  47419.141 242.902   0.011   10.690  -10.000      186.6747     1930.5039
 3  79  10.342  47419.141 242.902  -0.011    9.254  -10.000      186.6747     1930.5039
 4  79  10.342  47419.141 242.902   0.003    8.415  -10.000      186.6747     1930.5039
 2  79  10.342  47420.145 277.844   0.052   10.901  -10.000      186.7718     1931.5078
 3  79  10.342  47420.145 277.844   0.010    9.370  -10.000      186.7718     1931.5078
 4  79  10.342  47420.145 277.844   0.013    8.489  -10.000      186.7718     1931.5078
 2  79  10.342  47421.137 312.385   0.007   11.122  -10.000      186.8677     1932.5000
 3  79  10.342  47421.137 312.385  -0.008    9.512  -10.000      186.8677     1932.5000
 4  79  10.342  47421.137 312.385   0.005    8.597  -10.000      186.8677     1932.5000
 2  79  10.342  47422.148 347.607   0.030   11.402  -10.000      186.9656     1933.5117
 3  79  10.342  47422.148 347.607   0.003    9.685  -10.000      186.9656     1933.5117
 4  79  10.342  47422.148 347.607   0.006    8.721  -10.000      186.9656     1933.5117
 2  79  10.342  47423.141  22.143   0.011   11.621  -10.000      187.0615     1934.5039
 3  79  10.342  47423.141  22.143  -0.028    9.820  -10.000      187.0615     1934.5039
 4  79  10.342  47423.141  22.143   0.005    8.855  -10.000      187.0615     1934.5039
 2  79  10.342  47424.145  57.090  -0.033   11.759  -10.000      187.1586     1935.5078
 3  79  10.342  47424.145  57.090  -0.049    9.944  -10.000      187.1586     1935.5078
 4  79  10.342  47424.145  57.090  -0.039    8.941  -10.000      187.1586     1935.5078
 2  79  10.342  47425.148  92.038  -0.050   11.730  -10.000      187.2557     1936.5117
 3  79  10.342  47425.148  92.038  -0.034    9.983  -10.000      187.2557     1936.5117
 4  79  10.342  47425.148  92.038  -0.020    8.999  -10.000      187.2557     1936.5117
 2  79  10.342  47427.156 161.933   0.077   11.227  -10.000      187.4498     1938.5195
 3  79  10.342  47427.156 161.933   0.056    9.682  -10.000      187.4498     1938.5195
 4  79  10.342  47427.156 161.933   0.041    8.768  -10.000      187.4498     1938.5195
 2  79  10.342  47428.141 196.199   0.072   11.024  -10.000      187.5450     1939.5039
 3  79  10.342  47428.141 196.199   0.052    9.528  -10.000      187.5450     1939.5039
 4  79  10.342  47428.141 196.199   0.048    8.646  -10.000      187.5450     1939.5039
 2  79  10.342  47429.137 230.872  -0.050   10.660  -10.000      187.6413     1940.5000
 3  79  10.342  47429.137 230.872  -0.067    9.225  -10.000      187.6413     1940.5000
 4  79  10.342  47429.137 230.872  -0.033    8.405  -10.000      187.6413     1940.5000
 2  79  10.342  47430.125 265.276   0.087   10.856  -10.000      187.7369     1941.4883
 3  79  10.342  47430.125 265.276   0.040    9.353  -10.000      187.7369     1941.4883
 4  79  10.342  47430.125 265.276   0.038    8.481  -10.000      187.7369     1941.4883
 2  79  10.342  47431.125 300.086   0.027   11.047  -10.000      187.8336     1942.4883
 3  79  10.342  47431.125 300.086  -0.005    9.457  -10.000      187.8336     1942.4883
 4  79  10.342  47431.125 300.086   0.001    8.551  -10.000      187.8336     1942.4883
 2  79  10.342  47432.121 334.764   0.035   11.316  -10.000      187.9299     1943.4844
 3  79  10.342  47432.121 334.764  -0.010    9.614  -10.000      187.9299     1943.4844
 4  79  10.342  47432.121 334.764   0.014    8.684  -10.000      187.9299     1943.4844
 2  79  10.342  47433.117   9.437   0.005   11.528  -10.000      188.0262     1944.4805
 3  79  10.342  47433.117   9.437  -0.004    9.782  -10.000      188.0262     1944.4805
 4  79  10.342  47433.117   9.437   0.020    8.818  -10.000      188.0262     1944.4805
 2  79  10.342  47434.121  44.385  -0.015   11.725  -10.000      188.1233     1945.4844
 3  79  10.342  47434.121  44.385  -0.003    9.946  -10.000      188.1233     1945.4844
 4  79  10.342  47434.121  44.385   0.016    8.956  -10.000      188.1233     1945.4844
 3  79  10.342  49934.277 317.494   0.054    9.597  -10.000      429.8819     4445.6406
 4  79  10.342  49934.277 317.494   0.014    8.623  -10.000      429.8819     4445.6406
 5  79  10.342  49934.277 317.494   0.011    7.749  -10.000      429.8819     4445.6406
 3  79  10.342  49935.285 352.573   0.054    9.758  -10.000      429.9794     4446.6484
 4  79  10.342  49935.285 352.573   0.001    8.733  -10.000      429.9794     4446.6484
 5  79  10.342  49935.285 352.573   0.032    7.857  -10.000      429.9794     4446.6484
 3  79  10.342  49936.262  26.565   0.069    9.937  -10.000      430.0738     4447.6250
 4  79  10.342  49936.262  26.565   0.049    8.916  -10.000      430.0738     4447.6250
 5  79  10.342  49936.262  26.565   0.071    8.005  -10.000      430.0738     4447.6250
 3  79  10.342  49939.270 131.276   0.043    9.862  -10.000      430.3647     4450.6328
 5  79  10.342  49939.270 131.276  -0.028    7.975  -10.000      430.3647     4450.6328
 3  79  10.342  49942.250 235.031   0.007    9.284  -10.000      430.6529     4453.6133
 4  79  10.342  49942.250 235.031  -0.002    8.422  -10.000      430.6529     4453.6133
 5  79  10.342  49942.250 235.031  -0.002    7.625  -10.000      430.6529     4453.6133
 3  79  10.342  49943.238 269.429   0.084    9.413  -10.000      430.7484     4454.6016
 5  79  10.342  49943.238 269.429   0.022    7.659  -10.000      430.7484     4454.6016
 3  79  10.342  49944.242 304.376   0.075    9.559  -10.000      430.8455     4455.6055
 5  79  10.342  49944.242 304.376   0.070    7.778  -10.000      430.8455     4455.6055
 3  79  10.342  49945.219 338.368   0.046    9.687  -10.000      430.9399     4456.5820
 5  79  10.342  49945.219 338.368   0.007    7.796  -10.000      430.9399     4456.5820
 3  79  10.342  49946.215  13.052   0.013    9.817  -10.000      431.0363     4457.5781
 5  79  10.342  49946.215  13.052   0.007    7.897  -10.000      431.0363     4457.5781
 3  79  10.342  49947.219  47.999   0.057   10.021  -10.000      431.1333     4458.5820
 5  79  10.342  49947.219  47.999   0.039    8.050  -10.000      431.1333     4458.5820
 3  79  10.342  49948.219  82.804   0.039   10.064  -10.000      431.2300     4459.5820
 5  79  10.342  49948.219  82.804   0.015    8.098  -10.000      431.2300     4459.5820
 3  79  10.342  49949.223 117.751   0.038    9.948  -10.000      431.3271     4460.5859
 5  79  10.342  49949.223 117.751  -0.005    8.043  -10.000      431.3271     4460.5859
 2  79  10.342  49950.219 152.424   0.101   11.334  -10.000      431.4234     4461.5820
 3  79  10.342  49950.219 152.424   0.048    9.732  -10.000      431.4234     4461.5820
 4  79  10.342  49950.219 152.424  -0.003    8.772  -10.000      431.4234     4461.5820
 5  79  10.342  49950.219 152.424  -0.043    7.883  -10.000      431.4234     4461.5820
 3  79  10.342  49952.227 222.319   0.015    9.355  -10.000      431.6176     4463.5898
 5  79  10.342  49952.227 222.319  -0.003    7.673  -10.000      431.6176     4463.5898
 3  79  10.342  49953.242 257.673   0.131    9.418  -10.000      431.7158     4464.6055
 5  79  10.342  49953.242 257.673   0.054    7.673  -10.000      431.7158     4464.6055
 3  79  10.342  49954.215 291.533   0.060    9.481  -10.000      431.8098     4465.5781
 5  79  10.342  49954.215 291.533   0.021    7.699  -10.000      431.8098     4465.5781
 3  79  10.342  49955.215 326.349   0.071    9.656  -10.000      431.9065     4466.5781
 5  79  10.342  49955.215 326.349   0.031    7.790  -10.000      431.9065     4466.5781
23   4  10.342  40746.609 164.971   0.036    2.903  -10.000     -458.5417    -4742.0273
24   4  10.342  40746.609 164.971   0.041    4.503  -10.000     -458.5417    -4742.0273
25   4  10.342  40746.609 164.971  -0.061    6.258  -10.000     -458.5417    -4742.0273
27   4  10.342  40746.609 164.971   0.038    5.662  -10.000     -458.5417    -4742.0273
23   4  10.342  40752.484   9.481  -0.036    3.020  -10.000     -457.9737    -4736.1523
24   4  10.342  40752.484   9.481  -0.046    4.872  -10.000     -457.9737    -4736.1523
25   4  10.342  40752.484   9.481  -0.071    6.840  -10.000     -457.9737    -4736.1523
27   4  10.342  40752.484   9.481  -0.021    6.310  -10.000     -457.9737    -4736.1523
23   4  10.342  40753.496  44.703  -0.045    3.178  -10.000     -457.8758    -4735.1406
24   4  10.342  40753.496  44.703  -0.032    5.120  -10.000     -457.8758    -4735.1406
25   4  10.342  40753.496  44.703   0.031    7.207  -10.000     -457.8758    -4735.1406
27   4  10.342  40753.496  44.703  -0.055    6.570  -10.000     -457.8758    -4735.1406
23   4  10.342  40761.465 322.108  -0.034    2.795  -10.000     -457.1053    -4727.1719
24   4  10.342  40761.465 322.108  -0.049    4.503  -10.000     -457.1053    -4727.1719
25   4  10.342  40761.465 322.108  -0.073    6.400  -10.000     -457.1053    -4727.1719
27   4  10.342  40761.465 322.108   0.040    5.872  -10.000     -457.1053    -4727.1719
23   4  10.342  40762.445 356.243  -0.039    2.950  -10.000     -457.0104    -4726.1914
24   4  10.342  40762.445 356.243  -0.036    4.782  -10.000     -457.0104    -4726.1914
25   4  10.342  40762.445 356.243  -0.041    6.752  -10.000     -457.0104    -4726.1914
27   4  10.342  40762.445 356.243   0.049    6.247  -10.000     -457.0104    -4726.1914
23   4  10.342  40766.512 137.791  -0.027    3.013  -10.000     -456.6172    -4722.1250
24   4  10.342  40766.512 137.791  -0.024    4.707  -10.000     -456.6172    -4722.1250
25   4  10.342  40766.512 137.791  -0.152    6.485  -10.000     -456.6172    -4722.1250
27   4  10.342  40766.512 137.791  -0.009    5.975  -10.000     -456.6172    -4722.1250
23   4  10.342  40767.477 171.376   0.038    2.867  -10.000     -456.5240    -4721.1602
24   4  10.342  40767.477 171.376   0.056    4.462  -10.000     -456.5240    -4721.1602
25   4  10.342  40767.477 171.376   0.015    6.270  -10.000     -456.5240    -4721.1602
27   4  10.342  40767.477 171.376   0.064    5.617  -10.000     -456.5240    -4721.1602
23   4  10.342  40768.410 203.884   0.069    2.773  -10.000     -456.4337    -4720.2266
24   4  10.342  40768.410 203.884   0.058    4.295  -10.000     -456.4337    -4720.2266
25   4  10.342  40768.410 203.884   0.041    6.105  -10.000     -456.4337    -4720.2266
27   4  10.342  40768.410 203.884   0.117    5.460  -10.000     -456.4337    -4720.2266
23   4  10.342  40771.414 308.452  -0.035    2.730  -10.000     -456.1432    -4717.2227
24   4  10.342  40771.414 308.452  -0.040    4.400  -10.000     -456.1432    -4717.2227
25   4  10.342  40771.414 308.452  -0.046    6.293  -10.000     -456.1432    -4717.2227
27   4  10.342  40771.414 308.452   0.005    5.682  -10.000     -456.1432    -4717.2227
23   4  10.342  40772.426 343.663  -0.020    2.912  -10.000     -456.0454    -4716.2109
24   4  10.342  40772.426 343.663  -0.039    4.688  -10.000     -456.0454    -4716.2109
25   4  10.342  40772.426 343.663  -0.062    6.622  -10.000     -456.0454    -4716.2109
27   4  10.342  40772.426 343.663   0.040    6.115  -10.000     -456.0454    -4716.2109
23   4  10.342  40792.422 319.757  -0.030    2.787  -10.000     -454.1118    -4696.2148
24   4  10.342  40792.422 319.757  -0.034    4.497  -10.000     -454.1118    -4696.2148
25   4  10.342  40792.422 319.757  -0.080    6.370  -10.000     -454.1118    -4696.2148
27   4  10.342  40792.422 319.757  -0.008    5.797  -10.000     -454.1118    -4696.2148
23   4  10.342  40795.367  62.281  -0.037    3.243  -10.000     -453.8270    -4693.2695
24   4  10.342  40795.367  62.281  -0.029    5.190  -10.000     -453.8270    -4693.2695
25   4  10.342  40795.367  62.281  -0.011    7.238  -10.000     -453.8270    -4693.2695
27   4  10.342  40795.367  62.281   0.034    6.735  -10.000     -453.8270    -4693.2695
23   4  10.342  40796.375  97.361  -0.008    3.268  -10.000     -453.7296    -4692.2617
24   4  10.342  40796.375  97.361  -0.014    5.140  -10.000     -453.7296    -4692.2617
25   4  10.342  40796.375  97.361   0.030    7.185  -10.000     -453.7296    -4692.2617
27   4  10.342  40796.375  97.361   0.006    6.588  -10.000     -453.7296    -4692.2617
23   4  10.342  40818.340 141.987  -0.004    3.007  -10.000     -451.6056    -4670.2969
24   4  10.342  40818.340 141.987   0.008    4.693  -10.000     -451.6056    -4670.2969
25   4  10.342  40818.340 141.987  -0.034    6.548  -10.000     -451.6056    -4670.2969
27   4  10.342  40818.340 141.987   0.018    5.938  -10.000     -451.6056    -4670.2969
23   4  10.342  40819.324 176.254   0.048    2.852  -10.000     -451.5104    -4669.3125
24   4  10.342  40819.324 176.254   0.065    4.435  -10.000     -451.5104    -4669.3125
25   4  10.342  40819.324 176.254   0.054    6.267  -10.000     -451.5104    -4669.3125
27   4  10.342  40819.324 176.254   0.098    5.605  -10.000     -451.5104    -4669.3125
23   4  10.342  40821.352 246.830  -0.056    2.465  -10.000     -451.3144    -4667.2852
24   4  10.342  40821.352 246.830  -0.104    3.890  -10.000     -451.3144    -4667.2852
25   4  10.342  40821.352 246.830  -0.081    5.710  -10.000     -451.3144    -4667.2852
27   4  10.342  40821.352 246.830  -0.129    4.915  -10.000     -451.3144    -4667.2852
23   4  10.342  40822.309 280.140  -0.010    2.618  -10.000     -451.2218    -4666.3281
24   4  10.342  40822.309 280.140  -0.016    4.180  -10.000     -451.2218    -4666.3281
25   4  10.342  40822.309 280.140  -0.018    6.023  -10.000     -451.2218    -4666.3281
27   4  10.342  40822.309 280.140   0.001    5.335  -10.000     -451.2218    -4666.3281
23   4  10.342  40823.297 314.550  -0.033    2.760  -10.000     -451.1263    -4665.3398
24   4  10.342  40823.297 314.550  -0.042    4.448  -10.000     -451.1263    -4665.3398
25   4  10.342  40823.297 314.550  -0.053    6.345  -10.000     -451.1263    -4665.3398
27   4  10.342  40823.297 314.550   0.003    5.750  -10.000     -451.1263    -4665.3398
23   4  10.342  40827.273  92.977  -0.026    3.260  -10.000     -450.7417    -4661.3633
24   4  10.342  40827.273  92.977  -0.014    5.165  -10.000     -450.7417    -4661.3633
25   4  10.342  40827.273  92.977   0.007    7.193  -10.000     -450.7417    -4661.3633
27   4  10.342  40827.273  92.977   0.045    6.662  -10.000     -450.7417    -4661.3633
23   4  10.342  40828.320 129.419  -0.043    3.052  -10.000     -450.6405    -4660.3164
24   4  10.342  40828.320 129.419  -0.036    4.792  -10.000     -450.6405    -4660.3164
25   4  10.342  40828.320 129.419  -0.105    6.650  -10.000     -450.6405    -4660.3164
27   4  10.342  40828.320 129.419   0.058    6.177  -10.000     -450.6405    -4660.3164
23   4  10.342  40829.273 162.598   0.044    2.925  -10.000     -450.5483    -4659.3633
24   4  10.342  40829.273 162.598   0.077    4.560  -10.000     -450.5483    -4659.3633
25   4  10.342  40829.273 162.598   0.004    6.347  -10.000     -450.5483    -4659.3633
27   4  10.342  40829.273 162.598   0.133    5.785  -10.000     -450.5483    -4659.3633
23   4  10.342  40830.285 197.820   0.059    2.787  -10.000     -450.4505    -4658.3516
24   4  10.342  40830.285 197.820   0.068    4.337  -10.000     -450.4505    -4658.3516
25   4  10.342  40830.285 197.820   0.034    6.135  -10.000     -450.4505    -4658.3516
27   4  10.342  40830.285 197.820   0.099    5.483  -10.000     -450.4505    -4658.3516
23   4  10.342  40833.312 303.201  -0.027    2.713  -10.000     -450.1578    -4655.3242
24   4  10.342  40833.312 303.201  -0.053    4.343  -10.000     -450.1578    -4655.3242
25   4  10.342  40833.312 303.201  -0.116    6.168  -10.000     -450.1578    -4655.3242
27   4  10.342  40833.312 303.201  -0.040    5.575  -10.000     -450.1578    -4655.3242
23   4  10.342  40835.238  10.239  -0.032    3.027  -10.000     -449.9716    -4653.3984
24   4  10.342  40835.238  10.239  -0.025    4.900  -10.000     -449.9716    -4653.3984
25   4  10.342  40835.238  10.239  -0.048    6.870  -10.000     -449.9716    -4653.3984
27   4  10.342  40835.238  10.239   0.041    6.380  -10.000     -449.9716    -4653.3984
23   4  10.342  40837.266  80.815  -0.025    3.273  -10.000     -449.7755    -4651.3711
24   4  10.342  40837.266  80.815  -0.017    5.200  -10.000     -449.7755    -4651.3711
25   4  10.342  40837.266  80.815   0.045    7.283  -10.000     -449.7755    -4651.3711
27   4  10.342  40837.266  80.815   0.026    6.707  -10.000     -449.7755    -4651.3711
23   4  10.342  40838.270 115.763  -0.039    3.153  -10.000     -449.6784    -4650.3672
24   4  10.342  40838.270 115.763  -0.022    4.972  -10.000     -449.6784    -4650.3672
25   4  10.342  40838.270 115.763   0.006    6.963  -10.000     -449.6784    -4650.3672
27   4  10.342  40838.270 115.763   0.050    6.400  -10.000     -449.6784    -4650.3672
23   4  10.342  40847.285  69.598  -0.033    3.262  -10.000     -448.8067    -4641.3516
24   4  10.342  40847.285  69.598   0.015    5.245  -10.000     -448.8067    -4641.3516
25   4  10.342  40847.285  69.598   0.154    7.412  -10.000     -448.8067    -4641.3516
27   4  10.342  40847.285  69.598   0.044    6.752  -10.000     -448.8067    -4641.3516
23   4  10.342  40848.277 104.139  -0.020    3.233  -10.000     -448.7107    -4640.3594
24   4  10.342  40848.277 104.139  -0.032    5.075  -10.000     -448.7107    -4640.3594
25   4  10.342  40848.277 104.139  -0.018    7.078  -10.000     -448.7107    -4640.3594
27   4  10.342  40848.277 104.139  -0.016    6.495  -10.000     -448.7107    -4640.3594
23   4  10.342  40849.262 138.406  -0.040    2.995  -10.000     -448.6155    -4639.3750
24   4  10.342  40849.262 138.406  -0.039    4.685  -10.000     -448.6155    -4639.3750
25   4  10.342  40849.262 138.406  -0.151    6.477  -10.000     -448.6155    -4639.3750
27   4  10.342  40849.262 138.406  -0.047    5.927  -10.000     -448.6155    -4639.3750
23   4  10.342  40850.238 172.408   0.034    2.858  -10.000     -448.5211    -4638.3984
24   4  10.342  40850.238 172.408   0.047    4.445  -10.000     -448.5211    -4638.3984
25   4  10.342  40850.238 172.408  -0.001    6.245  -10.000     -448.5211    -4638.3984
27   4  10.342  40850.238 172.408   0.100    5.642  -10.000     -448.5211    -4638.3984
23   4  10.342  40861.246 195.601   0.067    2.803  -10.000     -447.4567    -4627.3906
24   4  10.342  40861.246 195.601   0.073    4.352  -10.000     -447.4567    -4627.3906
25   4  10.342  40861.246 195.601   0.096    6.208  -10.000     -447.4567    -4627.3906
27   4  10.342  40861.246 195.601   0.105    5.500  -10.000     -447.4567    -4627.3906
23   4  10.342  41122.547 291.753  -0.034    2.648  -10.000     -422.1896    -4366.0898
24   4  10.342  41122.547 291.753  -0.082    4.213  -10.000     -422.1896    -4366.0898
25   4  10.342  41122.547 291.753  -0.101    6.060  -10.000     -422.1896    -4366.0898
27   4  10.342  41122.547 291.753  -0.011    5.463  -10.000     -422.1896    -4366.0898
23   4  10.342  41131.496 243.292  -0.087    2.432  -10.000     -421.3242    -4357.1406
24   4  10.342  41131.496 243.292  -0.161    3.827  -10.000     -421.3242    -4357.1406
25   4  10.342  41131.496 243.292  -0.126    5.657  -10.000     -421.3242    -4357.1406
27   4  10.342  41131.496 243.292  -0.217    4.818  -10.000     -421.3242    -4357.1406
23   4  10.342  41141.457 230.043  -0.041    2.510  -10.000     -420.3610    -4347.1797
24   4  10.342  41141.457 230.043  -0.089    3.935  -10.000     -420.3610    -4347.1797
25   4  10.342  41141.457 230.043  -0.036    5.785  -10.000     -420.3610    -4347.1797
27   4  10.342  41141.457 230.043  -0.145    4.930  -10.000     -420.3610    -4347.1797
23   4  10.342  41152.219 244.666  -0.072    2.447  -10.000     -419.3204    -4336.4180
24   4  10.342  41152.219 244.666  -0.137    3.852  -10.000     -419.3204    -4336.4180
25   4  10.342  41152.219 244.666  -0.108    5.677  -10.000     -419.3204    -4336.4180
27   4  10.342  41152.219 244.666  -0.165    4.872  -10.000     -419.3204    -4336.4180
23   4  10.342  41162.449 240.798  -0.076    2.445  -10.000     -418.3311    -4326.1875
24   4  10.342  41162.449 240.798  -0.156    3.832  -10.000     -418.3311    -4326.1875
25   4  10.342  41162.449 240.798  -0.155    5.628  -10.000     -418.3311    -4326.1875
27   4  10.342  41162.449 240.798  -0.196    4.838  -10.000     -418.3311    -4326.1875
23   4  10.342  41163.387 273.439   0.004    2.605  -10.000     -418.2404    -4325.2500
24   4  10.342  41163.387 273.439   0.001    4.148  -10.000     -418.2404    -4325.2500
25   4  10.342  41163.387 273.439  -0.039    5.940  -10.000     -418.2404    -4325.2500
27   4  10.342  41163.387 273.439   0.037    5.300  -10.000     -418.2404    -4325.2500
 2  18  10.342  44461.684 250.667  -0.040   10.655  -10.000      -99.3037    -1026.9531
 3  18  10.342  44461.684 250.667   0.022    9.293  -10.000      -99.3037    -1026.9531
 9  18  10.342  44461.684 250.667   0.012    8.035  -10.000      -99.3037    -1026.9531
10  18  10.342  44461.684 250.667  -0.016    7.035  -10.000      -99.3037    -1026.9531
 2  18  10.342  44461.730 252.298  -0.019   10.682  -10.000      -99.2992    -1026.9062
 3  18  10.342  44461.730 252.298   0.023    9.297  -10.000      -99.2992    -1026.9062
 9  18  10.342  44461.730 252.298   0.008    8.033  -10.000      -99.2992    -1026.9062
10  18  10.342  44461.730 252.298  -0.008    7.043  -10.000      -99.2992    -1026.9062
 2  18  10.342  44823.680 252.136  -0.034   10.666  -10.000      -64.2996     -664.9570
 3  18  10.342  44823.680 252.136   0.017    9.291  -10.000      -64.2996     -664.9570
 9  18  10.342  44823.680 252.136  -0.015    8.010  -10.000      -64.2996     -664.9570
10  18  10.342  44823.680 252.136  -0.041    7.010  -10.000      -64.2996     -664.9570
 2  18  10.342  44099.785 252.598  -0.010   10.692  -10.000     -134.2983    -1388.8516
 3  18  10.342  44099.785 252.598   0.032    9.307  -10.000     -134.2983    -1388.8516
 9  18  10.342  44099.785 252.598   0.023    8.048  -10.000     -134.2983    -1388.8516
10  18  10.342  44099.785 252.598   0.007    7.058  -10.000     -134.2983    -1388.8516
 2  18  10.342  44461.797 254.611   0.005   10.715  -10.000      -99.2927    -1026.8398
 3  18  10.342  44461.797 254.611   0.039    9.318  -10.000      -99.2927    -1026.8398
 9  18  10.342  44461.797 254.611   0.006    8.033  -10.000      -99.2927    -1026.8398
10  18  10.342  44461.797 254.611   0.032    7.083  -10.000      -99.2927    -1026.8398
 2  18  10.342  44048.871 280.223  -0.011   10.855  -10.000     -139.2216    -1439.7656
 3  18  10.342  44048.871 280.223   0.007    9.376  -10.000     -139.2216    -1439.7656
 9  18  10.342  44048.871 280.223  -0.011    8.065  -10.000     -139.2216    -1439.7656
10  18  10.342  44048.871 280.223  -0.020    7.055  -10.000     -139.2216    -1439.7656
 2  18  10.342  44886.613 282.923  -0.021   10.864  -10.000      -58.2141     -602.0234
 3  18  10.342  44886.613 282.923   0.010    9.391  -10.000      -58.2141     -602.0234
 9  18  10.342  44886.613 282.923   0.007    8.089  -10.000      -58.2141     -602.0234
10  18  10.342  44886.613 282.923   0.001    7.079  -10.000      -58.2141     -602.0234
 2  18  10.342  44493.656 283.670  -0.003   10.888  -10.000      -96.2120     -994.9805
 3  18  10.342  44493.656 283.670   0.003    9.387  -10.000      -96.2120     -994.9805
 9  18  10.342  44493.656 283.670   0.007    8.091  -10.000      -96.2120     -994.9805
10  18  10.342  44493.656 283.670  -0.018    7.061  -10.000      -96.2120     -994.9805
 2  18  10.342  44400.961 296.845  -0.049   10.945  -10.000     -105.1754    -1087.6758
 3  18  10.342  44400.961 296.845  -0.013    9.433  -10.000     -105.1754    -1087.6758
 9  18  10.342  44400.961 296.845  -0.022    8.098  -10.000     -105.1754    -1087.6758
10  18  10.342  44400.961 296.845  -0.051    7.048  -10.000     -105.1754    -1087.6758
 2  18  10.342  44049.859 314.626  -0.047   11.084  -10.000     -139.1260    -1438.7773
 3  18  10.342  44049.859 314.626  -0.015    9.515  -10.000     -139.1260    -1438.7773
 9  18  10.342  44049.859 314.626  -0.028    8.142  -10.000     -139.1260    -1438.7773
10  18  10.342  44049.859 314.626  -0.037    7.092  -10.000     -139.1260    -1438.7773
 2  18  10.342  44380.914 318.994  -0.043   11.120  -10.000     -107.1139    -1107.7227
 3  18  10.342  44380.914 318.994  -0.003    9.547  -10.000     -107.1139    -1107.7227
 9  18  10.342  44380.914 318.994  -0.012    8.170  -10.000     -107.1139    -1107.7227
10  18  10.342  44380.914 318.994   0.004    7.140  -10.000     -107.1139    -1107.7227
 2  18  10.342  44401.746 324.179  -0.048   11.154  -10.000     -105.0995    -1086.8906
 3  18  10.342  44401.746 324.179  -0.014    9.560  -10.000     -105.0995    -1086.8906
 9  18  10.342  44401.746 324.179  -0.017    8.180  -10.000     -105.0995    -1086.8906
10  18  10.342  44401.746 324.179  -0.025    7.120  -10.000     -105.0995    -1086.8906
 2  18  10.342  44432.812 325.632  -0.057   11.156  -10.000     -102.0955    -1055.8242
 3  18  10.342  44432.812 325.632  -0.010    9.571  -10.000     -102.0955    -1055.8242
 9  18  10.342  44432.812 325.632  -0.020    8.181  -10.000     -102.0955    -1055.8242
10  18  10.342  44432.812 325.632  -0.027    7.121  -10.000     -102.0955    -1055.8242
 2  18  10.342  44908.562 326.998  -0.059   11.164  -10.000      -56.0917     -580.0742
 3  18  10.342  44908.562 326.998  -0.019    9.568  -10.000      -56.0917     -580.0742
 9  18  10.342  44908.562 326.998  -0.008    8.197  -10.000      -56.0917     -580.0742
10  18  10.342  44908.562 326.998  -0.013    7.137  -10.000      -56.0917     -580.0742
 2  18  10.342  44909.582   2.488  -0.056   11.418  -10.000      -55.9931     -579.0547
 3  18  10.342  44909.582   2.488  -0.021    9.730  -10.000      -55.9931     -579.0547
 9  18  10.342  44909.582   2.488  -0.008    8.306  -10.000      -55.9931     -579.0547
10  18  10.342  44909.582   2.488   0.021    7.246  -10.000      -55.9931     -579.0547
 2  18  10.342  44402.887   3.884  -0.062   11.422  -10.000     -104.9892    -1085.7500
 3  18  10.342  44402.887   3.884  -0.009    9.749  -10.000     -104.9892    -1085.7500
 9  18  10.342  44402.887   3.884  -0.015    8.304  -10.000     -104.9892    -1085.7500
10  18  10.342  44402.887   3.884  -0.015    7.214  -10.000     -104.9892    -1085.7500
 2  18  10.342  44910.562  36.620  -0.079   11.618  -10.000      -55.8983     -578.0742
 3  18  10.342  44910.562  36.620  -0.034    9.881  -10.000      -55.8983     -578.0742
 9  18  10.342  44910.562  36.620  -0.026    8.413  -10.000      -55.8983     -578.0742
10  18  10.342  44910.562  36.620  -0.004    7.323  -10.000      -55.8983     -578.0742
 2  18  10.342  44486.758  43.528  -0.039   11.696  -10.000      -96.8791    -1001.8789
 3  18  10.342  44486.758  43.528  -0.015    9.931  -10.000      -96.8791    -1001.8789
 9  18  10.342  44486.758  43.528  -0.015    8.450  -10.000      -96.8791    -1001.8789
10  18  10.342  44486.758  43.528   0.019    7.370  -10.000      -96.8791    -1001.8789
 2  18  10.342  44393.969  53.440  -0.010   11.769  -10.000     -105.8516    -1094.6680
 3  18  10.342  44393.969  53.440  -0.010    9.972  -10.000     -105.8516    -1094.6680
 9  18  10.342  44393.969  53.440  -0.031    8.466  -10.000     -105.8516    -1094.6680
10  18  10.342  44393.969  53.440  -0.004    7.376  -10.000     -105.8516    -1094.6680
 2  18  10.342  44383.902  63.018  -0.028   11.780  -10.000     -106.8250    -1104.7344
 3  18  10.342  44383.902  63.018  -0.008   10.001  -10.000     -106.8250    -1104.7344
 9  18  10.342  44383.902  63.018  -0.018    8.505  -10.000     -106.8250    -1104.7344
10  18  10.342  44383.902  63.018   0.000    7.405  -10.000     -106.8250    -1104.7344
 2  18  10.342  44394.871  84.853  -0.011   11.790  -10.000     -105.7643    -1093.7656
 3  18  10.342  44394.871  84.853  -0.014   10.010  -10.000     -105.7643    -1093.7656
 9  18  10.342  44394.871  84.853  -0.012    8.540  -10.000     -105.7643    -1093.7656
10  18  10.342  44394.871  84.853   0.008    7.450  -10.000     -105.7643    -1093.7656
 2  18  10.342  44384.898  97.693  -0.070   11.683  -10.000     -106.7286    -1103.7383
 3  18  10.342  44384.898  97.693  -0.018    9.986  -10.000     -106.7286    -1103.7383
 9  18  10.342  44384.898  97.693  -0.021    8.529  -10.000     -106.7286    -1103.7383
10  18  10.342  44384.898  97.693  -0.002    7.449  -10.000     -106.7286    -1103.7383
 2  18  10.342  44105.770 100.920  -0.120   11.614  -10.000     -133.7197    -1382.8672
 3  18  10.342  44105.770 100.920  -0.034    9.960  -10.000     -133.7197    -1382.8672
 9  18  10.342  44105.770 100.920  -0.035    8.511  -10.000     -133.7197    -1382.8672
10  18  10.342  44105.770 100.920  -0.039    7.411  -10.000     -133.7197    -1382.8672
 2  18  10.342  44385.785 128.562  -0.094   11.376  -10.000     -106.6429    -1102.8516
 3  18  10.342  44385.785 128.562  -0.033    9.804  -10.000     -106.6429    -1102.8516
 9  18  10.342  44385.785 128.562  -0.074    8.381  -10.000     -106.6429    -1102.8516
10  18  10.342  44385.785 128.562  -0.070    7.331  -10.000     -106.6429    -1102.8516
 2  18  10.342  44106.730 134.368  -0.097   11.312  -10.000     -133.6268    -1381.9062
 3  18  10.342  44106.730 134.368  -0.042    9.757  -10.000     -133.6268    -1381.9062
 9  18  10.342  44106.730 134.368  -0.061    8.372  -10.000     -133.6268    -1381.9062
10  18  10.342  44106.730 134.368  -0.066    7.322  -10.000     -133.6268    -1381.9062
 2  18  10.342  44913.562 141.053  -0.046   11.294  -10.000      -55.6082     -575.0742
 3  18  10.342  44913.562 141.053  -0.011    9.744  -10.000      -55.6082     -575.0742
 9  18  10.342  44913.562 141.053  -0.058    8.347  -10.000      -55.6082     -575.0742
10  18  10.342  44913.562 141.053  -0.082    7.287  -10.000      -55.6082     -575.0742
 2  18  10.342  44044.895 141.795  -0.049   11.283  -10.000     -139.6061    -1443.7422
 3  18  10.342  44044.895 141.795  -0.020    9.730  -10.000     -139.6061    -1443.7422
 9  18  10.342  44044.895 141.795  -0.050    8.352  -10.000     -139.6061    -1443.7422
10  18  10.342  44044.895 141.795  -0.065    7.302  -10.000     -139.6061    -1443.7422
 2  18  10.342  44458.695 146.643  -0.015   11.270  -10.000      -99.5927    -1029.9414
 3  18  10.342  44458.695 146.643   0.014    9.733  -10.000      -99.5927    -1029.9414
 9  18  10.342  44458.695 146.643  -0.014    8.367  -10.000      -99.5927    -1029.9414
10  18  10.342  44458.695 146.643  -0.036    7.317  -10.000      -99.5927    -1029.9414
 2  18  10.342  44458.723 147.593  -0.024   11.252  -10.000      -99.5900    -1029.9141
 3  18  10.342  44458.723 147.593   0.004    9.717  -10.000      -99.5900    -1029.9141
 9  18  10.342  44458.723 147.593  -0.023    8.354  -10.000      -99.5900    -1029.9141
10  18  10.342  44458.723 147.593  -0.036    7.314  -10.000      -99.5900    -1029.9141
 2  18  10.342  44396.848 153.658  -0.002   11.220  -10.000     -105.5732    -1091.7891
 3  18  10.342  44396.848 153.658   0.024    9.700  -10.000     -105.5732    -1091.7891
 9  18  10.342  44396.848 153.658  -0.021    8.330  -10.000     -105.5732    -1091.7891
10  18  10.342  44396.848 153.658  -0.061    7.270  -10.000     -105.5732    -1091.7891
 2  18  10.342  44914.570 176.137   0.018   11.059  -10.000      -55.5107     -574.0664
 3  18  10.342  44914.570 176.137   0.041    9.587  -10.000      -55.5107     -574.0664
 9  18  10.342  44914.570 176.137   0.012    8.266  -10.000      -55.5107     -574.0664
10  18  10.342  44914.570 176.137  -0.018    7.236  -10.000      -55.5107     -574.0664
 2  18  10.342  44045.910 177.149   0.029   11.063  -10.000     -139.5079    -1442.7266
 3  18  10.342  44045.910 177.149   0.042    9.584  -10.000     -139.5079    -1442.7266
 9  18  10.342  44045.910 177.149   0.016    8.266  -10.000     -139.5079    -1442.7266
10  18  10.342  44045.910 177.149  -0.015    7.236  -10.000     -139.5079    -1442.7266
 2  18  10.342  44490.684 180.187   0.034   11.050  -10.000      -96.4995     -997.9531
 3  18  10.342  44490.684 180.187   0.042    9.570  -10.000      -96.4995     -997.9531
 9  18  10.342  44490.684 180.187  -0.005    8.235  -10.000      -96.4995     -997.9531
10  18  10.342  44490.684 180.187  -0.017    7.225  -10.000      -96.4995     -997.9531
 2  18  10.342  44459.684 181.044   0.027   11.039  -10.000      -99.4971    -1028.9531
 3  18  10.342  44459.684 181.044   0.045    9.570  -10.000      -99.4971    -1028.9531
 9  18  10.342  44459.684 181.044   0.024    8.261  -10.000      -99.4971    -1028.9531
10  18  10.342  44459.684 181.044  -0.008    7.231  -10.000      -99.4971    -1028.9531
 2  18  10.342  44821.645 181.291   0.001   11.011  -10.000      -64.4964     -666.9922
 3  18  10.342  44821.645 181.291   0.027    9.551  -10.000      -64.4964     -666.9922
 9  18  10.342  44821.645 181.291  -0.001    8.235  -10.000      -64.4964     -666.9922
10  18  10.342  44821.645 181.291  -0.044    7.195  -10.000      -64.4964     -666.9922
 2  18  10.342  44821.797 186.595  -0.006   10.980  -10.000      -64.4817     -666.8398
 3  18  10.342  44821.797 186.595   0.035    9.540  -10.000      -64.4817     -666.8398
 9  18  10.342  44821.797 186.595   0.010    8.230  -10.000      -64.4817     -666.8398
10  18  10.342  44821.797 186.595  -0.015    7.210  -10.000      -64.4817     -666.8398
 2  18  10.342  44397.816 187.383   0.012   10.995  -10.000     -105.4795    -1090.8203
 3  18  10.342  44397.816 187.383   0.035    9.537  -10.000     -105.4795    -1090.8203
 9  18  10.342  44397.816 187.383  -0.009    8.209  -10.000     -105.4795    -1090.8203
10  18  10.342  44397.816 187.383  -0.004    7.219  -10.000     -105.4795    -1090.8203
 2  18  10.342  44397.875 189.421   0.024   11.000  -10.000     -105.4738    -1090.7617
 3  18  10.342  44397.875 189.421   0.062    9.558  -10.000     -105.4738    -1090.7617
 9  18  10.342  44397.875 189.421   0.020    8.233  -10.000     -105.4738    -1090.7617
10  18  10.342  44397.875 189.421  -0.006    7.213  -10.000     -105.4738    -1090.7617
 2  18  10.342  44387.812 199.135   0.075   11.014  -10.000     -106.4468    -1100.8242
 3  18  10.342  44387.812 199.135   0.088    9.554  -10.000     -106.4468    -1100.8242
 9  18  10.342  44387.812 199.135   0.050    8.237  -10.000     -106.4468    -1100.8242
10  18  10.342  44387.812 199.135   0.031    7.227  -10.000     -106.4468    -1100.8242
 2  18  10.342  44387.863 200.901   0.037   10.967  -10.000     -106.4419    -1100.7734
 3  18  10.342  44387.863 200.901   0.061    9.520  -10.000     -106.4419    -1100.7734
 9  18  10.342  44387.863 200.901   0.034    8.216  -10.000     -106.4419    -1100.7734
10  18  10.342  44387.863 200.901   0.005    7.196  -10.000     -106.4419    -1100.7734
 2  18  10.342  44046.914 212.097   0.036   10.894  -10.000     -139.4108    -1441.7227
 3  18  10.342  44046.914 212.097   0.068    9.473  -10.000     -139.4108    -1441.7227
 9  18  10.342  44046.914 212.097   0.052    8.191  -10.000     -139.4108    -1441.7227
10  18  10.342  44046.914 212.097   0.027    7.181  -10.000     -139.4108    -1441.7227
 2  18  10.342  44460.691 216.129  -0.005   10.821  -10.000      -99.3996    -1027.9453
 3  18  10.342  44460.691 216.129   0.028    9.409  -10.000      -99.3996    -1027.9453
 9  18  10.342  44460.691 216.129   0.025    8.145  -10.000      -99.3996    -1027.9453
10  18  10.342  44460.691 216.129   0.016    7.155  -10.000      -99.3996    -1027.9453
 2  18  10.342  44460.730 217.488   0.027   10.841  -10.000      -99.3959    -1027.9062
 3  18  10.342  44460.730 217.488   0.035    9.407  -10.000      -99.3959    -1027.9062
 9  18  10.342  44460.730 217.488   0.018    8.131  -10.000      -99.3959    -1027.9062
10  18  10.342  44460.730 217.488   0.008    7.141  -10.000      -99.3959    -1027.9062
 2  18  10.342  44460.801 219.935  -0.015   10.778  -10.000      -99.3891    -1027.8359
 3  18  10.342  44460.801 219.935   0.022    9.378  -10.000      -99.3891    -1027.8359
 9  18  10.342  44460.801 219.935   0.008    8.108  -10.000      -99.3891    -1027.8359
10  18  10.342  44460.801 219.935  -0.024    7.098  -10.000      -99.3891    -1027.8359
 2  18  10.342  45474.859 240.396  -0.131   10.549  -10.000       -1.3322      -13.7773
 3  18  10.342  45474.859 240.396  -0.046    9.221  -10.000       -1.3322      -13.7773
 9  18  10.342  45474.859 240.396  -0.034    7.991  -10.000       -1.3322      -13.7773
10  18  10.342  45474.859 240.396  -0.065    6.991  -10.000       -1.3322      -13.7773
 2  18  10.342  44047.883 245.819  -0.089   10.593  -10.000     -139.3172    -1440.7539
 3  18  10.342  44047.883 245.819  -0.025    9.240  -10.000     -139.3172    -1440.7539
 9  18  10.342  44047.883 245.819  -0.023    7.999  -10.000     -139.3172    -1440.7539
10  18  10.342  44047.883 245.819  -0.043    7.009  -10.000     -139.3172    -1440.7539
18 163  10.342  47962.891  91.417  -0.004   10.099  -10.000      239.2539     2474.2539
18 163  10.342  47962.906  91.961   0.006   10.108  -10.000      239.2554     2474.2695
18 163  10.342  47989.652 303.019  -0.001    9.565  -10.000      241.8417     2501.0156
18 163  10.342  47989.727 305.607   0.007    9.586  -10.000      241.8489     2501.0898
18 163  10.342  47989.742 306.151   0.014    9.595  -10.000      241.8504     2501.1055
18 163  10.342  48144.461 292.072   0.009    9.522  -10.000      256.8113     2655.8242
18 163  10.342  48144.477 292.621   0.032    9.548  -10.000      256.8128     2655.8398
18 163  10.342  48144.551 295.203  -0.006    9.522  -10.000      256.8200     2655.9141
18 163  10.342  48144.562 295.609  -0.008    9.523  -10.000      256.8211     2655.9258
18 163  10.342  48167.562  16.260   0.023    9.927  -10.000      259.0452     2678.9258
18 163  10.342  48167.652  19.391  -0.016    9.903  -10.000      259.0539     2679.0156
18 163  10.342  48167.664  19.797  -0.029    9.892  -10.000      259.0550     2679.0273
18 163  10.342  48310.375 307.716  -0.002    9.586  -10.000      272.8548     2821.7383
18 163  10.342  48310.387 308.123   0.002    9.593  -10.000      272.8559     2821.7500
18 163  10.342  48310.461 310.715   0.020    9.621  -10.000      272.8631     2821.8242
18 163  10.342  48328.328 212.684   0.031    9.526  -10.000      274.5908     2839.6914
18 163  10.342  48328.344 213.234   0.040    9.531  -10.000      274.5923     2839.7070
18 163  10.342  48328.414 215.673   0.014    9.491  -10.000      274.5991     2839.7773
18 163  10.342  48328.430 216.222   0.027    9.500  -10.000      274.6006     2839.7930
18 163  10.342  48328.504 218.804   0.005    9.462  -10.000      274.6078     2839.8672
18 163  10.342  48328.520 219.353  -0.006    9.447  -10.000      274.6093     2839.8828
18 163  10.342  48356.672 119.366  -0.055    9.930  -10.000      277.3316     2868.0352
18 163  10.342  48356.688 119.905  -0.047    9.934  -10.000      277.3331     2868.0508
18 163  10.342  48356.762 122.487  -0.017    9.946  -10.000      277.3402     2868.1250
18 163  10.342  48356.777 123.036  -0.036    9.924  -10.000      277.3418     2868.1406
18 163  10.342  48492.402 164.290   0.056    9.759  -10.000      290.4564     3003.7656
18 163  10.342  48492.414 164.696   0.042    9.742  -10.000      290.4575     3003.7773
18 163  10.342  48492.492 167.410   0.102    9.786  -10.000      290.4650     3003.8555
18 163  10.342  48492.504 167.816   0.036    9.717  -10.000      290.4662     3003.8672
18 163  10.342  48505.820 271.373   0.066    9.494  -10.000      291.7538     3017.1836
18 163  10.342  48538.203 318.658  -0.017    9.620  -10.000      294.8852     3049.5664
18 163  10.342  48702.773 287.523   0.023    9.516  -10.000      310.7987     3214.1367
18 163  10.342  48702.789 288.073   0.033    9.528  -10.000      310.8002     3214.1523
18 163  10.342  48702.863 290.654   0.028    9.535  -10.000      310.8074     3214.2266
18 163  10.342  48702.879 291.193  -0.001    9.509  -10.000      310.8089     3214.2422
18 163  10.342  48733.785 287.073   0.033    9.524  -10.000      313.7974     3245.1484
18 163  10.342  48733.801 287.622   0.007    9.501  -10.000      313.7990     3245.1641
18 163  10.342  48749.250 105.425  -0.003   10.060  -10.000      315.2928     3260.6133
18 163  10.342  48749.266 105.974  -0.040   10.022  -10.000      315.2944     3260.6289
18 163  10.342  48932.543   6.053  -0.007    9.847  -10.000      333.0168     3443.9062
18 163  10.342  49040.586 167.135   0.020    9.705  -10.000      343.4643     3551.9492
18 163  10.342  49040.598 167.552   0.070    9.752  -10.000      343.4654     3551.9609
18 163  10.342  49040.672 170.134   0.098    9.766  -10.000      343.4726     3552.0352
18 163  10.342  49040.688 170.673   0.041    9.707  -10.000      343.4741     3552.0508
18 163  10.342  49040.762 173.254   0.038    9.690  -10.000      343.4813     3552.1250
18 163  10.342  49040.777 173.804   0.088    9.737  -10.000      343.4828     3552.1406
 0  29  10.342  44440.793 243.441   1.175    5.400    3.800     -101.3238    -1047.8438
 0  29  10.342  44060.844 337.006   4.073    8.200    3.800     -138.0639    -1427.7930
 0  29  10.342  44475.680  17.886   7.425   22.700    3.800      -97.9503    -1012.9570
 0  29  10.342  44062.824  45.945  -1.331   25.300    3.800     -137.8724    -1425.8125
 0  29  10.342  44445.781  57.090   8.411   36.300    3.800     -100.8414    -1042.8555
 0  29  10.342  44797.789  70.856   2.012   34.100    3.800      -66.8032     -690.8477
 0  29  10.342  44063.797  79.805   6.925   38.800    3.800     -137.7783    -1424.8398
 0  29  10.342  44891.578  95.754   8.051   42.100    3.800      -57.7340     -597.0586
 0  29  10.342  44798.785 105.532   5.040   41.300    3.800      -66.7069     -689.8516
 0  29  10.342  44892.582 130.700  -0.020   32.600    3.800      -57.6369     -596.0547
 0  29  10.342  44799.832 141.974   1.650   24.300    3.800      -66.6056     -688.8047
 1   2  10.342  41766.645  33.486  -0.053   13.170  -10.000     -359.9070    -3721.9922
 2   2  10.342  41766.645  33.486  -0.049   11.630  -10.000     -359.9070    -3721.9922
 3   2  10.342  41766.645  33.486  -0.060    9.840  -10.000     -359.9070    -3721.9922
 1   2  10.342  41928.609 271.648  -0.072   11.880  -10.000     -344.2454    -3560.0273
 2   2  10.342  41928.609 271.648   0.001   10.810  -10.000     -344.2454    -3560.0273
 3   2  10.342  41928.609 271.648  -0.047    9.290  -10.000     -344.2454    -3560.0273
 1   2  10.342  41929.605 306.332  -0.149   12.200  -10.000     -344.1491    -3559.0312
 2   2  10.342  41929.605 306.332  -0.080   10.990  -10.000     -344.1491    -3559.0312
 3   2  10.342  41929.605 306.332  -0.083    9.410  -10.000     -344.1491    -3559.0312
 0 170  10.342  50224.535 341.675   2.925    8.360    0.320      457.9491     4735.8984
 0 170  10.342  50230.531 190.404  -0.636    5.820    0.440      458.5289     4741.8945
 0 170  10.342  50278.488  59.843  -0.229   29.920    0.510      463.1662     4789.8516
 0 170  10.342  50280.410 126.738  -3.067   30.020    0.780      463.3521     4791.7734
 0 170  10.342  50282.426 196.908   0.366    6.150    0.520      463.5470     4793.7891
 0 170  10.342  50283.445 232.405  -0.609    3.950    0.540      463.6456     4794.8086
 0 170  10.342  50284.504 269.253  -5.235   -5.370    0.530      463.7479     4795.8672
 0 170  10.342  50286.477 337.917   2.884    7.320    0.600      463.9387     4797.8398
 0 170  10.342  50296.465 325.624  -1.184    1.200    0.510      464.9045     4807.8281
