 2  79  12.226  44825.387 121.638   0.051   14.573  -10.000      -60.6621     -741.6250
 3  79  12.226  44825.387 121.638   0.037   12.564  -10.000      -60.6621     -741.6250
 3  79  12.226  44827.258 176.736   0.095   12.350  -10.000      -60.5091     -739.7539
 2  79  12.226  44829.281 236.319   0.109   13.587  -10.000      -60.3436     -737.7305
 3  79  12.226  44829.281 236.319   0.038   11.833  -10.000      -60.3436     -737.7305
 2  79  12.226  44830.258 265.075   0.003   13.740  -10.000      -60.2637     -736.7539
 3  79  12.226  44830.258 265.075  -0.010   11.939  -10.000      -60.2637     -736.7539
 2  79  12.226  44831.258 294.523  -0.007   13.969  -10.000      -60.1819     -735.7539
 3  79  12.226  44831.258 294.523  -0.002   12.085  -10.000      -60.1819     -735.7539
 2  79  12.226  44832.262 324.084   0.024   14.200  -10.000      -60.0998     -734.7500
 3  79  12.226  44832.262 324.084   0.006   12.210  -10.000      -60.0998     -734.7500
 2  79  12.226  44833.250 353.186  -0.012   14.366  -10.000      -60.0189     -733.7617
 3  79  12.226  44833.250 353.186  -0.013   12.323  -10.000      -60.0189     -733.7617
 2  79  12.226  44835.371  55.644   0.058   14.824  -10.000      -59.8454     -731.6406
 3  79  12.226  44835.371  55.644   0.027   12.657  -10.000      -59.8454     -731.6406
 2  79  12.226  44844.230 316.523  -0.005   14.125  -10.000      -59.1208     -722.7812
 3  79  12.226  44844.230 316.523  -0.004   12.173  -10.000      -59.1208     -722.7812
 2  79  12.226  44845.211 345.395  -0.001   14.323  -10.000      -59.0406     -721.8008
 3  79  12.226  44845.211 345.395  -0.003   12.297  -10.000      -59.0406     -721.8008
 2  79  12.226  44846.250  15.992  -0.028   14.513  -10.000      -58.9556     -720.7617
 3  79  12.226  44846.250  15.992  -0.018   12.434  -10.000      -58.9556     -720.7617
 2  79  12.226  44847.223  44.633  -0.048   14.663  -10.000      -58.8760     -719.7891
 3  79  12.226  44847.223  44.633  -0.036   12.547  -10.000      -58.8760     -719.7891
 2  79  12.226  44848.215  73.850   0.052   14.857  -10.000      -58.7949     -718.7969
 3  79  12.226  44848.215  73.850   0.034   12.707  -10.000      -58.7949     -718.7969
 2  79  12.226  44849.246 104.216   0.066   14.759  -10.000      -58.7105     -717.7656
 3  79  12.226  44849.246 104.216   0.052   12.680  -10.000      -58.7105     -717.7656
 2  79  12.226  44850.242 133.548   0.046   14.430  -10.000      -58.6290     -716.7695
 3  79  12.226  44850.242 133.548   0.007   12.451  -10.000      -58.6290     -716.7695
 2  79  12.226  44851.238 162.881   0.060   14.235  -10.000      -58.5476     -715.7734
 3  79  12.226  44851.238 162.881   0.035   12.347  -10.000      -58.5476     -715.7734
 2  79  12.226  44852.230 192.096   0.117   14.025  -10.000      -58.4664     -714.7812
 3  79  12.226  44852.230 192.096   0.108   12.227  -10.000      -58.4664     -714.7812
 2  79  12.226  44854.234 251.105   0.033   13.641  -10.000      -58.3025     -712.7773
 3  79  12.226  44854.234 251.105   0.006   11.878  -10.000      -58.3025     -712.7773
 2  79  12.226  44855.223 280.206   0.007   13.875  -10.000      -58.2216     -711.7891
 3  79  12.226  44855.223 280.206   0.005   12.032  -10.000      -58.2216     -711.7891
 2  79  12.226  44856.219 309.538   0.003   14.087  -10.000      -58.1402     -710.7930
 3  79  12.226  44856.219 309.538   0.030   12.180  -10.000      -58.1402     -710.7930
 2  79  12.226  44857.219 338.985   0.022   14.302  -10.000      -58.0584     -709.7930
 3  79  12.226  44857.219 338.985   0.042   12.312  -10.000      -58.0584     -709.7930
 2  79  12.226  44880.207 295.913  -0.001   13.984  -10.000      -56.1780     -686.8047
 3  79  12.226  44880.207 295.913  -0.014   12.078  -10.000      -56.1780     -686.8047
 2  79  12.226  44881.195 325.014   0.001   14.183  -10.000      -56.0972     -685.8164
 3  79  12.226  44881.195 325.014  -0.001   12.206  -10.000      -56.0972     -685.8164
 2  79  12.226  44882.242 355.840   0.002   14.399  -10.000      -56.0116     -684.7695
 3  79  12.226  44882.242 355.840   0.002   12.351  -10.000      -56.0116     -684.7695
 2  79  12.226  44884.168  52.549  -0.008   14.743  -10.000      -55.8540     -682.8438
 3  79  12.226  44884.168  52.549   0.034   12.651  -10.000      -55.8540     -682.8438
 2  79  12.226  45175.406 348.536   0.001   14.347  -10.000      -32.0318     -391.6055
 3  79  12.226  45175.406 348.536  -0.006   12.308  -10.000      -32.0318     -391.6055
 2  79  12.226  45178.379  76.071   0.014   14.818  -10.000      -31.7887     -388.6328
 3  79  12.226  45178.379  76.071   0.004   12.679  -10.000      -31.7887     -388.6328
 2  79  12.226  45179.277 102.527   0.042   14.748  -10.000      -31.7152     -387.7344
 3  79  12.226  45179.277 102.527   0.032   12.667  -10.000      -31.7152     -387.7344
 2  79  12.226  45180.305 132.779   0.024   14.417  -10.000      -31.6312     -386.7070
 3  79  12.226  45180.305 132.779  -0.006   12.442  -10.000      -31.6312     -386.7070
 2  79  12.226  45181.254 160.730   0.067   14.252  -10.000      -31.5535     -385.7578
 3  79  12.226  45181.254 160.730   0.030   12.349  -10.000      -31.5535     -385.7578
 2  79  12.226  45182.258 190.291   0.104   14.042  -10.000      -31.4714     -384.7539
 3  79  12.226  45182.258 190.291   0.083   12.224  -10.000      -31.4714     -384.7539
 2  79  12.226  45183.285 220.544   0.000   13.455  -10.000      -31.3874     -383.7266
 3  79  12.226  45183.285 220.544  -0.001   11.788  -10.000      -31.3874     -383.7266
 2  79  12.226  45184.250 248.955   0.029   13.615  -10.000      -31.3085     -382.7617
 3  79  12.226  45184.250 248.955  -0.006   11.852  -10.000      -31.3085     -382.7617
 2  79  12.226  45186.285 308.883  -0.020   14.059  -10.000      -31.1420     -380.7266
 3  79  12.226  45186.285 308.883  -0.024   12.123  -10.000      -31.1420     -380.7266
 2  79  12.226  45187.262 337.640   0.009   14.279  -10.000      -31.0621     -379.7500
 3  79  12.226  45187.262 337.640  -0.001   12.263  -10.000      -31.0621     -379.7500
 3  79  12.226  45188.258   6.972  -0.027   12.380  -10.000      -30.9806     -378.7539
 2  79  12.226  45190.305  67.245  -0.018   14.783  -10.000      -30.8132     -376.7070
 3  79  12.226  45190.305  67.245  -0.012   12.653  -10.000      -30.8132     -376.7070
 2  79  12.226  45191.309  96.807   0.019   14.765  -10.000      -30.7311     -375.7031
 3  79  12.226  45191.309  96.807   0.028   12.685  -10.000      -30.7311     -375.7031
 2  79  12.226  45192.312 126.368  -0.022   14.444  -10.000      -30.6490     -374.6992
 3  79  12.226  45192.312 126.368  -0.014   12.479  -10.000      -30.6490     -374.6992
 2  79  12.226  45193.359 157.195   0.035   14.238  -10.000      -30.5633     -373.6523
 3  79  12.226  45193.359 157.195   0.024   12.355  -10.000      -30.5633     -373.6523
 2  79  12.226  45194.336 185.952   0.088   14.090  -10.000      -30.4835     -372.6758
 3  79  12.226  45194.336 185.952   0.088   12.275  -10.000      -30.4835     -372.6758
 2  79  12.226  45198.348 304.084   0.007   14.051  -10.000      -30.1553     -368.6641
 3  79  12.226  45198.348 304.084  -0.018   12.108  -10.000      -30.1553     -368.6641
 2  79  12.226  45201.324  31.733  -0.029   14.609  -10.000      -29.9119     -365.6875
 3  79  12.226  45201.324  31.733  -0.005   12.519  -10.000      -29.9119     -365.6875
 2  79  12.226  45203.328  90.742   0.012   14.788  -10.000      -29.7479     -363.6836
 3  79  12.226  45203.328  90.742   0.021   12.692  -10.000      -29.7479     -363.6836
 2  79  12.226  45204.289 119.038   0.028   14.580  -10.000      -29.6693     -362.7227
 3  79  12.226  45204.289 119.038   0.029   12.574  -10.000      -29.6693     -362.7227
 2  79  12.226  45649.172 259.340  -0.026   13.661  -10.000        6.7204       82.1602
 3  79  12.226  45649.172 259.340  -0.013   11.908  -10.000        6.7204       82.1602
 4  79  12.226  45649.172 259.340  -0.036   10.824  -10.000        6.7204       82.1602
 2  79  12.226  45665.125   9.106  -0.063   14.432  -10.000        8.0253       98.1133
 3  79  12.226  45665.125   9.106  -0.041   12.377  -10.000        8.0253       98.1133
 4  79  12.226  45665.125   9.106  -0.016   11.212  -10.000        8.0253       98.1133
 2  79  12.226  45668.117  97.216  -0.023   14.721  -10.000        8.2700      101.1055
 3  79  12.226  45668.117  97.216  -0.018   12.638  -10.000        8.2700      101.1055
 4  79  12.226  45668.117  97.216  -0.012   11.449  -10.000        8.2700      101.1055
 2  79  12.226  45675.109 303.112   0.084   14.121  -10.000        8.8420      108.0977
 3  79  12.226  45675.109 303.112   0.021   12.143  -10.000        8.8420      108.0977
 4  79  12.226  45675.109 303.112   0.024   11.023  -10.000        8.8420      108.0977
 2  79  12.226  45864.316 114.623   0.053   14.651  -10.000       24.3184      297.3047
 3  79  12.226  45864.316 114.623  -0.001   12.572  -10.000       24.3184      297.3047
 4  79  12.226  45864.316 114.623  -0.005   11.399  -10.000       24.3184      297.3047
 2  79  12.226  45866.355 174.667   0.081   14.192  -10.000       24.4852      299.3438
 3  79  12.226  45866.355 174.667   0.065   12.331  -10.000       24.4852      299.3438
 4  79  12.226  45866.355 174.667   0.033   11.206  -10.000       24.4852      299.3438
 1  79  12.226  45867.328 203.308  -0.021   15.066  -10.000       24.5647      300.3164
 2  79  12.226  45867.328 203.308  -0.012   13.681  -10.000       24.5647      300.3164
 3  79  12.226  45867.328 203.308  -0.012   11.953  -10.000       24.5647      300.3164
 4  79  12.226  45867.328 203.308   0.002   10.921  -10.000       24.5647      300.3164
 1  79  12.226  45868.258 230.684   0.036   14.801  -10.000       24.6408      301.2461
 2  79  12.226  45868.258 230.684   0.094   13.542  -10.000       24.6408      301.2461
 3  79  12.226  45868.258 230.684   0.025   11.803  -10.000       24.6408      301.2461
 4  79  12.226  45868.258 230.684   0.013   10.770  -10.000       24.6408      301.2461
 1  79  12.226  45869.316 261.856  -0.071   15.093  -10.000       24.7274      302.3047
 2  79  12.226  45869.316 261.856  -0.031   13.678  -10.000       24.7274      302.3047
 3  79  12.226  45869.316 261.856  -0.028   11.905  -10.000       24.7274      302.3047
 4  79  12.226  45869.316 261.856  -0.042   10.827  -10.000       24.7274      302.3047
 1  79  12.226  45870.293 290.612  -0.101   15.433  -10.000       24.8073      303.2812
 2  79  12.226  45870.293 290.612  -0.043   13.905  -10.000       24.8073      303.2812
 3  79  12.226  45870.293 290.612  -0.019   12.053  -10.000       24.8073      303.2812
 4  79  12.226  45870.293 290.612  -0.032   10.933  -10.000       24.8073      303.2812
 1  79  12.226  45871.289 319.945   0.100   15.949  -10.000       24.8887      304.2773
 2  79  12.226  45871.289 319.945  -0.034   14.117  -10.000       24.8887      304.2773
 3  79  12.226  45871.289 319.945  -0.040   12.149  -10.000       24.8887      304.2773
 4  79  12.226  45871.289 319.945  -0.035   11.011  -10.000       24.8887      304.2773
 2  79  12.226  45872.285 349.276  -0.024   14.327  -10.000       24.9702      305.2734
 3  79  12.226  45872.285 349.276  -0.011   12.307  -10.000       24.9702      305.2734
 4  79  12.226  45872.285 349.276  -0.009   11.136  -10.000       24.9702      305.2734
 2  79  12.226  45873.277  18.493  -0.002   14.555  -10.000       25.0514      306.2656
 3  79  12.226  45873.277  18.493  -0.029   12.434  -10.000       25.0514      306.2656
 4  79  12.226  45873.277  18.493  -0.013   11.253  -10.000       25.0514      306.2656
 2  79  12.226  45874.270  47.709   0.000   14.727  -10.000       25.1325      307.2578
 3  79  12.226  45874.270  47.709  -0.019   12.577  -10.000       25.1325      307.2578
 4  79  12.226  45874.270  47.709  -0.025   11.359  -10.000       25.1325      307.2578
 2  79  12.226  45875.262  76.926   0.001   14.805  -10.000       25.2137      308.2500
 3  79  12.226  45875.262  76.926   0.002   12.677  -10.000       25.2137      308.2500
 4  79  12.226  45875.262  76.926   0.006   11.469  -10.000       25.2137      308.2500
 2  79  12.226  45876.262 106.372   0.037   14.712  -10.000       25.2955      309.2500
 3  79  12.226  45876.262 106.372   0.008   12.626  -10.000       25.2955      309.2500
 4  79  12.226  45876.262 106.372   0.002   11.437  -10.000       25.2955      309.2500
 2  79  12.226  45877.285 136.509   0.003   14.358  -10.000       25.3792      310.2734
 3  79  12.226  45877.285 136.509  -0.007   12.419  -10.000       25.3792      310.2734
 4  79  12.226  45877.285 136.509  -0.032   11.265  -10.000       25.3792      310.2734
 2  79  12.226  45878.262 165.265   0.030   14.193  -10.000       25.4591      311.2500
 3  79  12.226  45878.262 165.265   0.024   12.328  -10.000       25.4591      311.2500
 4  79  12.226  45878.262 165.265  -0.008   11.196  -10.000       25.4591      311.2500
 2  79  12.226  45879.266 194.827   0.058   13.917  -10.000       25.5412      312.2539
 3  79  12.226  45879.266 194.827   0.057   12.141  -10.000       25.5412      312.2539
 4  79  12.226  45879.266 194.827   0.037   11.056  -10.000       25.5412      312.2539
 2  79  12.226  45880.277 224.619   0.055   13.495  -10.000       25.6239      313.2656
 3  79  12.226  45880.277 224.619   0.026   11.802  -10.000       25.6239      313.2656
 4  79  12.226  45880.277 224.619   0.008   10.766  -10.000       25.6239      313.2656
 2  79  12.226  45881.254 253.376   0.008   13.638  -10.000       25.7038      314.2422
 3  79  12.226  45881.254 253.376  -0.007   11.879  -10.000       25.7038      314.2422
 4  79  12.226  45881.254 253.376  -0.012   10.823  -10.000       25.7038      314.2422
 2  79  12.226  45882.262 283.052  -0.003   13.888  -10.000       25.7863      315.2500
 3  79  12.226  45882.262 283.052  -0.037   12.003  -10.000       25.7863      315.2500
 4  79  12.226  45882.262 283.052  -0.031   10.913  -10.000       25.7863      315.2500
 2  79  12.226  45883.266 312.614  -0.037   14.068  -10.000       25.8684      316.2539
 3  79  12.226  45883.266 312.614  -0.029   12.133  -10.000       25.8684      316.2539
 4  79  12.226  45883.266 312.614  -0.039   10.989  -10.000       25.8684      316.2539
 2  79  12.226  45886.262  40.839  -0.021   14.670  -10.000       26.1134      319.2500
 3  79  12.226  45886.262  40.839  -0.034   12.533  -10.000       26.1134      319.2500
 4  79  12.226  45886.262  40.839  -0.022   11.335  -10.000       26.1134      319.2500
 2  79  12.226  45887.254  70.055  -0.029   14.775  -10.000       26.1946      320.2422
 3  79  12.226  45887.254  70.055  -0.028   12.641  -10.000       26.1946      320.2422
 4  79  12.226  45887.254  70.055  -0.016   11.439  -10.000       26.1946      320.2422
 2  79  12.226  47734.332 100.294  -0.093   14.630  -10.000      177.2786     2167.3203
 3  79  12.226  47734.332 100.294  -0.075   12.570  -10.000      177.2786     2167.3203
 4  79  12.226  47734.332 100.294  -0.067   11.387  -10.000      177.2786     2167.3203
 2  79  12.226  47735.371 130.891  -0.005   14.408  -10.000      177.3636     2168.3594
 3  79  12.226  47735.371 130.891  -0.004   12.457  -10.000      177.3636     2168.3594
 4  79  12.226  47735.371 130.891   0.003   11.326  -10.000      177.3636     2168.3594
 2  79  12.226  47736.375 160.450  -0.001   14.186  -10.000      177.4457     2169.3633
 3  79  12.226  47736.375 160.450   0.012   12.332  -10.000      177.4457     2169.3633
 4  79  12.226  47736.375 160.450   0.007   11.224  -10.000      177.4457     2169.3633
 2  79  12.226  47737.371 189.783   0.018   13.964  -10.000      177.5272     2170.3594
 3  79  12.226  47737.371 189.783   0.006   12.153  -10.000      177.5272     2170.3594
 4  79  12.226  47737.371 189.783   0.017   11.089  -10.000      177.5272     2170.3594
 2  79  12.226  47738.348 218.540  -0.074   13.395  -10.000      177.6071     2171.3359
 3  79  12.226  47738.348 218.540  -0.017   11.782  -10.000      177.6071     2171.3359
 4  79  12.226  47738.348 218.540  -0.013   10.766  -10.000      177.6071     2171.3359
 2  79  12.226  47739.312 246.951  -0.015   13.551  -10.000      177.6860     2172.3008
 3  79  12.226  47739.312 246.951  -0.027   11.819  -10.000      177.6860     2172.3008
 4  79  12.226  47739.312 246.951  -0.020   10.784  -10.000      177.6860     2172.3008
 2  79  12.226  47740.348 277.432  -0.065   13.780  -10.000      177.7706     2173.3359
 3  79  12.226  47740.348 277.432  -0.052   11.961  -10.000      177.7706     2173.3359
 4  79  12.226  47740.348 277.432  -0.047   10.878  -10.000      177.7706     2173.3359
 2  79  12.226  47741.309 305.728  -0.071   13.985  -10.000      177.8492     2174.2969
 3  79  12.226  47741.309 305.728  -0.067   12.066  -10.000      177.8492     2174.2969
 4  79  12.226  47741.309 305.728  -0.031   10.976  -10.000      177.8492     2174.2969
 2  79  12.226  47742.312 335.292  -0.063   14.190  -10.000      177.9314     2175.3008
 3  79  12.226  47742.312 335.292  -0.040   12.213  -10.000      177.9314     2175.3008
 4  79  12.226  47742.312 335.292  -0.033   11.061  -10.000      177.9314     2175.3008
 2  79  12.226  47743.301   4.395  -0.086   14.375  -10.000      178.0122     2176.2891
 3  79  12.226  47743.301   4.395  -0.035   12.359  -10.000      178.0122     2176.2891
 4  79  12.226  47743.301   4.395  -0.012   11.196  -10.000      178.0122     2176.2891
 2  79  12.226  47744.281  33.267  -0.063   14.584  -10.000      178.0924     2177.2695
 3  79  12.226  47744.281  33.267  -0.036   12.496  -10.000      178.0924     2177.2695
 4  79  12.226  47744.281  33.267  -0.021   11.305  -10.000      178.0924     2177.2695
 2  79  12.226  47745.285  62.825  -0.027   14.765  -10.000      178.1745     2178.2734
 3  79  12.226  47745.285  62.825  -0.007   12.647  -10.000      178.1745     2178.2734
 4  79  12.226  47745.285  62.825   0.000   11.439  -10.000      178.1745     2178.2734
 2  79  12.226  47746.289  92.390   0.019   14.789  -10.000      178.2566     2179.2773
 3  79  12.226  47746.289  92.390   0.034   12.702  -10.000      178.2566     2179.2773
 4  79  12.226  47746.289  92.390   0.034   11.502  -10.000      178.2566     2179.2773
 2  79  12.226  47747.285 121.718  -0.051   14.470  -10.000      178.3381     2180.2734
 3  79  12.226  47747.285 121.718  -0.051   12.476  -10.000      178.3381     2180.2734
 4  79  12.226  47747.285 121.718  -0.045   11.326  -10.000      178.3381     2180.2734
 2  79  12.226  47748.281 151.051  -0.007   14.234  -10.000      178.4196     2181.2695
 3  79  12.226  47748.281 151.051  -0.021   12.334  -10.000      178.4196     2181.2695
 4  79  12.226  47748.281 151.051  -0.027   11.218  -10.000      178.4196     2181.2695
 2  79  12.226  47749.277 180.385   0.064   14.129  -10.000      178.5011     2182.2656
 3  79  12.226  47749.277 180.385   0.052   12.285  -10.000      178.5011     2182.2656
 4  79  12.226  47749.277 180.385   0.061   11.205  -10.000      178.5011     2182.2656
 2  79  12.226  47750.266 209.482  -0.182   13.399  -10.000      178.5819     2183.2539
 3  79  12.226  47750.266 209.482  -0.106   11.777  -10.000      178.5819     2183.2539
 4  79  12.226  47750.266 209.482  -0.074   10.776  -10.000      178.5819     2183.2539
 2  79  12.226  47751.262 238.815  -0.022   13.474  -10.000      178.6634     2184.2500
 3  79  12.226  47751.262 238.815  -0.013   11.791  -10.000      178.6634     2184.2500
 2  79  12.226  47752.246 267.803  -0.026   13.734  -10.000      178.7439     2185.2344
 3  79  12.226  47752.246 267.803  -0.033   11.930  -10.000      178.7439     2185.2344
 4  79  12.226  47752.246 267.803  -0.011   10.878  -10.000      178.7439     2185.2344
 2  79  12.226  47753.246 297.246  -0.036   13.959  -10.000      178.8257     2186.2344
 3  79  12.226  47753.246 297.246  -0.036   12.062  -10.000      178.8257     2186.2344
 4  79  12.226  47753.246 297.246  -0.011   10.971  -10.000      178.8257     2186.2344
 2  79  12.226  47754.273 327.502   0.006   14.204  -10.000      178.9097     2187.2617
 3  79  12.226  47754.273 327.502  -0.009   12.208  -10.000      178.9097     2187.2617
 4  79  12.226  47754.273 327.502   0.007   11.074  -10.000      178.9097     2187.2617
 2  79  12.226  47755.309 357.984   0.001   14.414  -10.000      178.9944     2188.2969
 3  79  12.226  47755.309 357.984  -0.033   12.327  -10.000      178.9944     2188.2969
 4  79  12.226  47755.309 357.984  -0.020   11.160  -10.000      178.9944     2188.2969
 2  79  12.226  47756.309  27.427  -0.020   14.591  -10.000      179.0762     2189.2969
 3  79  12.226  47756.309  27.427  -0.050   12.454  -10.000      179.0762     2189.2969
 4  79  12.226  47756.309  27.427  -0.034   11.267  -10.000      179.0762     2189.2969
 2  79  12.226  47757.277  55.953  -0.053   14.714  -10.000      179.1554     2190.2656
 3  79  12.226  47757.277  55.953  -0.045   12.586  -10.000      179.1554     2190.2656
 4  79  12.226  47757.277  55.953  -0.018   11.398  -10.000      179.1554     2190.2656
 2  79  12.226  47758.270  85.172  -0.051   14.742  -10.000      179.2366     2191.2578
 3  79  12.226  47758.270  85.172   0.005   12.681  -10.000      179.2366     2191.2578
 4  79  12.226  47758.270  85.172   0.019   11.488  -10.000      179.2366     2191.2578
 2  79  12.226  47759.246 113.928   0.018   14.623  -10.000      179.3165     2192.2344
 3  79  12.226  47759.246 113.928   0.026   12.603  -10.000      179.3165     2192.2344
 4  79  12.226  47759.246 113.928   0.016   11.423  -10.000      179.3165     2192.2344
 2  79  12.226  47760.262 143.833  -0.008   14.285  -10.000      179.3995     2193.2500
 3  79  12.226  47760.262 143.833  -0.030   12.359  -10.000      179.3995     2193.2500
 4  79  12.226  47760.262 143.833  -0.028   11.243  -10.000      179.3995     2193.2500
 2  79  12.226  47761.250 172.936   0.037   14.159  -10.000      179.4804     2194.2383
 3  79  12.226  47761.250 172.936   0.055   12.329  -10.000      179.4804     2194.2383
 4  79  12.226  47761.250 172.936   0.023   11.203  -10.000      179.4804     2194.2383
 2  79  12.226  47762.230 201.808  -0.079   13.644  -10.000      179.5606     2195.2188
 3  79  12.226  47762.230 201.808  -0.018   11.968  -10.000      179.5606     2195.2188
 4  79  12.226  47762.230 201.808   0.004   10.941  -10.000      179.5606     2195.2188
 2  79  12.226  47763.199 230.334   0.045   13.492  -10.000      179.6398     2196.1875
 3  79  12.226  47763.199 230.334   0.028   11.806  -10.000      179.6398     2196.1875
 4  79  12.226  47763.199 230.334   0.016   10.773  -10.000      179.6398     2196.1875
 2  79  12.226  47764.203 259.898  -0.052   13.640  -10.000      179.7219     2197.1914
 3  79  12.226  47764.203 259.898  -0.053   11.871  -10.000      179.7219     2197.1914
 4  79  12.226  47764.203 259.898  -0.032   10.830  -10.000      179.7219     2197.1914
 2  79  12.226  47766.215 319.136   0.015   14.161  -10.000      179.8865     2199.2031
 3  79  12.226  47766.215 319.136   0.001   12.187  -10.000      179.8865     2199.2031
 4  79  12.226  47766.215 319.136  -0.003   11.041  -10.000      179.8865     2199.2031
 2  79  12.226  47767.250 349.618  -0.051   14.302  -10.000      179.9712     2200.2383
 3  79  12.226  47767.250 349.618  -0.026   12.293  -10.000      179.9712     2200.2383
 4  79  12.226  47767.250 349.618  -0.025   11.122  -10.000      179.9712     2200.2383
 2  79  12.226  47770.238  77.613  -0.001   14.802  -10.000      180.2156     2203.2266
 3  79  12.226  47770.238  77.613   0.017   12.692  -10.000      180.2156     2203.2266
 4  79  12.226  47770.238  77.613   0.032   11.495  -10.000      180.2156     2203.2266
 2  79  12.226  47771.230 106.826   0.013   14.684  -10.000      180.2967     2204.2188
 3  79  12.226  47771.230 106.826  -0.001   12.614  -10.000      180.2967     2204.2188
 4  79  12.226  47771.230 106.826  -0.010   11.424  -10.000      180.2967     2204.2188
 2  79  12.226  47772.227 136.159  -0.025   14.333  -10.000      180.3782     2205.2148
 3  79  12.226  47772.227 136.159  -0.044   12.384  -10.000      180.3782     2205.2148
 4  79  12.226  47772.227 136.159  -0.043   11.256  -10.000      180.3782     2205.2148
 2  79  12.226  47773.254 166.410   0.030   14.188  -10.000      180.4622     2206.2422
 3  79  12.226  47773.254 166.410   0.030   12.330  -10.000      180.4622     2206.2422
 4  79  12.226  47773.254 166.410   0.024   11.225  -10.000      180.4622     2206.2422
 2  79  12.226  47774.258 195.974   0.000   13.838  -10.000      180.5444     2207.2461
 3  79  12.226  47774.258 195.974   0.011   12.080  -10.000      180.5444     2207.2461
 4  79  12.226  47774.258 195.974   0.008   11.015  -10.000      180.5444     2207.2461
 2  79  12.226  47775.223 224.385   0.038   13.478  -10.000      180.6233     2208.2109
 3  79  12.226  47775.223 224.385   0.030   11.806  -10.000      180.6233     2208.2109
 4  79  12.226  47775.223 224.385   0.039   10.797  -10.000      180.6233     2208.2109
 2  79  12.226  47776.227 253.943   0.008   13.644  -10.000      180.7054     2209.2148
 3  79  12.226  47776.227 253.943  -0.008   11.882  -10.000      180.7054     2209.2148
 4  79  12.226  47776.227 253.943  -0.019   10.818  -10.000      180.7054     2209.2148
 3  79  12.226  49957.250  37.749   0.001   12.554  -10.000      359.1049     4390.2383
 5  79  12.226  49957.250  37.749   0.032   10.251  -10.000      359.1049     4390.2383
 3  79  12.226  49958.227  66.511   0.034   12.697  -10.000      359.1848     4391.2148
 5  79  12.226  49958.227  66.511   0.059   10.376  -10.000      359.1848     4391.2148
 3  79  12.226  49959.254  96.757   0.051   12.708  -10.000      359.2688     4392.2422
 5  79  12.226  49959.254  96.757  -0.012   10.337  -10.000      359.2688     4392.2422
 3  79  12.226  49962.254 185.098   0.088   12.283  -10.000      359.5142     4395.2422
 5  79  12.226  49962.254 185.098   0.107   10.210  -10.000      359.5142     4395.2422
 3  79  12.226  49987.227 200.457  -0.061   11.944  -10.000      361.5568     4420.2148
 5  79  12.226  49987.227 200.457  -0.025    9.948  -10.000      361.5568     4420.2148
 3  79  12.226  49992.156 345.619  -0.010   12.291  -10.000      361.9601     4425.1445
 5  79  12.226  49992.156 345.619   0.018   10.062  -10.000      361.9601     4425.1445
 3  79  12.226  50007.254  70.192   0.055   12.725  -10.000      363.1950     4440.2422
 5  79  12.226  50007.254  70.192   0.037   10.362  -10.000      363.1950     4440.2422
 3  79  12.226  50009.211 127.826  -0.013   12.470  -10.000      363.3551     4442.1992
 5  79  12.226  50009.211 127.826   0.008   10.281  -10.000      363.3551     4442.1992
 3  79  12.226  50011.203 186.493   0.068   12.250  -10.000      363.5180     4444.1914
 5  79  12.226  50011.203 186.493   0.041   10.135  -10.000      363.5180     4444.1914
 3  79  12.226  50017.125   0.868   0.009   12.384  -10.000      364.0024     4450.1133
 5  79  12.226  50017.125   0.868   0.036   10.127  -10.000      364.0024     4450.1133
 3  79  12.226  50018.188  32.157  -0.012   12.514  -10.000      364.0893     4451.1758
 5  79  12.226  50018.188  32.157   0.028   10.227  -10.000      364.0893     4451.1758
 3  79  12.226  50020.137  89.550  -0.008   12.665  -10.000      364.2487     4453.1250
 5  79  12.226  50020.137  89.550   0.030   10.379  -10.000      364.2487     4453.1250
