 3  79  48.505  47399.332  60.195   0.054   13.863  -10.000       23.1672     1123.7344
 4  79  48.505  47399.332  60.195   0.053   12.245  -10.000       23.1672     1123.7344
 2  79  48.505  47400.258  67.067   0.062   16.622  -10.000       23.1863     1124.6602
 3  79  48.505  47400.258  67.067   0.005   13.841  -10.000       23.1863     1124.6602
 4  79  48.505  47400.258  67.067   0.013   12.231  -10.000       23.1863     1124.6602
 2  79  48.505  47401.246  74.401  -0.048   16.550  -10.000       23.2067     1125.6484
 3  79  48.505  47401.246  74.401  -0.007   13.862  -10.000       23.2067     1125.6484
 2  79  48.505  47402.246  81.823   0.057   16.696  -10.000       23.2273     1126.6484
 3  79  48.505  47402.246  81.823   0.071   13.977  -10.000       23.2273     1126.6484
 4  79  48.505  47402.246  81.823   0.068   12.351  -10.000       23.2273     1126.6484
 2  79  48.505  47403.301  89.651   0.097   16.774  -10.000       23.2490     1127.7031
 3  79  48.505  47403.301  89.651   0.043   13.984  -10.000       23.2490     1127.7031
 4  79  48.505  47403.301  89.651   0.052   12.369  -10.000       23.2490     1127.7031
 2  79  48.505  47404.266  96.812   0.003   16.708  -10.000       23.2689     1128.6680
 3  79  48.505  47404.266  96.812   0.020   13.989  -10.000       23.2689     1128.6680
 4  79  48.505  47404.266  96.812   0.037   12.382  -10.000       23.2689     1128.6680
 2  79  48.505  47407.262 119.049   0.077   16.814  -10.000       23.3307     1131.6641
 3  79  48.505  47407.262 119.049   0.058   14.079  -10.000       23.3307     1131.6641
 4  79  48.505  47407.262 119.049   0.064   12.470  -10.000       23.3307     1131.6641
 2  79  48.505  47408.250 126.384   0.016   16.736  -10.000       23.3511     1132.6523
 3  79  48.505  47408.250 126.384   0.040   14.061  -10.000       23.3511     1132.6523
 4  79  48.505  47408.250 126.384   0.028   12.440  -10.000       23.3511     1132.6523
 2  79  48.505  47409.250 133.805   0.081   16.757  -10.000       23.3717     1133.6523
 3  79  48.505  47409.250 133.805   0.087   14.089  -10.000       23.3717     1133.6523
 4  79  48.505  47409.250 133.805   0.079   12.484  -10.000       23.3717     1133.6523
 2  79  48.505  47410.266 141.343   0.038   16.619  -10.000       23.3926     1134.6680
 3  79  48.505  47410.266 141.343   0.088   14.037  -10.000       23.3926     1134.6680
 4  79  48.505  47410.266 141.343   0.070   12.439  -10.000       23.3926     1134.6680
 2  79  48.505  47411.273 148.824   0.165   16.588  -10.000       23.4134     1135.6758
 3  79  48.505  47411.273 148.824   0.114   13.965  -10.000       23.4134     1135.6758
 4  79  48.505  47411.273 148.824   0.095   12.391  -10.000       23.4134     1135.6758
 2  79  48.505  47413.246 163.464   0.165   16.152  -10.000       23.4541     1137.6484
 3  79  48.505  47413.246 163.464   0.126   13.696  -10.000       23.4541     1137.6484
 4  79  48.505  47413.246 163.464   0.088   12.167  -10.000       23.4541     1137.6484
 2  79  48.505  47414.254 170.944   0.218   15.961  -10.000       23.4748     1138.6562
 3  79  48.505  47414.254 170.944   0.107   13.516  -10.000       23.4748     1138.6562
 4  79  48.505  47414.254 170.944   0.089   12.041  -10.000       23.4748     1138.6562
 2  79  48.505  47415.234 178.221   0.159   15.685  -10.000       23.4951     1139.6367
 3  79  48.505  47415.234 178.221   0.088   13.349  -10.000       23.4951     1139.6367
 4  79  48.505  47415.234 178.221   0.066   11.900  -10.000       23.4951     1139.6367
 2  79  48.505  47416.223 185.556   0.106   15.478  -10.000       23.5154     1140.6250
 3  79  48.505  47416.223 185.556   0.075   13.227  -10.000       23.5154     1140.6250
 4  79  48.505  47416.223 185.556   0.077   11.820  -10.000       23.5154     1140.6250
 2  79  48.505  47417.223 192.978   0.066   15.365  -10.000       23.5360     1141.6250
 3  79  48.505  47417.223 192.978   0.003   13.098  -10.000       23.5360     1141.6250
 4  79  48.505  47417.223 192.978   0.024   11.716  -10.000       23.5360     1141.6250
 2  79  48.505  47418.219 200.370   0.003   15.286  -10.000       23.5566     1142.6211
 3  79  48.505  47418.219 200.370   0.014   13.088  -10.000       23.5566     1142.6211
 4  79  48.505  47418.219 200.370   0.024   11.693  -10.000       23.5566     1142.6211
 2  79  48.505  47420.203 215.098  -0.040   15.284  -10.000       23.5975     1144.6055
 3  79  48.505  47420.203 215.098  -0.031   13.047  -10.000       23.5975     1144.6055
 4  79  48.505  47420.203 215.098   0.003   11.662  -10.000       23.5975     1144.6055
 2  79  48.505  47422.203 229.942  -0.086   15.336  -10.000       23.6387     1146.6055
 3  79  48.505  47422.203 229.942  -0.053   13.067  -10.000       23.6387     1146.6055
 4  79  48.505  47422.203 229.942  -0.031   11.646  -10.000       23.6387     1146.6055
 2  79  48.505  47423.211 237.421  -0.100   15.378  -10.000       23.6595     1147.6133
 3  79  48.505  47423.211 237.421  -0.031   13.116  -10.000       23.6595     1147.6133
 4  79  48.505  47423.211 237.421  -0.006   11.686  -10.000       23.6595     1147.6133
 2  79  48.505  47424.211 244.843  -0.009   15.518  -10.000       23.6801     1148.6133
 3  79  48.505  47424.211 244.843   0.041   13.210  -10.000       23.6801     1148.6133
 4  79  48.505  47424.211 244.843   0.032   11.735  -10.000       23.6801     1148.6133
 2  79  48.505  47425.234 252.439  -0.077   15.497  -10.000       23.7012     1149.6367
 3  79  48.505  47425.234 252.439  -0.013   13.177  -10.000       23.7012     1149.6367
 4  79  48.505  47425.234 252.439   0.009   11.722  -10.000       23.7012     1149.6367
 2  79  48.505  47427.242 267.341   0.046   15.722  -10.000       23.7426     1151.6445
 3  79  48.505  47427.242 267.341   0.053   13.294  -10.000       23.7426     1151.6445
 4  79  48.505  47427.242 267.341   0.073   11.816  -10.000       23.7426     1151.6445
 2  79  48.505  47428.203 274.473   0.045   15.771  -10.000       23.7624     1152.6055
 3  79  48.505  47428.203 274.473   0.002   13.270  -10.000       23.7624     1152.6055
 4  79  48.505  47428.203 274.473   0.014   11.774  -10.000       23.7624     1152.6055
 3  79  48.505  47429.195 281.837   0.025   13.318  -10.000       23.7829     1153.5977
 4  79  48.505  47429.195 281.837   0.026   11.802  -10.000       23.7829     1153.5977
 3  79  48.505  47430.188 289.201  -0.025   13.293  -10.000       23.8033     1154.5898
 4  79  48.505  47430.188 289.201   0.013   11.805  -10.000       23.8033     1154.5898
 2  79  48.505  47431.223 296.884   0.000   15.869  -10.000       23.8247     1155.6250
 3  79  48.505  47431.223 296.884  -0.019   13.326  -10.000       23.8247     1155.6250
 4  79  48.505  47431.223 296.884   0.011   11.822  -10.000       23.8247     1155.6250
 2  79  48.505  47432.215 304.247  -0.011   15.904  -10.000       23.8451     1156.6172
 3  79  48.505  47432.215 304.247   0.003   13.375  -10.000       23.8451     1156.6172
 4  79  48.505  47432.215 304.247   0.027   11.856  -10.000       23.8451     1156.6172
 2  79  48.505  47433.219 311.698   0.022   15.981  -10.000       23.8658     1157.6211
 3  79  48.505  47433.219 311.698  -0.003   13.395  -10.000       23.8658     1157.6211
 4  79  48.505  47433.219 311.698   0.022   11.869  -10.000       23.8658     1157.6211
 2  79  48.505  47434.211 319.062  -0.036   15.962  -10.000       23.8863     1158.6133
 3  79  48.505  47434.211 319.062   0.020   13.442  -10.000       23.8863     1158.6133
 4  79  48.505  47434.211 319.062   0.030   11.894  -10.000       23.8863     1158.6133
 2  79  48.505  46606.336 294.692  -0.081   15.773  -10.000        6.8186      330.7383
 3  79  48.505  46606.336 294.692  -0.040   13.297  -10.000        6.8186      330.7383
 4  79  48.505  46606.336 294.692  -0.053   11.752  -10.000        6.8186      330.7383
 3  79  48.505  46607.293 301.795  -0.019   13.344  -10.000        6.8383      331.6953
 4  79  48.505  46607.293 301.795  -0.034   11.789  -10.000        6.8383      331.6953
 2  79  48.505  46608.230 308.753   0.015   15.957  -10.000        6.8576      332.6328
 3  79  48.505  46608.230 308.753  -0.001   13.387  -10.000        6.8576      332.6328
 4  79  48.505  46608.230 308.753  -0.022   11.818  -10.000        6.8576      332.6328
 2  79  48.505  46609.215 316.059  -0.119   15.863  -10.000        6.8779      333.6172
 3  79  48.505  46609.215 316.059  -0.036   13.376  -10.000        6.8779      333.6172
 4  79  48.505  46609.215 316.059  -0.048   11.809  -10.000        6.8779      333.6172
 2  79  48.505  46610.371 324.641  -0.069   15.960  -10.000        6.9018      334.7734
 3  79  48.505  46610.371 324.641  -0.017   13.423  -10.000        6.9018      334.7734
 4  79  48.505  46610.371 324.641  -0.035   11.843  -10.000        6.9018      334.7734
 2  79  48.505  46611.219 330.932  -0.101   15.963  -10.000        6.9193      335.6211
 3  79  48.505  46611.219 330.932  -0.011   13.451  -10.000        6.9193      335.6211
 4  79  48.505  46611.219 330.932  -0.028   11.867  -10.000        6.9193      335.6211
 2  79  48.505  46612.207 338.267  -0.107   16.000  -10.000        6.9396      336.6094
 3  79  48.505  46612.207 338.267  -0.045   13.445  -10.000        6.9396      336.6094
 4  79  48.505  46612.207 338.267  -0.058   11.858  -10.000        6.9396      336.6094
 2  79  48.505  46613.207 345.688  -0.095   16.057  -10.000        6.9602      337.6094
 3  79  48.505  46613.207 345.688  -0.037   13.483  -10.000        6.9602      337.6094
 4  79  48.505  46613.207 345.688  -0.054   11.886  -10.000        6.9602      337.6094
 2  79  48.505  46614.211 353.139  -0.072   16.123  -10.000        6.9809      338.6133
 3  79  48.505  46614.211 353.139  -0.035   13.515  -10.000        6.9809      338.6133
 4  79  48.505  46614.211 353.139  -0.067   11.897  -10.000        6.9809      338.6133
 2  79  48.505  46615.207   0.532  -0.098   16.138  -10.000        7.0015      339.6094
 3  79  48.505  46615.207   0.532  -0.043   13.536  -10.000        7.0015      339.6094
 4  79  48.505  46615.207   0.532  -0.035   11.953  -10.000        7.0015      339.6094
 2  79  48.505  46616.211   7.983  -0.107   16.169  -10.000        7.0222      340.6133
 3  79  48.505  46616.211   7.983  -0.021   13.586  -10.000        7.0222      340.6133
 4  79  48.505  46616.211   7.983  -0.039   11.973  -10.000        7.0222      340.6133
 2  79  48.505  46617.203  15.347  -0.075   16.236  -10.000        7.0426      341.6055
 3  79  48.505  46617.203  15.347  -0.006   13.627  -10.000        7.0426      341.6055
 4  79  48.505  46617.203  15.347  -0.033   12.000  -10.000        7.0426      341.6055
 2  79  48.505  46618.203  22.769  -0.145   16.196  -10.000        7.0632      342.6055
 3  79  48.505  46618.203  22.769  -0.073   13.583  -10.000        7.0632      342.6055
 4  79  48.505  46618.203  22.769  -0.073   11.980  -10.000        7.0632      342.6055
 2  79  48.505  46619.203  30.191  -0.139   16.231  -10.000        7.0839      343.6055
 3  79  48.505  46619.203  30.191  -0.028   13.650  -10.000        7.0839      343.6055
 4  79  48.505  46619.203  30.191  -0.021   12.053  -10.000        7.0839      343.6055
 2  79  48.505  46620.199  37.584  -0.115   16.292  -10.000        7.1044      344.6016
 3  79  48.505  46620.199  37.584  -0.046   13.663  -10.000        7.1044      344.6016
 4  79  48.505  46620.199  37.584  -0.044   12.057  -10.000        7.1044      344.6016
 2  79  48.505  46621.320  45.904  -0.042   16.417  -10.000        7.1275      345.7227
 3  79  48.505  46621.320  45.904   0.021   13.771  -10.000        7.1275      345.7227
 4  79  48.505  46621.320  45.904  -0.028   12.110  -10.000        7.1275      345.7227
 2  79  48.505  46622.199  52.427  -0.154   16.340  -10.000        7.1456      346.6016
 3  79  48.505  46622.199  52.427  -0.058   13.721  -10.000        7.1456      346.6016
 4  79  48.505  46622.199  52.427  -0.068   12.097  -10.000        7.1456      346.6016
 2  79  48.505  46623.195  59.820  -0.140   16.387  -10.000        7.1662      347.5977
 3  79  48.505  46623.195  59.820  -0.028   13.779  -10.000        7.1662      347.5977
 4  79  48.505  46623.195  59.820  -0.051   12.140  -10.000        7.1662      347.5977
 3  79  48.505  46624.191  67.213  -0.041   13.796  -10.000        7.1867      348.5938
 4  79  48.505  46624.191  67.213  -0.051   12.167  -10.000        7.1867      348.5938
 2  79  48.505  46625.281  75.302   0.029   16.632  -10.000        7.2092      349.6836
 3  79  48.505  46625.281  75.302   0.013   13.887  -10.000        7.2092      349.6836
 4  79  48.505  46625.281  75.302  -0.026   12.227  -10.000        7.2092      349.6836
 2  79  48.505  46626.301  82.868  -0.087   16.558  -10.000        7.2302      350.7031
 3  79  48.505  46626.301  82.868  -0.067   13.844  -10.000        7.2302      350.7031
 4  79  48.505  46626.301  82.868  -0.054   12.234  -10.000        7.2302      350.7031
 2  79  48.505  46627.285  90.174  -0.094   16.586  -10.000        7.2505      351.6875
 3  79  48.505  46627.285  90.174  -0.018   13.925  -10.000        7.2505      351.6875
 4  79  48.505  46627.285  90.174  -0.029   12.290  -10.000        7.2505      351.6875
 2  79  48.505  46628.293  97.654  -0.124   16.584  -10.000        7.2713      352.6953
 3  79  48.505  46628.293  97.654  -0.015   13.957  -10.000        7.2713      352.6953
 4  79  48.505  46628.293  97.654  -0.016   12.333  -10.000        7.2713      352.6953
 2  79  48.505  46629.379 105.714  -0.143   16.590  -10.000        7.2936      353.7812
 3  79  48.505  46629.379 105.714  -0.014   13.986  -10.000        7.2936      353.7812
 4  79  48.505  46629.379 105.714  -0.033   12.345  -10.000        7.2936      353.7812
 2  79  48.505  46631.293 119.920  -0.116   16.620  -10.000        7.3331      355.6953
 3  79  48.505  46631.293 119.920   0.025   14.047  -10.000        7.3331      355.6953
 4  79  48.505  46631.293 119.920  -0.007   12.400  -10.000        7.3331      355.6953
 2  79  48.505  46632.375 127.950  -0.145   16.568  -10.000        7.3554      356.7773
 3  79  48.505  46632.375 127.950   0.080   14.099  -10.000        7.3554      356.7773
 4  79  48.505  46632.375 127.950   0.015   12.427  -10.000        7.3554      356.7773
 2  79  48.505  46635.289 149.578  -0.106   16.298  -10.000        7.4155      359.6914
 3  79  48.505  46635.289 149.578   0.012   13.851  -10.000        7.4155      359.6914
 4  79  48.505  46635.289 149.578  -0.034   12.253  -10.000        7.4155      359.6914
 2  79  48.505  46636.191 156.275   0.145   16.359  -10.000        7.4341      360.5938
 3  79  48.505  46636.191 156.275   0.044   13.762  -10.000        7.4341      360.5938
 4  79  48.505  46636.191 156.275  -0.008   12.186  -10.000        7.4341      360.5938
 2  79  48.505  46637.199 163.755   0.086   16.064  -10.000        7.4549      361.6016
 3  79  48.505  46637.199 163.755   0.001   13.564  -10.000        7.4549      361.6016
 4  79  48.505  46637.199 163.755  -0.029   12.045  -10.000        7.4549      361.6016
 2  79  48.505  46638.215 171.293   0.029   15.761  -10.000        7.4758      362.6172
 3  79  48.505  46638.215 171.293   0.015   13.416  -10.000        7.4758      362.6172
 4  79  48.505  46638.215 171.293  -0.005   11.941  -10.000        7.4758      362.6172
 2  79  48.505  48503.270 333.463   0.016   16.094  -10.000       45.9263     2227.6719
 3  79  48.505  48503.270 333.463   0.030   13.501  -10.000       45.9263     2227.6719
 4  79  48.505  48503.270 333.463   0.029   11.931  -10.000       45.9263     2227.6719
 2  79  48.505  48504.223 340.536  -0.074   16.047  -10.000       45.9459     2228.6250
 3  79  48.505  48504.223 340.536   0.040   13.539  -10.000       45.9459     2228.6250
 4  79  48.505  48504.223 340.536   0.013   11.936  -10.000       45.9459     2228.6250
 2  79  48.505  48505.246 348.132   0.065   16.231  -10.000       45.9670     2229.6484
 3  79  48.505  48505.246 348.132   0.050   13.580  -10.000       45.9670     2229.6484
 4  79  48.505  48505.246 348.132   0.051   11.999  -10.000       45.9670     2229.6484
 2  79  48.505  48506.270 355.728   0.038   16.248  -10.000       45.9881     2230.6719
 3  79  48.505  48506.270 355.728   0.006   13.566  -10.000       45.9881     2230.6719
 4  79  48.505  48506.270 355.728   0.017   11.989  -10.000       45.9881     2230.6719
 2  79  48.505  48507.238   2.917  -0.002   16.247  -10.000       46.0081     2231.6406
 3  79  48.505  48507.238   2.917   0.006   13.594  -10.000       46.0081     2231.6406
 4  79  48.505  48507.238   2.917   0.047   12.042  -10.000       46.0081     2231.6406
 2  79  48.505  48508.211  10.136   0.058   16.344  -10.000       46.0282     2232.6133
 3  79  48.505  48508.211  10.136   0.024   13.639  -10.000       46.0282     2232.6133
 4  79  48.505  48508.211  10.136   0.037   12.055  -10.000       46.0282     2232.6133
 2  79  48.505  48509.250  17.849   0.058   16.379  -10.000       46.0496     2233.6523
 3  79  48.505  48509.250  17.849   0.015   13.656  -10.000       46.0496     2233.6523
 4  79  48.505  48509.250  17.849   0.045   12.085  -10.000       46.0496     2233.6523
 2  79  48.505  48510.215  25.009  -0.064   16.285  -10.000       46.0695     2234.6172
 3  79  48.505  48510.215  25.009   0.036   13.698  -10.000       46.0695     2234.6172
 4  79  48.505  48510.215  25.009   0.017   12.076  -10.000       46.0695     2234.6172
 2  79  48.505  48511.230  32.547   0.059   16.439  -10.000       46.0904     2235.6328
 3  79  48.505  48511.230  32.547   0.058   13.745  -10.000       46.0904     2235.6328
 4  79  48.505  48511.230  32.547   0.048   12.129  -10.000       46.0904     2235.6328
 2  79  48.505  48512.238  40.027  -0.052   16.370  -10.000       46.1112     2236.6406
 3  79  48.505  48512.238  40.027   0.025   13.746  -10.000       46.1112     2236.6406
 4  79  48.505  48512.238  40.027   0.050   12.161  -10.000       46.1112     2236.6406
 2  79  48.505  48513.230  47.391   0.019   16.487  -10.000       46.1316     2237.6328
 3  79  48.505  48513.230  47.391   0.037   13.795  -10.000       46.1316     2237.6328
 4  79  48.505  48513.230  47.391   0.037   12.182  -10.000       46.1316     2237.6328
 2  79  48.505  48514.242  54.900   0.092   16.597  -10.000       46.1525     2238.6445
 3  79  48.505  48514.242  54.900   0.049   13.838  -10.000       46.1525     2238.6445
 4  79  48.505  48514.242  54.900   0.058   12.231  -10.000       46.1525     2238.6445
 2  79  48.505  48515.254  62.408  -0.004   16.535  -10.000       46.1734     2239.6562
 3  79  48.505  48515.254  62.408   0.046   13.863  -10.000       46.1734     2239.6562
 4  79  48.505  48515.254  62.408   0.070   12.270  -10.000       46.1734     2239.6562
 2  79  48.505  48516.297  70.149   0.121   16.696  -10.000       46.1949     2240.6992
 3  79  48.505  48516.297  70.149   0.069   13.918  -10.000       46.1949     2240.6992
 4  79  48.505  48516.297  70.149   0.081   12.311  -10.000       46.1949     2240.6992
 2  79  48.505  48517.277  77.426   0.004   16.619  -10.000       46.2151     2241.6797
 3  79  48.505  48517.277  77.426   0.084   13.968  -10.000       46.2151     2241.6797
 4  79  48.505  48517.277  77.426   0.077   12.340  -10.000       46.2151     2241.6797
 2  79  48.505  48518.277  84.847   0.017   16.672  -10.000       46.2357     2242.6797
 3  79  48.505  48518.277  84.847   0.075   13.995  -10.000       46.2357     2242.6797
 4  79  48.505  48518.277  84.847   0.057   12.354  -10.000       46.2357     2242.6797
 2  79  48.505  48519.238  91.980   0.040   16.727  -10.000       46.2555     2243.6406
 3  79  48.505  48519.238  91.980   0.128   14.078  -10.000       46.2555     2243.6406
 4  79  48.505  48519.238  91.980   0.085   12.411  -10.000       46.2555     2243.6406
 2  79  48.505  48520.215  99.227   0.063   16.777  -10.000       46.2756     2244.6172
 3  79  48.505  48520.215  99.227   0.068   14.046  -10.000       46.2756     2244.6172
 4  79  48.505  48520.215  99.227   0.036   12.391  -10.000       46.2756     2244.6172
 3  79  48.505  48521.254 106.940  -0.010   13.993  -10.000       46.2971     2245.6562
 4  79  48.505  48521.254 106.940   0.021   12.402  -10.000       46.2971     2245.6562
 3  79  48.505  48522.227 114.159  -0.007   14.010  -10.000       46.3171     2246.6289
 4  79  48.505  48522.227 114.159   0.006   12.404  -10.000       46.3171     2246.6289
 3  79  48.505  48523.219 121.523   0.008   14.030  -10.000       46.3376     2247.6211
 4  79  48.505  48523.219 121.523   0.025   12.434  -10.000       46.3376     2247.6211
 2  79  48.505  45174.383 106.941  -0.033   16.702  -10.000      -22.7029    -1101.2148
 3  79  48.505  45174.383 106.941  -0.014   13.989  -10.000      -22.7029    -1101.2148
 2  79  48.505  45175.422 114.653  -0.047   16.693  -10.000      -22.6815    -1100.1758
 3  79  48.505  45175.422 114.653   0.010   14.027  -10.000      -22.6815    -1100.1758
 2  79  48.505  45176.387 121.814   0.006   16.738  -10.000      -22.6616    -1099.2109
 3  79  48.505  45176.387 121.814   0.033   14.055  -10.000      -22.6616    -1099.2109
 2  79  48.505  45178.391 136.686  -0.094   16.553  -10.000      -22.6203    -1097.2070
 3  79  48.505  45178.391 136.686  -0.057   13.930  -10.000      -22.6203    -1097.2070
 2  79  48.505  45179.293 143.383  -0.082   16.462  -10.000      -22.6017    -1096.3047
 3  79  48.505  45179.293 143.383  -0.065   13.862  -10.000      -22.6017    -1096.3047
 2  79  48.505  45180.328 151.066  -0.171   16.193  -10.000      -22.5804    -1095.2695
 3  79  48.505  45180.328 151.066  -0.126   13.688  -10.000      -22.5804    -1095.2695
 2  79  48.505  45181.359 158.720  -0.159   15.980  -10.000      -22.5591    -1094.2383
 3  79  48.505  45181.359 158.720  -0.121   13.548  -10.000      -22.5591    -1094.2383
 2  79  48.505  45182.348 166.055  -0.181   15.722  -10.000      -22.5387    -1093.2500
 3  79  48.505  45182.348 166.055  -0.136   13.378  -10.000      -22.5387    -1093.2500
 2  79  48.505  45183.352 173.506  -0.147   15.515  -10.000      -22.5180    -1092.2461
 3  79  48.505  45183.352 173.506  -0.148   13.206  -10.000      -22.5180    -1092.2461
 2  79  48.505  45184.266 180.290  -0.140   15.334  -10.000      -22.4992    -1091.3320
 3  79  48.505  45184.266 180.290  -0.084   13.141  -10.000      -22.4992    -1091.3320
 2  79  48.505  45186.344 195.713   0.009   15.298  -10.000      -22.4564    -1089.2539
 3  79  48.505  45186.344 195.713  -0.034   13.050  -10.000      -22.4564    -1089.2539
 2  79  48.505  45187.281 202.671   0.063   15.348  -10.000      -22.4370    -1088.3164
 3  79  48.505  45187.281 202.671  -0.002   13.069  -10.000      -22.4370    -1088.3164
 2  79  48.505  45188.277 210.064  -0.014   15.289  -10.000      -22.4165    -1087.3203
 3  79  48.505  45188.277 210.064  -0.034   13.038  -10.000      -22.4165    -1087.3203
 2  79  48.505  45189.305 217.689   0.047   15.384  -10.000      -22.3953    -1086.2930
 3  79  48.505  45189.305 217.689   0.013   13.095  -10.000      -22.3953    -1086.2930
 2  79  48.505  45190.336 225.343   0.062   15.448  -10.000      -22.3740    -1085.2617
 3  79  48.505  45190.336 225.343   0.007   13.110  -10.000      -22.3740    -1085.2617
 2  79  48.505  45191.340 232.793   0.068   15.512  -10.000      -22.3534    -1084.2578
 3  79  48.505  45191.340 232.793   0.012   13.143  -10.000      -22.3534    -1084.2578
 2  79  48.505  45192.340 240.215   0.015   15.513  -10.000      -22.3327    -1083.2578
 3  79  48.505  45192.340 240.215  -0.012   13.144  -10.000      -22.3327    -1083.2578
 2  79  48.505  45193.371 247.869   0.028   15.574  -10.000      -22.3115    -1082.2266
 3  79  48.505  45193.371 247.869   0.031   13.208  -10.000      -22.3115    -1082.2266
 2  79  48.505  45194.348 255.117   0.017   15.608  -10.000      -22.2913    -1081.2500
 3  79  48.505  45194.348 255.117  -0.007   13.191  -10.000      -22.2913    -1081.2500
 2  79  48.505  45195.328 262.394   0.049   15.690  -10.000      -22.2711    -1080.2695
 3  79  48.505  45195.328 262.394   0.005   13.228  -10.000      -22.2711    -1080.2695
 2  79  48.505  45198.359 284.891   0.057   15.850  -10.000      -22.2086    -1077.2383
 3  79  48.505  45198.359 284.891   0.014   13.317  -10.000      -22.2086    -1077.2383
 2  79  48.505  45199.301 291.879   0.027   15.863  -10.000      -22.1892    -1076.2969
 3  79  48.505  45199.301 291.879   0.011   13.338  -10.000      -22.1892    -1076.2969
 2  79  48.505  45200.320 299.445   0.028   15.913  -10.000      -22.1682    -1075.2773
 3  79  48.505  45200.320 299.445   0.007   13.362  -10.000      -22.1682    -1075.2773
 2  79  48.505  45201.336 306.983  -0.016   15.916  -10.000      -22.1473    -1074.2617
 3  79  48.505  45201.336 306.983   0.013   13.395  -10.000      -22.1473    -1074.2617
 2  79  48.505  45203.254 321.218   0.013   16.023  -10.000      -22.1077    -1072.3438
 3  79  48.505  45203.254 321.218   0.000   13.429  -10.000      -22.1077    -1072.3438
 2  79  48.505  45204.246 328.582   0.010   16.060  -10.000      -22.0873    -1071.3516
 3  79  48.505  45204.246 328.582   0.010   13.464  -10.000      -22.0873    -1071.3516
 2  79  48.505  45205.266 336.149   0.000   16.094  -10.000      -22.0663    -1070.3320
 3  79  48.505  45205.266 336.149   0.043   13.525  -10.000      -22.0663    -1070.3320
 2  79  48.505  45207.270 351.021  -0.022   16.161  -10.000      -22.0249    -1068.3281
 3  79  48.505  45207.270 351.021  -0.013   13.529  -10.000      -22.0249    -1068.3281
 2  79  48.505  45208.293 358.617  -0.007   16.219  -10.000      -22.0038    -1067.3047
 3  79  48.505  45208.293 358.617   0.023   13.594  -10.000      -22.0038    -1067.3047
 2  79  48.505  45209.242   5.662  -0.039   16.225  -10.000      -21.9843    -1066.3555
 3  79  48.505  45209.242   5.662   0.001   13.599  -10.000      -21.9843    -1066.3555
 2  79  48.505  45210.270  13.287   0.052   16.353  -10.000      -21.9631    -1065.3281
 3  79  48.505  45210.270  13.287   0.035   13.661  -10.000      -21.9631    -1065.3281
 2  79  48.505  45211.234  20.448   0.039   16.371  -10.000      -21.9432    -1064.3633
 3  79  48.505  45211.234  20.448  -0.002   13.647  -10.000      -21.9432    -1064.3633
 2  79  48.505  45212.273  28.160  -0.023   16.338  -10.000      -21.9218    -1063.3242
 3  79  48.505  45212.273  28.160   0.065   13.737  -10.000      -21.9218    -1063.3242
 2  79  48.505  45213.246  35.379   0.068   16.463  -10.000      -21.9017    -1062.3516
 3  79  48.505  45213.246  35.379   0.005   13.703  -10.000      -21.9017    -1062.3516
 2  79  48.505  45214.250  42.830   0.006   16.446  -10.000      -21.8810    -1061.3477
 3  79  48.505  45214.250  42.830   0.005   13.740  -10.000      -21.8810    -1061.3477
 3  79  48.505  45649.211  31.047  -0.046   13.635  -10.000      -12.9138     -626.3867
 3  79  48.505  45665.176 149.536  -0.092   13.748  -10.000      -12.5846     -610.4219
 4  79  48.505  45665.176 149.536  -0.071   12.216  -10.000      -12.5846     -610.4219
 3  79  48.505  45666.137 156.668  -0.170   13.540  -10.000      -12.5648     -609.4609
 4  79  48.505  45666.137 156.668  -0.151   12.037  -10.000      -12.5648     -609.4609
 3  79  48.505  45667.160 164.264   0.001   13.554  -10.000      -12.5437     -608.4375
 4  79  48.505  45667.160 164.264   0.014   12.079  -10.000      -12.5437     -608.4375
 3  79  48.505  45674.152 216.159   0.024   13.104  -10.000      -12.3996     -601.4453
 4  79  48.505  45674.152 216.159  -0.018   11.641  -10.000      -12.3996     -601.4453
 3  79  48.505  45675.156 223.610   0.061   13.159  -10.000      -12.3789     -600.4414
 4  79  48.505  45675.156 223.610   0.016   11.681  -10.000      -12.3789     -600.4414
 3  79  48.505  45676.129 230.829   0.043   13.166  -10.000      -12.3588     -599.4688
 4  79  48.505  45676.129 230.829   0.037   11.716  -10.000      -12.3588     -599.4688
 2  79  48.505  45864.402 188.167  -0.048   15.289  -10.000       -8.4773     -411.1953
 3  79  48.505  45864.402 188.167  -0.059   13.067  -10.000       -8.4773     -411.1953
 4  79  48.505  45864.402 188.167  -0.080   11.641  -10.000       -8.4773     -411.1953
 2  79  48.505  45866.402 203.011  -0.022   15.263  -10.000       -8.4361     -409.1953
 3  79  48.505  45866.402 203.011  -0.024   13.047  -10.000       -8.4361     -409.1953
 4  79  48.505  45866.402 203.011  -0.038   11.627  -10.000       -8.4361     -409.1953
 2  79  48.505  45868.371 217.623   0.043   15.379  -10.000       -8.3955     -407.2266
 3  79  48.505  45868.371 217.623  -0.044   13.038  -10.000       -8.3955     -407.2266
 4  79  48.505  45868.371 217.623  -0.044   11.615  -10.000       -8.3955     -407.2266
 2  79  48.505  45869.387 225.161   0.096   15.481  -10.000       -8.3746     -406.2109
 3  79  48.505  45869.387 225.161   0.017   13.120  -10.000       -8.3746     -406.2109
 4  79  48.505  45869.387 225.161  -0.006   11.662  -10.000       -8.3746     -406.2109
 2  79  48.505  45870.379 232.524   0.050   15.492  -10.000       -8.3541     -405.2188
 3  79  48.505  45870.379 232.524   0.015   13.145  -10.000       -8.3541     -405.2188
 4  79  48.505  45870.379 232.524  -0.031   11.652  -10.000       -8.3541     -405.2188
 2  79  48.505  45871.395 240.062   0.036   15.533  -10.000       -8.3332     -404.2031
 3  79  48.505  45871.395 240.062   0.013   13.168  -10.000       -8.3332     -404.2031
 4  79  48.505  45871.395 240.062  -0.006   11.690  -10.000       -8.3332     -404.2031
 2  79  48.505  45872.379 247.368   0.056   15.599  -10.000       -8.3129     -403.2188
 3  79  48.505  45872.379 247.368   0.001   13.177  -10.000       -8.3129     -403.2188
 4  79  48.505  45872.379 247.368  -0.019   11.687  -10.000       -8.3129     -403.2188
 2  79  48.505  45873.383 254.819   0.119   15.709  -10.000       -8.2922     -402.2148
 3  79  48.505  45873.383 254.819   0.034   13.231  -10.000       -8.2922     -402.2148
 4  79  48.505  45873.383 254.819   0.001   11.718  -10.000       -8.2922     -402.2148
 2  79  48.505  45874.383 262.241   0.062   15.702  -10.000       -8.2716     -401.2148
 3  79  48.505  45874.383 262.241   0.009   13.231  -10.000       -8.2716     -401.2148
 4  79  48.505  45874.383 262.241  -0.017   11.715  -10.000       -8.2716     -401.2148
 2  79  48.505  45875.367 269.547   0.124   15.816  -10.000       -8.2513     -400.2305
 3  79  48.505  45875.367 269.547   0.047   13.297  -10.000       -8.2513     -400.2305
 4  79  48.505  45875.367 269.547   0.005   11.754  -10.000       -8.2513     -400.2305
 2  79  48.505  45876.383 277.084   0.037   15.780  -10.000       -8.2303     -399.2148
 3  79  48.505  45876.383 277.084   0.007   13.284  -10.000       -8.2303     -399.2148
 4  79  48.505  45876.383 277.084  -0.010   11.756  -10.000       -8.2303     -399.2148
 2  79  48.505  45877.367 284.390   0.073   15.863  -10.000       -8.2100     -398.2305
 3  79  48.505  45877.367 284.390   0.005   13.306  -10.000       -8.2100     -398.2305
 4  79  48.505  45877.367 284.390  -0.024   11.757  -10.000       -8.2100     -398.2305
 2  79  48.505  45878.363 291.783   0.030   15.866  -10.000       -8.1895     -397.2344
 3  79  48.505  45878.363 291.783   0.022   13.349  -10.000       -8.1895     -397.2344
 4  79  48.505  45878.363 291.783  -0.001   11.797  -10.000       -8.1895     -397.2344
 2  79  48.505  45879.352 299.118   0.081   15.964  -10.000       -8.1691     -396.2461
 3  79  48.505  45879.352 299.118   0.033   13.387  -10.000       -8.1691     -396.2461
 4  79  48.505  45879.352 299.118   0.015   11.831  -10.000       -8.1691     -396.2461
 2  79  48.505  45880.359 306.598   0.064   15.994  -10.000       -8.1483     -395.2383
 3  79  48.505  45880.359 306.598   0.012   13.393  -10.000       -8.1483     -395.2383
 4  79  48.505  45880.359 306.598  -0.016   11.819  -10.000       -8.1483     -395.2383
 2  79  48.505  45881.352 313.962   0.111   16.082  -10.000       -8.1279     -394.2461
 3  79  48.505  45881.352 313.962   0.025   13.430  -10.000       -8.1279     -394.2461
 4  79  48.505  45881.352 313.962   0.005   11.858  -10.000       -8.1279     -394.2461
 2  79  48.505  45882.344 321.326   0.072   16.083  -10.000       -8.1074     -393.2539
 3  79  48.505  45882.344 321.326   0.022   13.451  -10.000       -8.1074     -393.2539
 4  79  48.505  45882.344 321.326   0.008   11.878  -10.000       -8.1074     -393.2539
 2  79  48.505  45883.359 328.864   0.065   16.117  -10.000       -8.0865     -392.2383
 3  79  48.505  45883.359 328.864   0.021   13.476  -10.000       -8.0865     -392.2383
 4  79  48.505  45883.359 328.864   0.009   11.898  -10.000       -8.0865     -392.2383
 2  79  48.505  45886.367 351.187  -0.014   16.170  -10.000       -8.0245     -389.2305
 3  79  48.505  45886.367 351.187   0.014   13.556  -10.000       -8.0245     -389.2305
 4  79  48.505  45886.367 351.187   0.004   11.962  -10.000       -8.0245     -389.2305
 2  79  48.505  45887.371 358.638   0.065   16.291  -10.000       -8.0038     -388.2266
 3  79  48.505  45887.371 358.638   0.013   13.584  -10.000       -8.0038     -388.2266
 4  79  48.505  45887.371 358.638  -0.001   11.981  -10.000       -8.0038     -388.2266
 2  79  48.505  46252.398 187.819  -0.039   15.302  -10.000       -0.4783      -23.1992
 3  79  48.505  46252.398 187.819  -0.064   13.065  -10.000       -0.4783      -23.1992
 4  79  48.505  46252.398 187.819  -0.067   11.657  -10.000       -0.4783      -23.1992
 2  79  48.505  46253.227 193.965  -0.019   15.276  -10.000       -0.4612      -22.3711
 3  79  48.505  46253.227 193.965  -0.035   13.055  -10.000       -0.4612      -22.3711
 4  79  48.505  46253.227 193.965  -0.047   11.641  -10.000       -0.4612      -22.3711
 2  79  48.505  46255.277 209.186   0.047   15.347  -10.000       -0.4189      -20.3203
 3  79  48.505  46255.277 209.186  -0.014   13.058  -10.000       -0.4189      -20.3203
 4  79  48.505  46255.277 209.186  -0.044   11.616  -10.000       -0.4189      -20.3203
 2  79  48.505  46256.262 216.491   0.027   15.357  -10.000       -0.3986      -19.3359
 3  79  48.505  46256.262 216.491   0.008   13.088  -10.000       -0.3986      -19.3359
 4  79  48.505  46256.262 216.491  -0.005   11.654  -10.000       -0.3986      -19.3359
 2  79  48.505  46257.285 224.087   0.050   15.427  -10.000       -0.3775      -18.3125
 3  79  48.505  46257.285 224.087   0.031   13.130  -10.000       -0.3775      -18.3125
 4  79  48.505  46257.285 224.087  -0.002   11.664  -10.000       -0.3775      -18.3125
 2  79  48.505  46258.230 231.103   0.041   15.472  -10.000       -0.3580      -17.3672
 3  79  48.505  46258.230 231.103   0.042   13.166  -10.000       -0.3580      -17.3672
 4  79  48.505  46258.230 231.103   0.003   11.683  -10.000       -0.3580      -17.3672
 2  79  48.505  46259.234 238.554   0.058   15.544  -10.000       -0.3373      -16.3633
 3  79  48.505  46259.234 238.554  -0.014   13.136  -10.000       -0.3373      -16.3633
 4  79  48.505  46259.234 238.554  -0.027   11.667  -10.000       -0.3373      -16.3633
 2  79  48.505  46260.207 245.773   0.075   15.608  -10.000       -0.3173      -15.3906
 3  79  48.505  46260.207 245.773   0.041   13.213  -10.000       -0.3173      -15.3906
 4  79  48.505  46260.207 245.773   0.021   11.725  -10.000       -0.3173      -15.3906
 2  79  48.505  46261.234 253.398   0.042   15.622  -10.000       -0.2961      -14.3633
 3  79  48.505  46261.234 253.398   0.016   13.209  -10.000       -0.2961      -14.3633
 4  79  48.505  46261.234 253.398  -0.003   11.712  -10.000       -0.2961      -14.3633
 2  79  48.505  46262.207 260.617   0.025   15.653  -10.000       -0.2761      -13.3906
 3  79  48.505  46262.207 260.617   0.021   13.237  -10.000       -0.2761      -13.3906
 4  79  48.505  46262.207 260.617  -0.004   11.724  -10.000       -0.2761      -13.3906
 2  79  48.505  46263.207 268.039   0.023   15.704  -10.000       -0.2554      -12.3906
 3  79  48.505  46263.207 268.039   0.008   13.252  -10.000       -0.2554      -12.3906
 4  79  48.505  46263.207 268.039  -0.007   11.738  -10.000       -0.2554      -12.3906
 2  79  48.505  46265.195 282.795   0.047   15.827  -10.000       -0.2145      -10.4023
 3  79  48.505  46265.195 282.795   0.028   13.324  -10.000       -0.2145      -10.4023
 4  79  48.505  46265.195 282.795  -0.012   11.766  -10.000       -0.2145      -10.4023
 2  79  48.505  46266.211 290.333  -0.009   15.818  -10.000       -0.1935       -9.3867
 3  79  48.505  46266.211 290.333  -0.004   13.318  -10.000       -0.1935       -9.3867
 4  79  48.505  46266.211 290.333  -0.036   11.759  -10.000       -0.1935       -9.3867
 2  79  48.505  46267.219 297.813  -0.003   15.872  -10.000       -0.1727       -8.3789
 3  79  48.505  46267.219 297.813   0.024   13.373  -10.000       -0.1727       -8.3789
 4  79  48.505  46267.219 297.813  -0.004   11.809  -10.000       -0.1727       -8.3789
 2  79  48.505  46268.227 305.293  -0.009   15.913  -10.000       -0.1520       -7.3711
 3  79  48.505  46268.227 305.293   0.005   13.381  -10.000       -0.1520       -7.3711
 4  79  48.505  46268.227 305.293  -0.017   11.815  -10.000       -0.1520       -7.3711
 2  79  48.505  46269.211 312.599   0.071   16.035  -10.000       -0.1317       -6.3867
 3  79  48.505  46269.211 312.599   0.010   13.411  -10.000       -0.1317       -6.3867
 4  79  48.505  46269.211 312.599  -0.013   11.836  -10.000       -0.1317       -6.3867
 2  79  48.505  46270.207 319.992  -0.012   15.991  -10.000       -0.1111       -5.3906
 3  79  48.505  46270.207 319.992  -0.030   13.395  -10.000       -0.1111       -5.3906
 4  79  48.505  46270.207 319.992  -0.056   11.811  -10.000       -0.1111       -5.3906
 2  79  48.505  46271.223 327.529  -0.020   16.025  -10.000       -0.0902       -4.3750
 3  79  48.505  46271.223 327.529  -0.025   13.425  -10.000       -0.0902       -4.3750
 4  79  48.505  46271.223 327.529  -0.026   11.859  -10.000       -0.0902       -4.3750
 2  79  48.505  46272.281 335.386   0.016   16.106  -10.000       -0.0684       -3.3164
 3  79  48.505  46272.281 335.386  -0.003   13.476  -10.000       -0.0684       -3.3164
 4  79  48.505  46272.281 335.386  -0.022   11.885  -10.000       -0.0684       -3.3164
 3  79  48.505  46273.223 342.373   0.029   13.535  -10.000       -0.0490       -2.3750
 4  79  48.505  46273.223 342.373  -0.002   11.927  -10.000       -0.0490       -2.3750
 2  79  48.505  46274.383 350.984  -0.008   16.175  -10.000       -0.0250       -1.2148
 3  79  48.505  46274.383 350.984  -0.002   13.539  -10.000       -0.0250       -1.2148
 4  79  48.505  46274.383 350.984  -0.008   11.949  -10.000       -0.0250       -1.2148
 2  79  48.505  46275.207 357.101  -0.040   16.178  -10.000       -0.0081       -0.3906
 3  79  48.505  46275.207 357.101   0.010   13.575  -10.000       -0.0081       -0.3906
 4  79  48.505  46275.207 357.101  -0.031   11.946  -10.000       -0.0081       -0.3906
 3  79  48.505  46279.184  26.614   0.019   13.686  -10.000        0.0739        3.5859
 4  79  48.505  46279.184  26.614  -0.005   12.058  -10.000        0.0739        3.5859
 3  79  48.505  46279.211  26.817   0.027   13.695  -10.000        0.0745        3.6133
 4  79  48.505  46279.211  26.817   0.006   12.070  -10.000        0.0745        3.6133
 2  79  48.505  46280.191  34.094   0.003   16.391  -10.000        0.0947        4.5938
 3  79  48.505  46280.191  34.094   0.017   13.710  -10.000        0.0947        4.5938
 4  79  48.505  46280.191  34.094  -0.001   12.086  -10.000        0.0947        4.5938
 2  79  48.505  46283.281  57.027   0.120   16.635  -10.000        0.1584        7.6836
 3  79  48.505  46283.281  57.027   0.058   13.855  -10.000        0.1584        7.6836
 4  79  48.505  46283.281  57.027   0.056   12.237  -10.000        0.1584        7.6836
 2  79  48.505  46284.258  64.274   0.066   16.613  -10.000        0.1785        8.6602
 3  79  48.505  46284.258  64.274   0.064   13.889  -10.000        0.1785        8.6602
 4  79  48.505  46284.258  64.274   0.054   12.261  -10.000        0.1785        8.6602
 2  79  48.505  46285.238  71.551  -0.033   16.550  -10.000        0.1988        9.6406
 3  79  48.505  46285.238  71.551   0.045   13.901  -10.000        0.1988        9.6406
 4  79  48.505  46285.238  71.551   0.036   12.272  -10.000        0.1988        9.6406
 2  79  48.505  46286.223  78.857   0.065   16.688  -10.000        0.2190       10.6250
 3  79  48.505  46286.223  78.857   0.057   13.948  -10.000        0.2190       10.6250
 4  79  48.505  46286.223  78.857   0.049   12.319  -10.000        0.2190       10.6250
 2  79  48.505  46287.223  86.279  -0.001   16.661  -10.000        0.2397       11.6250
 3  79  48.505  46287.223  86.279   0.046   13.972  -10.000        0.2397       11.6250
 4  79  48.505  46287.223  86.279   0.037   12.340  -10.000        0.2397       11.6250
 2  79  48.505  46288.258  93.962  -0.022   16.673  -10.000        0.2610       12.6602
 3  79  48.505  46288.258  93.962   0.038   13.996  -10.000        0.2610       12.6602
 4  79  48.505  46288.258  93.962   0.027   12.361  -10.000        0.2610       12.6602
 2  79  48.505  46289.258 101.384  -0.017   16.704  -10.000        0.2816       13.6602
 3  79  48.505  46289.258 101.384   0.053   14.039  -10.000        0.2816       13.6602
 4  79  48.505  46289.258 101.384   0.032   12.395  -10.000        0.2816       13.6602
 2  79  48.505  46290.230 108.603   0.075   16.813  -10.000        0.3017       14.6328
 3  79  48.505  46290.230 108.603   0.082   14.089  -10.000        0.3017       14.6328
 4  79  48.505  46290.230 108.603   0.042   12.428  -10.000        0.3017       14.6328
 2  79  48.505  46291.215 115.909  -0.028   16.712  -10.000        0.3220       15.6172
 3  79  48.505  46291.215 115.909   0.017   14.036  -10.000        0.3220       15.6172
 4  79  48.505  46291.215 115.909   0.013   12.414  -10.000        0.3220       15.6172
 2  79  48.505  46292.234 123.475   0.037   16.766  -10.000        0.3430       16.6367
 3  79  48.505  46292.234 123.475   0.038   14.060  -10.000        0.3430       16.6367
 4  79  48.505  46292.234 123.475   0.004   12.415  -10.000        0.3430       16.6367
 2  79  48.505  46294.215 138.174  -0.089   16.539  -10.000        0.3838       18.6172
 3  79  48.505  46294.215 138.174  -0.035   13.942  -10.000        0.3838       18.6172
 4  79  48.505  46294.215 138.174  -0.059   12.329  -10.000        0.3838       18.6172
 2  79  48.505  46295.184 145.364  -0.154   16.350  -10.000        0.4038       19.5859
 3  79  48.505  46295.184 145.364  -0.113   13.789  -10.000        0.4038       19.5859
 4  79  48.505  46295.184 145.364  -0.103   12.231  -10.000        0.4038       19.5859
 2  79  48.505  46296.199 152.902  -0.094   16.219  -10.000        0.4247       20.6016
 3  79  48.505  46296.199 152.902  -0.062   13.720  -10.000        0.4247       20.6016
 4  79  48.505  46296.199 152.902  -0.075   12.168  -10.000        0.4247       20.6016
 2  79  48.505  46297.203 160.353  -0.144   15.943  -10.000        0.4454       21.6055
 3  79  48.505  46297.203 160.353  -0.111   13.524  -10.000        0.4454       21.6055
 4  79  48.505  46297.203 160.353  -0.113   12.017  -10.000        0.4454       21.6055
 2  79  48.505  46298.223 167.920  -0.092   15.750  -10.000        0.4664       22.6250
 3  79  48.505  46298.223 167.920  -0.084   13.390  -10.000        0.4664       22.6250
 4  79  48.505  46298.223 167.920  -0.095   11.909  -10.000        0.4664       22.6250
 2  79  48.505  46299.191 175.109  -0.090   15.524  -10.000        0.4864       23.5938
 3  79  48.505  46299.191 175.109  -0.105   13.216  -10.000        0.4864       23.5938
 4  79  48.505  46299.191 175.109  -0.104   11.779  -10.000        0.4864       23.5938
 2  79  48.505  46300.195 182.560  -0.008   15.417  -10.000        0.5071       24.5977
 3  79  48.505  46300.195 182.560  -0.064   13.126  -10.000        0.5071       24.5977
 4  79  48.505  46300.195 182.560  -0.054   11.721  -10.000        0.5071       24.5977
 2  79  48.505  46301.215 190.127   0.006   15.324  -10.000        0.5281       25.6172
 3  79  48.505  46301.215 190.127  -0.052   13.059  -10.000        0.5281       25.6172
 4  79  48.505  46301.215 190.127  -0.054   11.654  -10.000        0.5281       25.6172
 2  79  48.505  46302.207 197.491   0.070   15.355  -10.000        0.5486       26.6094
 3  79  48.505  46302.207 197.491  -0.016   13.063  -10.000        0.5486       26.6094
 4  79  48.505  46302.207 197.491  -0.024   11.652  -10.000        0.5486       26.6094
 2  79  48.505  46303.188 204.768   0.007   15.295  -10.000        0.5688       27.5898
 3  79  48.505  46303.188 204.768  -0.020   13.051  -10.000        0.5688       27.5898
 4  79  48.505  46303.188 204.768  -0.020   11.643  -10.000        0.5688       27.5898
 2  79  48.505  46304.172 212.074   0.052   15.362  -10.000        0.5891       28.5742
 3  79  48.505  46304.172 212.074  -0.003   13.071  -10.000        0.5891       28.5742
 4  79  48.505  46304.172 212.074  -0.005   11.654  -10.000        0.5891       28.5742
 3  79  48.505  49620.297 343.880   0.112   13.625  -10.000       68.9552     3344.6992
 4  79  48.505  49620.297 343.880   0.120   12.054  -10.000       68.9552     3344.6992
 3  79  48.505  49621.254 350.983   0.136   13.677  -10.000       68.9750     3345.6562
 4  79  48.505  49621.254 350.983   0.162   12.119  -10.000       68.9750     3345.6562
 3  79  48.505  49624.254  13.247   0.141   13.767  -10.000       69.0368     3348.6562
 4  79  48.505  49624.254  13.247   0.125   12.152  -10.000       69.0368     3348.6562
 3  79  48.505  49625.273  20.814   0.151   13.801  -10.000       69.0578     3349.6758
 4  79  48.505  49625.273  20.814   0.151   12.199  -10.000       69.0578     3349.6758
 3  79  48.505  49626.281  28.295   0.115   13.787  -10.000       69.0786     3350.6836
 4  79  48.505  49626.281  28.295   0.083   12.151  -10.000       69.0786     3350.6836
 3  79  48.505  49631.242  65.113   0.003   13.831  -10.000       69.1809     3355.6445
 4  79  48.505  49631.242  65.113   0.031   12.241  -10.000       69.1809     3355.6445
 3  79  48.505  49632.270  72.738   0.072   13.933  -10.000       69.2020     3356.6719
 4  79  48.505  49632.270  72.738   0.077   12.318  -10.000       69.2020     3356.6719
 3  79  48.505  49633.250  80.016   0.026   13.923  -10.000       69.2223     3357.6523
 4  79  48.505  49633.250  80.016   0.023   12.298  -10.000       69.2223     3357.6523
 3  79  48.505  49634.258  87.495   0.074   14.006  -10.000       69.2430     3358.6602
 4  79  48.505  49634.258  87.495   0.077   12.385  -10.000       69.2430     3358.6602
 3  79  48.505  49635.281  95.092   0.043   14.005  -10.000       69.2641     3359.6836
 4  79  48.505  49635.281  95.092   0.068   12.407  -10.000       69.2641     3359.6836
 2  79  48.505  47734.398  27.011  -0.001   16.356  -10.000       30.0750     1458.8008
 3  79  48.505  47734.398  27.011  -0.014   13.654  -10.000       30.0750     1458.8008
 4  79  48.505  47734.398  27.011  -0.018   12.047  -10.000       30.0750     1458.8008
 2  79  48.505  47735.410  34.520  -0.122   16.268  -10.000       30.0959     1459.8125
 3  79  48.505  47735.410  34.520  -0.048   13.647  -10.000       30.0959     1459.8125
 4  79  48.505  47735.410  34.520  -0.031   12.057  -10.000       30.0959     1459.8125
 3  79  48.505  47736.418  41.999   0.001   13.732  -10.000       30.1167     1460.8203
 4  79  48.505  47736.418  41.999   0.015   12.135  -10.000       30.1167     1460.8203
 2  79  48.505  47737.402  49.305  -0.082   16.396  -10.000       30.1370     1461.8047
 3  79  48.505  47737.402  49.305  -0.073   13.693  -10.000       30.1370     1461.8047
 4  79  48.505  47737.402  49.305  -0.027   12.126  -10.000       30.1370     1461.8047
 2  79  48.505  47738.387  56.611   0.078   16.591  -10.000       30.1573     1462.7891
 3  79  48.505  47738.387  56.611   0.070   13.865  -10.000       30.1573     1462.7891
 4  79  48.505  47738.387  56.611   0.067   12.246  -10.000       30.1573     1462.7891
 2  79  48.505  47739.359  63.830  -0.106   16.439  -10.000       30.1773     1463.7617
 3  79  48.505  47739.359  63.830  -0.062   13.761  -10.000       30.1773     1463.7617
 4  79  48.505  47739.359  63.830  -0.025   12.180  -10.000       30.1773     1463.7617
 2  79  48.505  47740.391  71.484   0.047   16.629  -10.000       30.1986     1464.7930
 3  79  48.505  47740.391  71.484   0.033   13.888  -10.000       30.1986     1464.7930
 4  79  48.505  47740.391  71.484   0.017   12.253  -10.000       30.1986     1464.7930
 2  79  48.505  47741.348  78.587  -0.012   16.609  -10.000       30.2183     1465.7500
 3  79  48.505  47741.348  78.587  -0.013   13.877  -10.000       30.2183     1465.7500
 4  79  48.505  47741.348  78.587   0.009   12.277  -10.000       30.2183     1465.7500
 2  79  48.505  47742.352  86.037  -0.028   16.633  -10.000       30.2390     1466.7539
 3  79  48.505  47742.352  86.037  -0.013   13.912  -10.000       30.2390     1466.7539
 4  79  48.505  47742.352  86.037  -0.007   12.295  -10.000       30.2390     1466.7539
 2  79  48.505  47743.344  93.402  -0.005   16.688  -10.000       30.2594     1467.7461
 3  79  48.505  47743.344  93.402   0.004   13.960  -10.000       30.2594     1467.7461
 4  79  48.505  47743.344  93.402  -0.007   12.325  -10.000       30.2594     1467.7461
 2  79  48.505  47744.320 100.649   0.082   16.801  -10.000       30.2796     1468.7227
 3  79  48.505  47744.320 100.649   0.032   14.015  -10.000       30.2796     1468.7227
 4  79  48.505  47744.320 100.649   0.023   12.383  -10.000       30.2796     1468.7227
 2  79  48.505  47745.320 108.071  -0.006   16.731  -10.000       30.3002     1469.7227
 3  79  48.505  47745.320 108.071   0.023   14.029  -10.000       30.3002     1469.7227
 4  79  48.505  47745.320 108.071   0.013   12.397  -10.000       30.3002     1469.7227
 3  79  48.505  47746.328 115.551   0.024   14.042  -10.000       30.3210     1470.7305
 4  79  48.505  47746.328 115.551   0.047   12.448  -10.000       30.3210     1470.7305
 2  79  48.505  47747.324 122.944   0.009   16.739  -10.000       30.3415     1471.7266
 3  79  48.505  47747.324 122.944   0.003   14.025  -10.000       30.3415     1471.7266
 4  79  48.505  47747.324 122.944   0.008   12.418  -10.000       30.3415     1471.7266
 2  79  48.505  47748.324 130.366   0.079   16.780  -10.000       30.3621     1472.7266
 3  79  48.505  47748.324 130.366   0.065   14.079  -10.000       30.3621     1472.7266
 4  79  48.505  47748.324 130.366   0.043   12.454  -10.000       30.3621     1472.7266
 2  79  48.505  47749.324 137.788  -0.024   16.609  -10.000       30.3827     1473.7266
 3  79  48.505  47749.324 137.788   0.001   13.981  -10.000       30.3827     1473.7266
 4  79  48.505  47749.324 137.788   0.011   12.401  -10.000       30.3827     1473.7266
 2  79  48.505  47750.289 144.949   0.072   16.585  -10.000       30.4026     1474.6914
 3  79  48.505  47750.289 144.949   0.020   13.927  -10.000       30.4026     1474.6914
 4  79  48.505  47750.289 144.949  -0.001   12.337  -10.000       30.4026     1474.6914
 2  79  48.505  47751.297 152.428  -0.009   16.318  -10.000       30.4234     1475.6992
 3  79  48.505  47751.297 152.428  -0.002   13.788  -10.000       30.4234     1475.6992
 4  79  48.505  47751.297 152.428  -0.001   12.249  -10.000       30.4234     1475.6992
 2  79  48.505  47752.262 159.589   0.024   16.135  -10.000       30.4433     1476.6641
 3  79  48.505  47752.262 159.589   0.013   13.664  -10.000       30.4433     1476.6641
 4  79  48.505  47752.262 159.589   0.021   12.163  -10.000       30.4433     1476.6641
 3  79  48.505  47753.262 167.011  -0.002   13.492  -10.000       30.4639     1477.6641
 4  79  48.505  47753.262 167.011   0.000   12.019  -10.000       30.4639     1477.6641
 2  79  48.505  47754.301 174.723   0.020   15.645  -10.000       30.4853     1478.7031
 3  79  48.505  47754.301 174.723  -0.024   13.305  -10.000       30.4853     1478.7031
 4  79  48.505  47754.301 174.723   0.005   11.894  -10.000       30.4853     1478.7031
 3  79  48.505  47755.324 182.319  -0.049   13.144  -10.000       30.5064     1479.7266
 4  79  48.505  47755.324 182.319  -0.030   11.748  -10.000       30.5064     1479.7266
 2  79  48.505  47756.324 189.741   0.071   15.393  -10.000       30.5271     1480.7266
 3  79  48.505  47756.324 189.741  -0.060   13.054  -10.000       30.5271     1480.7266
 4  79  48.505  47756.324 189.741  -0.046   11.664  -10.000       30.5271     1480.7266
 3  79  48.505  47757.305 197.018  -0.030   13.050  -10.000       30.5473     1481.7070
 4  79  48.505  47757.305 197.018  -0.019   11.658  -10.000       30.5473     1481.7070
 2  79  48.505  47758.297 204.381  -0.040   15.248  -10.000       30.5677     1482.6992
 3  79  48.505  47758.297 204.381  -0.060   13.011  -10.000       30.5677     1482.6992
 4  79  48.505  47758.297 204.381  -0.027   11.636  -10.000       30.5677     1482.6992
 2  79  48.505  47759.266 211.571  -0.017   15.291  -10.000       30.5877     1483.6680
 3  79  48.505  47759.266 211.571  -0.033   13.041  -10.000       30.5877     1483.6680
 4  79  48.505  47759.266 211.571  -0.005   11.654  -10.000       30.5877     1483.6680
 2  79  48.505  47760.281 219.109  -0.009   15.336  -10.000       30.6086     1484.6836
 3  79  48.505  47760.281 219.109  -0.018   13.067  -10.000       30.6086     1484.6836
 4  79  48.505  47760.281 219.109   0.000   11.660  -10.000       30.6086     1484.6836
 2  79  48.505  47761.266 226.415  -0.028   15.366  -10.000       30.6289     1485.6680
 3  79  48.505  47761.266 226.415  -0.010   13.097  -10.000       30.6289     1485.6680
 4  79  48.505  47761.266 226.415   0.001   11.671  -10.000       30.6289     1485.6680
 2  79  48.505  47762.242 233.663   0.001   15.452  -10.000       30.6491     1486.6445
 3  79  48.505  47762.242 233.663   0.016   13.150  -10.000       30.6491     1486.6445
 4  79  48.505  47762.242 233.663   0.017   11.702  -10.000       30.6491     1486.6445
 2  79  48.505  47763.215 240.882  -0.009   15.493  -10.000       30.6691     1487.6172
 3  79  48.505  47763.215 240.882  -0.005   13.153  -10.000       30.6691     1487.6172
 4  79  48.505  47763.215 240.882  -0.012   11.685  -10.000       30.6691     1487.6172
 2  79  48.505  47764.219 248.333  -0.040   15.509  -10.000       30.6898     1488.6211
 3  79  48.505  47764.219 248.333  -0.012   13.167  -10.000       30.6898     1488.6211
 4  79  48.505  47764.219 248.333  -0.003   11.704  -10.000       30.6898     1488.6211
 2  79  48.505  47766.219 263.177  -0.017   15.629  -10.000       30.7310     1490.6211
 3  79  48.505  47766.219 263.177   0.031   13.257  -10.000       30.7310     1490.6211
 4  79  48.505  47766.219 263.177   0.031   11.765  -10.000       30.7310     1490.6211
 2  79  48.505  47767.281 271.062  -0.017   15.685  -10.000       30.7530     1491.6836
 3  79  48.505  47767.281 271.062   0.011   13.266  -10.000       30.7530     1491.6836
 4  79  48.505  47767.281 271.062   0.024   11.776  -10.000       30.7530     1491.6836
 2  79  48.505  47768.266 278.368  -0.045   15.707  -10.000       30.7732     1492.6680
 3  79  48.505  47768.266 278.368  -0.039   13.242  -10.000       30.7732     1492.6680
 4  79  48.505  47768.266 278.368  -0.032   11.736  -10.000       30.7732     1492.6680
 2  79  48.505  47770.273 293.270  -0.021   15.824  -10.000       30.8146     1494.6758
 3  79  48.505  47770.273 293.270  -0.001   13.331  -10.000       30.8146     1494.6758
 4  79  48.505  47770.273 293.270   0.022   11.824  -10.000       30.8146     1494.6758
 2  79  48.505  47771.254 300.547   0.010   15.902  -10.000       30.8349     1495.6562
 3  79  48.505  47771.254 300.547   0.018   13.377  -10.000       30.8349     1495.6562
 4  79  48.505  47771.254 300.547   0.025   11.845  -10.000       30.8349     1495.6562
 2  79  48.505  47772.250 307.940  -0.025   15.913  -10.000       30.8554     1496.6523
 3  79  48.505  47772.250 307.940   0.013   13.398  -10.000       30.8554     1496.6523
 4  79  48.505  47772.250 307.940   0.012   11.850  -10.000       30.8554     1496.6523
 2  79  48.505  47773.285 315.622  -0.005   15.975  -10.000       30.8767     1497.6875
 3  79  48.505  47773.285 315.622   0.010   13.421  -10.000       30.8767     1497.6875
 4  79  48.505  47773.285 315.622   0.032   11.888  -10.000       30.8767     1497.6875
 2  79  48.505  47774.289 323.074   0.025   16.045  -10.000       30.8974     1498.6914
 3  79  48.505  47774.289 323.074   0.011   13.446  -10.000       30.8974     1498.6914
 4  79  48.505  47774.289 323.074   0.027   11.901  -10.000       30.8974     1498.6914
 2  79  48.505  47775.250 330.205   0.021   16.081  -10.000       30.9172     1499.6523
 3  79  48.505  47775.250 330.205   0.025   13.484  -10.000       30.9172     1499.6523
 4  79  48.505  47775.250 330.205   0.043   11.936  -10.000       30.9172     1499.6523
 2  79  48.505  47776.254 337.656   0.010   16.113  -10.000       30.9379     1500.6562
 3  79  48.505  47776.254 337.656   0.035   13.523  -10.000       30.9379     1500.6562
 4  79  48.505  47776.254 337.656   0.013   11.927  -10.000       30.9379     1500.6562
 2  79  48.505  46992.391 279.935   0.006   15.768  -10.000       14.7776      716.7930
 3  79  48.505  46992.391 279.935  -0.005   13.281  -10.000       14.7776      716.7930
 4  79  48.505  46992.391 279.935  -0.009   11.763  -10.000       14.7776      716.7930
 2  79  48.505  46994.406 294.895   0.052   15.908  -10.000       14.8192      718.8086
 3  79  48.505  46994.406 294.895   0.025   13.363  -10.000       14.8192      718.8086
 4  79  48.505  46994.406 294.895   0.005   11.811  -10.000       14.8192      718.8086
 2  79  48.505  46995.324 301.708   0.042   15.942  -10.000       14.8381      719.7266
 3  79  48.505  46995.324 301.708  -0.054   13.309  -10.000       14.8381      719.7266
 4  79  48.505  46995.324 301.708  -0.066   11.757  -10.000       14.8381      719.7266
 2  79  48.505  46996.262 308.666   0.019   15.961  -10.000       14.8574      720.6641
 3  79  48.505  46996.262 308.666  -0.067   13.321  -10.000       14.8574      720.6641
 4  79  48.505  46996.262 308.666  -0.061   11.779  -10.000       14.8574      720.6641
 2  79  48.505  46997.293 316.319   0.083   16.067  -10.000       14.8787      721.6953
 3  79  48.505  46997.293 316.319  -0.031   13.382  -10.000       14.8787      721.6953
 4  79  48.505  46997.293 316.319  -0.041   11.817  -10.000       14.8787      721.6953
 2  79  48.505  46998.289 323.712  -0.017   16.007  -10.000       14.8992      722.6914
 3  79  48.505  46998.289 323.712  -0.015   13.422  -10.000       14.8992      722.6914
 4  79  48.505  46998.289 323.712  -0.044   11.832  -10.000       14.8992      722.6914
 2  79  48.505  46999.289 331.134   0.017   16.082  -10.000       14.9198      723.6914
 3  79  48.505  46999.289 331.134  -0.018   13.445  -10.000       14.9198      723.6914
 4  79  48.505  46999.289 331.134  -0.026   11.869  -10.000       14.9198      723.6914
 2  79  48.505  47000.301 338.643   0.022   16.131  -10.000       14.9407      724.7031
 3  79  48.505  47000.301 338.643  -0.013   13.478  -10.000       14.9407      724.7031
 4  79  48.505  47000.301 338.643  -0.049   11.868  -10.000       14.9407      724.7031
 2  79  48.505  47001.301 346.065   0.146   16.300  -10.000       14.9613      725.7031
 3  79  48.505  47001.301 346.065   0.027   13.549  -10.000       14.9613      725.7031
 4  79  48.505  47001.301 346.065   0.002   11.943  -10.000       14.9613      725.7031
 2  79  48.505  47002.301 353.487   0.088   16.285  -10.000       14.9819      726.7031
 3  79  48.505  47002.301 353.487  -0.006   13.545  -10.000       14.9819      726.7031
 4  79  48.505  47002.301 353.487  -0.035   11.930  -10.000       14.9819      726.7031
 2  79  48.505  47003.285   0.792   0.065   16.303  -10.000       15.0022      727.6875
 3  79  48.505  47003.285   0.792  -0.084   13.496  -10.000       15.0022      727.6875
 4  79  48.505  47003.285   0.792  -0.066   11.922  -10.000       15.0022      727.6875
 2  79  48.505  47082.223 226.656  -0.022   15.374  -10.000       16.6296      806.6250
 3  79  48.505  47082.223 226.656   0.013   13.121  -10.000       16.6296      806.6250
 4  79  48.505  47082.223 226.656   0.002   11.673  -10.000       16.6296      806.6250
 2  79  48.505  47083.156 233.584  -0.068   15.382  -10.000       16.6488      807.5586
 3  79  48.505  47083.156 233.584  -0.004   13.130  -10.000       16.6488      807.5586
 4  79  48.505  47083.156 233.584  -0.015   11.670  -10.000       16.6488      807.5586
 2  79  48.505  47084.148 240.948  -0.082   15.420  -10.000       16.6693      808.5508
 3  79  48.505  47084.148 240.948  -0.030   13.128  -10.000       16.6693      808.5508
 4  79  48.505  47084.148 240.948  -0.007   11.690  -10.000       16.6693      808.5508
 2  79  48.505  47087.156 263.272   0.061   15.708  -10.000       16.7313      811.5586
 3  79  48.505  47087.156 263.272  -0.001   13.225  -10.000       16.7313      811.5586
 4  79  48.505  47087.156 263.272   0.001   11.735  -10.000       16.7313      811.5586
 2  79  48.505  47088.105 270.317  -0.040   15.657  -10.000       16.7509      812.5078
 3  79  48.505  47088.105 270.317  -0.010   13.243  -10.000       16.7509      812.5078
 4  79  48.505  47088.105 270.317  -0.008   11.743  -10.000       16.7509      812.5078
 2  79  48.505  47091.098 292.524   0.003   15.844  -10.000       16.8126      815.5000
 3  79  48.505  47091.098 292.524  -0.023   13.307  -10.000       16.8126      815.5000
 4  79  48.505  47091.098 292.524  -0.023   11.777  -10.000       16.8126      815.5000
 2  79  48.505  47098.086 344.391  -0.044   16.100  -10.000       16.9566      822.4883
 3  79  48.505  47098.086 344.391  -0.020   13.495  -10.000       16.9566      822.4883
 4  79  48.505  47098.086 344.391  -0.027   11.908  -10.000       16.9566      822.4883
 2  79  48.505  48854.312  58.852   0.100   16.623  -10.000       53.1635     2578.7148
 3  79  48.505  48854.312  58.852  -0.001   13.803  -10.000       53.1635     2578.7148
 4  79  48.505  48854.312  58.852   0.027   12.214  -10.000       53.1635     2578.7148
 2  79  48.505  48856.301  73.610   0.103   16.696  -10.000       53.2045     2580.7031
 3  79  48.505  48856.301  73.610   0.038   13.903  -10.000       53.2045     2580.7031
 4  79  48.505  48856.301  73.610   0.043   12.288  -10.000       53.2045     2580.7031
 2  79  48.505  48858.281  88.308   0.028   16.699  -10.000       53.2453     2582.6836
 3  79  48.505  48858.281  88.308   0.078   14.013  -10.000       53.2453     2582.6836
 4  79  48.505  48858.281  88.308   0.041   12.353  -10.000       53.2453     2582.6836
 2  79  48.505  48860.270 103.065  -0.005   16.721  -10.000       53.2863     2584.6719
 3  79  48.505  48860.270 103.065   0.024   14.016  -10.000       53.2863     2584.6719
 4  79  48.505  48860.270 103.065   0.026   12.395  -10.000       53.2863     2584.6719
 2  79  48.505  48862.301 118.140   0.057   16.795  -10.000       53.3282     2586.7031
 3  79  48.505  48862.301 118.140   0.011   14.032  -10.000       53.3282     2586.7031
 4  79  48.505  48862.301 118.140   0.044   12.449  -10.000       53.3282     2586.7031
 2  79  48.505  48870.289 177.428   0.044   15.592  -10.000       53.4929     2594.6914
 3  79  48.505  48870.289 177.428  -0.020   13.256  -10.000       53.4929     2594.6914
 4  79  48.505  48870.289 177.428  -0.019   11.827  -10.000       53.4929     2594.6914
 2  79  48.505  48872.262 192.070   0.094   15.398  -10.000       53.5335     2596.6641
 3  79  48.505  48872.262 192.070  -0.019   13.080  -10.000       53.5335     2596.6641
 4  79  48.505  48872.262 192.070  -0.011   11.686  -10.000       53.5335     2596.6641
 2  79  48.505  48874.281 207.058   0.110   15.404  -10.000       53.5752     2598.6836
 3  79  48.505  48874.281 207.058  -0.002   13.069  -10.000       53.5752     2598.6836
 4  79  48.505  48874.281 207.058  -0.014   11.647  -10.000       53.5752     2598.6836
 2  79  48.505  48876.254 221.699   0.242   15.603  -10.000       53.6158     2600.6562
 3  79  48.505  48876.254 221.699   0.058   13.150  -10.000       53.6158     2600.6562
 4  79  48.505  48876.254 221.699   0.039   11.702  -10.000       53.6158     2600.6562
 3  79  48.505  48877.230 228.947  -0.020   13.096  -10.000       53.6360     2601.6328
 4  79  48.505  48877.230 228.947   0.003   11.678  -10.000       53.6360     2601.6328
 2  79  48.505  48878.281 236.746  -0.013   15.460  -10.000       53.6576     2602.6836
 3  79  48.505  48878.281 236.746  -0.009   13.136  -10.000       53.6576     2602.6836
 4  79  48.505  48878.281 236.746   0.009   11.700  -10.000       53.6576     2602.6836
 2  79  48.505  48879.324 244.486   0.072   15.597  -10.000       53.6791     2603.7266
 3  79  48.505  48879.324 244.486   0.014   13.182  -10.000       53.6791     2603.7266
 4  79  48.505  48879.324 244.486   0.007   11.709  -10.000       53.6791     2603.7266
 2  79  48.505  48880.223 251.154  -0.040   15.526  -10.000       53.6977     2604.6250
 3  79  48.505  48880.223 251.154  -0.023   13.164  -10.000       53.6977     2604.6250
 4  79  48.505  48880.223 251.154  -0.005   11.706  -10.000       53.6977     2604.6250
 2  79  48.505  48881.203 258.431   0.051   15.664  -10.000       53.7179     2605.6055
 3  79  48.505  48881.203 258.431   0.009   13.218  -10.000       53.7179     2605.6055
 4  79  48.505  48881.203 258.431   0.004   11.727  -10.000       53.7179     2605.6055
 2  79  48.505  48882.207 265.882   0.043   15.709  -10.000       53.7386     2606.6094
 3  79  48.505  48882.207 265.882   0.017   13.253  -10.000       53.7386     2606.6094
 4  79  48.505  48882.207 265.882   0.017   11.757  -10.000       53.7386     2606.6094
 2  79  48.505  48883.238 273.536   0.108   15.827  -10.000       53.7598     2607.6406
 3  79  48.505  48883.238 273.536   0.037   13.301  -10.000       53.7598     2607.6406
 4  79  48.505  48883.238 273.536   0.002   11.760  -10.000       53.7598     2607.6406
 2  79  48.505  48884.215 280.783   0.023   15.790  -10.000       53.7800     2608.6172
 3  79  48.505  48884.215 280.783  -0.012   13.277  -10.000       53.7800     2608.6172
 4  79  48.505  48884.215 280.783  -0.026   11.747  -10.000       53.7800     2608.6172
 2  79  48.505  48885.211 288.177   0.057   15.870  -10.000       53.8005     2609.6133
 3  79  48.505  48885.211 288.177  -0.016   13.298  -10.000       53.8005     2609.6133
 4  79  48.505  48885.211 288.177   0.000   11.789  -10.000       53.8005     2609.6133
 2  79  48.505  48886.230 295.744   0.001   15.862  -10.000       53.8215     2610.6328
 3  79  48.505  48886.230 295.744  -0.001   13.340  -10.000       53.8215     2610.6328
 4  79  48.505  48886.230 295.744   0.007   11.815  -10.000       53.8215     2610.6328
 2  79  48.505  48887.238 303.223   0.005   15.914  -10.000       53.8423     2611.6406
 3  79  48.505  48887.238 303.223  -0.020   13.349  -10.000       53.8423     2611.6406
 4  79  48.505  48887.238 303.223  -0.007   11.819  -10.000       53.8423     2611.6406
 2  79  48.505  48888.203 310.384   0.075   16.026  -10.000       53.8622     2612.6055
 3  79  48.505  48888.203 310.384  -0.009   13.384  -10.000       53.8622     2612.6055
 4  79  48.505  48888.203 310.384   0.011   11.855  -10.000       53.8622     2612.6055
 2  79  48.505  48889.215 317.894   0.001   15.993  -10.000       53.8830     2613.6172
 3  79  48.505  48889.215 317.894   0.001   13.419  -10.000       53.8830     2613.6172
 4  79  48.505  48889.215 317.894   0.023   11.885  -10.000       53.8830     2613.6172
 2  79  48.505  48890.203 325.228   0.053   16.085  -10.000       53.9034     2614.6055
 3  79  48.505  48890.203 325.228   0.005   13.447  -10.000       53.9034     2614.6055
 4  79  48.505  48890.203 325.228   0.003   11.882  -10.000       53.9034     2614.6055
 2  79  48.505  48891.191 332.563   0.032   16.105  -10.000       53.9238     2615.5938
 3  79  48.505  48891.191 332.563  -0.005   13.463  -10.000       53.9238     2615.5938
 4  79  48.505  48891.191 332.563   0.012   11.911  -10.000       53.9238     2615.5938
 2  79  48.505  48892.215 340.159   0.042   16.160  -10.000       53.9449     2616.6172
 3  79  48.505  48892.215 340.159  -0.011   13.486  -10.000       53.9449     2616.6172
 4  79  48.505  48892.215 340.159  -0.008   11.914  -10.000       53.9449     2616.6172
 2  79  48.505  48893.203 347.493   0.031   16.194  -10.000       53.9653     2617.6055
 3  79  48.505  48893.203 347.493  -0.006   13.521  -10.000       53.9653     2617.6055
 4  79  48.505  48893.203 347.493   0.003   11.949  -10.000       53.9653     2617.6055
 2  79  48.505  48894.227 355.089   0.006   16.212  -10.000       53.9864     2618.6289
 3  79  48.505  48894.227 355.089  -0.011   13.547  -10.000       53.9864     2618.6289
 4  79  48.505  48894.227 355.089  -0.006   11.964  -10.000       53.9864     2618.6289
 3  79  48.505  49933.422 147.849  -0.040   13.826  -10.000       75.4107     3657.8242
 4  79  48.505  49933.422 147.849  -0.115   12.193  -10.000       75.4107     3657.8242
 5  79  48.505  49933.422 147.849   0.001   10.858  -10.000       75.4107     3657.8242
 2  79  48.505  49934.371 154.893  -0.271   15.984  -10.000       75.4303     3658.7734
 3  79  48.505  49934.371 154.893  -0.023   13.721  -10.000       75.4303     3658.7734
 4  79  48.505  49934.371 154.893  -0.134   12.081  -10.000       75.4303     3658.7734
 5  79  48.505  49934.371 154.893  -0.042   10.749  -10.000       75.4303     3658.7734
 3  79  48.505  49935.379 162.372  -0.178   13.415  -10.000       75.4510     3659.7812
 4  79  48.505  49935.379 162.372  -0.215   11.882  -10.000       75.4510     3659.7812
 5  79  48.505  49935.379 162.372  -0.107   10.597  -10.000       75.4510     3659.7812
 3  79  48.505  49936.344 169.533  -0.122   13.317  -10.000       75.4709     3660.7461
 4  79  48.505  49936.344 169.533  -0.094   11.882  -10.000       75.4709     3660.7461
 5  79  48.505  49936.344 169.533  -0.046   10.568  -10.000       75.4709     3660.7461
 3  79  48.505  49937.352 177.014  -0.076   13.208  -10.000       75.4917     3661.7539
 4  79  48.505  49937.352 177.014  -0.083   11.769  -10.000       75.4917     3661.7539
 3  79  48.505  49938.375 184.609  -0.026   13.137  -10.000       75.5128     3662.7773
 4  79  48.505  49938.375 184.609  -0.064   11.688  -10.000       75.5128     3662.7773
 5  79  48.505  49938.375 184.609  -0.085   10.354  -10.000       75.5128     3662.7773
 3  79  48.505  49939.359 191.915  -0.084   13.016  -10.000       75.5331     3663.7617
 5  79  48.505  49939.359 191.915  -0.030   10.361  -10.000       75.5331     3663.7617
 3  79  48.505  49941.352 206.702   0.013   13.084  -10.000       75.5742     3665.7539
 5  79  48.505  49941.352 206.702  -0.005   10.343  -10.000       75.5742     3665.7539
 3  79  48.505  49943.324 221.342  -0.052   13.039  -10.000       75.6148     3667.7266
 5  79  48.505  49943.324 221.342  -0.034   10.298  -10.000       75.6148     3667.7266
 3  79  48.505  49944.375 229.142  -0.093   13.024  -10.000       75.6365     3668.7773
 5  79  48.505  49944.375 229.142  -0.038   10.295  -10.000       75.6365     3668.7773
 3  79  48.505  49945.375 236.563  -0.009   13.135  -10.000       75.6571     3669.7773
 5  79  48.505  49945.375 236.563   0.042   10.378  -10.000       75.6571     3669.7773
 3  79  48.505  49947.246 250.450  -0.029   13.156  -10.000       75.6957     3671.6484
 5  79  48.505  49947.246 250.450   0.020   10.358  -10.000       75.6957     3671.6484
 3  79  48.505  49948.270 258.044  -0.039   13.169  -10.000       75.7168     3672.6719
 5  79  48.505  49948.270 258.044   0.003   10.343  -10.000       75.7168     3672.6719
 3  79  48.505  49949.273 265.496  -0.022   13.212  -10.000       75.7375     3673.6758
 5  79  48.505  49949.273 265.496  -0.018   10.329  -10.000       75.7375     3673.6758
 3  79  48.505  49950.266 272.859  -0.042   13.220  -10.000       75.7579     3674.6680
 5  79  48.505  49950.266 272.859  -0.017   10.338  -10.000       75.7579     3674.6680
 3  79  48.505  49952.270 287.732  -0.021   13.292  -10.000       75.7993     3676.6719
 5  79  48.505  49952.270 287.732  -0.023   10.347  -10.000       75.7993     3676.6719
 3  79  48.505  49953.328 295.590  -0.041   13.300  -10.000       75.8211     3677.7305
 5  79  48.505  49953.328 295.590   0.007   10.388  -10.000       75.8211     3677.7305
 3  79  48.505  49954.266 302.547  -0.024   13.342  -10.000       75.8404     3678.6680
 5  79  48.505  49954.266 302.547   0.010   10.401  -10.000       75.8404     3678.6680
 3  79  48.505  49955.258 309.911  -0.019   13.373  -10.000       75.8609     3679.6602
 5  79  48.505  49955.258 309.911   0.041   10.443  -10.000       75.8609     3679.6602
 3  79  48.505  49956.355 318.057   0.007   13.425  -10.000       75.8835     3680.7578
 5  79  48.505  49956.355 318.057   0.001   10.415  -10.000       75.8835     3680.7578
 3  79  48.505  49957.258 324.756  -0.050   13.390  -10.000       75.9021     3681.6602
 5  79  48.505  49957.258 324.756   0.021   10.446  -10.000       75.9021     3681.6602
 3  79  48.505  49958.242 332.062   0.042   13.508  -10.000       75.9224     3682.6445
 5  79  48.505  49958.242 332.062   0.010   10.449  -10.000       75.9224     3682.6445
 3  79  48.505  49959.258 339.598   0.054   13.549  -10.000       75.9433     3683.6602
 5  79  48.505  49959.258 339.598   0.030   10.485  -10.000       75.9433     3683.6602
 3  79  48.505  49960.297 347.311  -0.040   13.487  -10.000       75.9648     3684.6992
 5  79  48.505  49960.297 347.311   0.004   10.478  -10.000       75.9648     3684.6992
 3  79  48.505  49962.285   2.068  -0.042   13.542  -10.000       76.0057     3686.6875
 5  79  48.505  49962.285   2.068   0.043   10.555  -10.000       76.0057     3686.6875
 3  79  48.505  49985.277 172.713  -0.105   13.266  -10.000       76.4798     3709.6797
 5  79  48.505  49985.277 172.713  -0.130   10.443  -10.000       76.4798     3709.6797
 3  79  48.505  49986.199 179.555  -0.123   13.115  -10.000       76.4988     3710.6016
 5  79  48.505  49986.199 179.555  -0.145   10.344  -10.000       76.4988     3710.6016
 3  79  48.505  49987.242 187.295  -0.089   13.045  -10.000       76.5203     3711.6445
 5  79  48.505  49987.242 187.295  -0.104   10.314  -10.000       76.5203     3711.6445
 3  79  48.505  50009.281 350.865  -0.076   13.465  -10.000       76.9746     3733.6836
 5  79  48.505  50009.281 350.865  -0.071   10.413  -10.000       76.9746     3733.6836
 3  79  48.505  50011.250   5.477  -0.038   13.560  -10.000       77.0152     3735.6523
 5  79  48.505  50011.250   5.477   0.037   10.558  -10.000       77.0152     3735.6523
 3  79  48.505  50017.207  49.688  -0.030   13.738  -10.000       77.1380     3741.6094
 5  79  48.505  50017.207  49.688   0.024   10.678  -10.000       77.1380     3741.6094
 3  79  48.505  50018.246  57.401  -0.048   13.750  -10.000       77.1594     3742.6484
 5  79  48.505  50018.246  57.401   0.043   10.722  -10.000       77.1594     3742.6484
 3  79  48.505  50020.199  71.897  -0.050   13.807  -10.000       77.1997     3744.6016
 5  79  48.505  50020.199  71.897   0.021   10.753  -10.000       77.1997     3744.6016
 2 150  48.505  50305.223  27.301  -0.100   16.258  -10.000       83.0758     4029.6250
 3 150  48.505  50305.223  27.301   0.019   13.688  -10.000       83.0758     4029.6250
 4 150  48.505  50305.223  27.301   0.040   12.105  -10.000       83.0758     4029.6250
 2 150  48.505  50306.289  35.214  -0.081   16.313  -10.000       83.0978     4030.6914
 3 150  48.505  50306.289  35.214  -0.007   13.691  -10.000       83.0978     4030.6914
 4 150  48.505  50306.289  35.214   0.004   12.095  -10.000       83.0978     4030.6914
 2 150  48.505  50307.289  42.638   0.045   16.484  -10.000       83.1184     4031.6914
 3 150  48.505  50307.289  42.638   0.021   13.755  -10.000       83.1184     4031.6914
 4 150  48.505  50307.289  42.638   0.024   12.147  -10.000       83.1184     4031.6914
 2 150  48.505  50310.270  64.759  -0.062   16.487  -10.000       83.1799     4034.6719
 3 150  48.505  50310.270  64.759  -0.036   13.791  -10.000       83.1799     4034.6719
 4 150  48.505  50310.270  64.759   0.021   12.230  -10.000       83.1799     4034.6719
 2 150  48.505  50311.246  72.004  -0.074   16.511  -10.000       83.2000     4035.6484
 3 150  48.505  50311.246  72.004   0.007   13.865  -10.000       83.2000     4035.6484
 4 150  48.505  50311.246  72.004   0.047   12.285  -10.000       83.2000     4035.6484
 2 150  48.505  50312.277  79.659  -0.055   16.572  -10.000       83.2213     4036.6797
 3 150  48.505  50312.277  79.659   0.005   13.900  -10.000       83.2213     4036.6797
 4 150  48.505  50312.277  79.659   0.032   12.305  -10.000       83.2213     4036.6797
 2 150  48.505  50313.273  87.053  -0.160   16.506  -10.000       83.2418     4037.6758
 3 150  48.505  50313.273  87.053  -0.009   13.921  -10.000       83.2418     4037.6758
 4 150  48.505  50313.273  87.053   0.025   12.331  -10.000       83.2418     4037.6758
 3 150  48.505  50314.195  93.895   0.018   13.976  -10.000       83.2608     4038.5977
 4 150  48.505  50314.195  93.895   0.034   12.368  -10.000       83.2608     4038.5977
 2 150  48.505  50315.211 101.431  -0.021   16.700  -10.000       83.2818     4039.6133
 3 150  48.505  50315.211 101.431  -0.063   13.923  -10.000       83.2818     4039.6133
 4 150  48.505  50315.211 101.431   0.009   12.372  -10.000       83.2818     4039.6133
 2 150  48.505  50316.258 109.201  -0.153   16.585  -10.000       83.3033     4040.6602
 3 150  48.505  50316.258 109.201  -0.067   13.941  -10.000       83.3033     4040.6602
 4 150  48.505  50316.258 109.201   0.022   12.409  -10.000       83.3033     4040.6602
 2 150  48.505  50317.223 116.362  -0.075   16.665  -10.000       83.3232     4041.6250
 3 150  48.505  50317.223 116.362  -0.012   14.007  -10.000       83.3232     4041.6250
 4 150  48.505  50317.223 116.362   0.044   12.446  -10.000       83.3232     4041.6250
 2 150  48.505  50318.238 123.901  -0.042   16.686  -10.000       83.3442     4042.6406
 3 150  48.505  50318.238 123.901   0.009   14.031  -10.000       83.3442     4042.6406
 4 150  48.505  50318.238 123.901   0.060   12.471  -10.000       83.3442     4042.6406
 2 150  48.505  50319.223 131.207  -0.123   16.573  -10.000       83.3645     4043.6250
 3 150  48.505  50319.223 131.207  -0.011   14.001  -10.000       83.3645     4043.6250
 4 150  48.505  50319.223 131.207   0.028   12.438  -10.000       83.3645     4043.6250
 2 150  48.505  50320.227 138.658  -0.024   16.598  -10.000       83.3852     4044.6289
 3 150  48.505  50320.227 138.658   0.030   14.003  -10.000       83.3852     4044.6289
 4 150  48.505  50320.227 138.658   0.081   12.467  -10.000       83.3852     4044.6289
 2 150  48.505  50321.215 145.992   0.014   16.504  -10.000       83.4055     4045.6172
 3 150  48.505  50321.215 145.992   0.051   13.944  -10.000       83.4055     4045.6172
 4 150  48.505  50321.215 145.992   0.090   12.418  -10.000       83.4055     4045.6172
 2 150  48.505  50322.250 153.674   0.151   16.442  -10.000       83.4269     4046.6523
 3 150  48.505  50322.250 153.674   0.085   13.852  -10.000       83.4269     4046.6523
 4 150  48.505  50322.250 153.674   0.097   12.329  -10.000       83.4269     4046.6523
 2 150  48.505  50323.250 161.098   0.350   16.413  -10.000       83.4475     4047.6523
 3 150  48.505  50323.250 161.098   0.114   13.734  -10.000       83.4475     4047.6523
 4 150  48.505  50323.250 161.098   0.148   12.266  -10.000       83.4475     4047.6523
 2 150  48.505  50324.250 168.519   0.253   16.075  -10.000       83.4681     4048.6523
 3 150  48.505  50324.250 168.519   0.084   13.545  -10.000       83.4681     4048.6523
 4 150  48.505  50324.250 168.519   0.118   12.112  -10.000       83.4681     4048.6523
 2 150  48.505  50325.215 175.680   0.142   15.739  -10.000       83.4880     4049.6172
 3 150  48.505  50325.215 175.680   0.108   13.418  -10.000       83.4880     4049.6172
 4 150  48.505  50325.215 175.680   0.100   11.973  -10.000       83.4880     4049.6172
 2 150  48.505  50326.180 182.840   0.084   15.503  -10.000       83.5079     4050.5820
 3 150  48.505  50326.180 182.840   0.084   13.270  -10.000       83.5079     4050.5820
 4 150  48.505  50326.180 182.840   0.078   11.850  -10.000       83.5079     4050.5820
 2 150  48.505  50327.254 190.813   0.059   15.372  -10.000       83.5300     4051.6562
 3 150  48.505  50327.254 190.813   0.019   13.125  -10.000       83.5300     4051.6562
 2 150  48.505  50330.215 212.789   0.008   15.321  -10.000       83.5911     4054.6172
 3 150  48.505  50330.215 212.789   0.028   13.103  -10.000       83.5911     4054.6172
 4 150  48.505  50330.215 212.789   0.062   11.721  -10.000       83.5911     4054.6172
 2 150  48.505  50332.188 227.431  -0.002   15.400  -10.000       83.6318     4056.5898
 3 150  48.505  50332.188 227.431  -0.091   13.020  -10.000       83.6318     4056.5898
 4 150  48.505  50332.188 227.431   0.040   11.712  -10.000       83.6318     4056.5898
 2 150  48.505  50333.188 234.852  -0.098   15.362  -10.000       83.6524     4057.5898
 3 150  48.505  50333.188 234.852  -0.081   13.057  -10.000       83.6524     4057.5898
 4 150  48.505  50333.188 234.852  -0.038   11.649  -10.000       83.6524     4057.5898
 2 150  48.505  50334.195 242.331  -0.075   15.436  -10.000       83.6731     4058.5977
 3 150  48.505  50334.195 242.331  -0.064   13.098  -10.000       83.6731     4058.5977
 4 150  48.505  50334.195 242.331  -0.003   11.696  -10.000       83.6731     4058.5977
 2 150  48.505  50335.199 249.782  -0.011   15.547  -10.000       83.6938     4059.6016
 3 150  48.505  50335.199 249.782  -0.047   13.136  -10.000       83.6938     4059.6016
 4 150  48.505  50335.199 249.782  -0.017   11.692  -10.000       83.6938     4059.6016
 2 150  48.505  50336.219 257.349  -0.173   15.433  -10.000       83.7149     4060.6211
 3 150  48.505  50336.219 257.349  -0.043   13.162  -10.000       83.7149     4060.6211
 4 150  48.505  50336.219 257.349  -0.007   11.714  -10.000       83.7149     4060.6211
 2 150  48.505  50337.184 264.510  -0.098   15.558  -10.000       83.7347     4061.5859
 3 150  48.505  50337.184 264.510  -0.046   13.185  -10.000       83.7347     4061.5859
 4 150  48.505  50337.184 264.510  -0.001   11.736  -10.000       83.7347     4061.5859
 2 150  48.505  50338.262 272.510  -0.100   15.612  -10.000       83.7570     4062.6641
 3 150  48.505  50338.262 272.510  -0.060   13.201  -10.000       83.7570     4062.6641
 4 150  48.505  50338.262 272.510  -0.013   11.743  -10.000       83.7570     4062.6641
 2 150  48.505  50340.168 286.661  -0.081   15.723  -10.000       83.7963     4064.5703
 3 150  48.505  50340.168 286.661  -0.059   13.250  -10.000       83.7963     4064.5703
 4 150  48.505  50340.168 286.661  -0.019   11.767  -10.000       83.7963     4064.5703
 2 150  48.505  50341.176 294.140  -0.112   15.739  -10.000       83.8171     4065.5781
 3 150  48.505  50341.176 294.140  -0.045   13.290  -10.000       83.8171     4065.5781
 4 150  48.505  50341.176 294.140  -0.014   11.790  -10.000       83.8171     4065.5781
 2 150  48.505  50342.207 301.794  -0.171   15.729  -10.000       83.8383     4066.6094
 3 150  48.505  50342.207 301.794  -0.071   13.292  -10.000       83.8383     4066.6094
 4 150  48.505  50342.207 301.794  -0.036   11.787  -10.000       83.8383     4066.6094
 2 150  48.505  50344.230 316.810  -0.107   15.879  -10.000       83.8800     4068.6328
 3 150  48.505  50344.230 316.810  -0.089   13.325  -10.000       83.8800     4068.6328
 4 150  48.505  50344.230 316.810  -0.007   11.852  -10.000       83.8800     4068.6328
 2 150  48.505  50347.199 338.843  -0.206   15.904  -10.000       83.9412     4071.6016
 3 150  48.505  50347.199 338.843  -0.068   13.424  -10.000       83.9412     4071.6016
 4 150  48.505  50347.199 338.843  -0.001   11.917  -10.000       83.9412     4071.6016
 2 150  48.505  50357.184  52.946  -0.133   16.363  -10.000       84.1471     4081.5859
 3 150  48.505  50357.184  52.946  -0.048   13.733  -10.000       84.1471     4081.5859
 4 150  48.505  50357.184  52.946  -0.005   12.161  -10.000       84.1471     4081.5859
