 2  79  10.289  46283.477  66.797  -0.016   12.178  -10.000    -7921.8145   -81509.7109
 3  79  10.289  46283.477  66.797   0.000   10.788  -10.000    -7921.8145   -81509.7109
 4  79  10.289  46283.477  66.797   0.006    9.989  -10.000    -7921.8145   -81509.7109
 2  79  10.289  46284.488 102.129   0.129   12.250  -10.000    -7921.7163   -81508.7031
 3  79  10.289  46284.488 102.129   0.061   10.828  -10.000    -7921.7163   -81508.7031
 4  79  10.289  46284.488 102.129   0.063   10.045  -10.000    -7921.7163   -81508.7031
 2  79  10.289  46285.484 137.109   0.008   11.832  -10.000    -7921.6191   -81507.7031
 3  79  10.289  46285.484 137.109  -0.013   10.574  -10.000    -7921.6191   -81507.7031
 4  79  10.289  46285.484 137.109  -0.029    9.823  -10.000    -7921.6191   -81507.7031
 2  79  10.289  46287.457 206.016  -0.026   11.387  -10.000    -7921.4277   -81505.7344
 3  79  10.289  46287.457 206.016  -0.027   10.265  -10.000    -7921.4277   -81505.7344
 4  79  10.289  46287.457 206.016  -0.017    9.588  -10.000    -7921.4277   -81505.7344
 2  79  10.289  46288.480 242.051   0.121   11.350  -10.000    -7921.3276   -81504.7031
 3  79  10.289  46288.480 242.051   0.069   10.219  -10.000    -7921.3276   -81504.7031
 4  79  10.289  46288.480 242.051   0.056    9.536  -10.000    -7921.3276   -81504.7031
 2  79  10.289  46289.477 276.680  -0.110   11.253  -10.000    -7921.2314   -81503.7109
 3  79  10.289  46289.477 276.680  -0.080   10.143  -10.000    -7921.2314   -81503.7109
 4  79  10.289  46289.477 276.680  -0.048    9.480  -10.000    -7921.2314   -81503.7109
 2  79  10.289  46291.465 346.465  -0.029   11.779  -10.000    -7921.0376   -81501.7188
 3  79  10.289  46291.465 346.465  -0.024   10.473  -10.000    -7921.0376   -81501.7188
 4  79  10.289  46291.465 346.465  -0.009    9.722  -10.000    -7921.0376   -81501.7188
 1  79  10.289  46293.441  55.371   0.263   13.548  -10.000    -7920.8462   -81499.7500
 2  79  10.289  46293.441  55.371   0.002   12.171  -10.000    -7920.8462   -81499.7500
 3  79  10.289  46293.441  55.371  -0.002   10.761  -10.000    -7920.8462   -81499.7500
 4  79  10.289  46293.441  55.371  -0.006    9.952  -10.000    -7920.8462   -81499.7500
 2  79  10.289  46294.449  90.879   0.051   12.219  -10.000    -7920.7476   -81498.7344
 3  79  10.289  46294.449  90.879   0.019   10.809  -10.000    -7920.7476   -81498.7344
 4  79  10.289  46294.449  90.879   0.014   10.010  -10.000    -7920.7476   -81498.7344
 2  79  10.289  46295.430 124.980   0.048   11.984  -10.000    -7920.6528   -81497.7578
 3  79  10.289  46295.430 124.980   0.046   10.702  -10.000    -7920.6528   -81497.7578
 4  79  10.289  46295.430 124.980   0.030    9.933  -10.000    -7920.6528   -81497.7578
 2  79  10.289  46296.438 160.312  -0.031   11.606  -10.000    -7920.5547   -81496.7500
 3  79  10.289  46296.438 160.312  -0.019   10.442  -10.000    -7920.5547   -81496.7500
 4  79  10.289  46296.438 160.312  -0.017    9.734  -10.000    -7920.5547   -81496.7500
 2  79  10.289  46297.445 195.469  -0.098   11.359  -10.000    -7920.4570   -81495.7422
 3  79  10.289  46297.445 195.469  -0.079   10.247  -10.000    -7920.4570   -81495.7422
 4  79  10.289  46297.445 195.469  -0.052    9.583  -10.000    -7920.4570   -81495.7422
 2  79  10.289  46298.453 230.801   0.128   11.384  -10.000    -7920.3589   -81494.7344
 3  79  10.289  46298.453 230.801   0.086   10.259  -10.000    -7920.3589   -81494.7344
 4  79  10.289  46298.453 230.801   0.078    9.580  -10.000    -7920.3589   -81494.7344
 2  79  10.289  46299.426 264.727  -0.094   11.204  -10.000    -7920.2646   -81493.7656
 3  79  10.289  46299.426 264.727  -0.074   10.112  -10.000    -7920.2646   -81493.7656
 4  79  10.289  46299.426 264.727  -0.044    9.458  -10.000    -7920.2646   -81493.7656
 1  79  10.289  46300.426 299.707  -0.031   12.329  -10.000    -7920.1675   -81492.7656
 2  79  10.289  46300.426 299.707   0.045   11.557  -10.000    -7920.1675   -81492.7656
 3  79  10.289  46300.426 299.707   0.039   10.351  -10.000    -7920.1675   -81492.7656
 4  79  10.289  46300.426 299.707   0.049    9.642  -10.000    -7920.1675   -81492.7656
 2  79  10.289  46301.453 335.742   0.000   11.744  -10.000    -7920.0674   -81491.7344
 3  79  10.289  46301.453 335.742   0.015   10.471  -10.000    -7920.0674   -81491.7344
 4  79  10.289  46301.453 335.742   0.020    9.719  -10.000    -7920.0674   -81491.7344
 2  79  10.289  46302.453  10.723  -0.004   11.947  -10.000    -7919.9702   -81490.7344
 3  79  10.289  46302.453  10.723  -0.035   10.560  -10.000    -7919.9702   -81490.7344
 4  79  10.289  46302.453  10.723  -0.008    9.802  -10.000    -7919.9702   -81490.7344
 2  79  10.289  46303.441  45.176   0.015   12.147  -10.000    -7919.8745   -81489.7500
 3  79  10.289  46303.441  45.176  -0.004   10.728  -10.000    -7919.8745   -81489.7500
 4  79  10.289  46303.441  45.176  -0.006    9.923  -10.000    -7919.8745   -81489.7500
 2  79  10.289  46304.441  80.156   0.063   12.253  -10.000    -7919.7773   -81488.7500
 3  79  10.289  46304.441  80.156   0.033   10.829  -10.000    -7919.7773   -81488.7500
 4  79  10.289  46304.441  80.156   0.027   10.022  -10.000    -7919.7773   -81488.7500
 2  79  10.289  47401.484 303.574   0.042   11.580  -10.000    -7813.1567   -80391.7031
 3  79  10.289  47401.484 303.574   0.019   10.347  -10.000    -7813.1567   -80391.7031
 4  79  10.289  47401.484 303.574   0.042    9.646  -10.000    -7813.1567   -80391.7031
 2  79  10.289  47402.461 337.676   0.012   11.769  -10.000    -7813.0620   -80390.7266
 3  79  10.289  47402.461 337.676   0.000   10.464  -10.000    -7813.0620   -80390.7266
 4  79  10.289  47402.461 337.676   0.013    9.719  -10.000    -7813.0620   -80390.7266
 2  79  10.289  47403.492  13.887  -0.022   11.948  -10.000    -7812.9614   -80389.6953
 3  79  10.289  47403.492  13.887  -0.025   10.583  -10.000    -7812.9614   -80389.6953
 4  79  10.289  47403.492  13.887  -0.002    9.819  -10.000    -7812.9614   -80389.6953
 2  79  10.289  47404.480  48.516   0.004   12.150  -10.000    -7812.8652   -80388.7031
 3  79  10.289  47404.480  48.516   0.002   10.746  -10.000    -7812.8652   -80388.7031
 4  79  10.289  47404.480  48.516   0.013    9.953  -10.000    -7812.8652   -80388.7031
 2  79  10.289  47407.461 152.578  -0.051   11.645  -10.000    -7812.5762   -80385.7266
 3  79  10.289  47407.461 152.578  -0.035   10.467  -10.000    -7812.5762   -80385.7266
 4  79  10.289  47407.461 152.578  -0.037    9.748  -10.000    -7812.5762   -80385.7266
 2  79  10.289  47408.457 187.383  -0.134   11.347  -10.000    -7812.4795   -80384.7344
 3  79  10.289  47408.457 187.383  -0.122   10.224  -10.000    -7812.4795   -80384.7344
 4  79  10.289  47408.457 187.383  -0.072    9.582  -10.000    -7812.4795   -80384.7344
 2  79  10.289  47409.457 222.363   0.169   11.475  -10.000    -7812.3823   -80383.7344
 3  79  10.289  47409.457 222.363   0.094   10.306  -10.000    -7812.3823   -80383.7344
 4  79  10.289  47409.457 222.363   0.091    9.627  -10.000    -7812.3823   -80383.7344
 2  79  10.289  47410.461 257.695  -0.033   11.232  -10.000    -7812.2842   -80382.7266
 3  79  10.289  47410.461 257.695  -0.012   10.155  -10.000    -7812.2842   -80382.7266
 4  79  10.289  47410.461 257.695  -0.002    9.487  -10.000    -7812.2842   -80382.7266
 2  79  10.289  47411.469 292.852   0.002   11.468  -10.000    -7812.1865   -80381.7188
 3  79  10.289  47411.469 292.852   0.009   10.293  -10.000    -7812.1865   -80381.7188
 4  79  10.289  47411.469 292.852   0.006    9.578  -10.000    -7812.1865   -80381.7188
 2  79  10.289  47413.461   2.637  -0.024   11.878  -10.000    -7811.9927   -80379.7266
 3  79  10.289  47413.461   2.637   0.006   10.566  -10.000    -7811.9927   -80379.7266
 4  79  10.289  47413.461   2.637   0.015    9.796  -10.000    -7811.9927   -80379.7266
 2  79  10.289  47414.473  37.793  -0.034   12.065  -10.000    -7811.8950   -80378.7188
 3  79  10.289  47414.473  37.793  -0.016   10.689  -10.000    -7811.8950   -80378.7188
 4  79  10.289  47414.473  37.793  -0.012    9.893  -10.000    -7811.8950   -80378.7188
 2  79  10.289  47415.477  73.125   0.022   12.219  -10.000    -7811.7969   -80377.7109
 3  79  10.289  47415.477  73.125   0.027   10.822  -10.000    -7811.7969   -80377.7109
 4  79  10.289  47415.477  73.125   0.028   10.020  -10.000    -7811.7969   -80377.7109
 2  79  10.289  47416.469 107.754   0.070   12.157  -10.000    -7811.7007   -80376.7188
 3  79  10.289  47416.469 107.754   0.042   10.790  -10.000    -7811.7007   -80376.7188
 4  79  10.289  47416.469 107.754   0.049   10.020  -10.000    -7811.7007   -80376.7188
 2  79  10.289  47417.410 140.625  -0.018   11.776  -10.000    -7811.6094   -80375.7812
 3  79  10.289  47417.410 140.625  -0.012   10.555  -10.000    -7811.6094   -80375.7812
 4  79  10.289  47417.410 140.625  -0.012    9.824  -10.000    -7811.6094   -80375.7812
 2  79  10.289  47418.414 175.957  -0.108   11.423  -10.000    -7811.5112   -80374.7734
 3  79  10.289  47418.414 175.957  -0.050   10.334  -10.000    -7811.5112   -80374.7734
 4  79  10.289  47418.414 175.957  -0.038    9.649  -10.000    -7811.5112   -80374.7734
 2  79  10.289  47419.402 210.586   0.052   11.438  -10.000    -7811.4150   -80373.7812
 3  79  10.289  47419.402 210.586   0.035   10.307  -10.000    -7811.4150   -80373.7812
 4  79  10.289  47419.402 210.586   0.034    9.622  -10.000    -7811.4150   -80373.7812
 2  79  10.289  47420.398 245.391   0.061   11.292  -10.000    -7811.3184   -80372.7891
 3  79  10.289  47420.398 245.391   0.022   10.171  -10.000    -7811.3184   -80372.7891
 4  79  10.289  47420.398 245.391   0.047    9.526  -10.000    -7811.3184   -80372.7891
 2  79  10.289  47421.391 280.020  -0.070   11.312  -10.000    -7811.2222   -80371.7969
 3  79  10.289  47421.391 280.020  -0.057   10.177  -10.000    -7811.2222   -80371.7969
 4  79  10.289  47421.391 280.020  -0.028    9.508  -10.000    -7811.2222   -80371.7969
 2  79  10.289  47422.473 317.812  -0.086   11.542  -10.000    -7811.1172   -80370.7188
 3  79  10.289  47422.473 317.812  -0.049   10.334  -10.000    -7811.1172   -80370.7188
 4  79  10.289  47422.473 317.812  -0.034    9.611  -10.000    -7811.1172   -80370.7188
 2  79  10.289  47423.488 353.320  -0.061   11.785  -10.000    -7811.0186   -80369.7031
 3  79  10.289  47423.488 353.320  -0.047   10.475  -10.000    -7811.0186   -80369.7031
 4  79  10.289  47423.488 353.320  -0.018    9.733  -10.000    -7811.0186   -80369.7031
 2  79  10.289  47424.410  25.488  -0.064   11.972  -10.000    -7810.9292   -80368.7812
 3  79  10.289  47424.410  25.488  -0.032   10.624  -10.000    -7810.9292   -80368.7812
 4  79  10.289  47424.410  25.488  -0.007    9.854  -10.000    -7810.9292   -80368.7812
 2  79  10.289  47425.453  62.227  -0.015   12.171  -10.000    -7810.8271   -80367.7344
 3  79  10.289  47425.453  62.227   0.014   10.793  -10.000    -7810.8271   -80367.7344
 4  79  10.289  47425.453  62.227   0.026   10.000  -10.000    -7810.8271   -80367.7344
 2  79  10.289  47427.465 132.715   0.075   11.940  -10.000    -7810.6313   -80365.7188
 3  79  10.289  47427.465 132.715   0.024   10.636  -10.000    -7810.6313   -80365.7188
 4  79  10.289  47427.465 132.715   0.029    9.900  -10.000    -7810.6313   -80365.7188
 2  79  10.289  47428.379 164.355  -0.050   11.557  -10.000    -7810.5435   -80364.8125
 3  79  10.289  47428.379 164.355  -0.038   10.401  -10.000    -7810.5435   -80364.8125
 4  79  10.289  47428.379 164.355  -0.014    9.719  -10.000    -7810.5435   -80364.8125
 2  79  10.289  47430.406 235.547   0.160   11.399  -10.000    -7810.3457   -80362.7812
 3  79  10.289  47430.406 235.547   0.113   10.272  -10.000    -7810.3457   -80362.7812
 4  79  10.289  47430.406 235.547   0.100    9.589  -10.000    -7810.3457   -80362.7812
 2  79  10.289  47431.469 272.637  -0.103   11.237  -10.000    -7810.2427   -80361.7188
 3  79  10.289  47431.469 272.637  -0.072   10.138  -10.000    -7810.2427   -80361.7188
 4  79  10.289  47431.469 272.637  -0.035    9.484  -10.000    -7810.2427   -80361.7188
 2  79  10.289  47432.453 307.090  -0.025   11.536  -10.000    -7810.1470   -80360.7344
 3  79  10.289  47432.453 307.090  -0.002   10.340  -10.000    -7810.1470   -80360.7344
 4  79  10.289  47432.453 307.090   0.003    9.618  -10.000    -7810.1470   -80360.7344
 2  79  10.289  47433.438 341.543   0.004   11.783  -10.000    -7810.0513   -80359.7500
 3  79  10.289  47433.438 341.543  -0.004   10.475  -10.000    -7810.0513   -80359.7500
 4  79  10.289  47433.438 341.543   0.001    9.718  -10.000    -7810.0513   -80359.7500
 2  79  10.289  47434.441  16.523  -0.043   11.942  -10.000    -7809.9541   -80358.7500
 3  79  10.289  47434.441  16.523  -0.015   10.604  -10.000    -7809.9541   -80358.7500
 4  79  10.289  47434.441  16.523  -0.006    9.825  -10.000    -7809.9541   -80358.7500
 1  79  10.289  46044.355 340.664  -0.063   12.688  -10.000    -7945.0537   -81748.8281
 2  79  10.289  46044.355 340.664  -0.025   11.749  -10.000    -7945.0537   -81748.8281
 3  79  10.289  46044.355 340.664  -0.015   10.460  -10.000    -7945.0537   -81748.8281
 4  79  10.289  46044.355 340.664  -0.015    9.699  -10.000    -7945.0537   -81748.8281
 1  79  10.289  46046.277  47.812  -0.139   13.116  -10.000    -7944.8672   -81746.9062
 2  79  10.289  46046.277  47.812  -0.008   12.135  -10.000    -7944.8672   -81746.9062
 3  79  10.289  46046.277  47.812  -0.014   10.728  -10.000    -7944.8672   -81746.9062
 4  79  10.289  46046.277  47.812  -0.016    9.922  -10.000    -7944.8672   -81746.9062
 1  79  10.289  46048.316 119.004  -0.027   12.948  -10.000    -7944.6694   -81744.8750
 2  79  10.289  46048.316 119.004   0.042   12.036  -10.000    -7944.6694   -81744.8750
 3  79  10.289  46048.316 119.004   0.036   10.728  -10.000    -7944.6694   -81744.8750
 4  79  10.289  46048.316 119.004   0.024    9.953  -10.000    -7944.6694   -81744.8750
 1  79  10.289  46057.254  71.543  -0.040   13.269  -10.000    -7943.8013   -81735.9375
 2  79  10.289  46057.254  71.543   0.040   12.237  -10.000    -7943.8013   -81735.9375
 3  79  10.289  46057.254  71.543   0.019   10.813  -10.000    -7943.8013   -81735.9375
 4  79  10.289  46057.254  71.543   0.015   10.005  -10.000    -7943.8013   -81735.9375
 1  79  10.289  46060.203 174.902  -0.159   12.158  -10.000    -7943.5142   -81732.9844
 2  79  10.289  46060.203 174.902  -0.131   11.406  -10.000    -7943.5142   -81732.9844
 3  79  10.289  46060.203 174.902  -0.085   10.304  -10.000    -7943.5142   -81732.9844
 4  79  10.289  46060.203 174.902  -0.092    9.598  -10.000    -7943.5142   -81732.9844
 1  79  10.289  46061.211 210.234   0.052   12.179  -10.000    -7943.4160   -81731.9766
 2  79  10.289  46061.211 210.234   0.024   11.414  -10.000    -7943.4160   -81731.9766
 3  79  10.289  46061.211 210.234   0.023   10.298  -10.000    -7943.4160   -81731.9766
 4  79  10.289  46061.211 210.234  -0.002    9.588  -10.000    -7943.4160   -81731.9766
 2  79  10.289  48504.359  10.898  -0.009   11.943  -10.000    -7705.9697   -79288.8281
 3  79  10.289  48504.359  10.898  -0.018   10.578  -10.000    -7705.9697   -79288.8281
 4  79  10.289  48504.359  10.898  -0.007    9.804  -10.000    -7705.9697   -79288.8281
 2  79  10.289  48505.379  46.406  -0.005   12.132  -10.000    -7705.8711   -79287.8125
 3  79  10.289  48505.379  46.406   0.026   10.762  -10.000    -7705.8711   -79287.8125
 4  79  10.289  48505.379  46.406   0.008    9.941  -10.000    -7705.8711   -79287.8125
 2  79  10.289  48506.387  81.914   0.059   12.247  -10.000    -7705.7725   -79286.7969
 3  79  10.289  48506.387  81.914   0.056   10.852  -10.000    -7705.7725   -79286.7969
 4  79  10.289  48506.387  81.914   0.030   10.026  -10.000    -7705.7725   -79286.7969
 2  79  10.289  48507.395 116.895   0.056   12.069  -10.000    -7705.6753   -79285.7969
 3  79  10.289  48507.395 116.895   0.041   10.745  -10.000    -7705.6753   -79285.7969
 4  79  10.289  48507.395 116.895   0.028    9.967  -10.000    -7705.6753   -79285.7969
 2  79  10.289  48508.359 150.820  -0.018   11.692  -10.000    -7705.5811   -79284.8281
 3  79  10.289  48508.359 150.820  -0.028   10.484  -10.000    -7705.5811   -79284.8281
 4  79  10.289  48508.359 150.820  -0.020    9.773  -10.000    -7705.5811   -79284.8281
 2  79  10.289  48509.391 186.855  -0.137   11.346  -10.000    -7705.4810   -79283.7969
 3  79  10.289  48509.391 186.855  -0.105   10.243  -10.000    -7705.4810   -79283.7969
 4  79  10.289  48509.391 186.855  -0.084    9.571  -10.000    -7705.4810   -79283.7969
 2  79  10.289  48510.359 220.781   0.132   11.450  -10.000    -7705.3867   -79282.8281
 3  79  10.289  48510.359 220.781   0.089   10.310  -10.000    -7705.3867   -79282.8281
 4  79  10.289  48510.359 220.781   0.069    9.613  -10.000    -7705.3867   -79282.8281
 2  79  10.289  48511.355 255.762  -0.033   11.225  -10.000    -7705.2896   -79281.8281
 3  79  10.289  48511.355 255.762  -0.010   10.153  -10.000    -7705.2896   -79281.8281
 4  79  10.289  48511.355 255.762  -0.007    9.479  -10.000    -7705.2896   -79281.8281
 2  79  10.289  48512.340 290.215   0.004   11.452  -10.000    -7705.1938   -79280.8438
 3  79  10.289  48512.340 290.215   0.006   10.279  -10.000    -7705.1938   -79280.8438
 4  79  10.289  48512.340 290.215  -0.007    9.557  -10.000    -7705.1938   -79280.8438
 2  79  10.289  48513.355 325.723  -0.002   11.677  -10.000    -7705.0952   -79279.8281
 3  79  10.289  48513.355 325.723   0.016   10.431  -10.000    -7705.0952   -79279.8281
 4  79  10.289  48513.355 325.723   0.000    9.669  -10.000    -7705.0952   -79279.8281
 2  79  10.289  48514.355   0.703  -0.019   11.872  -10.000    -7704.9980   -79278.8281
 3  79  10.289  48514.355   0.703  -0.010   10.543  -10.000    -7704.9980   -79278.8281
 4  79  10.289  48514.355   0.703  -0.016    9.759  -10.000    -7704.9980   -79278.8281
 2  79  10.289  48515.352  35.508  -0.013   12.074  -10.000    -7704.9014   -79277.8359
 3  79  10.289  48515.352  35.508  -0.001   10.695  -10.000    -7704.9014   -79277.8359
 4  79  10.289  48515.352  35.508  -0.002    9.894  -10.000    -7704.9014   -79277.8359
 2  79  10.289  48516.359  70.664   0.029   12.226  -10.000    -7704.8037   -79276.8281
 3  79  10.289  48516.359  70.664   0.012   10.806  -10.000    -7704.8037   -79276.8281
 4  79  10.289  48516.359  70.664  -0.002    9.987  -10.000    -7704.8037   -79276.8281
 2  79  10.289  48517.359 105.645   0.076   12.176  -10.000    -7704.7065   -79275.8281
 3  79  10.289  48517.359 105.645   0.064   10.819  -10.000    -7704.7065   -79275.8281
 4  79  10.289  48517.359 105.645   0.046   10.021  -10.000    -7704.7065   -79275.8281
 2  79  10.289  48518.359 140.625   0.011   11.805  -10.000    -7704.6094   -79274.8281
 3  79  10.289  48518.359 140.625   0.004   10.571  -10.000    -7704.6094   -79274.8281
 4  79  10.289  48518.359 140.625  -0.010    9.826  -10.000    -7704.6094   -79274.8281
 2  79  10.289  48519.340 175.078  -0.084   11.452  -10.000    -7704.5137   -79273.8438
 3  79  10.289  48519.340 175.078  -0.078   10.310  -10.000    -7704.5137   -79273.8438
 4  79  10.289  48519.340 175.078  -0.054    9.636  -10.000    -7704.5137   -79273.8438
 2  79  10.289  48520.336 209.883   0.016   11.408  -10.000    -7704.4170   -79272.8516
 3  79  10.289  48520.336 209.883  -0.006   10.270  -10.000    -7704.4170   -79272.8516
 4  79  10.289  48520.336 209.883  -0.017    9.575  -10.000    -7704.4170   -79272.8516
 2  79  10.289  48521.391 246.797   0.042   11.275  -10.000    -7704.3145   -79271.7969
 3  79  10.289  48521.391 246.797   0.029   10.179  -10.000    -7704.3145   -79271.7969
 4  79  10.289  48521.391 246.797   0.021    9.500  -10.000    -7704.3145   -79271.7969
 2  79  10.289  48522.363 280.547  -0.091   11.294  -10.000    -7704.2207   -79270.8281
 3  79  10.289  48522.363 280.547  -0.057   10.179  -10.000    -7704.2207   -79270.8281
 4  79  10.289  48522.363 280.547  -0.048    9.489  -10.000    -7704.2207   -79270.8281
 2  79  10.289  48523.355 315.527   0.040   11.656  -10.000    -7704.1235   -79269.8281
 3  79  10.289  48523.355 315.527   0.037   10.412  -10.000    -7704.1235   -79269.8281
 4  79  10.289  48523.355 315.527   0.029    9.668  -10.000    -7704.1235   -79269.8281
 2  79  10.289  48860.453 229.746   0.188   11.449  -10.000    -7671.3618   -78932.7344
 3  79  10.289  48860.453 229.746   0.111   10.288  -10.000    -7671.3618   -78932.7344
 4  79  10.289  48860.453 229.746   0.105    9.610  -10.000    -7671.3618   -78932.7344
 2  79  10.289  48870.434 219.199   0.114   11.443  -10.000    -7670.3911   -78922.7500
 3  79  10.289  48870.434 219.199   0.075   10.304  -10.000    -7670.3911   -78922.7500
 4  79  10.289  48870.434 219.199   0.070    9.621  -10.000    -7670.3911   -78922.7500
 2  79  10.289  48872.410 288.105  -0.004   11.428  -10.000    -7670.1997   -78920.7812
 3  79  10.289  48872.410 288.105  -0.021   10.243  -10.000    -7670.1997   -78920.7812
 4  79  10.289  48872.410 288.105   0.001    9.558  -10.000    -7670.1997   -78920.7812
 2  79  10.289  48874.434 359.121   0.007   11.888  -10.000    -7670.0024   -78918.7500
 3  79  10.289  48874.434 359.121  -0.021   10.525  -10.000    -7670.0024   -78918.7500
 4  79  10.289  48874.434 359.121  -0.002    9.768  -10.000    -7670.0024   -78918.7500
 2  79  10.289  48875.469  35.156   0.009   12.094  -10.000    -7669.9023   -78917.7188
 3  79  10.289  48875.469  35.156  -0.020   10.674  -10.000    -7669.9023   -78917.7188
 4  79  10.289  48875.469  35.156  -0.005    9.890  -10.000    -7669.9023   -78917.7188
 2  79  10.289  48876.453  69.609   0.049   12.245  -10.000    -7669.8066   -78916.7344
 3  79  10.289  48876.453  69.609   0.008   10.800  -10.000    -7669.8066   -78916.7344
 4  79  10.289  48876.453  69.609   0.002    9.990  -10.000    -7669.8066   -78916.7344
 2  79  10.289  48877.383 102.129   0.103   12.224  -10.000    -7669.7163   -78915.8047
 3  79  10.289  48877.383 102.129   0.053   10.819  -10.000    -7669.7163   -78915.8047
 4  79  10.289  48877.383 102.129   0.061   10.043  -10.000    -7669.7163   -78915.8047
 2  79  10.289  48879.426 173.496  -0.084   11.462  -10.000    -7669.5181   -78913.7656
 3  79  10.289  48879.426 173.496  -0.061   10.334  -10.000    -7669.5181   -78913.7656
 4  79  10.289  48879.426 173.496  -0.037    9.659  -10.000    -7669.5181   -78913.7656
 2  79  10.289  48880.367 206.543   0.006   11.416  -10.000    -7669.4263   -78912.8203
 3  79  10.289  48880.367 206.543  -0.024   10.266  -10.000    -7669.4263   -78912.8203
 4  79  10.289  48880.367 206.543  -0.011    9.592  -10.000    -7669.4263   -78912.8203
 2  79  10.289  48881.398 242.578   0.127   11.356  -10.000    -7669.3262   -78911.7891
 3  79  10.289  48881.398 242.578   0.070   10.219  -10.000    -7669.3262   -78911.7891
 4  79  10.289  48881.398 242.578   0.065    9.545  -10.000    -7669.3262   -78911.7891
 2  79  10.289  48882.418 278.438  -0.096   11.276  -10.000    -7669.2266   -78910.7656
 3  79  10.289  48882.418 278.438  -0.075   10.154  -10.000    -7669.2266   -78910.7656
 4  79  10.289  48882.418 278.438  -0.053    9.479  -10.000    -7669.2266   -78910.7656
 2  79  10.289  48883.410 312.891   0.049   11.647  -10.000    -7669.1309   -78909.7812
 3  79  10.289  48883.410 312.891   0.025   10.390  -10.000    -7669.1309   -78909.7812
 4  79  10.289  48883.410 312.891   0.026    9.657  -10.000    -7669.1309   -78909.7812
 2  79  10.289  48885.406  22.852   0.010   12.033  -10.000    -7668.9365   -78907.7812
 3  79  10.289  48885.406  22.852  -0.014   10.632  -10.000    -7668.9365   -78907.7812
 4  79  10.289  48885.406  22.852   0.004    9.857  -10.000    -7668.9365   -78907.7812
 2  79  10.289  48886.402  57.832   0.016   12.191  -10.000    -7668.8394   -78906.7812
 3  79  10.289  48886.402  57.832   0.002   10.771  -10.000    -7668.8394   -78906.7812
 4  79  10.289  48886.402  57.832   0.007    9.971  -10.000    -7668.8394   -78906.7812
 2  79  10.289  48888.383 127.090   0.050   11.967  -10.000    -7668.6470   -78904.8047
 3  79  10.289  48888.383 127.090   0.031   10.675  -10.000    -7668.6470   -78904.8047
 4  79  10.289  48888.383 127.090   0.006    9.900  -10.000    -7668.6470   -78904.8047
 2  79  10.289  48890.418 198.281  -0.082   11.365  -10.000    -7668.4492   -78902.7656
 3  79  10.289  48890.418 198.281  -0.071   10.247  -10.000    -7668.4492   -78902.7656
 4  79  10.289  48890.418 198.281  -0.048    9.580  -10.000    -7668.4492   -78902.7656
 2  79  10.289  48891.406 232.734   0.184   11.431  -10.000    -7668.3535   -78901.7812
 3  79  10.289  48891.406 232.734   0.089   10.255  -10.000    -7668.3535   -78901.7812
 4  79  10.289  48891.406 232.734   0.083    9.579  -10.000    -7668.3535   -78901.7812
 2 162  10.289  36817.965  88.594  -0.163   12.012  -10.000    -8841.7539   -90975.2188
 3 162  10.289  36817.965  88.594  -0.078   10.715  -10.000    -8841.7539   -90975.2188
 2 162  10.289  36818.965 123.750  -0.205   11.743  -10.000    -8841.6562   -90974.2188
 3 162  10.289  36818.965 123.750  -0.125   10.538  -10.000    -8841.6562   -90974.2188
 2 162  10.289  36819.934 157.500  -0.242   11.417  -10.000    -8841.5625   -90973.2500
 3 162  10.289  36819.934 157.500  -0.200   10.276  -10.000    -8841.5625   -90973.2500
 2 162  10.289  36844.980 313.945  -0.052   11.553  -10.000    -8839.1279   -90948.2031
 3 162  10.289  36844.980 313.945  -0.033   10.336  -10.000    -8839.1279   -90948.2031
 2 162  10.289  36845.961 348.047  -0.134   11.683  -10.000    -8839.0332   -90947.2266
 3 162  10.289  36845.961 348.047  -0.064   10.439  -10.000    -8839.0332   -90947.2266
 2 162  10.289  36846.945  22.500  -0.126   11.894  -10.000    -8838.9375   -90946.2422
 3 162  10.289  36846.945  22.500  -0.082   10.562  -10.000    -8838.9375   -90946.2422
 2 150  10.289  50326.438  41.484   0.002   12.118  -10.000    -7528.8848   -77466.7500
 3 150  10.289  50326.438  41.484   0.005   10.724  -10.000    -7528.8848   -77466.7500
 4 150  10.289  50326.438  41.484  -0.002    9.915  -10.000    -7528.8848   -77466.7500
 2 150  10.289  50327.473  77.520  -0.039   12.154  -10.000    -7528.7847   -77465.7188
 3 150  10.289  50327.473  77.520   0.004   10.800  -10.000    -7528.7847   -77465.7188
 4 150  10.289  50327.473  77.520   0.011   10.006  -10.000    -7528.7847   -77465.7188
 2 150  10.289  50328.492 113.379   0.049   12.092  -10.000    -7528.6851   -77464.6953
 3 150  10.289  50328.492 113.379   0.015   10.737  -10.000    -7528.6851   -77464.6953
 4 150  10.289  50328.492 113.379   0.016    9.968  -10.000    -7528.6851   -77464.6953
 2 150  10.289  50332.414 250.664   0.011   11.252  -10.000    -7528.3037   -77460.7734
 3 150  10.289  50332.414 250.664  -0.001   10.153  -10.000    -7528.3037   -77460.7734
 4 150  10.289  50332.414 250.664  -0.057    9.424  -10.000    -7528.3037   -77460.7734
 2 150  10.289  50333.418 285.820  -0.056   11.362  -10.000    -7528.2061   -77459.7656
 3 150  10.289  50333.418 285.820  -0.011   10.245  -10.000    -7528.2061   -77459.7656
 4 150  10.289  50333.418 285.820  -0.097    9.454  -10.000    -7528.2061   -77459.7656
 2 150  10.289  50334.445 321.680  -0.048   11.605  -10.000    -7528.1064   -77458.7422
 3 150  10.289  50334.445 321.680  -0.013   10.386  -10.000    -7528.1064   -77458.7422
 4 150  10.289  50334.445 321.680  -0.001    9.656  -10.000    -7528.1064   -77458.7422
 2 150  10.289  50335.449 357.012  -0.012   11.856  -10.000    -7528.0083   -77457.7344
 3 150  10.289  50335.449 357.012  -0.007   10.530  -10.000    -7528.0083   -77457.7344
 4 150  10.289  50335.449 357.012  -0.035    9.727  -10.000    -7528.0083   -77457.7344
 2 150  10.289  50337.391  64.688   0.047   12.238  -10.000    -7527.8203   -77455.7969
 3 150  10.289  50337.391  64.688   0.018   10.803  -10.000    -7527.8203   -77455.7969
 4 150  10.289  50337.391  64.688   0.001    9.980  -10.000    -7527.8203   -77455.7969
 2 150  10.289  50338.461 102.129   0.031   12.151  -10.000    -7527.7163   -77454.7266
 3 150  10.289  50338.461 102.129   0.026   10.792  -10.000    -7527.7163   -77454.7266
 4 150  10.289  50338.461 102.129  -0.002    9.980  -10.000    -7527.7163   -77454.7266
 2 150  10.289  50340.387 169.629  -0.102   11.467  -10.000    -7527.5288   -77452.7969
 3 150  10.289  50340.387 169.629  -0.094   10.318  -10.000    -7527.5288   -77452.7969
 4 150  10.289  50340.387 169.629  -0.092    9.618  -10.000    -7527.5288   -77452.7969
 2 150  10.289  50341.395 204.609  -0.017   11.402  -10.000    -7527.4316   -77451.7969
 3 150  10.289  50341.395 204.609  -0.016   10.281  -10.000    -7527.4316   -77451.7969
 4 150  10.289  50341.395 204.609  -0.015    9.594  -10.000    -7527.4316   -77451.7969
 2 150  10.289  50342.402 240.293   0.070   11.300  -10.000    -7527.3325   -77450.7812
 3 150  10.289  50342.402 240.293   0.044   10.195  -10.000    -7527.3325   -77450.7812
 4 150  10.289  50342.402 240.293   0.029    9.510  -10.000    -7527.3325   -77450.7812
 2 150  10.289  50344.395 309.727   0.043   11.621  -10.000    -7527.1396   -77448.7969
 3 150  10.289  50344.395 309.727   0.006   10.359  -10.000    -7527.1396   -77448.7969
 4 150  10.289  50344.395 309.727  -0.033    9.589  -10.000    -7527.1396   -77448.7969
 2 150  10.289  50347.406  55.195  -0.027   12.141  -10.000    -7526.8467   -77445.7812
 3 150  10.289  50347.406  55.195  -0.042   10.720  -10.000    -7526.8467   -77445.7812
 4 150  10.289  50347.406  55.195  -0.026    9.931  -10.000    -7526.8467   -77445.7812
 0 119  10.289  47789.566 201.621  -4.378   -9.330    0.640    -7775.4399   -80003.6250
 0 119  10.289  47792.547 306.035   4.448   -6.510    1.480    -7775.1499   -80000.6406
 0 119  10.289  47962.273 124.453   4.726   22.770    1.370    -7758.6543   -79830.9141
 0 119  10.289  47970.246  43.418  -1.705   11.900    2.320    -7757.8794   -79822.9375
 0 119  10.289  47979.285 359.473   1.607    2.610    0.920    -7757.0015   -79813.9062
 0 119  10.289  47991.312  60.469   2.652   19.070    1.480    -7755.8320   -79801.8750
 0 119  10.289  48149.598 198.281  -2.915   -8.430    1.250    -7740.4492   -79643.5938
 0 119  10.289  48151.598 268.242   7.659   -3.220    1.150    -7740.2549   -79641.5938
 0 119  10.289  48152.605 303.926   4.658   -6.180    0.730    -7740.1558   -79640.5781
 0 119  10.289  48154.562  12.129  -1.662    1.120    0.870    -7739.9663   -79638.6250
 0 119  10.289  48210.547 171.035  -4.757   -5.470    1.010    -7734.5249   -79582.6406
 0 119  10.289  48219.465 123.047   9.747   27.120    1.810    -7733.6582   -79573.7188
 0 119  10.289  48251.430 161.367  -0.311   -0.740    1.310    -7730.5518   -79541.7578
 0 119  10.289  48252.461 197.402  -3.956   -9.540    1.040    -7730.4517   -79540.7266
 0 119  10.289  48253.434 231.680   1.138   -5.620    0.760    -7730.3564   -79539.7500
 0 119  10.289  48279.277  55.898   1.447   15.080    0.900    -7727.8447   -79513.9062
 0 119  10.289  48288.270  10.195   0.335    3.120    0.680    -7726.9717   -79504.9219
 0 119  10.289  48329.184   1.934  -2.287   -0.380    0.600    -7722.9946   -79464.0000
 0 119  10.289  48339.242 353.672  -1.357   -3.340    0.850    -7722.0176   -79453.9453
 0 119  10.289  48567.434  57.832   0.755   15.420    1.280    -7699.8394   -79225.7500
18 163  10.289  47919.766  77.168   0.035   10.946  -10.000    -7762.7856   -79873.4219
18 163  10.289  47919.781  77.695   0.027   10.938  -10.000    -7762.7842   -79873.4063
18 163  10.289  47932.742 171.211  -0.050   10.477  -10.000    -7761.5244   -79860.4453
18 163  10.289  47932.758 171.738  -0.097   10.427  -10.000    -7761.5229   -79860.4297
18 163  10.289  47932.844 174.727  -0.084   10.427  -10.000    -7761.5146   -79860.3438
18 163  10.289  47964.383 198.105  -0.047   10.394  -10.000    -7758.4497   -79828.8047
18 163  10.289  47964.547 203.906  -0.025   10.397  -10.000    -7758.4336   -79828.6406
18 163  10.289  47964.559 204.434  -0.054   10.366  -10.000    -7758.4321   -79828.6250
18 163  10.289  48004.082 147.129  -0.036   10.616  -10.000    -7754.5913   -79789.1094
18 163  10.289  48004.098 147.656  -0.034   10.614  -10.000    -7754.5898   -79789.0938
18 163  10.289  48004.172 150.293  -0.001   10.633  -10.000    -7754.5825   -79789.0156
18 163  10.289  48004.184 150.820  -0.025   10.606  -10.000    -7754.5811   -79789.0000
18 163  10.289  48004.258 153.281  -0.016   10.602  -10.000    -7754.5742   -79788.9297
18 163  10.289  48004.273 153.809   0.008   10.624  -10.000    -7754.5728   -79788.9141
18 163  10.289  48004.363 156.973  -0.080   10.519  -10.000    -7754.5640   -79788.8281
18 163  10.289  48004.527 162.949  -0.035   10.532  -10.000    -7754.5474   -79788.6562
18 163  10.289  48004.539 163.125  -0.048   10.519  -10.000    -7754.5469   -79788.6484
18 163  10.289  48004.617 165.938  -0.055   10.497  -10.000    -7754.5391   -79788.5703
18 163  10.289  48004.629 166.113  -0.059   10.493  -10.000    -7754.5386   -79788.5625
18 163  10.289  48004.703 168.926  -0.075   10.462  -10.000    -7754.5308   -79788.4844
18 163  10.289  48004.719 169.453  -0.091   10.444  -10.000    -7754.5293   -79788.4688
18 163  10.289  48004.809 172.793  -0.096   10.423  -10.000    -7754.5200   -79788.3750
18 163  10.289  48004.969 178.242  -0.076   10.421  -10.000    -7754.5049   -79788.2188
18 163  10.289  48004.984 178.770  -0.080   10.415  -10.000    -7754.5034   -79788.2031
18 163  10.289  48005.059 181.406  -0.081   10.404  -10.000    -7754.4961   -79788.1250
18 163  10.289  48005.074 182.109  -0.096   10.387  -10.000    -7754.4941   -79788.1094
18 163  10.289  48005.148 184.570  -0.104   10.372  -10.000    -7754.4873   -79788.0391
18 163  10.289  48005.164 185.098  -0.066   10.408  -10.000    -7754.4858   -79788.0234
18 163  10.289  48135.164  53.438   0.018   10.891  -10.000    -7741.8516   -79658.0234
18 163  10.289  48135.180  53.965   0.000   10.873  -10.000    -7741.8501   -79658.0078
18 163  10.289  48135.254  56.426   0.040   10.921  -10.000    -7741.8433   -79657.9375
18 163  10.289  48135.270  56.953   0.002   10.883  -10.000    -7741.8418   -79657.9219
18 163  10.289  48135.344  59.766  -0.014   10.874  -10.000    -7741.8340   -79657.8438
18 163  10.289  48165.910  49.043   0.026   10.886  -10.000    -7738.8638   -79627.2812
18 163  10.289  48166.086  55.371   0.023   10.900  -10.000    -7738.8462   -79627.1016
18 163  10.289  48166.102  55.898  -0.041   10.838  -10.000    -7738.8447   -79627.0859
18 163  10.289  48181.910 248.906   0.033   10.307  -10.000    -7737.3086   -79611.2812
18 163  10.289  48310.805  78.750   0.097   11.007  -10.000    -7724.7812   -79482.3828
18 163  10.289  48310.891  81.738   0.058   10.968  -10.000    -7724.7729   -79482.2969
18 163  10.289  48310.965  84.551   0.089   10.998  -10.000    -7724.7651   -79482.2188
18 163  10.289  48310.980  85.078  -0.144   10.765  -10.000    -7724.7637   -79482.2031
18 163  10.289  48337.176 281.250  -0.028   10.332  -10.000    -7722.2188   -79456.0156
18 163  10.289  48337.188 281.777  -0.069   10.293  -10.000    -7722.2173   -79456.0000
18 163  10.289  48337.266 284.590   0.013   10.385  -10.000    -7722.2095   -79455.9219
18 163  10.289  48337.277 285.117  -0.059   10.315  -10.000    -7722.2080   -79455.9062
18 163  10.289  48357.895 286.172   0.000   10.378  -10.000    -7720.2051   -79435.2969
18 163  10.289  48357.969 288.984   0.002   10.391  -10.000    -7720.1973   -79435.2188
18 163  10.289  48357.984 289.512   0.028   10.418  -10.000    -7720.1958   -79435.2031
18 163  10.289  48358.055 291.973   0.005   10.405  -10.000    -7720.1890   -79435.1328
18 163  10.289  48358.070 292.500  -0.014   10.389  -10.000    -7720.1875   -79435.1172
18 163  10.289  48480.969 272.461  -0.057   10.275  -10.000    -7708.2432   -79312.2188
18 163  10.289  48480.984 272.988  -0.046   10.287  -10.000    -7708.2417   -79312.2031
18 163  10.289  48481.059 275.801  -0.039   10.303  -10.000    -7708.2339   -79312.1250
18 163  10.289  48481.070 275.977  -0.090   10.252  -10.000    -7708.2334   -79312.1172
18 163  10.289  48504.520  16.348  -0.072   10.662  -10.000    -7705.9546   -79288.6719
18 163  10.289  48504.531  16.875  -0.015   10.721  -10.000    -7705.9531   -79288.6562
18 163  10.289  48504.609  19.512   0.041   10.789  -10.000    -7705.9458   -79288.5781
18 163  10.289  48658.316 357.363  -0.001   10.654  -10.000    -7691.0073   -79134.8750
18 163  10.289  48658.328 357.891  -0.005   10.652  -10.000    -7691.0059   -79134.8594
18 163  10.289  48658.406   0.527  -0.009   10.658  -10.000    -7690.9985   -79134.7812
18 163  10.289  48658.418   1.230  -0.004   10.667  -10.000    -7690.9966   -79134.7656
18 163  10.289  48658.492   3.691  -0.001   10.679  -10.000    -7690.9897   -79134.6953
18 163  10.289  48704.516 173.848  -0.027   10.488  -10.000    -7686.5171   -79088.6719
18 163  10.289  48704.531 174.375  -0.084   10.428  -10.000    -7686.5156   -79088.6562
18 163  10.289  48704.605 177.188  -0.069   10.433  -10.000    -7686.5078   -79088.5781
18 163  10.289  48704.621 177.715  -0.092   10.407  -10.000    -7686.5063   -79088.5625
 2  14  10.289  43424.602 120.938   0.094   12.070  -10.000    -8199.6641   -84368.5859
 3  14  10.289  43424.602 120.938   0.049   10.730  -10.000    -8199.6641   -84368.5859
 3  14  10.289  43425.617 156.445   0.008   10.490  -10.000    -8199.5654   -84367.5703
 2  14  10.289  43438.590 250.312   0.109   11.350  -10.000    -8198.3047   -84354.5938
 3  14  10.289  43438.590 250.312   0.056   10.210  -10.000    -8198.3047   -84354.5938
 2  14  10.289  43483.570  23.906   0.051   12.080  -10.000    -8193.9336   -84309.6172
 3  14  10.289  43483.570  23.906   0.029   10.680  -10.000    -8193.9336   -84309.6172
 2  14  10.289  43490.469 265.430   0.028   11.330  -10.000    -8193.2627   -84302.7188
 3  14  10.289  43490.469 265.430   0.052   10.240  -10.000    -8193.2627   -84302.7188
 2  14  10.289  43524.254   7.207   0.040   11.970  -10.000    -8189.9800   -84268.9375
 3  14  10.289  43524.254   7.207  -0.010   10.570  -10.000    -8189.9800   -84268.9375
 2  14  10.289  43777.516 228.516   0.192   11.460  -10.000    -8165.3652   -84015.6719
 3  14  10.289  43777.516 228.516   0.068   10.250  -10.000    -8165.3652   -84015.6719
 2  14  10.289  43789.512 288.457   0.085   11.520  -10.000    -8164.1987   -84003.6719
 3  14  10.289  43789.512 288.457  -0.015   10.250  -10.000    -8164.1987   -84003.6719
 2  14  10.289  43793.578  70.488   0.033   12.230  -10.000    -8163.8042   -83999.6094
 3  14  10.289  43793.578  70.488  -0.003   10.790  -10.000    -8163.8042   -83999.6094
 2  14  10.289  43803.406  54.316   0.044   12.210  -10.000    -8162.8491   -83989.7812
 3  14  10.289  43803.406  54.316   0.049   10.810  -10.000    -8162.8491   -83989.7812
 2  14  10.289  43926.387  37.266   0.093   12.190  -10.000    -8150.8965   -83866.7969
 3  14  10.289  43926.387  37.266   0.057   10.760  -10.000    -8150.8965   -83866.7969
 2  14  10.289  43928.367 106.523   0.056   12.150  -10.000    -8150.7041   -83864.8203
 3  14  10.289  43928.367 106.523   0.038   10.790  -10.000    -8150.7041   -83864.8203
 2  14  10.289  43931.395 212.344   0.133   11.510  -10.000    -8150.4102   -83861.7969
 3  14  10.289  43931.395 212.344   0.035   10.300  -10.000    -8150.4102   -83861.7969
 2  14  10.289  43935.297 348.926   0.038   11.860  -10.000    -8150.0308   -83857.8906
 3  14  10.289  43935.297 348.926  -0.006   10.500  -10.000    -8150.0308   -83857.8906
 2  14  10.289  44157.488 202.852   0.052   11.480  -10.000    -8128.4365   -83635.7031
 3  14  10.289  44157.488 202.852  -0.004   10.300  -10.000    -8128.4365   -83635.7031
 2  14  10.289  44167.445 191.426   0.001   11.470  -10.000    -8127.4683   -83625.7422
 3  14  10.289  44167.445 191.426  -0.046   10.290  -10.000    -8127.4683   -83625.7422
 2  14  10.289  44251.352 246.973   0.127   11.360  -10.000    -8119.3140   -83541.8359
 3  14  10.289  44251.352 246.973   0.040   10.190  -10.000    -8119.3140   -83541.8359
 3   9  10.289  43428.949 273.164  -0.071   10.140  -10.000    -8199.2412   -84364.2344
14   9  10.289  43428.949 273.164  -0.134   11.600  -10.000    -8199.2412   -84364.2344
15   9  10.289  43428.949 273.164  -0.067   10.470  -10.000    -8199.2412   -84364.2344
16   9  10.289  43428.949 273.164  -0.036    9.530  -10.000    -8199.2412   -84364.2344
17   9  10.289  43428.949 273.164  -0.014    8.840  -10.000    -8199.2412   -84364.2344
 3   9  10.289  43460.922 311.484   0.040   10.400  -10.000    -8196.1348   -84332.2656
14   9  10.289  43460.922 311.484   0.024   12.070  -10.000    -8196.1348   -84332.2656
15   9  10.289  43460.922 311.484   0.052   10.760  -10.000    -8196.1348   -84332.2656
16   9  10.289  43460.922 311.484   0.040    9.710  -10.000    -8196.1348   -84332.2656
17   9  10.289  43460.922 311.484   0.048    8.970  -10.000    -8196.1348   -84332.2656
 3   9  10.289  43543.730 329.062  -0.009   10.420  -10.000    -8188.0859   -84249.4531
14   9  10.289  43543.730 329.062  -0.014   12.170  -10.000    -8188.0859   -84249.4531
15   9  10.289  43543.730 329.062   0.013   10.800  -10.000    -8188.0859   -84249.4531
16   9  10.289  43543.730 329.062   0.010    9.730  -10.000    -8188.0859   -84249.4531
17   9  10.289  43543.730 329.062   0.013    8.970  -10.000    -8188.0859   -84249.4531
 3   9  10.289  43790.988 339.785   0.038   10.510  -10.000    -8164.0562   -84002.2031
14   9  10.289  43790.988 339.785   0.021   12.290  -10.000    -8164.0562   -84002.2031
15   9  10.289  43790.988 339.785   0.054   10.890  -10.000    -8164.0562   -84002.2031
16   9  10.289  43790.988 339.785   0.048    9.800  -10.000    -8164.0562   -84002.2031
17   9  10.289  43790.988 339.785   0.060    9.040  -10.000    -8164.0562   -84002.2031
 3   9  10.289  43463.922  56.602  -0.006   10.760  -10.000    -8195.8428   -84329.2656
14   9  10.289  43463.922  56.602  -0.022   12.720  -10.000    -8195.8428   -84329.2656
15   9  10.289  43463.922  56.602   0.005   11.160  -10.000    -8195.8428   -84329.2656
16   9  10.289  43463.922  56.602   0.013   10.010  -10.000    -8195.8428   -84329.2656
17   9  10.289  43463.922  56.602   0.005    9.190  -10.000    -8195.8428   -84329.2656
 3   9  10.289  43464.930  91.758   0.011   10.800  -10.000    -8195.7451   -84328.2578
14   9  10.289  43464.930  91.758   0.013   12.730  -10.000    -8195.7451   -84328.2578
15   9  10.289  43464.930  91.758   0.039   11.210  -10.000    -8195.7451   -84328.2578
16   9  10.289  43464.930  91.758   0.027   10.060  -10.000    -8195.7451   -84328.2578
17   9  10.289  43464.930  91.758   0.028    9.260  -10.000    -8195.7451   -84328.2578
 3   9  10.289  43784.949 128.672   0.146   10.780  -10.000    -8164.6426   -84008.2344
14   9  10.289  43784.949 128.672   0.109   12.490  -10.000    -8164.6426   -84008.2344
15   9  10.289  43784.949 128.672   0.149   11.140  -10.000    -8164.6426   -84008.2344
16   9  10.289  43784.949 128.672   0.142   10.070  -10.000    -8164.6426   -84008.2344
17   9  10.289  43784.949 128.672   0.113    9.280  -10.000    -8164.6426   -84008.2344
 3   9  10.289  43786.000 165.410  -0.044   10.390  -10.000    -8164.5405   -84007.1875
14   9  10.289  43786.000 165.410  -0.104   11.910  -10.000    -8164.5405   -84007.1875
15   9  10.289  43786.000 165.410  -0.027   10.740  -10.000    -8164.5405   -84007.1875
16   9  10.289  43786.000 165.410  -0.023    9.750  -10.000    -8164.5405   -84007.1875
17   9  10.289  43786.000 165.410   0.001    9.050  -10.000    -8164.5405   -84007.1875
 3   9  10.289  43456.898 170.859   0.013   10.420  -10.000    -8196.5254   -84336.2891
14   9  10.289  43456.898 170.859  -0.031   11.940  -10.000    -8196.5254   -84336.2891
15   9  10.289  43456.898 170.859   0.031   10.770  -10.000    -8196.5254   -84336.2891
16   9  10.289  43456.898 170.859   0.039    9.790  -10.000    -8196.5254   -84336.2891
17   9  10.289  43456.898 170.859   0.049    9.080  -10.000    -8196.5254   -84336.2891
 3   9  10.289  43806.941 177.891  -0.086   10.290  -10.000    -8162.5059   -83986.2500
14   9  10.289  43806.941 177.891  -0.171   11.750  -10.000    -8162.5059   -83986.2500
15   9  10.289  43806.941 177.891  -0.075   10.630  -10.000    -8162.5059   -83986.2500
16   9  10.289  43806.941 177.891  -0.046    9.680  -10.000    -8162.5059   -83986.2500
17   9  10.289  43806.941 177.891  -0.029    8.980  -10.000    -8162.5059   -83986.2500
 3   9  10.289  43457.941 207.070  -0.028   10.260  -10.000    -8196.4248   -84335.2500
14   9  10.289  43457.941 207.070  -0.032   11.760  -10.000    -8196.4248   -84335.2500
15   9  10.289  43457.941 207.070  -0.011   10.600  -10.000    -8196.4248   -84335.2500
16   9  10.289  43457.941 207.070  -0.018    9.630  -10.000    -8196.4248   -84335.2500
17   9  10.289  43457.941 207.070  -0.010    8.930  -10.000    -8196.4248   -84335.2500
 3   9  10.289  43787.988 234.844   0.149   10.310  -10.000    -8164.3477   -84005.2031
14   9  10.289  43787.988 234.844   0.220   11.820  -10.000    -8164.3477   -84005.2031
15   9  10.289  43787.988 234.844   0.176   10.650  -10.000    -8164.3477   -84005.2031
16   9  10.289  43787.988 234.844   0.132    9.670  -10.000    -8164.3477   -84005.2031
17   9  10.289  43787.988 234.844   0.115    8.960  -10.000    -8164.3477   -84005.2031
 3   9  10.289  43428.012 240.117   0.059   10.210  -10.000    -8199.3330   -84365.1719
14   9  10.289  43428.012 240.117   0.101   11.690  -10.000    -8199.3330   -84365.1719
15   9  10.289  43428.012 240.117   0.075   10.540  -10.000    -8199.3330   -84365.1719
16   9  10.289  43428.012 240.117   0.061    9.590  -10.000    -8199.3330   -84365.1719
17   9  10.289  43428.012 240.117   0.043    8.880  -10.000    -8199.3330   -84365.1719
