 2  79  12.900  44825.352  65.006  -0.034   15.175  -10.000      -56.8194     -732.9766
 3  79  12.900  44825.352  65.006  -0.007   12.906  -10.000      -56.8194     -732.9766
 2  79  12.900  44827.242 117.768   0.081   15.057  -10.000      -56.6729     -731.0859
 3  79  12.900  44827.242 117.768   0.035   12.848  -10.000      -56.6729     -731.0859
 2  79  12.900  44830.234 201.270  -0.002   13.934  -10.000      -56.4409     -728.0938
 3  79  12.900  44830.234 201.270   0.027   12.150  -10.000      -56.4409     -728.0938
 2  79  12.900  44831.238 229.286   0.053   13.815  -10.000      -56.3631     -727.0898
 3  79  12.900  44831.238 229.286   0.021   12.003  -10.000      -56.3631     -727.0898
 2  79  12.900  44832.242 257.301  -0.028   13.981  -10.000      -56.2853     -726.0859
 3  79  12.900  44832.242 257.301   0.013   12.131  -10.000      -56.2853     -726.0859
 2  79  12.900  44833.230 284.881  -0.015   14.234  -10.000      -56.2087     -725.0977
 3  79  12.900  44833.230 284.881   0.000   12.251  -10.000      -56.2087     -725.0977
 2  79  12.900  44845.207 259.108   0.004   14.028  -10.000      -55.2803     -713.1211
 3  79  12.900  44845.207 259.108  -0.002   12.124  -10.000      -55.2803     -713.1211
 2  79  12.900  44846.234 287.779  -0.034   14.241  -10.000      -55.2006     -712.0938
 3  79  12.900  44846.234 287.779  -0.031   12.234  -10.000      -55.2006     -712.0938
 2  79  12.900  44847.211 315.030  -0.034   14.454  -10.000      -55.1249     -711.1172
 3  79  12.900  44847.211 315.030  -0.013   12.373  -10.000      -55.1249     -711.1172
 2  79  12.900  44848.203 342.720  -0.035   14.658  -10.000      -55.0480     -710.1250
 3  79  12.900  44848.203 342.720  -0.008   12.508  -10.000      -55.0480     -710.1250
 2  79  12.900  44849.234  11.499  -0.021   14.888  -10.000      -54.9681     -709.0938
 3  79  12.900  44849.234  11.499  -0.033   12.634  -10.000      -54.9681     -709.0938
 2  79  12.900  44850.230  39.295  -0.047   15.043  -10.000      -54.8908     -708.0977
 3  79  12.900  44850.230  39.295  -0.026   12.780  -10.000      -54.8908     -708.0977
 2  79  12.900  44851.227  67.094  -0.007   15.207  -10.000      -54.8136     -707.1016
 3  79  12.900  44851.227  67.094  -0.011   12.907  -10.000      -54.8136     -707.1016
 2  79  12.900  44852.219  94.782   0.038   15.225  -10.000      -54.7367     -706.1094
 3  79  12.900  44852.219  94.782   0.035   12.968  -10.000      -54.7367     -706.1094
 2  79  12.900  44853.223 122.798   0.102   15.013  -10.000      -54.6589     -705.1055
 3  79  12.900  44853.223 122.798   0.071   12.846  -10.000      -54.6589     -705.1055
 2  79  12.900  44854.219 150.596   0.045   14.667  -10.000      -54.5817     -704.1094
 3  79  12.900  44854.219 150.596   0.006   12.609  -10.000      -54.5817     -704.1094
 2  79  12.900  44855.207 178.176   0.070   14.565  -10.000      -54.5051     -703.1211
 3  79  12.900  44855.207 178.176   0.049   12.569  -10.000      -54.5051     -703.1211
 2  79  12.900  44856.199 205.865  -0.106   13.724  -10.000      -54.4282     -702.1289
 3  79  12.900  44856.199 205.865  -0.048   11.998  -10.000      -54.4282     -702.1289
 2  79  12.900  44857.203 233.880   0.033   13.833  -10.000      -54.3503     -701.1250
 3  79  12.900  44857.203 233.880   0.008   12.013  -10.000      -54.3503     -701.1250
 2  79  12.900  44858.270 263.640   0.015   14.077  -10.000      -54.2677     -700.0586
 3  79  12.900  44858.270 263.640  -0.007   12.139  -10.000      -54.2677     -700.0586
 2  79  12.900  44880.199 155.627   0.037   14.638  -10.000      -52.5677     -678.1289
 3  79  12.900  44880.199 155.627  -0.006   12.584  -10.000      -52.5677     -678.1289
 2  79  12.900  44881.188 183.207   0.119   14.536  -10.000      -52.4911     -677.1406
 3  79  12.900  44881.188 183.207   0.058   12.523  -10.000      -52.4911     -677.1406
 2  79  12.900  44882.230 212.312  -0.158   13.583  -10.000      -52.4102     -676.0977
 3  79  12.900  44882.230 212.312  -0.105   11.875  -10.000      -52.4102     -676.0977
 2  79  12.900  44883.164 238.366   0.024   13.864  -10.000      -52.3379     -675.1641
 3  79  12.900  44883.164 238.366   0.004   12.031  -10.000      -52.3379     -675.1641
 2  79  12.900  44884.152 265.945  -0.005   14.077  -10.000      -52.2613     -674.1758
 3  79  12.900  44884.152 265.945   0.009   12.166  -10.000      -52.2613     -674.1758
 2  79  12.900  44885.176 294.506   0.005   14.334  -10.000      -52.1819     -673.1523
 3  79  12.900  44885.176 294.506  -0.015   12.280  -10.000      -52.1819     -673.1523
 2  79  12.900  45173.367  56.992  -0.066   15.116  -10.000      -29.8417     -384.9609
 3  79  12.900  45173.367  56.992  -0.016   12.870  -10.000      -29.8417     -384.9609
 2  79  12.900  45175.379 113.132   0.078   15.108  -10.000      -29.6857     -382.9492
 3  79  12.900  45175.379 113.132   0.048   12.893  -10.000      -29.6857     -382.9492
 2  79  12.900  45176.355 140.385   0.077   14.768  -10.000      -29.6100     -381.9727
 3  79  12.900  45176.355 140.385   0.034   12.677  -10.000      -29.6100     -381.9727
 2  79  12.900  45178.355 196.198   0.116   14.197  -10.000      -29.4550     -379.9727
 3  79  12.900  45178.355 196.198   0.094   12.320  -10.000      -29.4550     -379.9727
 2  79  12.900  45179.242 220.944  -0.062   13.655  -10.000      -29.3863     -379.0859
 3  79  12.900  45179.242 220.944  -0.033   11.924  -10.000      -29.3863     -379.0859
 2  79  12.900  45180.277 249.832  -0.019   13.925  -10.000      -29.3060     -378.0508
 3  79  12.900  45180.277 249.832  -0.036   12.046  -10.000      -29.3060     -378.0508
 2  79  12.900  45181.238 276.648  -0.057   14.118  -10.000      -29.2315     -377.0898
 3  79  12.900  45181.238 276.648  -0.019   12.189  -10.000      -29.2315     -377.0898
 2  79  12.900  45184.223 359.932  -0.036   14.786  -10.000      -29.0002     -374.1055
 3  79  12.900  45184.223 359.932  -0.032   12.573  -10.000      -29.0002     -374.1055
 2  79  12.900  45186.262  56.836  -0.055   15.126  -10.000      -28.8421     -372.0664
 3  79  12.900  45186.262  56.836  -0.034   12.851  -10.000      -28.8421     -372.0664
 2  79  12.900  45187.250  84.416  -0.011   15.210  -10.000      -28.7655     -371.0781
 3  79  12.900  45187.250  84.416  -0.009   12.934  -10.000      -28.7655     -371.0781
 2  79  12.900  45188.238 111.995   0.083   15.125  -10.000      -28.6889     -370.0898
 3  79  12.900  45188.238 111.995   0.040   12.892  -10.000      -28.6889     -370.0898
 2  79  12.900  45190.289 169.226   0.071   14.634  -10.000      -28.5299     -368.0391
 3  79  12.900  45190.289 169.226  -0.008   12.559  -10.000      -28.5299     -368.0391
 2  79  12.900  45191.297 197.351   0.128   14.175  -10.000      -28.4518     -367.0312
 3  79  12.900  45191.297 197.351   0.082   12.284  -10.000      -28.4518     -367.0312
 2  79  12.900  45192.301 225.367   0.009   13.745  -10.000      -28.3740     -366.0273
 3  79  12.900  45192.301 225.367  -0.020   11.947  -10.000      -28.3740     -366.0273
 2  79  12.900  45193.273 252.510  -0.031   13.936  -10.000      -28.2986     -365.0547
 3  79  12.900  45193.273 252.510  -0.036   12.059  -10.000      -28.2986     -365.0547
 2  79  12.900  45194.273 280.417  -0.068   14.141  -10.000      -28.2211     -364.0547
 3  79  12.900  45194.273 280.417  -0.034   12.193  -10.000      -28.2211     -364.0547
 2  79  12.900  45198.297  32.698  -0.061   14.991  -10.000      -27.9092     -360.0312
 3  79  12.900  45198.297  32.698  -0.034   12.742  -10.000      -27.9092     -360.0312
 2  79  12.900  45201.273 115.764   0.081   15.081  -10.000      -27.6784     -357.0547
 3  79  12.900  45201.273 115.764   0.047   12.875  -10.000      -27.6784     -357.0547
 2  79  12.900  45203.324 172.995   0.052   14.596  -10.000      -27.5195     -355.0039
 3  79  12.900  45203.324 172.995   0.015   12.569  -10.000      -27.5195     -355.0039
 2  79  12.900  45204.203 197.523   0.098   14.140  -10.000      -27.4513     -354.1250
 3  79  12.900  45204.203 197.523   0.072   12.270  -10.000      -27.4513     -354.1250
 2  79  12.900  45205.215 225.756   0.035   13.773  -10.000      -27.3729     -353.1133
 3  79  12.900  45205.215 225.756   0.001   11.969  -10.000      -27.3729     -353.1133
 2  79  12.900  45207.219 281.678  -0.037   14.183  -10.000      -27.2176     -351.1094
 3  79  12.900  45207.219 281.678  -0.037   12.197  -10.000      -27.2176     -351.1094
 2  79  12.900  45648.129 346.048  -0.008   14.709  -10.000        6.9612       89.8008
 3  79  12.900  45648.129 346.048  -0.011   12.521  -10.000        6.9612       89.8008
 4  79  12.900  45648.129 346.048   0.017   11.275  -10.000        6.9612       89.8008
 2  79  12.900  45649.152  14.609  -0.067   14.863  -10.000        7.0406       90.8242
 3  79  12.900  45649.152  14.609  -0.047   12.635  -10.000        7.0406       90.8242
 4  79  12.900  45649.152  14.609  -0.016   11.366  -10.000        7.0406       90.8242
 3  79  12.900  45650.148  42.407  -0.048   12.771  -10.000        7.1178       91.8203
 4  79  12.900  45650.148  42.407  -0.003   11.499  -10.000        7.1178       91.8203
 3  79  12.900  45665.109  99.918   0.058   12.973  -10.000        8.2775      106.7812
 4  79  12.900  45665.109  99.918   0.049   11.667  -10.000        8.2775      106.7812
 2  79  12.900  45668.094 183.202   0.183   14.600  -10.000        8.5089      109.7656
 3  79  12.900  45668.094 183.202   0.106   12.571  -10.000        8.5089      109.7656
 4  79  12.900  45668.094 183.202   0.060   11.347  -10.000        8.5089      109.7656
 2  79  12.900  45674.113 351.187  -0.107   14.647  -10.000        8.9755      115.7852
 3  79  12.900  45674.113 351.187  -0.084   12.474  -10.000        8.9755      115.7852
 4  79  12.900  45674.113 351.187  -0.100   11.179  -10.000        8.9755      115.7852
 2  79  12.900  45675.090  18.440  -0.042   14.914  -10.000        9.0512      116.7617
 3  79  12.900  45675.090  18.440  -0.031   12.670  -10.000        9.0512      116.7617
 4  79  12.900  45675.090  18.440  -0.049   11.349  -10.000        9.0512      116.7617
 2  79  12.900  45864.336 259.683  -0.026   14.003  -10.000       23.7213      306.0078
 3  79  12.900  45864.336 259.683  -0.010   12.119  -10.000       23.7213      306.0078
 4  79  12.900  45864.336 259.683  -0.021   10.951  -10.000       23.7213      306.0078
 2  79  12.900  45866.375 316.587  -0.002   14.497  -10.000       23.8794      308.0469
 3  79  12.900  45866.375 316.587  -0.029   12.364  -10.000       23.8794      308.0469
 4  79  12.900  45866.375 316.587  -0.016   11.135  -10.000       23.8794      308.0469
 2  79  12.900  45867.352 343.840  -0.066   14.635  -10.000       23.9551      309.0234
 3  79  12.900  45867.352 343.840  -0.032   12.490  -10.000       23.9551      309.0234
 4  79  12.900  45867.352 343.840  -0.015   11.234  -10.000       23.9551      309.0234
 2  79  12.900  45868.305  10.438  -0.085   14.816  -10.000       24.0290      309.9766
 3  79  12.900  45868.305  10.438   0.004   12.666  -10.000       24.0290      309.9766
 4  79  12.900  45868.305  10.438   0.009   11.373  -10.000       24.0290      309.9766
 2  79  12.900  45869.340  39.326  -0.062   15.028  -10.000       24.1092      311.0117
 3  79  12.900  45869.340  39.326  -0.018   12.788  -10.000       24.1092      311.0117
 4  79  12.900  45869.340  39.326  -0.019   11.471  -10.000       24.1092      311.0117
 3  79  12.900  45870.312  66.470  -0.028   12.889  -10.000       24.1846      311.9844
 4  79  12.900  45870.312  66.470  -0.015   11.581  -10.000       24.1846      311.9844
 3  79  12.900  45871.312  94.377   0.008   12.942  -10.000       24.2622      312.9844
 4  79  12.900  45871.312  94.377   0.007   11.637  -10.000       24.2622      312.9844
 2  79  12.900  45872.289 121.629   0.095   15.021  -10.000       24.3379      313.9609
 3  79  12.900  45872.289 121.629   0.044   12.828  -10.000       24.3379      313.9609
 4  79  12.900  45872.289 121.629   0.011   11.538  -10.000       24.3379      313.9609
 2  79  12.900  45873.285 149.427   0.103   14.731  -10.000       24.4151      314.9570
 3  79  12.900  45873.285 149.427   0.019   12.625  -10.000       24.4151      314.9570
 4  79  12.900  45873.285 149.427  -0.010   11.390  -10.000       24.4151      314.9570
 2  79  12.900  45874.277 177.115   0.141   14.648  -10.000       24.4920      315.9492
 3  79  12.900  45874.277 177.115   0.042   12.571  -10.000       24.4920      315.9492
 4  79  12.900  45874.277 177.115   0.013   11.353  -10.000       24.4920      315.9492
 2  79  12.900  45875.270 204.804  -0.064   13.787  -10.000       24.5689      316.9414
 3  79  12.900  45875.270 204.804  -0.044   12.018  -10.000       24.5689      316.9414
 4  79  12.900  45875.270 204.804  -0.033   10.918  -10.000       24.5689      316.9414
 2  79  12.900  45876.273 232.820   0.049   13.840  -10.000       24.6467      317.9453
 3  79  12.900  45876.273 232.820   0.005   12.004  -10.000       24.6467      317.9453
 4  79  12.900  45876.273 232.820  -0.016   10.872  -10.000       24.6467      317.9453
 2  79  12.900  45877.289 261.163  -0.009   14.032  -10.000       24.7255      318.9609
 3  79  12.900  45877.289 261.163  -0.032   12.103  -10.000       24.7255      318.9609
 4  79  12.900  45877.289 261.163  -0.037   10.940  -10.000       24.7255      318.9609
 2  79  12.900  45878.266 288.416  -0.033   14.247  -10.000       24.8012      319.9375
 3  79  12.900  45878.266 288.416  -0.037   12.231  -10.000       24.8012      319.9375
 4  79  12.900  45878.266 288.416  -0.030   11.035  -10.000       24.8012      319.9375
 2  79  12.900  45879.273 316.540  -0.048   14.451  -10.000       24.8793      320.9453
 3  79  12.900  45879.273 316.540  -0.018   12.375  -10.000       24.8793      320.9453
 4  79  12.900  45879.273 316.540  -0.024   11.127  -10.000       24.8793      320.9453
 2  79  12.900  45880.281 344.665  -0.047   14.660  -10.000       24.9574      321.9531
 3  79  12.900  45880.281 344.665  -0.024   12.502  -10.000       24.9574      321.9531
 4  79  12.900  45880.281 344.665  -0.033   11.220  -10.000       24.9574      321.9531
 2  79  12.900  45881.262  12.027  -0.069   14.843  -10.000       25.0334      322.9336
 3  79  12.900  45881.262  12.027  -0.013   12.657  -10.000       25.0334      322.9336
 4  79  12.900  45881.262  12.027  -0.022   11.349  -10.000       25.0334      322.9336
 2  79  12.900  45882.266  40.042  -0.064   15.030  -10.000       25.1112      323.9375
 3  79  12.900  45882.266  40.042  -0.030   12.779  -10.000       25.1112      323.9375
 4  79  12.900  45882.266  40.042  -0.016   11.477  -10.000       25.1112      323.9375
 2  79  12.900  45883.273  68.167  -0.053   15.163  -10.000       25.1894      324.9453
 3  79  12.900  45883.273  68.167  -0.039   12.882  -10.000       25.1894      324.9453
 4  79  12.900  45883.273  68.167  -0.024   11.576  -10.000       25.1894      324.9453
 2  79  12.900  45886.266 151.670   0.073   14.690  -10.000       25.4213      327.9375
 3  79  12.900  45886.266 151.670   0.016   12.616  -10.000       25.4213      327.9375
 4  79  12.900  45886.266 151.670  -0.023   11.372  -10.000       25.4213      327.9375
 2  79  12.900  45887.262 179.467   0.054   14.532  -10.000       25.4985      328.9336
 3  79  12.900  45887.262 179.467   0.044   12.552  -10.000       25.4985      328.9336
 4  79  12.900  45887.262 179.467   0.030   11.353  -10.000       25.4985      328.9336
 2  79  12.900  47734.312 244.649  -0.018   13.879  -10.000      168.6796     2175.9844
 3  79  12.900  47734.312 244.649  -0.030   12.027  -10.000      168.6796     2175.9844
 4  79  12.900  47734.312 244.649  -0.031   10.895  -10.000      168.6796     2175.9844
 2  79  12.900  47735.355 273.757   0.021   14.170  -10.000      168.7604     2177.0273
 3  79  12.900  47735.355 273.757  -0.025   12.169  -10.000      168.7604     2177.0273
 4  79  12.900  47735.355 273.757  -0.002   11.012  -10.000      168.7604     2177.0273
 2  79  12.900  47736.355 301.663  -0.013   14.371  -10.000      168.8380     2178.0273
 3  79  12.900  47736.355 301.663   0.018   12.343  -10.000      168.8380     2178.0273
 4  79  12.900  47736.355 301.663   0.026   11.128  -10.000      168.8380     2178.0273
 2  79  12.900  47737.359 329.678  -0.055   14.541  -10.000      168.9158     2179.0312
 3  79  12.900  47737.359 329.678  -0.029   12.424  -10.000      168.9158     2179.0312
 4  79  12.900  47737.359 329.678  -0.010   11.186  -10.000      168.9158     2179.0312
 2  79  12.900  47739.305  23.967  -0.058   14.936  -10.000      169.0666     2180.9766
 3  79  12.900  47739.305  23.967  -0.001   12.729  -10.000      169.0666     2180.9766
 4  79  12.900  47739.305  23.967   0.016   11.439  -10.000      169.0666     2180.9766
 2  79  12.900  47740.340  52.855   0.018   15.180  -10.000      169.1468     2182.0117
 3  79  12.900  47740.340  52.855  -0.011   12.857  -10.000      169.1468     2182.0117
 4  79  12.900  47740.340  52.855  -0.021   11.526  -10.000      169.1468     2182.0117
 2  79  12.900  47741.297  79.563  -0.064   15.161  -10.000      169.2210     2182.9688
 3  79  12.900  47741.297  79.563  -0.020   12.920  -10.000      169.2210     2182.9688
 4  79  12.900  47741.297  79.563   0.004   11.628  -10.000      169.2210     2182.9688
 2  79  12.900  47742.305 107.688   0.010   15.095  -10.000      169.2991     2183.9766
 3  79  12.900  47742.305 107.688  -0.002   12.875  -10.000      169.2991     2183.9766
 4  79  12.900  47742.305 107.688  -0.001   11.592  -10.000      169.2991     2183.9766
 2  79  12.900  47743.293 135.269  -0.025   14.719  -10.000      169.3757     2184.9648
 3  79  12.900  47743.293 135.269  -0.009   12.666  -10.000      169.3757     2184.9648
 4  79  12.900  47743.293 135.269  -0.025   11.423  -10.000      169.3757     2184.9648
 2  79  12.900  47744.270 162.521   0.046   14.627  -10.000      169.4514     2185.9414
 3  79  12.900  47744.270 162.521   0.007   12.585  -10.000      169.4514     2185.9414
 4  79  12.900  47744.270 162.521  -0.009   11.370  -10.000      169.4514     2185.9414
 2  79  12.900  47745.277 190.646  -0.065   14.178  -10.000      169.5296     2186.9492
 3  79  12.900  47745.277 190.646  -0.043   12.298  -10.000      169.5296     2186.9492
 4  79  12.900  47745.277 190.646  -0.034   11.151  -10.000      169.5296     2186.9492
 2  79  12.900  47746.281 218.661   0.030   13.745  -10.000      169.6074     2187.9531
 3  79  12.900  47746.281 218.661   0.000   11.957  -10.000      169.6074     2187.9531
 4  79  12.900  47746.281 218.661   0.018   10.878  -10.000      169.6074     2187.9531
 2  79  12.900  47747.277 246.456  -0.015   13.898  -10.000      169.6846     2188.9492
 3  79  12.900  47747.277 246.456  -0.042   12.024  -10.000      169.6846     2188.9492
 4  79  12.900  47747.277 246.456  -0.023   10.909  -10.000      169.6846     2188.9492
 2  79  12.900  47748.273 274.257   0.039   14.192  -10.000      169.7618     2189.9453
 3  79  12.900  47748.273 274.257  -0.005   12.191  -10.000      169.7618     2189.9453
 4  79  12.900  47748.273 274.257   0.004   11.020  -10.000      169.7618     2189.9453
 2  79  12.900  47749.270 302.053  -0.013   14.374  -10.000      169.8390     2190.9414
 3  79  12.900  47749.270 302.053   0.004   12.330  -10.000      169.8390     2190.9414
 4  79  12.900  47749.270 302.053   0.029   11.132  -10.000      169.8390     2190.9414
 2  79  12.900  47750.254 329.524  -0.034   14.561  -10.000      169.9153     2191.9258
 3  79  12.900  47750.254 329.524   0.000   12.452  -10.000      169.9153     2191.9258
 4  79  12.900  47750.254 329.524   0.012   11.207  -10.000      169.9153     2191.9258
 2  79  12.900  47751.254 357.429  -0.098   14.704  -10.000      169.9929     2192.9258
 3  79  12.900  47751.254 357.429  -0.025   12.566  -10.000      169.9929     2192.9258
 4  79  12.900  47751.254 357.429   0.013   11.318  -10.000      169.9929     2192.9258
 2  79  12.900  47752.234  24.791  -0.040   14.959  -10.000      170.0689     2193.9062
 3  79  12.900  47752.234  24.791  -0.005   12.730  -10.000      170.0689     2193.9062
 4  79  12.900  47752.234  24.791   0.014   11.441  -10.000      170.0689     2193.9062
 3  79  12.900  47753.234  52.701   0.023   12.890  -10.000      170.1464     2194.9062
 4  79  12.900  47753.234  52.701   0.034   11.581  -10.000      170.1464     2194.9062
 2  79  12.900  47754.266  81.480   0.017   15.241  -10.000      170.2263     2195.9375
 3  79  12.900  47754.266  81.480   0.044   12.986  -10.000      170.2263     2195.9375
 4  79  12.900  47754.266  81.480   0.021   11.647  -10.000      170.2263     2195.9375
 2  79  12.900  47755.285 109.929   0.057   15.120  -10.000      170.3054     2196.9570
 3  79  12.900  47755.285 109.929   0.005   12.869  -10.000      170.3054     2196.9570
 4  79  12.900  47755.285 109.929   0.012   11.596  -10.000      170.3054     2196.9570
 2  79  12.900  47756.297 138.164   0.089   14.801  -10.000      170.3838     2197.9688
 3  79  12.900  47756.297 138.164  -0.039   12.617  -10.000      170.3838     2197.9688
 4  79  12.900  47756.297 138.164  -0.036   11.398  -10.000      170.3838     2197.9688
 2  79  12.900  47757.262 165.092   0.030   14.605  -10.000      170.4586     2198.9336
 3  79  12.900  47757.262 165.092   0.001   12.576  -10.000      170.4586     2198.9336
 4  79  12.900  47757.262 165.092   0.001   11.378  -10.000      170.4586     2198.9336
 2  79  12.900  47758.254 192.777  -0.033   14.149  -10.000      170.5355     2199.9258
 3  79  12.900  47758.254 192.777  -0.075   12.223  -10.000      170.5355     2199.9258
 4  79  12.900  47758.254 192.777  -0.038   11.111  -10.000      170.5355     2199.9258
 2  79  12.900  47759.234 220.139   0.031   13.747  -10.000      170.6115     2200.9062
 3  79  12.900  47759.234 220.139   0.018   11.975  -10.000      170.6115     2200.9062
 4  79  12.900  47759.234 220.139   0.019   10.878  -10.000      170.6115     2200.9062
 2  79  12.900  47760.254 248.593   0.030   13.962  -10.000      170.6905     2201.9258
 3  79  12.900  47760.254 248.593  -0.004   12.072  -10.000      170.6905     2201.9258
 4  79  12.900  47760.254 248.593   0.021   10.959  -10.000      170.6905     2201.9258
 2  79  12.900  47761.242 276.169   0.025   14.195  -10.000      170.7671     2202.9141
 3  79  12.900  47761.242 276.169   0.014   12.220  -10.000      170.7671     2202.9141
 4  79  12.900  47761.242 276.169   0.006   11.028  -10.000      170.7671     2202.9141
 2  79  12.900  47762.223 303.530   0.015   14.414  -10.000      170.8431     2203.8945
 3  79  12.900  47762.223 303.530   0.002   12.335  -10.000      170.8431     2203.8945
 4  79  12.900  47762.223 303.530   0.028   11.136  -10.000      170.8431     2203.8945
 2  79  12.900  47763.191 330.568  -0.029   14.574  -10.000      170.9182     2204.8633
 3  79  12.900  47763.191 330.568  -0.015   12.442  -10.000      170.9182     2204.8633
 4  79  12.900  47763.191 330.568   0.019   11.218  -10.000      170.9182     2204.8633
 2  79  12.900  47764.195 358.583  -0.053   14.758  -10.000      170.9961     2205.8672
 3  79  12.900  47764.195 358.583  -0.025   12.572  -10.000      170.9961     2205.8672
 4  79  12.900  47764.195 358.583   0.007   11.318  -10.000      170.9961     2205.8672
 2  79  12.900  47766.195  54.399   0.003   15.173  -10.000      171.1511     2207.8672
 3  79  12.900  47766.195  54.399   0.032   12.907  -10.000      171.1511     2207.8672
 4  79  12.900  47766.195  54.399   0.030   11.584  -10.000      171.1511     2207.8672
 2  79  12.900  47767.246  83.721  -0.006   15.216  -10.000      171.2326     2208.9180
 3  79  12.900  47767.246  83.721   0.005   12.948  -10.000      171.2326     2208.9180
 4  79  12.900  47767.246  83.721   0.031   11.660  -10.000      171.2326     2208.9180
 2  79  12.900  47768.242 111.517  -0.037   15.010  -10.000      171.3098     2209.9141
 3  79  12.900  47768.242 111.517  -0.053   12.802  -10.000      171.3098     2209.9141
 4  79  12.900  47768.242 111.517  -0.045   11.532  -10.000      171.3098     2209.9141
 2  79  12.900  47770.234 167.113   0.015   14.585  -10.000      171.4642     2211.9062
 3  79  12.900  47770.234 167.113  -0.018   12.554  -10.000      171.4642     2211.9062
 4  79  12.900  47770.234 167.113  -0.025   11.350  -10.000      171.4642     2211.9062
 2  79  12.900  47771.223 194.694  -0.143   13.983  -10.000      171.5408     2212.8945
 3  79  12.900  47771.223 194.694  -0.091   12.167  -10.000      171.5408     2212.8945
 4  79  12.900  47771.223 194.694  -0.070   11.045  -10.000      171.5408     2212.8945
 2  79  12.900  47772.219 222.490   0.079   13.801  -10.000      171.6180     2213.8906
 3  79  12.900  47772.219 222.490   0.012   11.971  -10.000      171.6180     2213.8906
 4  79  12.900  47772.219 222.490   0.012   10.872  -10.000      171.6180     2213.8906
 2  79  12.900  47773.246 251.158   0.017   13.972  -10.000      171.6977     2214.9180
 3  79  12.900  47773.246 251.158  -0.005   12.084  -10.000      171.6977     2214.9180
 4  79  12.900  47773.246 251.158   0.000   10.946  -10.000      171.6977     2214.9180
 2  79  12.900  47774.254 279.283  -0.005   14.193  -10.000      171.7758     2215.9258
 3  79  12.900  47774.254 279.283   0.014   12.235  -10.000      171.7758     2215.9258
 4  79  12.900  47774.254 279.283   0.009   11.042  -10.000      171.7758     2215.9258
 2  79  12.900  47775.215 306.101  -0.020   14.400  -10.000      171.8503     2216.8867
 3  79  12.900  47775.215 306.101   0.008   12.353  -10.000      171.8503     2216.8867
 4  79  12.900  47775.215 306.101   0.016   11.132  -10.000      171.8503     2216.8867
 2  79  12.900  47776.219 334.116  -0.002   14.627  -10.000      171.9281     2217.8906
 3  79  12.900  47776.219 334.116   0.009   12.483  -10.000      171.9281     2217.8906
 4  79  12.900  47776.219 334.116  -0.009   11.203  -10.000      171.9281     2217.8906
 3  79  12.900  49956.293 332.908   0.056   12.525  -10.000      340.9247     4397.9648
 5  79  12.900  49956.293 332.908   0.019   10.053  -10.000      340.9247     4397.9648
 3  79  12.900  49957.223 358.846   0.066   12.665  -10.000      340.9968     4398.8945
 5  79  12.900  49957.223 358.846   0.082   10.196  -10.000      340.9968     4398.8945
 3  79  12.900  49958.195  25.994   0.074   12.815  -10.000      341.0722     4399.8672
 5  79  12.900  49958.195  25.994   0.064   10.279  -10.000      341.0722     4399.8672
 3  79  12.900  49959.230  54.877   0.067   12.944  -10.000      341.1524     4400.9023
 5  79  12.900  49959.230  54.877   0.059   10.386  -10.000      341.1524     4400.9023
 3  79  12.900  49960.250  83.331   0.036   12.979  -10.000      341.2315     4401.9219
 5  79  12.900  49960.250  83.331  -0.005   10.401  -10.000      341.2315     4401.9219
 3  79  12.900  49962.211 138.054   0.091   12.747  -10.000      341.3835     4403.8828
 5  79  12.900  49962.211 138.054  -0.003   10.294  -10.000      341.3835     4403.8828
 3  79  12.900  49986.152  86.177   0.001   12.945  -10.000      343.2394     4427.8242
 5  79  12.900  49986.152  86.177   0.004   10.415  -10.000      343.2394     4427.8242
 3  79  12.900  49987.188 115.071  -0.024   12.808  -10.000      343.3196     4428.8594
 5  79  12.900  49987.188 115.071  -0.080   10.298  -10.000      343.3196     4428.8594
 3  79  12.900  49992.133 253.081   0.024   12.122  -10.000      343.7030     4433.8047
 5  79  12.900  49992.133 253.081  -0.036    9.849  -10.000      343.7030     4433.8047
 3  79  12.900  49993.172 282.074   0.000   12.236  -10.000      343.7835     4434.8438
 5  79  12.900  49993.172 282.074  -0.038    9.894  -10.000      343.7835     4434.8438
 3  79  12.900  50009.156   8.141   0.025   12.675  -10.000      345.0226     4450.8281
 5  79  12.900  50009.156   8.141   0.023   10.171  -10.000      345.0226     4450.8281
 3  79  12.900  50011.137  63.413   0.025   12.933  -10.000      345.1761     4452.8086
 5  79  12.900  50011.137  63.413   0.038   10.396  -10.000      345.1761     4452.8086
 3  79  12.900  50017.105 229.988   0.069   12.055  -10.000      345.6389     4458.7773
 5  79  12.900  50017.105 229.988   0.020    9.866  -10.000      345.6389     4458.7773
 3  79  12.900  50018.168 259.629   0.056   12.184  -10.000      345.7212     4459.8398
 5  79  12.900  50018.168 259.629  -0.006    9.889  -10.000      345.7212     4459.8398
 3  79  12.900  50020.121 314.143   0.031   12.413  -10.000      345.8726     4461.7930
 5  79  12.900  50020.121 314.143   0.030   10.020  -10.000      345.8726     4461.7930
