 2  79  13.234  49804.762 111.182  -0.011   13.542  -10.000      327.3088     4331.5391
 3  79  13.234  49804.762 111.182  -0.022   11.839  -10.000      327.3088     4331.5391
 4  79  13.234  49804.762 111.182  -0.021   10.871  -10.000      327.3088     4331.5391
 5  79  13.234  49804.762 111.182  -0.036    9.951  -10.000      327.3088     4331.5391
 2  79  13.234  49805.723 137.318  -0.031   13.270  -10.000      327.3814     4332.5000
 3  79  13.234  49805.723 137.318  -0.044   11.668  -10.000      327.3814     4332.5000
 4  79  13.234  49805.723 137.318  -0.027   10.757  -10.000      327.3814     4332.5000
 5  79  13.234  49805.723 137.318  -0.068    9.851  -10.000      327.3814     4332.5000
 2  79  13.234  49807.723 191.733   0.118   13.016  -10.000      327.5326     4334.5000
 3  79  13.234  49807.723 191.733   0.104   11.546  -10.000      327.5326     4334.5000
 4  79  13.234  49807.723 191.733   0.077   10.648  -10.000      327.5326     4334.5000
 5  79  13.234  49807.723 191.733   0.018    9.775  -10.000      327.5326     4334.5000
 2  79  13.234  49808.723 218.936   0.089   12.632  -10.000      327.6082     4335.5000
 3  79  13.234  49808.723 218.936   0.067   11.251  -10.000      327.6082     4335.5000
 4  79  13.234  49808.723 218.936   0.078   10.430  -10.000      327.6082     4335.5000
 5  79  13.234  49808.723 218.936   0.030    9.605  -10.000      327.6082     4335.5000
 2  79  13.234  49809.672 244.753  -0.049   12.664  -10.000      327.6799     4336.4492
 3  79  13.234  49809.672 244.753  -0.033   11.247  -10.000      327.6799     4336.4492
 4  79  13.234  49809.672 244.753  -0.008   10.410  -10.000      327.6799     4336.4492
 5  79  13.234  49809.672 244.753  -0.055    9.557  -10.000      327.6799     4336.4492
 2  79  13.234  49810.695 272.593  -0.080   12.799  -10.000      327.7572     4337.4727
 3  79  13.234  49810.695 272.593  -0.046   11.319  -10.000      327.7572     4337.4727
 4  79  13.234  49810.695 272.593  -0.031   10.438  -10.000      327.7572     4337.4727
 5  79  13.234  49810.695 272.593  -0.053    9.580  -10.000      327.7572     4337.4727
 2  79  13.234  49811.672 299.158  -0.045   12.992  -10.000      327.8310     4338.4492
 3  79  13.234  49811.672 299.158  -0.036   11.416  -10.000      327.8310     4338.4492
 4  79  13.234  49811.672 299.158  -0.020   10.506  -10.000      327.8310     4338.4492
 5  79  13.234  49811.672 299.158  -0.032    9.631  -10.000      327.8310     4338.4492
 2  79  13.234  49812.688 326.788   0.032   13.225  -10.000      327.9077     4339.4648
 3  79  13.234  49812.688 326.788  -0.010   11.536  -10.000      327.9077     4339.4648
 4  79  13.234  49812.688 326.788   0.018   10.613  -10.000      327.9077     4339.4648
 5  79  13.234  49812.688 326.788  -0.013    9.695  -10.000      327.9077     4339.4648
 2  79  13.234  49813.695 354.199   0.057   13.397  -10.000      327.9839     4340.4727
 3  79  13.234  49813.695 354.199   0.033   11.677  -10.000      327.9839     4340.4727
 4  79  13.234  49813.695 354.199   0.031   10.703  -10.000      327.9839     4340.4727
 5  79  13.234  49813.695 354.199   0.010    9.777  -10.000      327.9839     4340.4727
 2  79  13.234  49814.703  21.621   0.084   13.573  -10.000      328.0601     4341.4805
 3  79  13.234  49814.703  21.621   0.016   11.767  -10.000      328.0601     4341.4805
 4  79  13.234  49814.703  21.621   0.020   10.782  -10.000      328.0601     4341.4805
 5  79  13.234  49814.703  21.621   0.018    9.858  -10.000      328.0601     4341.4805
 2  79  13.234  49815.672  47.977   0.073   13.682  -10.000      328.1333     4342.4492
 3  79  13.234  49815.672  47.977   0.031   11.878  -10.000      328.1333     4342.4492
 4  79  13.234  49815.672  47.977   0.034   10.882  -10.000      328.1333     4342.4492
 5  79  13.234  49815.672  47.977   0.035    9.952  -10.000      328.1333     4342.4492
 2  79  13.234  49816.660  74.861   0.060   13.738  -10.000      328.2079     4343.4375
 3  79  13.234  49816.660  74.861   0.040   11.955  -10.000      328.2079     4343.4375
 4  79  13.234  49816.660  74.861   0.010   10.925  -10.000      328.2079     4343.4375
 5  79  13.234  49816.660  74.861   0.007    9.991  -10.000      328.2079     4343.4375
 2  79  13.234  49817.648 101.744   0.028   13.648  -10.000      328.2826     4344.4258
 3  79  13.234  49817.648 101.744  -0.038   11.861  -10.000      328.2826     4344.4258
 4  79  13.234  49817.648 101.744  -0.028   10.889  -10.000      328.2826     4344.4258
 5  79  13.234  49817.648 101.744  -0.035    9.967  -10.000      328.2826     4344.4258
 2  79  13.234  49818.641 128.727  -0.031   13.350  -10.000      328.3576     4345.4180
 3  79  13.234  49818.641 128.727  -0.051   11.708  -10.000      328.3576     4345.4180
 4  79  13.234  49818.641 128.727  -0.064   10.755  -10.000      328.3576     4345.4180
 5  79  13.234  49818.641 128.727  -0.082    9.859  -10.000      328.3576     4345.4180
 2  79  13.234  49819.617 155.292   0.013   13.240  -10.000      328.4314     4346.3945
 3  79  13.234  49819.617 155.292  -0.022   11.648  -10.000      328.4314     4346.3945
 4  79  13.234  49819.617 155.292  -0.020   10.737  -10.000      328.4314     4346.3945
 5  79  13.234  49819.617 155.292  -0.068    9.836  -10.000      328.4314     4346.3945
 2  79  13.234  49821.637 210.234   0.246   12.791  -10.000      328.5840     4348.4141
 3  79  13.234  49821.637 210.234   0.172   11.362  -10.000      328.5840     4348.4141
 4  79  13.234  49821.637 210.234   0.155   10.515  -10.000      328.5840     4348.4141
 5  79  13.234  49821.637 210.234   0.083    9.667  -10.000      328.5840     4348.4141
 2  79  13.234  49822.637 237.437  -0.025   12.639  -10.000      328.6595     4349.4141
 3  79  13.234  49822.637 237.437  -0.019   11.235  -10.000      328.6595     4349.4141
 4  79  13.234  49822.637 237.437  -0.006   10.395  -10.000      328.6595     4349.4141
 5  79  13.234  49822.637 237.437  -0.047    9.558  -10.000      328.6595     4349.4141
 2  79  13.234  49823.621 264.210  -0.087   12.743  -10.000      328.7339     4350.3984
 3  79  13.234  49823.621 264.210  -0.061   11.279  -10.000      328.7339     4350.3984
 4  79  13.234  49823.621 264.210  -0.034   10.420  -10.000      328.7339     4350.3984
 5  79  13.234  49823.621 264.210  -0.069    9.557  -10.000      328.7339     4350.3984
 2  79  13.234  49824.617 291.313  -0.036   12.957  -10.000      328.8092     4351.3945
 3  79  13.234  49824.617 291.313  -0.042   11.385  -10.000      328.8092     4351.3945
 4  79  13.234  49824.617 291.313  -0.016   10.494  -10.000      328.8092     4351.3945
 5  79  13.234  49824.617 291.313  -0.039    9.615  -10.000      328.8092     4351.3945
 2  79  13.234  49825.613 318.406  -0.002   13.144  -10.000      328.8845     4352.3906
 3  79  13.234  49825.613 318.406  -0.027   11.490  -10.000      328.8845     4352.3906
 4  79  13.234  49825.613 318.406  -0.005   10.568  -10.000      328.8845     4352.3906
 5  79  13.234  49825.613 318.406  -0.026    9.667  -10.000      328.8845     4352.3906
 2  79  13.234  49826.645 346.465   0.036   13.334  -10.000      328.9624     4353.4219
 3  79  13.234  49826.645 346.465   0.006   11.621  -10.000      328.9624     4353.4219
 4  79  13.234  49826.645 346.465   0.019   10.668  -10.000      328.9624     4353.4219
 5  79  13.234  49826.645 346.465   0.006    9.755  -10.000      328.9624     4353.4219
 2  79  13.234  49827.617  12.920   0.052   13.495  -10.000      329.0359     4354.3945
 3  79  13.234  49827.617  12.920   0.021   11.738  -10.000      329.0359     4354.3945
 4  79  13.234  49827.617  12.920   0.027   10.760  -10.000      329.0359     4354.3945
 5  79  13.234  49827.617  12.920   0.022    9.838  -10.000      329.0359     4354.3945
23   4  13.234  40921.484  18.721   0.066    5.075  -10.000     -343.9480    -4551.7383
24   4  13.234  40921.484  18.721   0.125    6.992  -10.000     -343.9480    -4551.7383
23   4  13.234  40923.488  73.235   0.076    5.260  -10.000     -343.7966    -4549.7344
24   4  13.234  40923.488  73.235   0.115    7.195  -10.000     -343.7966    -4549.7344
23   4  13.234  40924.457  99.591  -0.043    5.132  -10.000     -343.7234    -4548.7656
24   4  13.234  40924.457  99.591  -0.055    6.970  -10.000     -343.7234    -4548.7656
23   4  13.234  40928.535 210.520   0.032    4.472  -10.000     -343.4152    -4544.6875
24   4  13.234  40928.535 210.520   0.087    5.922  -10.000     -343.4152    -4544.6875
23   4  13.234  40929.570 238.689  -0.066    4.448  -10.000     -343.3370    -4543.6523
24   4  13.234  40929.570 238.689  -0.045    5.935  -10.000     -343.3370    -4543.6523
23   4  13.234  40954.422 194.722   0.029    4.672  -10.000     -341.4591    -4518.8008
24   4  13.234  40954.422 194.722   0.081    6.215  -10.000     -341.4591    -4518.8008
23   4  13.234  40975.363  44.396  -0.001    5.105  -10.000     -339.8767    -4497.8594
24   4  13.234  40975.363  44.396   0.117    7.113  -10.000     -339.8767    -4497.8594
23   4  13.234  40977.527 103.260  -0.083    5.080  -10.000     -339.7132    -4495.6953
24   4  13.234  40977.527 103.260  -0.078    6.922  -10.000     -339.7132    -4495.6953
23   4  13.234  40978.430 127.815  -0.050    4.980  -10.000     -339.6450    -4494.7930
24   4  13.234  40978.430 127.815  -0.039    6.717  -10.000     -339.6450    -4494.7930
23   4  13.234  40979.555 158.412  -0.120    4.810  -10.000     -339.5600    -4493.6680
24   4  13.234  40979.555 158.412  -0.122    6.447  -10.000     -339.5600    -4493.6680
23   4  13.234  41001.426  33.376  -0.018    5.050  -10.000     -337.9073    -4471.7969
24   4  13.234  41001.426  33.376   0.072    7.020  -10.000     -337.9073    -4471.7969
23   4  13.234  41002.516  63.018   0.013    5.178  -10.000     -337.8250    -4470.7070
24   4  13.234  41002.516  63.018   0.068    7.133  -10.000     -337.8250    -4470.7070
23   4  13.234  41007.434 196.809   0.047    4.652  -10.000     -337.4533    -4465.7891
24   4  13.234  41007.434 196.809   0.094    6.170  -10.000     -337.4533    -4465.7891
23   4  13.234  41042.375  67.324   0.048    5.222  -10.000     -334.8130    -4430.8477
24   4  13.234  41042.375  67.324   0.139    7.212  -10.000     -334.8130    -4430.8477
23   4  13.234  41057.336 114.302  -0.048    5.065  -10.000     -333.6825    -4415.8867
24   4  13.234  41057.336 114.302  -0.050    6.858  -10.000     -333.6825    -4415.8867
23   4  13.234  41058.352 141.932  -0.078    4.878  -10.000     -333.6057    -4414.8711
24   4  13.234  41058.352 141.932  -0.055    6.568  -10.000     -333.6057    -4414.8711
23   4  13.234  41066.375   0.198   0.021    4.957  -10.000     -332.9995    -4406.8477
24   4  13.234  41066.375   0.198   0.086    6.847  -10.000     -332.9995    -4406.8477
23   4  13.234  41067.375  27.400   0.030    5.075  -10.000     -332.9239    -4405.8477
24   4  13.234  41067.375  27.400   0.178    7.095  -10.000     -332.9239    -4405.8477
23   4  13.234  41068.363  54.283   0.047    5.188  -10.000     -332.8492    -4404.8594
24   4  13.234  41068.363  54.283   0.090    7.128  -10.000     -332.8492    -4404.8594
23   4  13.234  41070.371 108.896  -0.092    5.048  -10.000     -332.6975    -4402.8516
24   4  13.234  41070.371 108.896  -0.069    6.888  -10.000     -332.6975    -4402.8516
23   4  13.234  41090.301 291.050  -0.013    4.675  -10.000     -331.1915    -4382.9219
24   4  13.234  41090.301 291.050  -0.015    6.325  -10.000     -331.1915    -4382.9219
23   4  13.234  41092.297 345.344  -0.009    4.870  -10.000     -331.0407    -4380.9258
24   4  13.234  41092.297 345.344   0.005    6.677  -10.000     -331.0407    -4380.9258
23   4  13.234  41100.281 202.544   0.056    4.568  -10.000     -330.4374    -4372.9414
24   4  13.234  41100.281 202.544   0.149    6.088  -10.000     -330.4374    -4372.9414
23   4  13.234  41101.277 229.647  -0.026    4.450  -10.000     -330.3621    -4371.9453
24   4  13.234  41101.277 229.647  -0.031    5.877  -10.000     -330.3621    -4371.9453
23   4  13.234  41114.258 222.748   0.018    4.465  -10.000     -329.3813    -4358.9648
24   4  13.234  41114.258 222.748   0.062    5.920  -10.000     -329.3813    -4358.9648
23   4  13.234  41115.254 249.851  -0.078    4.475  -10.000     -329.3060    -4357.9688
24   4  13.234  41115.254 249.851  -0.074    5.990  -10.000     -329.3060    -4357.9688
23   4  13.234  41116.254 277.053  -0.072    4.568  -10.000     -329.2304    -4356.9688
24   4  13.234  41116.254 277.053  -0.074    6.170  -10.000     -329.2304    -4356.9688
23   4  13.234  41117.250 304.146  -0.026    4.705  -10.000     -329.1552    -4355.9727
24   4  13.234  41117.250 304.146  -0.018    6.405  -10.000     -329.1552    -4355.9727
23   4  13.234  41122.238  79.849   0.002    5.192  -10.000     -328.7782    -4350.9844
24   4  13.234  41122.238  79.849   0.072    7.152  -10.000     -328.7782    -4350.9844
23   4  13.234  41123.238 107.051  -0.063    5.085  -10.000     -328.7026    -4349.9844
24   4  13.234  41123.238 107.051  -0.056    6.915  -10.000     -328.7026    -4349.9844
23   4  13.234  41124.227 133.934  -0.072    4.920  -10.000     -328.6280    -4348.9961
24   4  13.234  41124.227 133.934  -0.059    6.630  -10.000     -328.6280    -4348.9961
23   4  13.234  41130.227 297.147  -0.038    4.670  -10.000     -328.1746    -4342.9961
24   4  13.234  41130.227 297.147  -0.042    6.338  -10.000     -328.1746    -4342.9961
23   4  13.234  41131.219 324.141  -0.012    4.790  -10.000     -328.0996    -4342.0039
24   4  13.234  41131.219 324.141  -0.041    6.507  -10.000     -328.0996    -4342.0039
23   4  13.234  41132.219 351.343   0.017    4.918  -10.000     -328.0240    -4341.0039
24   4  13.234  41132.219 351.343   0.063    6.770  -10.000     -328.0240    -4341.0039
23   4  13.234  41144.195 317.142  -0.050    4.727  -10.000     -327.1190    -4329.0273
24   4  13.234  41144.195 317.142  -0.002    6.503  -10.000     -327.1190    -4329.0273
 0  55  13.234  45391.648 300.930   1.127   17.000    0.860       -6.1641      -81.5742
 0  55  13.234  45394.645  22.433  -0.593   38.490    1.070       -5.9377      -78.5781
 0  55  13.234  45398.699 132.733  -3.365   47.110    1.500       -5.6313      -74.5234
 0  55  13.234  45760.684 259.821  -0.311   10.720    0.700       21.7217      287.4609
 0  55  13.234  45766.656  62.296   3.604   50.460    0.990       22.1730      293.4336
 3 150  13.234  50808.551  57.327   0.090   11.968  -10.000      403.1592     5335.3281
 5 150  13.234  50808.551  57.327   0.112   10.057  -10.000      403.1592     5335.3281
 3 150  13.234  50809.434  81.343   0.008   11.929  -10.000      403.2260     5336.2109
 5 150  13.234  50809.434  81.343   0.032   10.026  -10.000      403.2260     5336.2109
 3 150  13.234  50809.551  84.540   0.024   11.947  -10.000      403.2348     5336.3281
 5 150  13.234  50809.551  84.540   0.016   10.015  -10.000      403.2348     5336.3281
 3 150  13.234  50810.430 108.446  -0.012   11.861  -10.000      403.3012     5337.2070
 5 150  13.234  50810.430 108.446  -0.018    9.974  -10.000      403.3012     5337.2070
 3 150  13.234  50810.531 111.204  -0.018   11.843  -10.000      403.3089     5337.3086
 5 150  13.234  50810.531 111.204  -0.013    9.974  -10.000      403.3089     5337.3086
 3 150  13.234  50811.492 137.351  -0.049   11.662  -10.000      403.3815     5338.2695
 5 150  13.234  50811.492 137.351  -0.059    9.860  -10.000      403.3815     5338.2695
 3 150  13.234  50811.562 139.263  -0.009   11.694  -10.000      403.3868     5338.3398
 5 150  13.234  50811.562 139.263  -0.031    9.884  -10.000      403.3868     5338.3398
 3 150  13.234  50812.406 162.213  -0.041   11.627  -10.000      403.4506     5339.1836
 5 150  13.234  50812.406 162.213  -0.054    9.851  -10.000      403.4506     5339.1836
 3 150  13.234  50812.512 165.081  -0.036   11.632  -10.000      403.4586     5339.2891
 5 150  13.234  50812.512 165.081  -0.056    9.849  -10.000      403.4586     5339.2891
 3 150  13.234  50814.559 220.759   0.058   11.246  -10.000      403.6132     5341.3359
 5 150  13.234  50814.559 220.759   0.022    9.599  -10.000      403.6132     5341.3359
 3 150  13.234  50815.527 247.115  -0.059   11.229  -10.000      403.6864     5342.3047
 5 150  13.234  50815.527 247.115  -0.063    9.551  -10.000      403.6864     5342.3047
 3 150  13.234  50815.574 248.390  -0.079   11.213  -10.000      403.6900     5342.3516
 5 150  13.234  50815.574 248.390  -0.074    9.541  -10.000      403.6900     5342.3516
 3 150  13.234  50816.449 272.197  -0.068   11.296  -10.000      403.7561     5343.2266
 5 150  13.234  50816.449 272.197  -0.069    9.564  -10.000      403.7561     5343.2266
11  43  13.234  48337.551 158.533  -0.006    8.489  -10.000      216.4404     2864.3281
12  43  13.234  48337.551 158.533   0.022    7.943  -10.000      216.4404     2864.3281
13  43  13.234  48337.551 158.533   0.016    7.729  -10.000      216.4404     2864.3281
11  43  13.234  48340.555 240.249   0.016    8.286  -10.000      216.6674     2867.3320
12  43  13.234  48340.555 240.249   0.044    7.773  -10.000      216.6674     2867.3320
13  43  13.234  48340.555 240.249   0.037    7.568  -10.000      216.6674     2867.3320
11  43  13.234  48341.641 269.791   0.024    8.271  -10.000      216.7494     2868.4180
12  43  13.234  48341.641 269.791   0.042    7.727  -10.000      216.7494     2868.4180
13  43  13.234  48341.641 269.791   0.040    7.521  -10.000      216.7494     2868.4180
11  43  13.234  48342.617 296.356   0.042    8.280  -10.000      216.8232     2869.3945
12  43  13.234  48342.617 296.356   0.042    7.701  -10.000      216.8232     2869.3945
13  43  13.234  48342.617 296.356   0.041    7.490  -10.000      216.8232     2869.3945
 1   2  13.234  41648.824   4.603   0.205   15.060  -10.000     -288.9872    -3824.3984
 2   2  13.234  41648.824   4.603   0.161   13.560  -10.000     -288.9872    -3824.3984
 3   2  13.234  41648.824   4.603   0.035   11.720  -10.000     -288.9872    -3824.3984
 1   2  13.234  41652.781 112.247  -0.188   14.780  -10.000     -288.6882    -3820.4414
 2   2  13.234  41652.781 112.247  -0.044   13.500  -10.000     -288.6882    -3820.4414
 3   2  13.234  41652.781 112.247  -0.086   11.770  -10.000     -288.6882    -3820.4414
 1   2  13.234  41653.836 140.933  -0.097   14.460  -10.000     -288.6085    -3819.3867
 2   2  13.234  41653.836 140.933   0.004   13.280  -10.000     -288.6085    -3819.3867
 3   2  13.234  41653.836 140.933  -0.017   11.680  -10.000     -288.6085    -3819.3867
 1   2  13.234  41654.789 166.860  -0.232   14.230  -10.000     -288.5365    -3818.4336
 2   2  13.234  41654.789 166.860  -0.098   13.120  -10.000     -288.5365    -3818.4336
 3   2  13.234  41654.789 166.860  -0.117   11.550  -10.000     -288.5365    -3818.4336
 1   2  13.234  41655.785 193.964   0.083   14.020  -10.000     -288.4612    -3817.4375
 2   2  13.234  41655.785 193.964   0.100   12.940  -10.000     -288.4612    -3817.4375
 3   2  13.234  41655.785 193.964   0.038   11.440  -10.000     -288.4612    -3817.4375
 1   2  13.234  41658.816 276.416  -0.081   14.030  -10.000     -288.2322    -3814.4062
 2   2  13.234  41658.816 276.416  -0.002   12.900  -10.000     -288.2322    -3814.4062
 3   2  13.234  41658.816 276.416  -0.047   11.330  -10.000     -288.2322    -3814.4062
 1   2  13.234  41760.672 167.201  -0.171   14.290  -10.000     -280.5356    -3712.5508
 2   2  13.234  41760.672 167.201  -0.097   13.120  -10.000     -280.5356    -3712.5508
 3   2  13.234  41760.672 167.201  -0.096   11.570  -10.000     -280.5356    -3712.5508
 1   2  13.234  41761.641 193.557   0.118   14.070  -10.000     -280.4623    -3711.5820
 2   2  13.234  41761.641 193.557   0.099   12.950  -10.000     -280.4623    -3711.5820
 3   2  13.234  41761.641 193.557   0.071   11.480  -10.000     -280.4623    -3711.5820
 1   2  13.234  41762.668 221.506   0.045   13.600  -10.000     -280.3847    -3710.5547
 2   2  13.234  41762.668 221.506   0.045   12.600  -10.000     -280.3847    -3710.5547
 3   2  13.234  41762.668 221.506   0.049   11.240  -10.000     -280.3847    -3710.5547
 1   2  13.234  41764.699 276.757  -0.075   14.040  -10.000     -280.2312    -3708.5234
 2   2  13.234  41764.699 276.757  -0.044   12.860  -10.000     -280.2312    -3708.5234
 3   2  13.234  41764.699 276.757  -0.068   11.310  -10.000     -280.2312    -3708.5234
 1   2  13.234  41765.691 303.750  -0.077   14.290  -10.000     -280.1562    -3707.5312
 2   2  13.234  41765.691 303.750   0.017   13.080  -10.000     -280.1562    -3707.5312
 3   2  13.234  41765.691 303.750  -0.017   11.450  -10.000     -280.1562    -3707.5312
 1   2  13.234  41766.684 330.743   0.136   14.730  -10.000     -280.0813    -3706.5391
 2   2  13.234  41766.684 330.743   0.065   13.280  -10.000     -280.0813    -3706.5391
 3   2  13.234  41766.684 330.743   0.030   11.590  -10.000     -280.0813    -3706.5391
 1   2  13.234  41768.695  25.466   0.086   15.090  -10.000     -279.9293    -3704.5273
 2   2  13.234  41768.695  25.466   0.141   13.650  -10.000     -279.9293    -3704.5273
 3   2  13.234  41768.695  25.466   0.073   11.840  -10.000     -279.9293    -3704.5273
 1   2  13.234  41769.688  52.460   0.200   15.350  -10.000     -279.8543    -3703.5352
 2   2  13.234  41769.688  52.460   0.133   13.760  -10.000     -279.8543    -3703.5352
 3   2  13.234  41769.688  52.460   0.077   11.940  -10.000     -279.8543    -3703.5352
 1   2  13.234  41770.727  80.717  -0.064   15.130  -10.000     -279.7758    -3702.4961
 2   2  13.234  41770.727  80.717   0.061   13.740  -10.000     -279.7758    -3702.4961
 3   2  13.234  41770.727  80.717   0.029   11.950  -10.000     -279.7758    -3702.4961
 1   2  13.234  41771.695 107.073  -0.130   14.900  -10.000     -279.7026    -3701.5273
 2   2  13.234  41771.695 107.073   0.016   13.600  -10.000     -279.7026    -3701.5273
 3   2  13.234  41771.695 107.073   0.001   11.880  -10.000     -279.7026    -3701.5273
 1   2  13.234  41772.695 134.275  -0.175   14.460  -10.000     -279.6270    -3700.5273
 2   2  13.234  41772.695 134.275  -0.037   13.290  -10.000     -279.6270    -3700.5273
 3   2  13.234  41772.695 134.275  -0.057   11.670  -10.000     -279.6270    -3700.5273
 1   2  13.234  41773.703 161.697  -0.349   14.120  -10.000     -279.5508    -3699.5195
 2   2  13.234  41773.703 161.697  -0.102   13.120  -10.000     -279.5508    -3699.5195
 3   2  13.234  41773.703 161.697  -0.078   11.590  -10.000     -279.5508    -3699.5195
 1   2  13.234  41774.645 187.306   0.017   14.180  -10.000     -279.4797    -3698.5781
 2   2  13.234  41774.645 187.306   0.096   13.100  -10.000     -279.4797    -3698.5781
 3   2  13.234  41774.645 187.306   0.053   11.570  -10.000     -279.4797    -3698.5781
 0 125  13.234  37766.281 227.505  -0.205   19.000  -10.000     -582.3680    -7706.9414
