 1  79  10.887  46260.430 177.133  -0.133   11.058  -10.000     -319.5080    -3478.3438
 2  79  10.887  46260.430 177.133  -0.124   10.277  -10.000     -319.5080    -3478.3438
 3  79  10.887  46260.430 177.133  -0.096    9.173  -10.000     -319.5080    -3478.3438
 4  79  10.887  46260.430 177.133  -0.077    8.522  -10.000     -319.5080    -3478.3438
 2  79  10.887  46265.453 343.246   0.004   10.612  -10.000     -319.0465    -3473.3203
 3  79  10.887  46265.453 343.246  -0.007    9.327  -10.000     -319.0465    -3473.3203
 4  79  10.887  46265.453 343.246  -0.005    8.600  -10.000     -319.0465    -3473.3203
 2  79  10.887  46266.453  16.315   0.015   10.809  -10.000     -318.9547    -3472.3203
 3  79  10.887  46266.453  16.315  -0.013    9.448  -10.000     -318.9547    -3472.3203
 4  79  10.887  46266.453  16.315  -0.008    8.700  -10.000     -318.9547    -3472.3203
 2  79  10.887  46267.457  49.504   0.045   10.993  -10.000     -318.8625    -3471.3164
 3  79  10.887  46267.457  49.504   0.016    9.596  -10.000     -318.8625    -3471.3164
 4  79  10.887  46267.457  49.504   0.009    8.822  -10.000     -318.8625    -3471.3164
 1  79  10.887  46269.430 114.741   0.026   11.853  -10.000     -318.6813    -3469.3438
 2  79  10.887  46269.430 114.741   0.064   10.902  -10.000     -318.6813    -3469.3438
 3  79  10.887  46269.430 114.741   0.040    9.594  -10.000     -318.6813    -3469.3438
 4  79  10.887  46269.430 114.741   0.020    8.841  -10.000     -318.6813    -3469.3438
 1  79  10.887  46270.441 148.195  -0.026   11.393  -10.000     -318.5883    -3468.3320
 2  79  10.887  46270.441 148.195  -0.001   10.564  -10.000     -318.5883    -3468.3320
 3  79  10.887  46270.441 148.195  -0.030    9.354  -10.000     -318.5883    -3468.3320
 4  79  10.887  46270.441 148.195  -0.046    8.648  -10.000     -318.5883    -3468.3320
 2  79  10.887  46272.441 214.332   0.090   10.229  -10.000     -318.4046    -3466.3320
 3  79  10.887  46272.441 214.332   0.047    9.120  -10.000     -318.4046    -3466.3320
 4  79  10.887  46272.441 214.332   0.034    8.465  -10.000     -318.4046    -3466.3320
 2  79  10.887  46273.457 247.917   0.069   10.125  -10.000     -318.3113    -3465.3164
 3  79  10.887  46273.457 247.917   0.043    9.043  -10.000     -318.3113    -3465.3164
 4  79  10.887  46273.457 247.917   0.038    8.400  -10.000     -318.3113    -3465.3164
 2  79  10.887  46274.445 280.602  -0.130   10.109  -10.000     -318.2206    -3464.3281
 3  79  10.887  46274.445 280.602  -0.094    9.014  -10.000     -318.2206    -3464.3281
 4  79  10.887  46274.445 280.602  -0.075    8.364  -10.000     -318.2206    -3464.3281
 2  79  10.887  46275.453 313.923   0.008   10.444  -10.000     -318.1280    -3463.3203
 3  79  10.887  46275.453 313.923  -0.005    9.220  -10.000     -318.1280    -3463.3203
 4  79  10.887  46275.453 313.923  -0.012    8.511  -10.000     -318.1280    -3463.3203
 2  79  10.887  46279.445  85.946   0.048   11.031  -10.000     -317.7613    -3459.3281
 3  79  10.887  46279.445  85.946   0.011    9.640  -10.000     -317.7613    -3459.3281
 4  79  10.887  46279.445  85.946   0.009    8.877  -10.000     -317.7613    -3459.3281
 2  79  10.887  46280.441 118.883   0.066   10.867  -10.000     -317.6698    -3458.3320
 3  79  10.887  46280.441 118.883   0.025    9.556  -10.000     -317.6698    -3458.3320
 4  79  10.887  46280.441 118.883   0.024    8.828  -10.000     -317.6698    -3458.3320
 2  79  10.887  46283.430 217.694   0.118   10.228  -10.000     -317.3953    -3455.3438
 3  79  10.887  46283.430 217.694   0.077    9.128  -10.000     -317.3953    -3455.3438
 4  79  10.887  46283.430 217.694   0.065    8.477  -10.000     -317.3953    -3455.3438
 2  79  10.887  46284.441 251.158   0.044   10.116  -10.000     -317.3023    -3454.3320
 3  79  10.887  46284.441 251.158   0.023    9.032  -10.000     -317.3023    -3454.3320
 4  79  10.887  46284.441 251.158   0.022    8.390  -10.000     -317.3023    -3454.3320
 2  79  10.887  46285.418 283.447  -0.119   10.136  -10.000     -317.2126    -3453.3555
 3  79  10.887  46285.418 283.447  -0.096    9.021  -10.000     -317.2126    -3453.3555
 4  79  10.887  46285.418 283.447  -0.085    8.360  -10.000     -317.2126    -3453.3555
 2  79  10.887  46287.379 348.289  -0.032   10.603  -10.000     -317.0325    -3451.3945
 3  79  10.887  46287.379 348.289  -0.030    9.322  -10.000     -317.0325    -3451.3945
 4  79  10.887  46287.379 348.289  -0.022    8.597  -10.000     -317.0325    -3451.3945
 1  79  10.887  46288.418  22.654  -0.028   11.865  -10.000     -316.9371    -3450.3555
 2  79  10.887  46288.418  22.654   0.008   10.836  -10.000     -316.9371    -3450.3555
 3  79  10.887  46288.418  22.654  -0.006    9.480  -10.000     -316.9371    -3450.3555
 4  79  10.887  46288.418  22.654  -0.004    8.725  -10.000     -316.9371    -3450.3555
 2  79  10.887  46289.422  55.854   0.020   10.989  -10.000     -316.8448    -3449.3516
 3  79  10.887  46289.422  55.854  -0.004    9.595  -10.000     -316.8448    -3449.3516
 4  79  10.887  46289.422  55.854  -0.002    8.828  -10.000     -316.8448    -3449.3516
 2  79  10.887  46290.438  89.440   0.094   11.070  -10.000     -316.7516    -3448.3359
 3  79  10.887  46290.438  89.440   0.052    9.680  -10.000     -316.7516    -3448.3359
 4  79  10.887  46290.438  89.440   0.051    8.920  -10.000     -316.7516    -3448.3359
 2  79  10.887  46291.414 121.729   0.039   10.815  -10.000     -316.6619    -3447.3594
 3  79  10.887  46291.414 121.729   0.011    9.526  -10.000     -316.6619    -3447.3594
 4  79  10.887  46291.414 121.729   0.009    8.801  -10.000     -316.6619    -3447.3594
 2  79  10.887  46293.387 186.965  -0.166   10.186  -10.000     -316.4807    -3445.3867
 3  79  10.887  46293.387 186.965  -0.133    9.098  -10.000     -316.4807    -3445.3867
 4  79  10.887  46293.387 186.965  -0.111    8.456  -10.000     -316.4807    -3445.3867
 2  79  10.887  46294.387 220.023   0.164   10.255  -10.000     -316.3888    -3444.3867
 3  79  10.887  46294.387 220.023   0.090    9.127  -10.000     -316.3888    -3444.3867
 4  79  10.887  46294.387 220.023   0.074    8.474  -10.000     -316.3888    -3444.3867
 1  79  10.887  46295.375 252.708   0.057   10.840  -10.000     -316.2980    -3443.3984
 2  79  10.887  46295.375 252.708   0.020   10.100  -10.000     -316.2980    -3443.3984
 3  79  10.887  46295.375 252.708   0.005    9.019  -10.000     -316.2980    -3443.3984
 4  79  10.887  46295.375 252.708   0.009    8.381  -10.000     -316.2980    -3443.3984
 2  79  10.887  46296.379 285.908  -0.086   10.183  -10.000     -316.2058    -3442.3945
 3  79  10.887  46296.379 285.908  -0.075    9.049  -10.000     -316.2058    -3442.3945
 4  79  10.887  46296.379 285.908  -0.054    8.396  -10.000     -316.2058    -3442.3945
 2  79  10.887  46297.391 319.362   0.013   10.480  -10.000     -316.1129    -3441.3828
 3  79  10.887  46297.391 319.362  -0.007    9.238  -10.000     -316.1129    -3441.3828
 4  79  10.887  46297.391 319.362  -0.004    8.534  -10.000     -316.1129    -3441.3828
 2  79  10.887  46298.402 352.815  -0.039   10.620  -10.000     -316.0200    -3440.3711
 3  79  10.887  46298.402 352.815  -0.029    9.339  -10.000     -316.0200    -3440.3711
 4  79  10.887  46298.402 352.815  -0.023    8.609  -10.000     -316.0200    -3440.3711
 1  79  10.887  46299.375  24.983  -0.007   11.901  -10.000     -315.9306    -3439.3984
 2  79  10.887  46299.375  24.983  -0.003   10.837  -10.000     -315.9306    -3439.3984
 3  79  10.887  46299.375  24.983  -0.001    9.494  -10.000     -315.9306    -3439.3984
 4  79  10.887  46299.375  24.983  -0.003    8.733  -10.000     -315.9306    -3439.3984
 2  79  10.887  46300.355  57.404   0.026   11.000  -10.000     -315.8405    -3438.4180
 3  79  10.887  46300.355  57.404   0.002    9.605  -10.000     -315.8405    -3438.4180
 4  79  10.887  46300.355  57.404   0.007    8.841  -10.000     -315.8405    -3438.4180
 1  79  10.887  46301.406  92.153   0.071   12.105  -10.000     -315.7440    -3437.3672
 2  79  10.887  46301.406  92.153   0.086   11.055  -10.000     -315.7440    -3437.3672
 3  79  10.887  46301.406  92.153   0.054    9.680  -10.000     -315.7440    -3437.3672
 4  79  10.887  46301.406  92.153   0.041    8.909  -10.000     -315.7440    -3437.3672
 1  79  10.887  46302.398 124.958   0.000   11.690  -10.000     -315.6529    -3436.3750
 2  79  10.887  46302.398 124.958   0.074   10.821  -10.000     -315.6529    -3436.3750
 3  79  10.887  46302.398 124.958   0.026    9.523  -10.000     -315.6529    -3436.3750
 4  79  10.887  46302.398 124.958   0.018    8.797  -10.000     -315.6529    -3436.3750
 2  79  10.887  46303.387 157.643  -0.006   10.501  -10.000     -315.5621    -3435.3867
 3  79  10.887  46303.387 157.643  -0.027    9.318  -10.000     -315.5621    -3435.3867
 4  79  10.887  46303.387 157.643  -0.026    8.637  -10.000     -315.5621    -3435.3867
 1  79  10.887  46304.328 188.778  -0.207   10.907  -10.000     -315.4756    -3434.4453
 2  79  10.887  46304.328 188.778  -0.164   10.179  -10.000     -315.4756    -3434.4453
 3  79  10.887  46304.328 188.778  -0.138    9.087  -10.000     -315.4756    -3434.4453
 4  79  10.887  46304.328 188.778  -0.102    8.459  -10.000     -315.4756    -3434.4453
 1  79  10.887  46044.289 229.724   0.279   10.984  -10.000     -339.3619    -3694.4844
 2  79  10.887  46044.289 229.724   0.204   10.238  -10.000     -339.3619    -3694.4844
 3  79  10.887  46044.289 229.724   0.134    9.126  -10.000     -339.3619    -3694.4844
 4  79  10.887  46044.289 229.724   0.108    8.469  -10.000     -339.3619    -3694.4844
 1  79  10.887  46046.234 294.060  -0.054   11.092  -10.000     -339.1832    -3692.5391
 2  79  10.887  46046.234 294.060  -0.037   10.278  -10.000     -339.1832    -3692.5391
 3  79  10.887  46046.234 294.060  -0.023    9.128  -10.000     -339.1832    -3692.5391
 4  79  10.887  46046.234 294.060  -0.020    8.449  -10.000     -339.1832    -3692.5391
 1  79  10.887  46047.227 326.865  -0.104   11.334  -10.000     -339.0920    -3691.5469
 2  79  10.887  46047.227 326.865  -0.025   10.485  -10.000     -339.0920    -3691.5469
 3  79  10.887  46047.227 326.865  -0.017    9.254  -10.000     -339.0920    -3691.5469
 4  79  10.887  46047.227 326.865  -0.013    8.544  -10.000     -339.0920    -3691.5469
 1  79  10.887  46048.285   1.868  -0.055   11.673  -10.000     -338.9948    -3690.4883
 2  79  10.887  46048.285   1.868  -0.076   10.634  -10.000     -338.9948    -3690.4883
 3  79  10.887  46048.285   1.868  -0.029    9.374  -10.000     -338.9948    -3690.4883
 4  79  10.887  46048.285   1.868  -0.025    8.635  -10.000     -338.9948    -3690.4883
 1  79  10.887  46053.258 166.311  -0.097   11.173  -10.000     -338.5380    -3685.5156
 2  79  10.887  46053.258 166.311  -0.075   10.384  -10.000     -338.5380    -3685.5156
 3  79  10.887  46053.258 166.311  -0.072    9.239  -10.000     -338.5380    -3685.5156
 4  79  10.887  46053.258 166.311  -0.096    8.539  -10.000     -338.5380    -3685.5156
 1  79  10.887  46057.203 296.774  -0.051   11.120  -10.000     -338.1756    -3681.5703
 2  79  10.887  46057.203 296.774  -0.016   10.315  -10.000     -338.1756    -3681.5703
 3  79  10.887  46057.203 296.774  -0.017    9.144  -10.000     -338.1756    -3681.5703
 4  79  10.887  46057.203 296.774  -0.014    8.462  -10.000     -338.1756    -3681.5703
 1  79  10.887  46059.113 359.934  -0.036   11.677  -10.000     -338.0002    -3679.6602
 2  79  10.887  46059.113 359.934  -0.006   10.693  -10.000     -338.0002    -3679.6602
 3  79  10.887  46059.113 359.934  -0.016    9.379  -10.000     -338.0002    -3679.6602
 4  79  10.887  46059.113 359.934  -0.042    8.612  -10.000     -338.0002    -3679.6602
 1  79  10.887  46060.184  35.332  -0.066   11.903  -10.000     -337.9019    -3678.5898
 2  79  10.887  46060.184  35.332  -0.015   10.872  -10.000     -337.9019    -3678.5898
 3  79  10.887  46060.184  35.332  -0.004    9.528  -10.000     -337.9019    -3678.5898
 4  79  10.887  46060.184  35.332  -0.033    8.736  -10.000     -337.9019    -3678.5898
 1  79  10.887  46061.184  68.401   0.003   12.100  -10.000     -337.8100    -3677.5898
 2  79  10.887  46061.184  68.401   0.043   11.039  -10.000     -337.8100    -3677.5898
 3  79  10.887  46061.184  68.401   0.039    9.664  -10.000     -337.8100    -3677.5898
 2  79  10.887  48503.426 189.168  -0.176   10.165  -10.000     -113.4745    -1235.3477
 3  79  10.887  48503.426 189.168  -0.141    9.082  -10.000     -113.4745    -1235.3477
 4  79  10.887  48503.426 189.168  -0.116    8.444  -10.000     -113.4745    -1235.3477
 2  79  10.887  48504.328 219.007   0.128   10.227  -10.000     -113.3916    -1234.4453
 3  79  10.887  48504.328 219.007   0.078    9.121  -10.000     -113.3916    -1234.4453
 4  79  10.887  48504.328 219.007   0.053    8.458  -10.000     -113.3916    -1234.4453
 2  79  10.887  48505.352 252.850   0.001   10.081  -10.000     -113.2976    -1233.4219
 3  79  10.887  48505.352 252.850  -0.009    9.005  -10.000     -113.2976    -1233.4219
 4  79  10.887  48505.352 252.850  -0.021    8.351  -10.000     -113.2976    -1233.4219
 2  79  10.887  48506.352 285.919  -0.028   10.241  -10.000     -113.2058    -1232.4219
 3  79  10.887  48506.352 285.919  -0.027    9.098  -10.000     -113.2058    -1232.4219
 4  79  10.887  48506.352 285.919  -0.032    8.418  -10.000     -113.2058    -1232.4219
 2  79  10.887  48507.359 319.246   0.045   10.512  -10.000     -113.1132    -1231.4141
 3  79  10.887  48507.359 319.246   0.012    9.256  -10.000     -113.1132    -1231.4141
 4  79  10.887  48507.359 319.246   0.010    8.547  -10.000     -113.1132    -1231.4141
 2  79  10.887  48508.316 350.892  -0.010   10.639  -10.000     -113.0253    -1230.4570
 3  79  10.887  48508.316 350.892  -0.006    9.355  -10.000     -113.0253    -1230.4570
 4  79  10.887  48508.316 350.892  -0.008    8.618  -10.000     -113.0253    -1230.4570
 2  79  10.887  48509.352  25.123   0.033   10.873  -10.000     -112.9302    -1229.4219
 3  79  10.887  48509.352  25.123   0.017    9.512  -10.000     -112.9302    -1229.4219
 4  79  10.887  48509.352  25.123   0.017    8.754  -10.000     -112.9302    -1229.4219
 2  79  10.887  48510.344  57.934   0.060   11.035  -10.000     -112.8391    -1228.4297
 3  79  10.887  48510.344  57.934   0.019    9.623  -10.000     -112.8391    -1228.4297
 4  79  10.887  48510.344  57.934   0.008    8.843  -10.000     -112.8391    -1228.4297
 2  79  10.887  48511.344  91.003   0.064   11.036  -10.000     -112.7472    -1227.4297
 3  79  10.887  48511.344  91.003   0.022    9.649  -10.000     -112.7472    -1227.4297
 4  79  10.887  48511.344  91.003   0.025    8.894  -10.000     -112.7472    -1227.4297
 2  79  10.887  48512.332 123.681   0.060   10.818  -10.000     -112.6564    -1226.4414
 3  79  10.887  48512.332 123.681   0.026    9.530  -10.000     -112.6564    -1226.4414
 4  79  10.887  48512.332 123.681   0.000    8.784  -10.000     -112.6564    -1226.4414
 2  79  10.887  48513.340 157.008  -0.048   10.463  -10.000     -112.5639    -1225.4336
 3  79  10.887  48513.340 157.008  -0.060    9.287  -10.000     -112.5639    -1225.4336
 4  79  10.887  48513.340 157.008  -0.059    8.606  -10.000     -112.5639    -1225.4336
 2  79  10.887  48514.348 190.335  -0.165   10.170  -10.000     -112.4713    -1224.4258
 3  79  10.887  48514.348 190.335  -0.132    9.087  -10.000     -112.4713    -1224.4258
 4  79  10.887  48514.348 190.335  -0.112    8.444  -10.000     -112.4713    -1224.4258
 2  79  10.887  48515.340 223.146   0.183   10.250  -10.000     -112.3801    -1223.4336
 3  79  10.887  48515.340 223.146   0.117    9.136  -10.000     -112.3801    -1223.4336
 4  79  10.887  48515.340 223.146   0.097    8.482  -10.000     -112.3801    -1223.4336
 2  79  10.887  48516.180 250.917   0.027   10.097  -10.000     -112.3030    -1222.5938
 3  79  10.887  48516.180 250.917   0.010    9.018  -10.000     -112.3030    -1222.5938
 4  79  10.887  48516.180 250.917   0.000    8.368  -10.000     -112.3030    -1222.5938
 2  79  10.887  48517.348 289.542  -0.007   10.282  -10.000     -112.1957    -1221.4258
 3  79  10.887  48517.348 289.542  -0.003    9.133  -10.000     -112.1957    -1221.4258
 4  79  10.887  48517.348 289.542  -0.012    8.446  -10.000     -112.1957    -1221.4258
 2  79  10.887  48518.348 322.608   0.014   10.500  -10.000     -112.1039    -1220.4258
 3  79  10.887  48518.348 322.608   0.009    9.265  -10.000     -112.1039    -1220.4258
 4  79  10.887  48518.348 322.608   0.003    8.549  -10.000     -112.1039    -1220.4258
 2  79  10.887  48519.324 354.902   0.012   10.682  -10.000     -112.0142    -1219.4492
 3  79  10.887  48519.324 354.902  -0.001    9.374  -10.000     -112.0142    -1219.4492
 4  79  10.887  48519.324 354.902   0.004    8.642  -10.000     -112.0142    -1219.4492
 2  79  10.887  48520.316  27.713   0.011   10.863  -10.000     -111.9230    -1218.4570
 3  79  10.887  48520.316  27.713   0.010    9.514  -10.000     -111.9230    -1218.4570
 4  79  10.887  48520.316  27.713   0.001    8.746  -10.000     -111.9230    -1218.4570
 2  79  10.887  48521.371  62.589   0.034   11.021  -10.000     -111.8261    -1217.4023
 3  79  10.887  48521.371  62.589   0.016    9.631  -10.000     -111.8261    -1217.4023
 4  79  10.887  48521.371  62.589   0.020    8.865  -10.000     -111.8261    -1217.4023
 2  79  10.887  48522.328  94.235   0.035   10.997  -10.000     -111.7382    -1216.4453
 3  79  10.887  48522.328  94.235   0.024    9.647  -10.000     -111.7382    -1216.4453
 4  79  10.887  48522.328  94.235   0.017    8.884  -10.000     -111.7382    -1216.4453
 2  79  10.887  48523.320 127.046   0.016   10.744  -10.000     -111.6471    -1215.4531
 3  79  10.887  48523.320 127.046  -0.004    9.482  -10.000     -111.6471    -1215.4531
 4  79  10.887  48523.320 127.046  -0.014    8.757  -10.000     -111.6471    -1215.4531
 3  79  10.887  50009.391 308.847   0.055    9.262  -10.000       24.8579      270.6172
 5  79  10.887  50009.391 308.847   0.034    7.891  -10.000       24.8579      270.6172
 3  79  10.887  50010.355 340.753   0.014    9.338  -10.000       24.9465      271.5820
 5  79  10.887  50010.355 340.753   0.014    7.933  -10.000       24.9465      271.5820
 3  79  10.887  50011.359  13.951   0.032    9.484  -10.000       25.0388      272.5859
 5  79  10.887  50011.359  13.951   0.024    8.023  -10.000       25.0388      272.5859
 3  79  10.887  50017.352 212.101   0.098    9.185  -10.000       25.5892      278.5781
 5  79  10.887  50017.352 212.101   0.078    7.917  -10.000       25.5892      278.5781
 3  79  10.887  50019.320 277.205  -0.032    9.065  -10.000       25.7700      280.5469
 5  79  10.887  50019.320 277.205  -0.015    7.793  -10.000       25.7700      280.5469
 3  79  10.887  50020.293 309.369   0.015    9.224  -10.000       25.8594      281.5195
 5  79  10.887  50020.293 309.369   0.008    7.866  -10.000       25.8594      281.5195
 2  18  10.887  45011.641 281.810  -0.163   10.083  -10.000     -434.2172    -4727.1328
 3  18  10.887  45011.641 281.810  -0.070    9.042  -10.000     -434.2172    -4727.1328
 9  18  10.887  45011.641 281.810  -0.046    8.092  -10.000     -434.2172    -4727.1328
10  18  10.887  45011.641 281.810  -0.046    7.342  -10.000     -434.2172    -4727.1328
 2  18  10.887  44913.652 281.503  -0.161   10.083  -10.000     -443.2180    -4825.1211
 3  18  10.887  44913.652 281.503  -0.078    9.033  -10.000     -443.2180    -4825.1211
 9  18  10.887  44913.652 281.503  -0.059    8.079  -10.000     -443.2180    -4825.1211
10  18  10.887  44913.652 281.503  -0.039    7.349  -10.000     -443.2180    -4825.1211
 2  18  10.887  44913.688 282.667  -0.142   10.109  -10.000     -443.2148    -4825.0859
 3  18  10.887  44913.688 282.667  -0.070    9.044  -10.000     -443.2148    -4825.0859
 9  18  10.887  44913.688 282.667  -0.046    8.093  -10.000     -443.2148    -4825.0859
10  18  10.887  44913.688 282.667  -0.046    7.343  -10.000     -443.2148    -4825.0859
 2  18  10.887  44913.750 284.733  -0.128   10.134  -10.000     -443.2091    -4825.0234
 3  18  10.887  44913.750 284.733  -0.061    9.060  -10.000     -443.2091    -4825.0234
 9  18  10.887  44913.750 284.733  -0.030    8.113  -10.000     -443.2091    -4825.0234
10  18  10.887  44913.750 284.733  -0.027    7.363  -10.000     -443.2091    -4825.0234
 2  18  10.887  44216.879 280.404  -0.133   10.105  -10.000     -507.2211    -5521.8945
 3  18  10.887  44216.879 280.404  -0.062    9.045  -10.000     -507.2211    -5521.8945
 9  18  10.887  44216.879 280.404  -0.050    8.086  -10.000     -507.2211    -5521.8945
10  18  10.887  44216.879 280.404  -0.031    7.356  -10.000     -507.2211    -5521.8945
 2  18  10.887  44913.867 288.611  -0.101   10.183  -10.000     -443.1983    -4824.9062
 3  18  10.887  44913.867 288.611  -0.036    9.097  -10.000     -443.1983    -4824.9062
 9  18  10.887  44913.867 288.611  -0.017    8.132  -10.000     -443.1983    -4824.9062
10  18  10.887  44913.867 288.611  -0.001    7.392  -10.000     -443.1983    -4824.9062
 2  18  10.887  44913.918 290.292  -0.077   10.216  -10.000     -443.1936    -4824.8555
 3  18  10.887  44913.918 290.292  -0.031    9.108  -10.000     -443.1936    -4824.8555
 9  18  10.887  44913.918 290.292  -0.012    8.140  -10.000     -443.1936    -4824.8555
10  18  10.887  44913.918 290.292   0.005    7.400  -10.000     -443.1936    -4824.8555
 2  18  10.887  45012.641 314.879  -0.042   10.400  -10.000     -434.1253    -4726.1328
 3  18  10.887  45012.641 314.879   0.017    9.246  -10.000     -434.1253    -4726.1328
 9  18  10.887  45012.641 314.879   0.028    8.233  -10.000     -434.1253    -4726.1328
10  18  10.887  45012.641 314.879   0.018    7.443  -10.000     -434.1253    -4726.1328
 2  18  10.887  45045.613 325.228  -0.040   10.460  -10.000     -431.0966    -4693.1602
 3  18  10.887  45045.613 325.228  -0.005    9.260  -10.000     -431.0966    -4693.1602
 9  18  10.887  45045.613 325.228   0.015    8.243  -10.000     -431.0966    -4693.1602
10  18  10.887  45045.613 325.228   0.004    7.443  -10.000     -431.0966    -4693.1602
 2  18  10.887  44555.801 327.964  -0.045   10.471  -10.000     -476.0890    -5182.9727
 3  18  10.887  44555.801 327.964  -0.003    9.272  -10.000     -476.0890    -5182.9727
 9  18  10.887  44555.801 327.964   0.006    8.240  -10.000     -476.0890    -5182.9727
10  18  10.887  44555.801 327.964   0.007    7.450  -10.000     -476.0890    -5182.9727
 2  18  10.887  44218.719 341.246  -0.060   10.536  -10.000     -507.0521    -5520.0547
 3  18  10.887  44218.719 341.246  -0.009    9.317  -10.000     -507.0521    -5520.0547
 9  18  10.887  44218.719 341.246  -0.003    8.263  -10.000     -507.0521    -5520.0547
10  18  10.887  44218.719 341.246  -0.001    7.463  -10.000     -507.0521    -5520.0547
 2  18  10.887  44142.973 356.440  -0.053   10.626  -10.000     -514.0099    -5595.8008
 3  18  10.887  44142.973 356.440  -0.001    9.380  -10.000     -514.0099    -5595.8008
 9  18  10.887  44142.973 356.440   0.012    8.316  -10.000     -514.0099    -5595.8008
10  18  10.887  44142.973 356.440  -0.005    7.486  -10.000     -514.0099    -5595.8008
 2  18  10.887  44939.785  65.676  -0.001   10.991  -10.000     -440.8176    -4798.9883
 3  18  10.887  44939.785  65.676   0.020    9.641  -10.000     -440.8176    -4798.9883
 9  18  10.887  44939.785  65.676   0.030    8.527  -10.000     -440.8176    -4798.9883
10  18  10.887  44939.785  65.676   0.032    7.687  -10.000     -440.8176    -4798.9883
 2  18  10.887  44940.617  93.186   0.019   10.984  -10.000     -440.7411    -4798.1562
 3  18  10.887  44940.617  93.186   0.044    9.668  -10.000     -440.7411    -4798.1562
 9  18  10.887  44940.617  93.186   0.049    8.568  -10.000     -440.7411    -4798.1562
10  18  10.887  44940.617  93.186   0.028    7.718  -10.000     -440.7411    -4798.1562
 2  18  10.887  44984.660 109.611   0.043   10.922  -10.000     -436.6955    -4754.1133
 3  18  10.887  44984.660 109.611   0.041    9.619  -10.000     -436.6955    -4754.1133
 9  18  10.887  44984.660 109.611   0.044    8.543  -10.000     -436.6955    -4754.1133
10  18  10.887  44984.660 109.611   0.028    7.713  -10.000     -436.6955    -4754.1133
 2  18  10.887  44614.621 113.060   0.039   10.891  -10.000     -470.6859    -5124.1523
 3  18  10.887  44614.621 113.060   0.043    9.605  -10.000     -470.6859    -5124.1523
 9  18  10.887  44614.621 113.060   0.033    8.523  -10.000     -470.6859    -5124.1523
10  18  10.887  44614.621 113.060   0.023    7.703  -10.000     -470.6859    -5124.1523
 2  18  10.887  44222.707 113.126   0.023   10.875  -10.000     -506.6858    -5516.0664
 3  18  10.887  44222.707 113.126   0.038    9.600  -10.000     -506.6858    -5516.0664
 9  18  10.887  44222.707 113.126   0.024    8.514  -10.000     -506.6858    -5516.0664
10  18  10.887  44222.707 113.126   0.004    7.684  -10.000     -506.6858    -5516.0664
 2  18  10.887  44985.660 142.679  -0.040   10.564  -10.000     -436.6037    -4753.1133
 3  18  10.887  44985.660 142.679  -0.005    9.405  -10.000     -436.6037    -4753.1133
 9  18  10.887  44985.660 142.679  -0.011    8.387  -10.000     -436.6037    -4753.1133
10  18  10.887  44985.660 142.679  -0.018    7.607  -10.000     -436.6037    -4753.1133
 2  18  10.887  44223.691 145.679  -0.057   10.525  -10.000     -506.5953    -5515.0820
 3  18  10.887  44223.691 145.679  -0.013    9.382  -10.000     -506.5953    -5515.0820
 9  18  10.887  44223.691 145.679  -0.024    8.364  -10.000     -506.5953    -5515.0820
10  18  10.887  44223.691 145.679  -0.014    7.604  -10.000     -506.5953    -5515.0820
 2  18  10.887  44909.863 156.204  -0.063   10.452  -10.000     -443.5661    -4828.9102
 3  18  10.887  44909.863 156.204  -0.033    9.317  -10.000     -443.5661    -4828.9102
 9  18  10.887  44909.863 156.204  -0.017    8.341  -10.000     -443.5661    -4828.9102
10  18  10.887  44909.863 156.204  -0.025    7.571  -10.000     -443.5661    -4828.9102
 2  18  10.887  44986.660 175.748  -0.181   10.227  -10.000     -436.5118    -4752.1133
 3  18  10.887  44986.660 175.748  -0.108    9.166  -10.000     -436.5118    -4752.1133
 9  18  10.887  44986.660 175.748  -0.071    8.230  -10.000     -436.5118    -4752.1133
10  18  10.887  44986.660 175.748  -0.061    7.490  -10.000     -436.5118    -4752.1133
 2  18  10.887  44910.836 188.372  -0.191   10.154  -10.000     -443.4767    -4827.9375
 3  18  10.887  44910.836 188.372  -0.103    9.123  -10.000     -443.4767    -4827.9375
 9  18  10.887  44910.836 188.372  -0.082    8.181  -10.000     -443.4767    -4827.9375
10  18  10.887  44910.836 188.372  -0.078    7.441  -10.000     -443.4767    -4827.9375
 2  18  10.887  44562.852 201.127  -0.119   10.143  -10.000     -475.4413    -5175.9219
 3  18  10.887  44562.852 201.127  -0.062    9.102  -10.000     -475.4413    -5175.9219
 9  18  10.887  44562.852 201.127  -0.052    8.162  -10.000     -475.4413    -5175.9219
10  18  10.887  44562.852 201.127  -0.036    7.442  -10.000     -475.4413    -5175.9219
 2  18  10.887  44987.605 207.004  -0.055   10.152  -10.000     -436.4250    -4751.1680
 3  18  10.887  44987.605 207.004  -0.012    9.111  -10.000     -436.4250    -4751.1680
 9  18  10.887  44987.605 207.004  -0.004    8.177  -10.000     -436.4250    -4751.1680
10  18  10.887  44987.605 207.004  -0.014    7.437  -10.000     -436.4250    -4751.1680
 2  18  10.887  44606.621 208.510  -0.037   10.156  -10.000     -471.4208    -5132.1523
 3  18  10.887  44606.621 208.510  -0.012    9.100  -10.000     -471.4208    -5132.1523
 9  18  10.887  44606.621 208.510   0.012    8.185  -10.000     -471.4208    -5132.1523
10  18  10.887  44606.621 208.510   0.021    7.465  -10.000     -471.4208    -5132.1523
 2  18  10.887  44911.902 223.638   0.143   10.207  -10.000     -443.3788    -4826.8711
 3  18  10.887  44911.902 223.638   0.130    9.146  -10.000     -443.3788    -4826.8711
 9  18  10.887  44911.902 223.638   0.095    8.193  -10.000     -443.3788    -4826.8711
10  18  10.887  44911.902 223.638   0.071    7.453  -10.000     -443.3788    -4826.8711
 2  18  10.887  44563.812 232.899   0.161   10.188  -10.000     -475.3531    -5174.9609
 3  18  10.887  44563.812 232.899   0.139    9.125  -10.000     -475.3531    -5174.9609
 9  18  10.887  44563.812 232.899   0.104    8.177  -10.000     -475.3531    -5174.9609
10  18  10.887  44563.812 232.899   0.088    7.447  -10.000     -475.3531    -5174.9609
 2  18  10.887  44215.707 241.644   0.103   10.137  -10.000     -507.3288    -5523.0664
 3  18  10.887  44215.707 241.644   0.107    9.094  -10.000     -507.3288    -5523.0664
 9  18  10.887  44215.707 241.644   0.076    8.146  -10.000     -507.3288    -5523.0664
10  18  10.887  44215.707 241.644   0.042    7.396  -10.000     -507.3288    -5523.0664
 2  18  10.887  45010.617 247.972   0.033   10.089  -10.000     -434.3112    -4728.1562
 3  18  10.887  45010.617 247.972   0.051    9.051  -10.000     -434.3112    -4728.1562
 9  18  10.887  45010.617 247.972   0.043    8.119  -10.000     -434.3112    -4728.1562
10  18  10.887  45010.617 247.972   0.033    7.389  -10.000     -434.3112    -4728.1562
 2  18  10.887  44912.770 252.312  -0.012   10.066  -10.000     -443.2991    -4826.0039
 3  18  10.887  44912.770 252.312   0.019    9.031  -10.000     -443.2991    -4826.0039
 9  18  10.887  44912.770 252.312   0.014    8.097  -10.000     -443.2991    -4826.0039
10  18  10.887  44912.770 252.312   0.007    7.367  -10.000     -443.2991    -4826.0039
 2  18  10.887  44139.957 256.729  -0.071   10.031  -10.000     -514.2869    -5598.8164
 3  18  10.887  44139.957 256.729  -0.025    9.002  -10.000     -514.2869    -5598.8164
 9  18  10.887  44139.957 256.729  -0.017    8.075  -10.000     -514.2869    -5598.8164
10  18  10.887  44139.957 256.729  -0.030    7.335  -10.000     -514.2869    -5598.8164
 2 150  10.887  50318.484  90.048   0.030   11.004  -10.000       53.2501      579.7109
 3 150  10.887  50318.484  90.048   0.020    9.648  -10.000       53.2501      579.7109
 4 150  10.887  50318.484  90.048  -0.028    8.841  -10.000       53.2501      579.7109
 2 150  10.887  50319.469 122.599  -0.057   10.711  -10.000       53.3406      580.6953
 3 150  10.887  50319.469 122.599  -0.049    9.461  -10.000       53.3406      580.6953
 4 150  10.887  50319.469 122.599  -0.056    8.732  -10.000       53.3406      580.6953
 2 150  10.887  50320.461 155.410  -0.105   10.415  -10.000       53.4317      581.6875
 3 150  10.887  50320.461 155.410  -0.093    9.260  -10.000       53.4317      581.6875
 4 150  10.887  50320.461 155.410  -0.095    8.575  -10.000       53.4317      581.6875
 2 150  10.887  50321.469 188.737  -0.161   10.182  -10.000       53.5243      582.6953
 3 150  10.887  50321.469 188.737  -0.147    9.078  -10.000       53.5243      582.6953
 4 150  10.887  50321.469 188.737  -0.110    8.451  -10.000       53.5243      582.6953
 2 150  10.887  50322.484 222.321   0.171   10.244  -10.000       53.6176      583.7109
 3 150  10.887  50322.484 222.321   0.133    9.156  -10.000       53.6176      583.7109
 4 150  10.887  50322.484 222.321   0.070    8.458  -10.000       53.6176      583.7109
 2 150  10.887  50323.430 253.581   0.000   10.084  -10.000       53.7044      584.6562
 3 150  10.887  50323.430 253.581  -0.045    8.972  -10.000       53.7044      584.6562
 4 150  10.887  50323.430 253.581  -0.044    8.330  -10.000       53.7044      584.6562
 2 150  10.887  50325.391 318.426   0.052   10.514  -10.000       53.8845      586.6172
 3 150  10.887  50325.391 318.426   0.010    9.251  -10.000       53.8845      586.6172
 4 150  10.887  50325.391 318.426  -0.010    8.525  -10.000       53.8845      586.6172
 2 150  10.887  50326.344 349.945   0.051   10.695  -10.000       53.9721      587.5703
 3 150  10.887  50326.344 349.945   0.024    9.381  -10.000       53.9721      587.5703
 4 150  10.887  50326.344 349.945   0.034    8.658  -10.000       53.9721      587.5703
 2 150  10.887  50327.402  24.950   0.056   10.896  -10.000       54.0693      588.6289
 3 150  10.887  50327.402  24.950   0.016    9.510  -10.000       54.0693      588.6289
 4 150  10.887  50327.402  24.950   0.024    8.760  -10.000       54.0693      588.6289
 2 150  10.887  50328.426  58.793   0.046   11.024  -10.000       54.1633      589.6523
 3 150  10.887  50328.426  58.793   0.009    9.615  -10.000       54.1633      589.6523
 4 150  10.887  50328.426  58.793   0.012    8.849  -10.000       54.1633      589.6523
 2 150  10.887  50330.348 122.346  -0.083   10.687  -10.000       54.3399      591.5742
 3 150  10.887  50330.348 122.346  -0.078    9.434  -10.000       54.3399      591.5742
 4 150  10.887  50330.348 122.346  -0.088    8.701  -10.000       54.3399      591.5742
 2 150  10.887  50332.324 187.708  -0.164   10.184  -10.000       54.5214      593.5508
 3 150  10.887  50332.324 187.708  -0.158    9.071  -10.000       54.5214      593.5508
 4 150  10.887  50332.324 187.708  -0.160    8.405  -10.000       54.5214      593.5508
 2 150  10.887  50333.324 220.776   0.175   10.260  -10.000       54.6133      594.5508
 3 150  10.887  50333.324 220.776   0.087    9.119  -10.000       54.6133      594.5508
 4 150  10.887  50333.324 220.776   0.048    8.444  -10.000       54.6133      594.5508
 2 150  10.887  50334.344 254.490  -0.019   10.070  -10.000       54.7069      595.5703
 3 150  10.887  50334.344 254.490  -0.053    8.967  -10.000       54.7069      595.5703
 4 150  10.887  50334.344 254.490  -0.036    8.340  -10.000       54.7069      595.5703
 2 150  10.887  50335.355 287.946   0.087   10.367  -10.000       54.7999      596.5820
 3 150  10.887  50335.355 287.946   0.033    9.164  -10.000       54.7999      596.5820
 4 150  10.887  50335.355 287.946  -0.011    8.444  -10.000       54.7999      596.5820
 2 150  10.887  50336.383 321.919   0.034   10.516  -10.000       54.8942      597.6094
 3 150  10.887  50336.383 321.919   0.007    9.261  -10.000       54.8942      597.6094
 4 150  10.887  50336.383 321.919   0.007    8.551  -10.000       54.8942      597.6094
 2 150  10.887  50337.305 352.404   0.080   10.737  -10.000       54.9789      598.5312
 3 150  10.887  50337.305 352.404   0.026    9.392  -10.000       54.9789      598.5312
 4 150  10.887  50337.305 352.404   0.009    8.640  -10.000       54.9789      598.5312
 2 150  10.887  50338.418  29.218   0.076   10.935  -10.000       55.0812      599.6445
 3 150  10.887  50338.418  29.218   0.034    9.544  -10.000       55.0812      599.6445
 4 150  10.887  50338.418  29.218   0.024    8.774  -10.000       55.0812      599.6445
 2 150  10.887  50340.305  91.608   0.021   10.991  -10.000       55.2545      601.5312
 3 150  10.887  50340.305  91.608   0.020    9.646  -10.000       55.2545      601.5312
 4 150  10.887  50340.305  91.608  -0.006    8.863  -10.000       55.2545      601.5312
 2 150  10.887  50341.312 124.935  -0.011   10.736  -10.000       55.3470      602.5391
 3 150  10.887  50341.312 124.935  -0.042    9.455  -10.000       55.3470      602.5391
 4 150  10.887  50341.312 124.935  -0.055    8.724  -10.000       55.3470      602.5391
 2 150  10.887  50342.332 158.649  -0.144   10.358  -10.000       55.4407      603.5586
 3 150  10.887  50342.332 158.649  -0.140    9.201  -10.000       55.4407      603.5586
 4 150  10.887  50342.332 158.649  -0.116    8.544  -10.000       55.4407      603.5586
 2 150  10.887  50344.340 225.044   0.189   10.244  -10.000       55.6251      605.5664
 3 150  10.887  50344.340 225.044   0.091    9.101  -10.000       55.6251      605.5664
 4 150  10.887  50344.340 225.044   0.063    8.439  -10.000       55.6251      605.5664
 2 150  10.887  50347.332 323.991   0.046   10.539  -10.000       55.9000      608.5586
 3 150  10.887  50347.332 323.991  -0.001    9.260  -10.000       55.9000      608.5586
 4 150  10.887  50347.332 323.991   0.005    8.555  -10.000       55.9000      608.5586
 2 150  10.887  50357.301 293.640   0.052   10.365  -10.000       56.8157      618.5273
 3 150  10.887  50357.301 293.640   0.022    9.172  -10.000       56.8157      618.5273
 4 150  10.887  50357.301 293.640  -0.028    8.440  -10.000       56.8157      618.5273
 0 119  10.887  50352.547 136.436   3.681  -20.180    0.870       56.3790      613.7734
18 163  10.887  47872.688 211.734   0.034    9.257  -10.000     -171.4118    -1866.0859
18 163  10.887  47872.703 212.250   0.025    9.245  -10.000     -171.4104    -1866.0703
18 163  10.887  47872.777 214.706   0.048    9.252  -10.000     -171.4036    -1865.9961
18 163  10.887  47872.793 215.222   0.041    9.241  -10.000     -171.4022    -1865.9805
18 163  10.887  47872.883 218.194   0.067    9.249  -10.000     -171.3939    -1865.8906
18 163  10.887  47916.586 223.380   0.055    9.207  -10.000     -167.3795    -1822.1875
18 163  10.887  47916.660 225.835   0.112    9.252  -10.000     -167.3727    -1822.1133
18 163  10.887  47916.676 226.351   0.107    9.245  -10.000     -167.3712    -1822.0977
18 163  10.887  47916.750 228.807   0.145    9.274  -10.000     -167.3644    -1822.0234
18 163  10.887  47940.309 287.847  -0.015    9.247  -10.000     -165.2004    -1798.4648
18 163  10.887  47940.398 290.819  -0.010    9.262  -10.000     -165.1922    -1798.3750
18 163  10.887  47965.707  47.730  -0.002    9.699  -10.000     -162.8674    -1773.0664
18 163  10.887  48075.535  79.557   0.040    9.796  -10.000     -152.7790    -1663.2383
18 163  10.887  48075.547  79.948   0.002    9.757  -10.000     -152.7779    -1663.2266
18 163  10.887  48075.625  82.529   0.072    9.827  -10.000     -152.7708    -1663.1484
18 163  10.887  48075.637  82.914   0.058    9.813  -10.000     -152.7697    -1663.1367
18 163  10.887  48075.711  85.369   0.063    9.819  -10.000     -152.7629    -1663.0625
18 163  10.887  48075.727  85.886   0.061    9.816  -10.000     -152.7614    -1663.0469
18 163  10.887  48075.801  88.341   0.026    9.780  -10.000     -152.7546    -1662.9727
18 163  10.887  48099.086 138.340  -0.068    9.493  -10.000     -150.6157    -1639.6875
18 163  10.887  48099.102 138.856  -0.046    9.512  -10.000     -150.6143    -1639.6719
18 163  10.887  48099.176 141.312  -0.045    9.501  -10.000     -150.6075    -1639.5977
18 163  10.887  48163.875 120.806   0.042    9.690  -10.000     -144.6644    -1574.8984
18 163  10.887  48163.949 123.261   0.031    9.666  -10.000     -144.6576    -1574.8242
18 163  10.887  48163.961 123.646   0.043    9.676  -10.000     -144.6565    -1574.8125
18 163  10.887  48164.035 126.101   0.050    9.669  -10.000     -144.6497    -1574.7383
18 163  10.887  48164.051 126.617   0.041    9.659  -10.000     -144.6483    -1574.7227
18 163  10.887  48164.125 129.073   0.012    9.617  -10.000     -144.6415    -1574.6484
18 163  10.887  48175.148 133.599  -0.003    9.580  -10.000     -143.6289    -1563.6250
18 163  10.887  48175.160 133.984   0.061    9.642  -10.000     -143.6278    -1563.6133
18 163  10.887  48175.234 136.439   0.023    9.592  -10.000     -143.6210    -1563.5391
18 163  10.887  48175.250 136.956   0.014    9.581  -10.000     -143.6196    -1563.5234
18 163  10.887  48175.414 142.383  -0.053    9.488  -10.000     -143.6045    -1563.3594
18 163  10.887  48263.363 170.711  -0.100    9.325  -10.000     -135.5258    -1475.4102
18 163  10.887  48263.438 173.167  -0.105    9.311  -10.000     -135.5190    -1475.3359
18 163  10.887  48263.453 173.683  -0.170    9.244  -10.000     -135.5175    -1475.3203
18 163  10.887  48263.527 176.138  -0.096    9.308  -10.000     -135.5107    -1475.2461
18 163  10.887  48280.855  29.147  -0.005    9.630  -10.000     -133.9190    -1457.9180
18 163  10.887  48280.871  29.663   0.008    9.645  -10.000     -133.9176    -1457.9023
18 163  10.887  48280.945  32.119   0.077    9.722  -10.000     -133.9108    -1457.8281
18 163  10.887  48310.984 305.458   0.033    9.357  -10.000     -131.1515    -1427.7891
18 163  10.887  48311.074 308.430   0.032    9.368  -10.000     -131.1432    -1427.6992
18 163  10.887  48346.777  49.073   0.203    9.908  -10.000     -127.8637    -1391.9961
18 163  10.887  48346.789  49.460   0.019    9.725  -10.000     -127.8626    -1391.9844
18 163  10.887  48346.867  52.042   0.067    9.780  -10.000     -127.8554    -1391.9062
18 163  10.887  48346.879  52.430   0.039    9.754  -10.000     -127.8544    -1391.8945
18 163  10.887  48346.953  54.885   0.016    9.737  -10.000     -127.8475    -1391.8203
18 163  10.887  48346.969  55.401   0.031    9.753  -10.000     -127.8461    -1391.8047
18 163  10.887  48360.555 144.665   0.009    9.539  -10.000     -126.5982    -1378.2188
18 163  10.887  48360.566 145.052  -0.006    9.522  -10.000     -126.5971    -1378.2070
18 163  10.887  48360.641 147.508   0.004    9.521  -10.000     -126.5903    -1378.1328
18 163  10.887  48360.656 148.024  -0.039    9.476  -10.000     -126.5888    -1378.1172
18 163  10.887  48360.730 150.477  -0.026    9.479  -10.000     -126.5820    -1378.0430
18 163  10.887  48360.746 150.996  -0.012    9.490  -10.000     -126.5806    -1378.0273
18 163  10.887  48360.996 159.263  -0.050    9.420  -10.000     -126.5576    -1377.7773
18 163  10.887  48361.012 159.780  -0.031    9.437  -10.000     -126.5562    -1377.7617
18 163  10.887  48361.086 162.232  -0.056    9.402  -10.000     -126.5494    -1377.6875
18 163  10.887  48361.102 162.749  -0.050    9.406  -10.000     -126.5479    -1377.6719
18 163  10.887  48420.449 325.275  -0.010    9.384  -10.000     -121.0965    -1318.3242
18 163  10.887  48420.465 325.791   0.016    9.412  -10.000     -121.0950    -1318.3086
18 163  10.887  48420.539 328.247   0.069    9.474  -10.000     -121.0882    -1318.2344
18 163  10.887  48420.555 328.763  -0.009    9.397  -10.000     -121.0868    -1318.2188
18 163  10.887  48420.629 331.216   0.022    9.437  -10.000     -121.0800    -1318.1445
18 163  10.887  48420.641 331.606   0.018    9.434  -10.000     -121.0789    -1318.1328
18 163  10.887  48420.895 340.002   0.005    9.455  -10.000     -121.0555    -1317.8789
18 163  10.887  48420.906 340.389   0.032    9.483  -10.000     -121.0545    -1317.8672
18 163  10.887  48420.984 342.971  -0.059    9.401  -10.000     -121.0473    -1317.7891
18 163  10.887  48434.316  63.839  -0.009    9.733  -10.000     -119.8227    -1304.4570
18 163  10.887  48434.406  66.811   0.046    9.794  -10.000     -119.8144    -1304.3672
18 163  10.887  48434.418  67.198   0.040    9.788  -10.000     -119.8133    -1304.3555
18 163  10.887  48434.688  76.111   0.070    9.826  -10.000     -119.7886    -1304.0859
18 163  10.887  48434.762  78.566   0.018    9.774  -10.000     -119.7818    -1304.0117
18 163  10.887  48434.773  78.953   0.041    9.797  -10.000     -119.7807    -1304.0000
18 163  10.887  48472.348 241.469   0.077    9.199  -10.000     -116.3293    -1266.4258
18 163  10.887  48472.363 241.985   0.071    9.193  -10.000     -116.3278    -1266.4102
18 163  10.887  48472.438 244.438   0.073    9.199  -10.000     -116.3210    -1266.3359
18 163  10.887  48472.453 244.954   0.055    9.182  -10.000     -116.3196    -1266.3203
18 163  10.887  48472.523 247.280   0.027    9.159  -10.000     -116.3131    -1266.2500
18 163  10.887  48472.539 247.797   0.014    9.147  -10.000     -116.3117    -1266.2344
18 163  10.887  48522.301  93.332   0.071    9.821  -10.000     -111.7407    -1216.4727
18 163  10.887  48611.234 154.212  -0.017    9.472  -10.000     -103.5716    -1127.5391
18 163  10.887  48611.250 154.731  -0.005    9.482  -10.000     -103.5702    -1127.5234
18 163  10.887  48611.324 157.184   0.028    9.506  -10.000     -103.5634    -1127.4492
18 163  10.887  48611.340 157.701  -0.076    9.399  -10.000     -103.5619    -1127.4336
18 163  10.887  48611.414 160.156   0.010    9.477  -10.000     -103.5551    -1127.3594
18 163  10.887  48611.430 160.672  -0.080    9.384  -10.000     -103.5537    -1127.3438
18 163  10.887  48621.898 146.857  -0.054    9.467  -10.000     -102.5921    -1116.8750
18 163  10.887  48621.914 147.373  -0.092    9.425  -10.000     -102.5906    -1116.8594
18 163  10.887  48621.988 149.826  -0.027    9.480  -10.000     -102.5838    -1116.7852
18 163  10.887  48622.004 150.342  -0.031    9.473  -10.000     -102.5824    -1116.7695
18 163  10.887  48656.648 215.980   0.067    9.263  -10.000      -99.4001    -1082.1250
18 163  10.887  48656.719 218.304   0.111    9.292  -10.000      -99.3936    -1082.0547
18 163  10.887  48656.734 218.820   0.096    9.274  -10.000      -99.3922    -1082.0391
18 163  10.887  48683.656  29.081   0.005    9.639  -10.000      -96.9192    -1055.1172
18 163  10.887  48683.730  31.536   0.072    9.716  -10.000      -96.9124    -1055.0430
18 163  10.887  48683.746  32.053   0.034    9.680  -10.000      -96.9110    -1055.0273
18 163  10.887  48683.820  34.505   0.093    9.747  -10.000      -96.9042    -1054.9531
18 163  10.887  48683.836  35.022   0.070    9.726  -10.000      -96.9027    -1054.9375
18 163  10.887  48706.301  57.898   0.041    9.770  -10.000      -94.8392    -1032.4727
18 163  10.887  48706.316  58.414   0.053    9.783  -10.000      -94.8377    -1032.4570
18 163  10.887  48706.391  60.867   0.052    9.788  -10.000      -94.8309    -1032.3828
18 163  10.887  48706.406  61.383   0.022    9.759  -10.000      -94.8295    -1032.3672
18 163  10.887  48816.633 106.389   0.024    9.741  -10.000      -84.7045     -922.1406
18 163  10.887  48816.648 106.905   0.049    9.764  -10.000      -84.7030     -922.1250
18 163  10.887  48816.723 109.358   0.068    9.774  -10.000      -84.6962     -922.0508
18 163  10.887  48816.738 109.877   0.029    9.733  -10.000      -84.6948     -922.0352
18 163  10.887  49041.449 340.683   0.015    9.467  -10.000      -64.0537     -697.3242
18 163  10.887  49041.461 341.071   0.021    9.474  -10.000      -64.0526     -697.3125
18 163  10.887  49041.551 344.040  -0.003    9.461  -10.000      -64.0443     -697.2227
 0  29  10.887  44216.707 274.713   4.357  -46.700    3.800     -507.2369    -5522.0664
 0  29  10.887  44891.836 280.074   4.768  -46.400    3.800     -445.2220    -4846.9375
 0  29  10.887  44543.828 292.050   6.750  -43.400    3.800     -477.1888    -5194.9453
 0  29  10.887  44217.723 308.298   0.713  -46.600    3.800     -507.1436    -5521.0508
 0  29  10.887  44218.727 341.499  -2.082  -44.500    3.800     -507.0514    -5520.0469
 0  29  10.887  44512.832 347.069  -2.932  -44.500    3.800     -480.0359    -5225.9414
 0  29  10.887  45003.590  15.590  -2.828  -38.500    3.800     -434.9567    -4735.1836
 0  29  10.887  44513.852  20.775  -2.131  -35.700    3.800     -479.9423    -5224.9219
 0  29  10.887  44949.684  33.003  -5.018  -32.200    3.800     -439.9083    -4789.0898
 0  29  10.887  44198.727  40.133  -0.536  -27.400    3.800     -508.8885    -5540.0469
 0  29  10.887  45004.574  48.142   0.737  -26.400    3.800     -434.8663    -4734.1992
 0  29  10.887  44134.887  89.055  -2.526  -19.100    3.800     -514.7526    -5603.8867
 0  29  10.887  44537.789  92.351  -1.926  -19.600    3.800     -477.7435    -5200.9844
 0  29  10.887  44570.777 103.217  -2.369  -21.300    3.800     -474.7133    -5167.9961
 0  29  10.887  44200.738 106.655   3.186  -15.500    3.800     -508.7037    -5538.0352
 0  29  10.887  44571.719 134.352   1.338  -20.800    3.800     -474.6268    -5167.0547
 0  29  10.887  44179.805 134.418   4.393  -17.800    3.800     -510.6266    -5558.9688
 0  29  10.887  44473.961 141.669   0.974  -27.800    3.800     -483.6065    -5264.8125
 0  29  10.887  44627.586 181.780  -0.940  -42.500    3.800     -469.4951    -5111.1875
 0  29  10.887  44475.965 207.927  -5.065  -48.500    3.800     -483.4224    -5262.8086
 0  29  10.887  44215.707 241.644  -0.651  -46.500    3.800     -507.3288    -5523.0664
 0  29  10.887  44890.949 250.752  -1.265  -47.500    3.800     -445.3035    -4847.8242
 0  29  10.887  44542.797 257.948   3.653  -43.600    3.800     -477.2835    -5195.9766
 0  34  10.887  46989.992 182.510  -2.889  -44.640    0.600     -252.4930    -2748.7812
 0  34  10.887  46990.984 215.321  -1.219  -43.520    0.610     -252.4019    -2747.7891
 0  34  10.887  46991.996 248.774   3.739  -42.370    0.510     -252.3090    -2746.7773
 0  34  10.887  46993.965 313.879   0.810  -45.560    0.760     -252.1281    -2744.8086
 0  34  10.887  47018.973  60.842   0.577  -22.590    0.490     -249.8310    -2719.8008
 0  34  10.887  47019.957  93.395   1.765  -16.380    0.530     -249.7406    -2718.8164
 0  34  10.887  47020.957 126.464   1.013  -19.400    0.790     -249.6487    -2717.8164
 0 151  10.887  50352.547 136.436   3.681  -20.180    0.870       56.3790      613.7734
 1  14  10.887  43438.488 100.349  -0.018   11.960  -10.000     -578.7213    -6300.2852
 2  14  10.887  43438.488 100.349   0.115   11.050  -10.000     -578.7213    -6300.2852
 3  14  10.887  43438.488 100.349   0.001    9.610  -10.000     -578.7213    -6300.2852
 1  14  10.887  43483.371 144.558  -0.016   11.440  -10.000     -574.5984    -6255.4023
 2  14  10.887  43483.371 144.558   0.020   10.610  -10.000     -574.5984    -6255.4023
 3  14  10.887  43483.371 144.558  -0.021    9.380  -10.000     -574.5984    -6255.4023
 1  14  10.887  43489.379 343.213   0.068   11.650  -10.000     -574.0466    -6249.3945
 2  14  10.887  43489.379 343.213   0.013   10.620  -10.000     -574.0466    -6249.3945
 3  14  10.887  43489.379 343.213  -0.023    9.310  -10.000     -574.0466    -6249.3945
 1  14  10.887  43490.406  17.205   0.017   11.870  -10.000     -573.9522    -6248.3672
 2  14  10.887  43490.406  17.205   0.031   10.830  -10.000     -573.9522    -6248.3672
 3  14  10.887  43490.406  17.205  -0.015    9.450  -10.000     -573.9522    -6248.3672
 1  14  10.887  43560.305 168.618  -0.043   11.210  -10.000     -567.5316    -6178.4688
 2  14  10.887  43560.305 168.618  -0.076   10.370  -10.000     -567.5316    -6178.4688
 3  14  10.887  43560.305 168.618  -0.102    9.200  -10.000     -567.5316    -6178.4688
 1  14  10.887  43572.273 204.412   0.112   11.080  -10.000     -566.4322    -6166.5000
 2  14  10.887  43572.273 204.412  -0.002   10.230  -10.000     -566.4322    -6166.5000
 3  14  10.887  43572.273 204.412  -0.061    9.080  -10.000     -566.4322    -6166.5000
 1  14  10.887  43737.504 268.286   0.018   10.940  -10.000     -551.2548    -6001.2695
 2  14  10.887  43737.504 268.286  -0.061   10.110  -10.000     -551.2548    -6001.2695
 3  14  10.887  43737.504 268.286  -0.079    8.990  -10.000     -551.2548    -6001.2695
 1  14  10.887  43739.414 331.458  -0.028   11.450  -10.000     -551.0793    -5999.3594
 2  14  10.887  43739.414 331.458  -0.056   10.480  -10.000     -551.0793    -5999.3594
 3  14  10.887  43739.414 331.458   0.003    9.290  -10.000     -551.0793    -5999.3594
 2  14  10.887  43789.551 189.382  -0.170   10.170  -10.000     -546.4739    -5949.2227
 3  14  10.887  43789.551 189.382  -0.142    9.080  -10.000     -546.4739    -5949.2227
 2  14  10.887  43873.344  80.288   0.089   11.080  -10.000     -538.7770    -5865.4297
 3  14  10.887  43873.344  80.288   0.060    9.690  -10.000     -538.7770    -5865.4297
 1  14  10.887  43878.262 242.908   0.292   11.010  -10.000     -538.3253    -5860.5117
 2  14  10.887  43878.262 242.908   0.152   10.190  -10.000     -538.3253    -5860.5117
 3  14  10.887  43878.262 242.908   0.041    9.030  -10.000     -538.3253    -5860.5117
 1  14  10.887  43928.262  96.328   0.082   12.090  -10.000     -533.7324    -5810.5117
 2  14  10.887  43928.262  96.328   0.116   11.070  -10.000     -533.7324    -5810.5117
 3  14  10.887  43928.262  96.328   0.001    9.620  -10.000     -533.7324    -5810.5117
 1  14  10.887  44101.500  65.017   0.016   12.110  -10.000     -517.8194    -5637.2734
 2  14  10.887  44101.500  65.017   0.009   11.000  -10.000     -517.8194    -5637.2734
 3  14  10.887  44101.500  65.017   0.031    9.650  -10.000     -517.8194    -5637.2734
 1  14  10.887  44108.516 297.004   0.007   11.180  -10.000     -517.1750    -5630.2578
 2  14  10.887  44108.516 297.004  -0.033   10.300  -10.000     -517.1750    -5630.2578
 3  14  10.887  44108.516 297.004  -0.052    9.110  -10.000     -517.1750    -5630.2578
 1  14  10.887  44132.570  12.458  -0.054   11.760  -10.000     -514.9654    -5606.2031
 2  14  10.887  44132.570  12.458   0.009   10.780  -10.000     -514.9654    -5606.2031
 3  14  10.887  44132.570  12.458  -0.025    9.420  -10.000     -514.9654    -5606.2031
 2  14  10.887  44166.402  51.229   0.056   11.010  -10.000     -511.8577    -5572.3711
 3  14  10.887  44166.402  51.229   0.004    9.590  -10.000     -511.8577    -5572.3711
 0 171  10.887  43814.430 292.104   7.089  -43.050    0.310     -544.1886    -5924.3438
 0 171  10.887  43815.383 323.613  -0.527  -46.190    0.330     -544.1011    -5923.3906
 0 171  10.887  43818.496  66.555  -1.110  -22.060    0.440     -543.8151    -5920.2773
 0 171  10.887  43819.383  95.889   2.896  -16.210    0.380     -543.7336    -5919.3906
 0 171  10.887  43820.418 130.122  -0.157  -20.380    0.320     -543.6385    -5918.3555
 0 171  10.887  43821.375 161.763  -2.566  -39.310    0.310     -543.5507    -5917.3984
 0 171  10.887  44117.535 235.283   0.261  -44.460    0.400     -516.3464    -5621.2383
 0 171  10.887  44119.547 301.794   3.184  -44.150    0.390     -516.1617    -5619.2266
 0 171  10.887  44121.492   6.130  -0.335  -37.580    0.420     -515.9830    -5617.2812
 0 171  10.887  44125.570 140.977   1.676  -26.500    0.720     -515.6084    -5613.2031
 0 171  10.887  43888.332 215.925  -2.539  -45.010    0.380     -537.4002    -5850.4414
 0 171  10.887  43889.312 248.335   0.884  -45.210    0.760     -537.3102    -5849.4609
 0 171  10.887  44196.414 323.668  -1.387  -47.060    0.860     -509.1009    -5542.3594
 0 171  10.887  44198.379  28.641  -2.478  -31.400    0.540     -508.9204    -5540.3945
 0 171  10.887  43926.289  31.091  -1.944  -29.710    0.370     -533.9136    -5812.4844
 0 171  10.887  44168.473 119.685   4.744  -17.450    0.520     -511.6675    -5570.3008
 0 171  10.887  44200.336  93.351   1.377  -16.750    0.680     -508.7407    -5538.4375
 0 171  10.887  43929.305 130.825  -0.339  -20.710    0.580     -533.6366    -5809.4688
 0 171  10.887  44170.551 188.405  -5.076  -46.830    0.400     -511.4767    -5568.2227
 0 171  10.887  44202.410 161.949  -1.629  -38.460    1.760     -508.5501    -5536.3633
 0 171  10.887  44202.414 162.070  -1.811  -38.710    1.390     -508.5498    -5536.3594
 0 171  10.887  44176.457  23.719  -2.182  -34.100    0.330     -510.9341    -5562.3164
 0 171  10.887  44177.465  57.041   0.853  -24.610    0.460     -510.8416    -5561.3086
 0 171  10.887  44300.281 158.379  -2.719  -37.620    0.590     -499.5601    -5438.4922
 0 171  10.887  44334.293 203.082  -2.272  -47.110    0.980     -496.4359    -5404.4805
 0 171  10.887  44551.531 186.779  -5.114  -47.070    0.650     -476.4812    -5187.2422
 0 171  10.887  44553.633 256.278   1.060  -45.930    0.860     -476.2881    -5185.1406
 0 171  10.887  44554.461 283.656   8.465  -42.540    0.600     -476.2121    -5184.3125
 0 171  10.887  44568.348  22.874  -0.597  -33.020    0.300     -474.9365    -5170.4258
 0 171  10.887  44571.383 123.234   4.505  -16.870    1.390     -474.6577    -5167.3906
 0 171  10.887  44572.363 155.665  -0.467  -34.090    0.720     -474.5676    -5166.4102
 0 171  10.887  44573.312 187.053  -4.353  -46.280    0.630     -474.4804    -5165.4609
 0 171  10.887  44543.418 278.492   8.236  -42.990    0.390     -477.2264    -5195.3555
 0 171  10.887  44910.422 174.683  -5.988  -44.870    0.320     -443.5148    -4828.3516
 0 171  10.887  44940.410  86.342  -0.259  -17.020    0.520     -440.7602    -4798.3633
 0 171  10.887  44850.602 356.528  -3.299  -40.620    0.410     -449.0096    -4888.1719
 0 171  10.887  44942.461 154.160  -1.799  -34.920    0.490     -440.5718    -4796.3125
 0 171  10.887  44613.441  74.048   1.738  -20.950    1.360     -470.7943    -5125.3320
 0 171  10.887  44929.441  83.628  -0.314  -18.460    0.430     -441.7677    -4809.3320
 0 171  10.887  44930.395 115.137   4.880  -16.720    0.400     -441.6802    -4808.3789
 0 171  10.887  44931.395 148.206   2.066  -30.040    0.330     -441.5883    -4807.3789
 0 171  10.887  44932.500 184.768  -3.954  -46.000    0.430     -441.4868    -4806.2734
 0 171  10.887  44933.383 213.959  -4.379  -46.430    0.330     -441.4057    -4805.3906
 0 171  10.887  44934.395 247.412   2.062  -44.010    0.470     -441.3127    -4804.3789
 0 171  10.887  44936.574 319.493  -0.853  -46.150    0.460     -441.1125    -4802.1992
 0 171  10.887  44937.383 346.234  -1.252  -43.040    0.350     -441.0382    -4801.3906
 0 171  10.887  44939.387  52.493   1.855  -25.090    0.310     -440.8542    -4799.3867
 0 171  10.887  44909.438 142.130   2.263  -26.890    0.480     -443.6052    -4829.3359
 0 171  10.887  45307.336 339.950  -1.873  -44.490    0.270     -407.0557    -4431.4375
 0 171  10.887  45035.297 344.081  -1.892  -44.050    0.470     -432.0442    -4703.4766
 0 171  10.887  45037.281  49.702   0.682  -26.460    0.480     -431.8619    -4701.4922
 0 171  10.887  45037.289  49.966   1.448  -25.690    0.380     -431.8612    -4701.4844
 0 171  10.887  45037.297  50.219   1.201  -25.930    0.360     -431.8605    -4701.4766
 0 171  10.887  45038.277  82.639  -0.456  -19.310    0.450     -431.7704    -4700.4961
 0 171  10.887  45011.320 271.219   6.516  -43.820    0.430     -434.2466    -4727.4531
 0 171  10.887  45041.293 182.362  -4.706  -46.420    0.700     -431.4934    -4697.4805
 0 171  10.887  45018.289 141.669   2.220  -26.550    0.520     -433.6065    -4720.4844
 0 171  10.887  45019.246 173.309  -6.051  -44.650    0.420     -433.5186    -4719.5273
 3   9  10.887  43464.789 250.071  -0.006    9.000  -10.000     -576.3054    -6273.9844
14   9  10.887  43464.789 250.071   0.008   10.440  -10.000     -576.3054    -6273.9844
15   9  10.887  43464.789 250.071   0.003    9.310  -10.000     -576.3054    -6273.9844
16   9  10.887  43464.789 250.071  -0.007    8.400  -10.000     -576.3054    -6273.9844
17   9  10.887  43464.789 250.071  -0.013    7.740  -10.000     -576.3054    -6273.9844
 3   9  10.887  43542.711 306.826  -0.050    9.150  -10.000     -569.1477    -6196.0625
14   9  10.887  43542.711 306.826  -0.046   10.800  -10.000     -569.1477    -6196.0625
15   9  10.887  43542.711 306.826  -0.021    9.510  -10.000     -569.1477    -6196.0625
16   9  10.887  43542.711 306.826  -0.030    8.510  -10.000     -569.1477    -6196.0625
17   9  10.887  43542.711 306.826  -0.027    7.810  -10.000     -569.1477    -6196.0625
 3   9  10.887  43455.840 314.143  -0.026    9.200  -10.000     -577.1274    -6282.9336
14   9  10.887  43455.840 314.143  -0.011   10.890  -10.000     -577.1274    -6282.9336
15   9  10.887  43455.840 314.143  -0.012    9.550  -10.000     -577.1274    -6282.9336
16   9  10.887  43455.840 314.143  -0.019    8.540  -10.000     -577.1274    -6282.9336
17   9  10.887  43455.840 314.143  -0.010    7.840  -10.000     -577.1274    -6282.9336
 3   9  10.887  43543.711 339.895   0.029    9.350  -10.000     -569.0558    -6195.0625
14   9  10.887  43543.711 339.895   0.033   11.120  -10.000     -569.0558    -6195.0625
15   9  10.887  43543.711 339.895   0.041    9.710  -10.000     -569.0558    -6195.0625
16   9  10.887  43543.711 339.895   0.042    8.670  -10.000     -569.0558    -6195.0625
17   9  10.887  43543.711 339.895   0.031    7.930  -10.000     -569.0558    -6195.0625
 3   9  10.887  43456.699 342.554  -0.061    9.270  -10.000     -577.0485    -6282.0742
14   9  10.887  43456.699 342.554  -0.066   11.040  -10.000     -577.0485    -6282.0742
15   9  10.887  43456.699 342.554  -0.041    9.640  -10.000     -577.0485    -6282.0742
16   9  10.887  43456.699 342.554  -0.036    8.600  -10.000     -577.0485    -6282.0742
17   9  10.887  43456.699 342.554  -0.025    7.880  -10.000     -577.0485    -6282.0742
 3   9  10.887  43358.930 349.497   0.024    9.380  -10.000     -586.0292    -6379.8438
14   9  10.887  43358.930 349.497   0.007   11.160  -10.000     -586.0292    -6379.8438
15   9  10.887  43358.930 349.497   0.031    9.740  -10.000     -586.0292    -6379.8438
16   9  10.887  43358.930 349.497   0.045    8.700  -10.000     -586.0292    -6379.8438
17   9  10.887  43358.930 349.497   0.031    7.950  -10.000     -586.0292    -6379.8438
 3   9  10.887  43457.750  17.314  -0.025    9.440  -10.000     -576.9519    -6281.0234
14   9  10.887  43457.750  17.314  -0.013   11.330  -10.000     -576.9519    -6281.0234
15   9  10.887  43457.750  17.314   0.000    9.830  -10.000     -576.9519    -6281.0234
16   9  10.887  43457.750  17.314  -0.003    8.740  -10.000     -576.9519    -6281.0234
17   9  10.887  43457.750  17.314   0.001    7.990  -10.000     -576.9519    -6281.0234
 3   9  10.887  43392.930  33.816  -0.016    9.510  -10.000     -582.9061    -6345.8438
14   9  10.887  43392.930  33.816  -0.016   11.420  -10.000     -582.9061    -6345.8438
15   9  10.887  43392.930  33.816   0.005    9.900  -10.000     -582.9061    -6345.8438
16   9  10.887  43392.930  33.816   0.005    8.800  -10.000     -582.9061    -6345.8438
17   9  10.887  43392.930  33.816  -0.004    8.030  -10.000     -582.9061    -6345.8438
 3   9  10.887  43393.969  68.181  -0.015    9.610  -10.000     -582.8106    -6344.8047
14   9  10.887  43393.969  68.181  -0.012   11.550  -10.000     -582.8106    -6344.8047
15   9  10.887  43393.969  68.181   0.013   10.010  -10.000     -582.8106    -6344.8047
16   9  10.887  43393.969  68.181   0.004    8.890  -10.000     -582.8106    -6344.8047
17   9  10.887  43393.969  68.181   0.001    8.120  -10.000     -582.8106    -6344.8047
 3   9  10.887  43427.941 111.599  -0.009    9.560  -10.000     -579.6900    -6310.8320
14   9  10.887  43427.941 111.599  -0.011   11.370  -10.000     -579.6900    -6310.8320
15   9  10.887  43427.941 111.599   0.006    9.930  -10.000     -579.6900    -6310.8320
16   9  10.887  43427.941 111.599   0.005    8.870  -10.000     -579.6900    -6310.8320
17   9  10.887  43427.941 111.599  -0.005    8.120  -10.000     -579.6900    -6310.8320
 3   9  10.887  43460.680 114.192   0.024    9.580  -10.000     -576.6828    -6278.0938
14   9  10.887  43460.680 114.192   0.015   11.370  -10.000     -576.6828    -6278.0938
15   9  10.887  43460.680 114.192   0.050    9.960  -10.000     -576.6828    -6278.0938
16   9  10.887  43460.680 114.192   0.034    8.890  -10.000     -576.6828    -6278.0938
17   9  10.887  43460.680 114.192   0.030    8.150  -10.000     -576.6828    -6278.0938
 3   9  10.887  43428.879 142.581  -0.040    9.370  -10.000     -579.6039    -6309.8945
14   9  10.887  43428.879 142.581  -0.077   10.980  -10.000     -579.6039    -6309.8945
15   9  10.887  43428.879 142.581  -0.022    9.720  -10.000     -579.6039    -6309.8945
16   9  10.887  43428.879 142.581  -0.020    8.730  -10.000     -579.6039    -6309.8945
17   9  10.887  43428.879 142.581  -0.038    8.010  -10.000     -579.6039    -6309.8945
 3   9  10.887  43463.738 215.332   0.044    9.110  -10.000     -576.4019    -6275.0352
14   9  10.887  43463.738 215.332   0.112   10.610  -10.000     -576.4019    -6275.0352
15   9  10.887  43463.738 215.332   0.072    9.440  -10.000     -576.4019    -6275.0352
16   9  10.887  43463.738 215.332   0.035    8.500  -10.000     -576.4019    -6275.0352
17   9  10.887  43463.738 215.332   0.020    7.830  -10.000     -576.4019    -6275.0352
