 1  79  13.559  46994.305  46.590  -0.316   15.942  -10.000      112.1294     1520.3203
 2  79  13.559  46994.305  46.590   0.027   14.209  -10.000      112.1294     1520.3203
 3  79  13.559  46994.305  46.590  -0.040   11.844  -10.000      112.1294     1520.3203
 4  79  13.559  46994.305  46.590  -0.045   10.513  -10.000      112.1294     1520.3203
 2  79  13.559  46995.262  72.002   0.094   14.386  -10.000      112.2000     1521.2773
 3  79  13.559  46995.262  72.002   0.014   11.998  -10.000      112.2000     1521.2773
 4  79  13.559  46995.262  72.002   0.003   10.657  -10.000      112.2000     1521.2773
 2  79  13.559  46996.227  97.619   0.046   14.294  -10.000      112.2712     1522.2422
 3  79  13.559  46996.227  97.619  -0.015   11.969  -10.000      112.2712     1522.2422
 4  79  13.559  46996.227  97.619  -0.031   10.641  -10.000      112.2712     1522.2422
 2  79  13.559  47001.242 230.793   0.102   12.851  -10.000      112.6411     1527.2578
 3  79  13.559  47001.242 230.793   0.045   11.027  -10.000      112.6411     1527.2578
 4  79  13.559  47001.242 230.793  -0.002    9.875  -10.000      112.6411     1527.2578
 2  79  13.559  47002.238 257.239   0.020   13.013  -10.000      112.7146     1528.2539
 3  79  13.559  47002.238 257.239   0.014   11.126  -10.000      112.7146     1528.2539
 4  79  13.559  47002.238 257.239  -0.036    9.924  -10.000      112.7146     1528.2539
 2  79  13.559  47003.223 283.376   0.088   13.306  -10.000      112.7872     1529.2383
 3  79  13.559  47003.223 283.376   0.061   11.295  -10.000      112.7872     1529.2383
 4  79  13.559  47003.223 283.376   0.027   10.065  -10.000      112.7872     1529.2383
 2  79  13.559  47401.152  48.955  -0.090   14.106  -10.000      142.1360     1927.1680
 3  79  13.559  47401.152  48.955  -0.057   11.839  -10.000      142.1360     1927.1680
 4  79  13.559  47401.152  48.955  -0.011   10.558  -10.000      142.1360     1927.1680
 2  79  13.559  47402.148  75.405   0.024   14.321  -10.000      142.2095     1928.1641
 3  79  13.559  47402.148  75.405   0.015   12.006  -10.000      142.2095     1928.1641
 4  79  13.559  47402.148  75.405   0.020   10.682  -10.000      142.2095     1928.1641
 2  79  13.559  47403.145 101.849  -0.045   14.172  -10.000      142.2829     1929.1602
 3  79  13.559  47403.145 101.849  -0.008   11.959  -10.000      142.2829     1929.1602
 4  79  13.559  47403.145 101.849   0.023   10.684  -10.000      142.2829     1929.1602
 2  79  13.559  47404.141 128.298  -0.025   13.866  -10.000      142.3564     1930.1562
 3  79  13.559  47404.141 128.298  -0.013   11.763  -10.000      142.3564     1930.1562
 4  79  13.559  47404.141 128.298   0.003   10.529  -10.000      142.3564     1930.1562
 2  79  13.559  47408.137 234.399   0.045   12.828  -10.000      142.6511     1934.1523
 3  79  13.559  47408.137 234.399   0.029   11.030  -10.000      142.6511     1934.1523
 4  79  13.559  47408.137 234.399   0.014    9.903  -10.000      142.6511     1934.1523
 2  79  13.559  47409.141 261.057   0.055   13.081  -10.000      142.7252     1935.1562
 3  79  13.559  47409.141 261.057  -0.035   11.094  -10.000      142.7252     1935.1562
 4  79  13.559  47409.141 261.057  -0.023    9.947  -10.000      142.7252     1935.1562
 2  79  13.559  47410.152 287.919  -0.070   13.186  -10.000      142.7998     1936.1680
 3  79  13.559  47410.152 287.919  -0.040   11.214  -10.000      142.7998     1936.1680
 4  79  13.559  47410.152 287.919  -0.055    9.997  -10.000      142.7998     1936.1680
 2  79  13.559  47411.152 314.467  -0.022   13.448  -10.000      142.8735     1937.1680
 3  79  13.559  47411.152 314.467  -0.013   11.368  -10.000      142.8735     1937.1680
 4  79  13.559  47411.152 314.467  -0.010   10.132  -10.000      142.8735     1937.1680
 2  79  13.559  47412.156 341.125   0.053   13.734  -10.000      142.9476     1938.1719
 3  79  13.559  47412.156 341.125   0.044   11.561  -10.000      142.9476     1938.1719
 4  79  13.559  47412.156 341.125   0.042   10.289  -10.000      142.9476     1938.1719
 2  79  13.559  47413.141   7.262  -0.023   13.865  -10.000      143.0202     1939.1562
 3  79  13.559  47413.141   7.262  -0.029   11.632  -10.000      143.0202     1939.1562
 4  79  13.559  47413.141   7.262   0.015   10.379  -10.000      143.0202     1939.1562
 2  79  13.559  47414.141  33.810  -0.002   14.096  -10.000      143.0939     1940.1562
 3  79  13.559  47414.141  33.810  -0.010   11.808  -10.000      143.0939     1940.1562
 4  79  13.559  47414.141  33.810   0.021   10.520  -10.000      143.0939     1940.1562
 2  79  13.559  47415.145  60.469  -0.033   14.224  -10.000      143.1680     1941.1602
 3  79  13.559  47415.145  60.469  -0.054   11.894  -10.000      143.1680     1941.1602
 4  79  13.559  47415.145  60.469  -0.012   10.606  -10.000      143.1680     1941.1602
 2  79  13.559  47416.137  86.808  -0.046   14.248  -10.000      143.2411     1942.1523
 3  79  13.559  47416.137  86.808  -0.044   11.959  -10.000      143.2411     1942.1523
 4  79  13.559  47416.137  86.808  -0.026   10.654  -10.000      143.2411     1942.1523
 2  79  13.559  47417.133 113.258   0.004   14.108  -10.000      143.3146     1943.1484
 3  79  13.559  47417.133 113.258  -0.023   11.881  -10.000      143.3146     1943.1484
 4  79  13.559  47417.133 113.258  -0.020   10.598  -10.000      143.3146     1943.1484
 2  79  13.559  47418.133 139.812   0.015   13.763  -10.000      143.3884     1944.1484
 3  79  13.559  47418.133 139.812  -0.052   11.639  -10.000      143.3884     1944.1484
 4  79  13.559  47418.133 139.812  -0.040   10.425  -10.000      143.3884     1944.1484
 2  79  13.559  47419.129 166.256   0.120   13.763  -10.000      143.4618     1945.1445
 3  79  13.559  47419.129 166.256   0.062   11.697  -10.000      143.4618     1945.1445
 4  79  13.559  47419.129 166.256   0.036   10.465  -10.000      143.4618     1945.1445
 2  79  13.559  47420.133 192.914  -0.030   13.032  -10.000      143.5359     1946.1484
 3  79  13.559  47420.133 192.914  -0.070   11.157  -10.000      143.5359     1946.1484
 4  79  13.559  47420.133 192.914  -0.062   10.032  -10.000      143.5359     1946.1484
 2  79  13.559  47421.121 219.155   0.128   12.769  -10.000      143.6088     1947.1367
 3  79  13.559  47421.121 219.155   0.038   10.956  -10.000      143.6088     1947.1367
 4  79  13.559  47421.121 219.155   0.016    9.847  -10.000      143.6088     1947.1367
 2  79  13.559  47422.125 245.808   0.156   13.050  -10.000      143.6828     1948.1406
 3  79  13.559  47422.125 245.808   0.048   11.108  -10.000      143.6828     1948.1406
 4  79  13.559  47422.125 245.808   0.016    9.943  -10.000      143.6828     1948.1406
 2  79  13.559  47423.125 272.357   0.015   13.139  -10.000      143.7565     1949.1406
 3  79  13.559  47423.125 272.357  -0.036   11.146  -10.000      143.7565     1949.1406
 4  79  13.559  47423.125 272.357  -0.013    9.992  -10.000      143.7565     1949.1406
 2  79  13.559  47427.137  18.875  -0.023   13.956  -10.000      144.0524     1953.1523
 3  79  13.559  47427.137  18.875  -0.005   11.723  -10.000      144.0524     1953.1523
 4  79  13.559  47427.137  18.875  -0.003   10.418  -10.000      144.0524     1953.1523
 2  79  13.559  47428.125  45.115  -0.016   14.156  -10.000      144.1253     1954.1406
 3  79  13.559  47428.125  45.115   0.007   11.884  -10.000      144.1253     1954.1406
 4  79  13.559  47428.125  45.115   0.014   10.565  -10.000      144.1253     1954.1406
 2  79  13.559  47735.234 279.289   0.052   13.236  -10.000      166.7758     2261.2500
 3  79  13.559  47735.234 279.289   0.013   11.228  -10.000      166.7758     2261.2500
 4  79  13.559  47735.234 279.289  -0.007   10.019  -10.000      166.7758     2261.2500
 2  79  13.559  47736.223 305.530   0.063   13.463  -10.000      166.8487     2262.2383
 3  79  13.559  47736.223 305.530   0.004   11.342  -10.000      166.8487     2262.2383
 4  79  13.559  47736.223 305.530   0.009   10.120  -10.000      166.8487     2262.2383
 2  79  13.559  47737.227 332.188  -0.024   13.587  -10.000      166.9227     2263.2422
 3  79  13.559  47737.227 332.188   0.009   11.480  -10.000      166.9227     2263.2422
 4  79  13.559  47737.227 332.188   0.011   10.221  -10.000      166.9227     2263.2422
 2  79  13.559  47738.238 359.050  -0.038   13.783  -10.000      166.9974     2264.2539
 3  79  13.559  47738.238 359.050  -0.044   11.569  -10.000      166.9974     2264.2539
 4  79  13.559  47738.238 359.050  -0.041   10.284  -10.000      166.9974     2264.2539
 2  79  13.559  47739.207  24.769  -0.040   13.989  -10.000      167.0688     2265.2227
 3  79  13.559  47739.207  24.769  -0.009   11.756  -10.000      167.0688     2265.2227
 4  79  13.559  47739.207  24.769   0.008   10.460  -10.000      167.0688     2265.2227
 2  79  13.559  47740.215  51.531  -0.092   14.119  -10.000      167.1431     2266.2305
 3  79  13.559  47740.215  51.531  -0.045   11.864  -10.000      167.1431     2266.2305
 4  79  13.559  47740.215  51.531  -0.030   10.551  -10.000      167.1431     2266.2305
 2  79  13.559  47741.207  77.871  -0.025   14.274  -10.000      167.2163     2267.2227
 3  79  13.559  47741.207  77.871   0.021   12.017  -10.000      167.2163     2267.2227
 4  79  13.559  47741.207  77.871   0.013   10.680  -10.000      167.2163     2267.2227
 2  79  13.559  47742.219 104.738  -0.003   14.189  -10.000      167.2909     2268.2344
 3  79  13.559  47742.219 104.738   0.055   12.009  -10.000      167.2909     2268.2344
 4  79  13.559  47742.219 104.738   0.066   10.718  -10.000      167.2909     2268.2344
 2  79  13.559  47743.203 130.875  -0.049   13.806  -10.000      167.3635     2269.2188
 3  79  13.559  47743.203 130.875  -0.051   11.703  -10.000      167.3635     2269.2188
 4  79  13.559  47743.203 130.875  -0.076   10.434  -10.000      167.3635     2269.2188
 2  79  13.559  47744.195 157.214  -0.023   13.632  -10.000      167.4367     2270.2109
 3  79  13.559  47744.195 157.214  -0.015   11.625  -10.000      167.4367     2270.2109
 4  79  13.559  47744.195 157.214  -0.022   10.409  -10.000      167.4367     2270.2109
 2  79  13.559  47745.195 183.768  -0.062   13.327  -10.000      167.5105     2271.2109
 3  79  13.559  47745.195 183.768  -0.032   11.426  -10.000      167.5105     2271.2109
 4  79  13.559  47745.195 183.768  -0.048   10.237  -10.000      167.5105     2271.2109
 2  79  13.559  47746.195 210.322  -0.136   12.479  -10.000      167.5842     2272.2109
 3  79  13.559  47746.195 210.322  -0.072   10.835  -10.000      167.5842     2272.2109
 4  79  13.559  47746.195 210.322  -0.087    9.739  -10.000      167.5842     2272.2109
 2  79  13.559  47747.188 236.662   0.013   12.818  -10.000      167.6574     2273.2031
 3  79  13.559  47747.188 236.662  -0.018   10.995  -10.000      167.6574     2273.2031
 4  79  13.559  47747.188 236.662  -0.027    9.870  -10.000      167.6574     2273.2031
 2  79  13.559  47748.191 263.320   0.036   13.081  -10.000      167.7314     2274.2070
 3  79  13.559  47748.191 263.320  -0.017   11.123  -10.000      167.7314     2274.2070
 4  79  13.559  47748.191 263.320  -0.019    9.958  -10.000      167.7314     2274.2070
 2  79  13.559  47749.168 289.248  -0.012   13.254  -10.000      167.8035     2275.1836
 3  79  13.559  47749.168 289.248  -0.069   11.191  -10.000      167.8035     2275.1836
 4  79  13.559  47749.168 289.248  -0.060    9.996  -10.000      167.8035     2275.1836
 2  79  13.559  47750.168 315.797  -0.059   13.422  -10.000      167.8772     2276.1836
 3  79  13.559  47750.168 315.797  -0.087   11.300  -10.000      167.8772     2276.1836
 4  79  13.559  47750.168 315.797  -0.041   10.106  -10.000      167.8772     2276.1836
 2  79  13.559  47753.164  35.349  -0.041   14.068  -10.000      168.0982     2279.1797
 3  79  13.559  47753.164  35.349  -0.046   11.780  -10.000      168.0982     2279.1797
 4  79  13.559  47753.164  35.349  -0.015   10.491  -10.000      168.0982     2279.1797
 2  79  13.559  47754.172  62.106  -0.124   14.139  -10.000      168.1725     2280.1875
 3  79  13.559  47754.172  62.106  -0.033   11.921  -10.000      168.1725     2280.1875
 4  79  13.559  47754.172  62.106  -0.020   10.604  -10.000      168.1725     2280.1875
 2  79  13.559  47756.191 115.730   0.053   14.126  -10.000      168.3215     2282.2070
 3  79  13.559  47756.191 115.730  -0.005   11.880  -10.000      168.3215     2282.2070
 4  79  13.559  47756.191 115.730  -0.004   10.601  -10.000      168.3215     2282.2070
 2  79  13.559  47757.164 141.553   0.073   13.805  -10.000      168.3932     2283.1797
 3  79  13.559  47757.164 141.553  -0.019   11.663  -10.000      168.3932     2283.1797
 4  79  13.559  47757.164 141.553  -0.036   10.423  -10.000      168.3932     2283.1797
 2  79  13.559  47758.160 168.003  -0.031   13.606  -10.000      168.4667     2284.1758
 3  79  13.559  47758.160 168.003  -0.060   11.570  -10.000      168.4667     2284.1758
 4  79  13.559  47758.160 168.003  -0.074   10.352  -10.000      168.4667     2284.1758
 2  79  13.559  47759.152 194.348  -0.178   12.827  -10.000      168.5399     2285.1680
 3  79  13.559  47759.152 194.348  -0.109   11.078  -10.000      168.5399     2285.1680
 4  79  13.559  47759.152 194.348  -0.113    9.948  -10.000      168.5399     2285.1680
 2  79  13.559  47760.172 221.418   0.092   12.752  -10.000      168.6151     2286.1875
 3  79  13.559  47760.172 221.418   0.031   10.961  -10.000      168.6151     2286.1875
 4  79  13.559  47760.172 221.418   0.010    9.850  -10.000      168.6151     2286.1875
 2  79  13.559  47761.156 247.555  -0.024   12.886  -10.000      168.6877     2287.1719
 3  79  13.559  47761.156 247.555   0.000   11.069  -10.000      168.6877     2287.1719
 4  79  13.559  47761.156 247.555  -0.024    9.909  -10.000      168.6877     2287.1719
 2  79  13.559  47762.156 274.103   0.019   13.158  -10.000      168.7614     2288.1719
 3  79  13.559  47762.156 274.103  -0.022   11.169  -10.000      168.7614     2288.1719
 4  79  13.559  47762.156 274.103  -0.023    9.987  -10.000      168.7614     2288.1719
 2  79  13.559  47763.148 300.449  -0.008   13.350  -10.000      168.8346     2289.1641
 3  79  13.559  47763.148 300.449  -0.003   11.310  -10.000      168.8346     2289.1641
 4  79  13.559  47763.148 300.449  -0.001   10.092  -10.000      168.8346     2289.1641
 2  79  13.559  47764.152 327.101  -0.016   13.554  -10.000      168.9086     2290.1680
 3  79  13.559  47764.152 327.101  -0.001   11.443  -10.000      168.9086     2290.1680
 4  79  13.559  47764.152 327.101  -0.010   10.179  -10.000      168.9086     2290.1680
 2  79  13.559  47766.148  20.105  -0.047   13.943  -10.000      169.0558     2292.1641
 3  79  13.559  47766.148  20.105   0.006   11.741  -10.000      169.0558     2292.1641
 4  79  13.559  47766.148  20.105   0.013   10.440  -10.000      169.0558     2292.1641
 2  79  13.559  47767.160  46.967  -0.017   14.167  -10.000      169.1305     2293.1758
 3  79  13.559  47767.160  46.967   0.010   11.896  -10.000      169.1305     2293.1758
 4  79  13.559  47767.160  46.967   0.020   10.580  -10.000      169.1305     2293.1758
 2  79  13.559  47768.152  73.306  -0.074   14.220  -10.000      169.2036     2294.1680
 3  79  13.559  47768.152  73.306  -0.011   11.976  -10.000      169.2036     2294.1680
 4  79  13.559  47768.152  73.306   0.011   10.668  -10.000      169.2036     2294.1680
 2  79  13.559  47769.152  99.860  -0.084   14.148  -10.000      169.2774     2295.1680
 3  79  13.559  47769.152  99.860  -0.038   11.937  -10.000      169.2774     2295.1680
 4  79  13.559  47769.152  99.860  -0.046   10.620  -10.000      169.2774     2295.1680
 2  79  13.559  47770.148 126.310  -0.034   13.886  -10.000      169.3509     2296.1641
 3  79  13.559  47770.148 126.310  -0.025   11.768  -10.000      169.3509     2296.1641
 4  79  13.559  47770.148 126.310  -0.034   10.504  -10.000      169.3509     2296.1641
 2  79  13.559  47771.148 152.858   0.013   13.677  -10.000      169.4246     2297.1641
 3  79  13.559  47771.148 152.858  -0.023   11.620  -10.000      169.4246     2297.1641
 4  79  13.559  47771.148 152.858  -0.051   10.382  -10.000      169.4246     2297.1641
 2  79  13.559  47772.145 179.308  -0.107   13.395  -10.000      169.4981     2298.1602
 3  79  13.559  47772.145 179.308  -0.043   11.494  -10.000      169.4981     2298.1602
 4  79  13.559  47772.145 179.308  -0.055   10.294  -10.000      169.4981     2298.1602
 2  79  13.559  47773.148 205.961  -0.155   12.504  -10.000      169.5721     2299.1641
 3  79  13.559  47773.148 205.961  -0.112   10.828  -10.000      169.5721     2299.1641
 4  79  13.559  47773.148 205.961  -0.115    9.740  -10.000      169.5721     2299.1641
 2  79  13.559  47774.180 233.344   0.014   12.787  -10.000      169.6482     2300.1953
 3  79  13.559  47774.180 233.344  -0.048   10.947  -10.000      169.6482     2300.1953
 4  79  13.559  47774.180 233.344  -0.048    9.838  -10.000      169.6482     2300.1953
 2  79  13.559  47775.141 258.860   0.015   13.022  -10.000      169.7191     2301.1562
 3  79  13.559  47775.141 258.860   0.010   11.129  -10.000      169.7191     2301.1562
 4  79  13.559  47775.141 258.860  -0.018    9.946  -10.000      169.7191     2301.1562
 2  79  13.559  47776.145 285.513   0.001   13.237  -10.000      169.7931     2302.1602
 3  79  13.559  47776.145 285.513  -0.006   11.237  -10.000      169.7931     2302.1602
 4  79  13.559  47776.145 285.513   0.023   10.067  -10.000      169.7931     2302.1602
 3  79  13.559  49934.227 345.553   0.051   11.591  -10.000      328.9599     4460.2422
 4  79  13.559  49934.227 345.553   0.041   10.306  -10.000      328.9599     4460.2422
 5  79  13.559  49934.227 345.553   0.080    9.159  -10.000      328.9599     4460.2422
 3  79  13.559  49935.250  12.722   0.115   11.806  -10.000      329.0353     4461.2656
 4  79  13.559  49935.250  12.722   0.028   10.418  -10.000      329.0353     4461.2656
 5  79  13.559  49935.250  12.722   0.126    9.305  -10.000      329.0353     4461.2656
 3  79  13.559  49936.191  37.727   0.070   11.909  -10.000      329.1048     4462.2070
 4  79  13.559  49936.191  37.727   0.039   10.556  -10.000      329.1048     4462.2070
 5  79  13.559  49936.191  37.727   0.140    9.428  -10.000      329.1048     4462.2070
 3  79  13.559  49938.207  91.241   0.050   12.050  -10.000      329.2534     4464.2227
 4  79  13.559  49938.207  91.241   0.040   10.720  -10.000      329.2534     4464.2227
 5  79  13.559  49938.207  91.241   0.091    9.544  -10.000      329.2534     4464.2227
 3  79  13.559  49939.215 117.993   0.096   11.963  -10.000      329.3278     4465.2305
 3  79  13.559  49942.207 197.446  -0.058   11.046  -10.000      329.5485     4468.2227
 5  79  13.559  49942.207 197.446  -0.052    8.903  -10.000      329.5485     4468.2227
 3  79  13.559  49943.195 223.682   0.017   10.959  -10.000      329.6213     4469.2109
 5  79  13.559  49943.195 223.682  -0.011    8.818  -10.000      329.6213     4469.2109
 3  79  13.559  49944.184 249.928   0.105   11.185  -10.000      329.6942     4470.1992
 5  79  13.559  49944.184 249.928   0.084    8.961  -10.000      329.6942     4470.1992
 3  79  13.559  49945.195 276.790   0.118   11.321  -10.000      329.7689     4471.2109
 5  79  13.559  49945.195 276.790   0.081    8.995  -10.000      329.7689     4471.2109
 3  79  13.559  49946.188 303.135   0.123   11.450  -10.000      329.8420     4472.2031
 5  79  13.559  49946.188 303.135   0.138    9.099  -10.000      329.8420     4472.2031
 3  79  13.559  49947.180 329.480   0.122   11.578  -10.000      329.9152     4473.1953
 5  79  13.559  49947.180 329.480   0.095    9.123  -10.000      329.9152     4473.1953
 3  79  13.559  49948.172 355.825   0.121   11.716  -10.000      329.9884     4474.1875
 5  79  13.559  49948.172 355.825   0.137    9.251  -10.000      329.9884     4474.1875
 3  79  13.559  49949.172  22.368   0.038   11.787  -10.000      330.0621     4475.1875
 5  79  13.559  49949.172  22.368   0.055    9.276  -10.000      330.0621     4475.1875
 3  79  13.559  49950.176  49.021   0.080   11.976  -10.000      330.1362     4476.1914
 5  79  13.559  49950.176  49.021   0.161    9.496  -10.000      330.1362     4476.1914
 3  79  13.559  49952.184 102.338   0.041   12.006  -10.000      330.2843     4478.1992
 5  79  13.559  49952.184 102.338   0.046    9.491  -10.000      330.2843     4478.1992
 3  79  13.559  49954.184 155.435   0.056   11.697  -10.000      330.4318     4480.1992
 5  79  13.559  49954.184 155.435   0.039    9.344  -10.000      330.4318     4480.1992
 3  79  13.559  49955.180 181.890   0.060   11.554  -10.000      330.5052     4481.1953
 5  79  13.559  49955.180 181.890   0.034    9.249  -10.000      330.5052     4481.1953
23   4  13.559  40735.484 186.317   0.127    4.832  -10.000     -349.4825    -4738.5000
24   4  13.559  40735.484 186.317   0.240    6.967  -10.000     -349.4825    -4738.5000
23   4  13.559  40736.492 213.080  -0.062    4.135  -10.000     -349.4081    -4737.4922
24   4  13.559  40736.492 213.080  -0.118    5.858  -10.000     -349.4081    -4737.4922
23   4  13.559  40737.504 239.941  -0.025    4.305  -10.000     -349.3335    -4736.4805
24   4  13.559  40737.504 239.941  -0.041    6.188  -10.000     -349.3335    -4736.4805
23   4  13.559  40740.551 320.845  -0.001    4.725  -10.000     -349.1088    -4733.4336
24   4  13.559  40740.551 320.845  -0.016    6.977  -10.000     -349.1088    -4733.4336
23   4  13.559  40741.559 347.596   0.005    4.872  -10.000     -349.0345    -4732.4258
24   4  13.559  40741.559 347.596   0.008    7.230  -10.000     -349.0345    -4732.4258
23   4  13.559  40746.543 119.938   0.091    5.257  -10.000     -348.6668    -4727.4414
24   4  13.559  40746.543 119.938   0.225    7.727  -10.000     -348.6668    -4727.4414
23   4  13.559  40762.422 181.549   0.095    4.903  -10.000     -347.4957    -4711.5625
24   4  13.559  40762.422 181.549   0.165    7.045  -10.000     -347.4957    -4711.5625
23   4  13.559  40766.484 289.413   0.002    4.573  -10.000     -347.1961    -4707.5000
24   4  13.559  40766.484 289.413  -0.028    6.685  -10.000     -347.1961    -4707.5000
23   4  13.559  40767.453 315.132   0.018    4.715  -10.000     -347.1246    -4706.5312
24   4  13.559  40767.453 315.132   0.006    6.950  -10.000     -347.1246    -4706.5312
23   4  13.559  40768.391 340.027   0.005    4.832  -10.000     -347.0555    -4705.5938
24   4  13.559  40768.391 340.027  -0.002    7.158  -10.000     -347.0555    -4705.5938
23   4  13.559  40771.391  59.678  -0.003    5.265  -10.000     -346.8342    -4702.5938
24   4  13.559  40771.391  59.678   0.050    7.830  -10.000     -346.8342    -4702.5938
23   4  13.559  40772.391  86.232   0.012    5.338  -10.000     -346.7605    -4701.5938
24   4  13.559  40772.391  86.232   0.108    7.925  -10.000     -346.7605    -4701.5938
23   4  13.559  40773.516 116.104   0.088    5.287  -10.000     -346.6775    -4700.4688
24   4  13.559  40773.516 116.104   0.115    7.677  -10.000     -346.6775    -4700.4688
23   4  13.559  40777.438 220.232  -0.032    4.188  -10.000     -346.3882    -4696.5469
24   4  13.559  40777.438 220.232  -0.045    5.975  -10.000     -346.3882    -4696.5469
23   4  13.559  40792.398 257.465  -0.027    4.390  -10.000     -345.2848    -4681.5859
24   4  13.559  40792.398 257.465  -0.067    6.340  -10.000     -345.2848    -4681.5859
23   4  13.559  40795.328 335.259  -0.027    4.775  -10.000     -345.0687    -4678.6562
24   4  13.559  40795.328 335.259  -0.030    7.090  -10.000     -345.0687    -4678.6562
23   4  13.559  40796.352   2.428  -0.035    4.918  -10.000     -344.9933    -4677.6328
24   4  13.559  40796.352   2.428  -0.021    7.330  -10.000     -344.9933    -4677.6328
23   4  13.559  40800.312 107.600   0.037    5.295  -10.000     -344.7011    -4673.6719
24   4  13.559  40800.312 107.600   0.144    7.815  -10.000     -344.7011    -4673.6719
23   4  13.559  40818.312 225.516  -0.007    4.243  -10.000     -343.3736    -4655.6719
24   4  13.559  40818.312 225.516   0.021    6.095  -10.000     -343.3736    -4655.6719
23   4  13.559  40819.297 251.653  -0.040    4.350  -10.000     -343.3010    -4654.6875
24   4  13.559  40819.297 251.653  -0.087    6.265  -10.000     -343.3010    -4654.6875
23   4  13.559  40821.324 305.486  -0.027    4.622  -10.000     -343.1514    -4652.6602
24   4  13.559  40821.324 305.486  -0.056    6.805  -10.000     -343.1514    -4652.6602
23   4  13.559  40822.285 330.996  -0.007    4.773  -10.000     -343.0806    -4651.6992
24   4  13.559  40822.285 330.996  -0.005    7.078  -10.000     -343.0806    -4651.6992
23   4  13.559  40823.277 357.341  -0.017    4.905  -10.000     -343.0074    -4650.7070
24   4  13.559  40823.277 357.341  -0.023    7.283  -10.000     -343.0074    -4650.7070
23   4  13.559  40827.246 102.722   0.004    5.287  -10.000     -342.7147    -4646.7383
24   4  13.559  40827.246 102.722   0.035    7.755  -10.000     -342.7147    -4646.7383
23   4  13.559  40828.309 130.935   0.093    5.160  -10.000     -342.6363    -4645.6758
24   4  13.559  40828.309 130.935   0.265    7.590  -10.000     -342.6363    -4645.6758
23   4  13.559  40829.250 155.929   0.023    4.972  -10.000     -342.5669    -4644.7344
24   4  13.559  40829.250 155.929   0.064    7.170  -10.000     -342.5669    -4644.7344
23   4  13.559  40830.270 182.999   0.070    4.850  -10.000     -342.4917    -4643.7148
24   4  13.559  40830.270 182.999   0.096    6.935  -10.000     -342.4917    -4643.7148
23   4  13.559  40833.293 263.276  -0.014    4.430  -10.000     -342.2687    -4640.6914
24   4  13.559  40833.293 263.276  -0.028    6.435  -10.000     -342.2687    -4640.6914
23   4  13.559  40835.230 314.714  -0.028    4.668  -10.000     -342.1258    -4638.7539
24   4  13.559  40835.230 314.714  -0.023    6.918  -10.000     -342.1258    -4638.7539
23   4  13.559  40837.242   8.130  -0.043    4.943  -10.000     -341.9774    -4636.7422
24   4  13.559  40837.242   8.130  -0.075    7.325  -10.000     -341.9774    -4636.7422
23   4  13.559  40847.270 274.373  -0.003    4.495  -10.000     -341.2379    -4626.7148
24   4  13.559  40847.270 274.373  -0.055    6.517  -10.000     -341.2379    -4626.7148
23   4  13.559  40848.266 300.817  -0.011    4.615  -10.000     -341.1644    -4625.7188
24   4  13.559  40848.266 300.817  -0.035    6.782  -10.000     -341.1644    -4625.7188
23   4  13.559  41092.547 306.815   0.006    4.662  -10.000     -323.1477    -4381.4375
24   4  13.559  41092.547 306.815  -0.010    6.863  -10.000     -323.1477    -4381.4375
23   4  13.559  41100.492 157.775   0.046    4.995  -10.000     -322.5617    -4373.4922
24   4  13.559  41100.492 157.775   0.077    7.180  -10.000     -322.5617    -4373.4922
23   4  13.559  41101.508 184.746   0.105    4.847  -10.000     -322.4868    -4372.4766
24   4  13.559  41101.508 184.746   0.100    6.882  -10.000     -322.4868    -4372.4766
23   4  13.559  41106.566 319.054   0.026    4.742  -10.000     -322.1137    -4367.4180
24   4  13.559  41106.566 319.054  -0.070    6.907  -10.000     -322.1137    -4367.4180
23   4  13.559  41115.504 196.359   0.173    4.605  -10.000     -321.4546    -4358.4805
24   4  13.559  41115.504 196.359   0.181    6.497  -10.000     -321.4546    -4358.4805
23   4  13.559  41122.496  22.017  -0.018    5.050  -10.000     -320.9388    -4351.4883
24   4  13.559  41122.496  22.017  -0.017    7.503  -10.000     -320.9388    -4351.4883
23   4  13.559  41123.402  46.077  -0.034    5.170  -10.000     -320.8720    -4350.5820
24   4  13.559  41123.402  46.077  -0.018    7.685  -10.000     -320.8720    -4350.5820
23   4  13.559  41124.441  73.663   0.006    5.318  -10.000     -320.7954    -4349.5430
24   4  13.559  41124.441  73.663   0.044    7.865  -10.000     -320.7954    -4349.5430
23   4  13.559  41125.355  97.932   0.014    5.318  -10.000     -320.7280    -4348.6289
24   4  13.559  41125.355  97.932   0.021    7.783  -10.000     -320.7280    -4348.6289
23   4  13.559  41151.215  64.534  -0.016    5.270  -10.000     -318.8207    -4322.7695
24   4  13.559  41151.215  64.534  -0.107    7.693  -10.000     -318.8207    -4322.7695
23   4  13.559  41152.223  91.296   0.033    5.355  -10.000     -318.7464    -4321.7617
24   4  13.559  41152.223  91.296  -0.034    7.767  -10.000     -318.7464    -4321.7617
23   4  13.559  41154.367 148.239   0.073    5.038  -10.000     -318.5882    -4319.6172
24   4  13.559  41154.367 148.239   0.100    7.235  -10.000     -318.5882    -4319.6172
23   4  13.559  41155.379 175.100   0.041    4.938  -10.000     -318.5136    -4318.6055
24   4  13.559  41155.379 175.100   0.127    7.142  -10.000     -318.5136    -4318.6055
23   4  13.559  41156.355 201.028   0.115    4.432  -10.000     -318.4416    -4317.6289
24   4  13.559  41156.355 201.028   0.119    6.265  -10.000     -318.4416    -4317.6289
 0  42  13.559  46924.750 359.819   1.947   16.720    0.650      106.9995     1450.7656
 0  42  13.559  46925.742  26.164   1.176   24.080    0.600      107.0727     1451.7578
 0  42  13.559  46927.840  81.859  -5.083   31.150    0.780      107.2274     1453.8555
 0  55  13.559  45518.715 107.655   3.738   41.270    1.300        3.2990       44.7305
 0  55  13.559  45541.605 355.433   0.712   14.760    0.870        4.9873       67.6211
 0  55  13.559  45876.719 253.150  -4.726  -15.390    1.540       29.7032      402.7344
 0  55  13.559  46293.605 162.065  -2.296   17.990    1.000       60.4502      819.6211
 0  55  13.559  46298.613 295.030   0.211   -3.350    0.790       60.8195      824.6289
 0  55  13.559  46316.531  50.776   1.007   30.220    0.720       62.1410      842.5469
 3 150  13.559  50891.602 205.170  -0.133   10.817  -10.000      399.5699     5417.6172
 5 150  13.559  50891.602 205.170  -0.116    8.733  -10.000      399.5699     5417.6172
 3 150  13.559  50892.562 230.691   0.017   10.998  -10.000      399.6408     5418.5781
 5 150  13.559  50892.562 230.691  -0.055    8.790  -10.000      399.6408     5418.5781
 3 150  13.559  50893.605 258.376   0.002   11.119  -10.000      399.7177     5419.6211
 5 150  13.559  50893.605 258.376  -0.029    8.858  -10.000      399.7177     5419.6211
 3 150  13.559  50901.582 110.171  -0.028   11.896  -10.000      400.3060     5427.5977
 5 150  13.559  50901.582 110.171  -0.021    9.409  -10.000      400.3060     5427.5977
 3 150  13.559  50902.605 137.340  -0.050   11.657  -10.000      400.3815     5428.6211
 5 150  13.559  50902.605 137.340  -0.057    9.273  -10.000      400.3815     5428.6211
 2 150  13.559  50903.566 162.861   0.063   13.713  -10.000      400.4524     5429.5820
 3 150  13.559  50903.566 162.861  -0.073   11.565  -10.000      400.4524     5429.5820
 4 150  13.559  50903.566 162.861  -0.074   10.357  -10.000      400.4524     5429.5820
 5 150  13.559  50903.566 162.861  -0.080    9.227  -10.000      400.4524     5429.5820
 3 150  13.559  50903.582 163.268  -0.047   11.591  -10.000      400.4535     5429.5977
 5 150  13.559  50903.582 163.268  -0.063    9.244  -10.000      400.4535     5429.5977
 3 150  13.559  50903.598 163.685  -0.036   11.602  -10.000      400.4547     5429.6133
 5 150  13.559  50903.598 163.685  -0.066    9.241  -10.000      400.4547     5429.6133
 3 150  13.559  50904.527 188.372  -0.103   11.248  -10.000      400.5233     5430.5430
 5 150  13.559  50904.527 188.372  -0.099    9.021  -10.000      400.5233     5430.5430
 3 150  13.559  50905.637 217.826   0.011   10.923  -10.000      400.6051     5431.6523
 5 150  13.559  50905.637 217.826  -0.040    8.775  -10.000      400.6051     5431.6523
 3 150  13.559  50907.566 269.066   0.007   11.174  -10.000      400.7474     5433.5820
 5 150  13.559  50907.566 269.066  -0.026    8.876  -10.000      400.7474     5433.5820
 3 150  13.559  50907.629 270.725   0.026   11.201  -10.000      400.7520     5433.6445
 5 150  13.559  50907.629 270.725   0.012    8.916  -10.000      400.7520     5433.6445
 3 150  13.559  50908.547 295.093   0.023   11.310  -10.000      400.8197     5434.5625
 5 150  13.559  50908.547 295.093   0.017    8.961  -10.000      400.8197     5434.5625
 3 150  13.559  50909.516 320.812   0.009   11.421  -10.000      400.8911     5435.5312
 5 150  13.559  50909.516 320.812   0.034    9.038  -10.000      400.8911     5435.5312
 3 150  13.559  50909.609 323.306   0.023   11.448  -10.000      400.8981     5435.6250
 5 150  13.559  50909.609 323.306   0.004    9.015  -10.000      400.8981     5435.6250
 3 150  13.559  50909.645 324.240   0.009   11.438  -10.000      400.9007     5435.6602
 5 150  13.559  50909.645 324.240   0.014    9.027  -10.000      400.9007     5435.6602
 3 150  13.559  50910.520 347.476   0.011   11.561  -10.000      400.9652     5436.5352
 5 150  13.559  50910.520 347.476   0.032    9.117  -10.000      400.9652     5436.5352
 3 150  13.559  50910.602 349.651   0.008   11.569  -10.000      400.9713     5436.6172
 5 150  13.559  50910.602 349.651   0.034    9.126  -10.000      400.9713     5436.6172
 3 150  13.559  50910.648 350.892   0.021   11.588  -10.000      400.9747     5436.6641
 5 150  13.559  50910.648 350.892   0.032    9.128  -10.000      400.9747     5436.6641
 3 150  13.559  50912.523  40.682  -0.015   11.839  -10.000      401.1130     5438.5391
 5 150  13.559  50912.523  40.682   0.038    9.338  -10.000      401.1130     5438.5391
 3 150  13.559  50912.609  42.957  -0.024   11.842  -10.000      401.1193     5438.6250
 5 150  13.559  50912.609  42.957   0.039    9.349  -10.000      401.1193     5438.6250
 3 150  13.559  50912.645  43.890  -0.025   11.845  -10.000      401.1219     5438.6602
 5 150  13.559  50912.645  43.890   0.047    9.360  -10.000      401.1219     5438.6602
 3 150  13.559  50913.508  66.819  -0.015   11.955  -10.000      401.1856     5439.5234
 5 150  13.559  50913.508  66.819   0.044    9.445  -10.000      401.1856     5439.5234
 3 150  13.559  50914.582  95.339  -0.013   11.978  -10.000      401.2648     5440.5977
 5 150  13.559  50914.582  95.339   0.029    9.481  -10.000      401.2648     5440.5977
 3 150  13.559  50916.508 146.470  -0.036   11.624  -10.000      401.4069     5442.5234
 5 150  13.559  50916.508 146.470  -0.053    9.258  -10.000      401.4069     5442.5234
 3 150  13.559  50916.590 148.645  -0.012   11.641  -10.000      401.4129     5442.6055
 5 150  13.559  50916.590 148.645  -0.057    9.251  -10.000      401.4129     5442.6055
 3 150  13.559  50916.637 149.886  -0.026   11.623  -10.000      401.4164     5442.6523
 5 150  13.559  50916.637 149.886  -0.067    9.240  -10.000      401.4164     5442.6523
 3   9  13.559  44166.520 205.013  -0.092   10.860  -10.000      -96.4305    -1307.4648
14   9  13.559  44166.520 205.013  -0.143   13.180  -10.000      -96.4305    -1307.4648
15   9  13.559  44166.520 205.013  -0.070   11.400  -10.000      -96.4305    -1307.4648
16   9  13.559  44166.520 205.013  -0.094    9.850  -10.000      -96.4305    -1307.4648
17   9  13.559  44166.520 205.013  -0.059    8.740  -10.000      -96.4305    -1307.4648
 3   9  13.559  43694.699 277.537   0.003   11.210  -10.000     -131.2291    -1779.2852
14   9  13.559  43694.699 277.537   0.058   14.030  -10.000     -131.2291    -1779.2852
15   9  13.559  43694.699 277.537   0.030   11.810  -10.000     -131.2291    -1779.2852
16   9  13.559  43694.699 277.537  -0.011   10.080  -10.000     -131.2291    -1779.2852
17   9  13.559  43694.699 277.537   0.012    8.870  -10.000     -131.2291    -1779.2852
 3   9  13.559  44169.520 284.667  -0.020   11.220  -10.000      -96.2093    -1304.4648
14   9  13.559  44169.520 284.667  -0.039   14.010  -10.000      -96.2093    -1304.4648
15   9  13.559  44169.520 284.667  -0.010   11.810  -10.000      -96.2093    -1304.4648
16   9  13.559  44169.520 284.667  -0.041   10.070  -10.000      -96.2093    -1304.4648
17   9  13.559  44169.520 284.667  -0.009    8.860  -10.000      -96.2093    -1304.4648
 3   9  13.559  43698.551  19.803  -0.073   11.660  -10.000     -130.9450    -1775.4336
14   9  13.559  43698.551  19.803  -0.089   14.890  -10.000     -130.9450    -1775.4336
15   9  13.559  43698.551  19.803  -0.055   12.320  -10.000     -130.9450    -1775.4336
16   9  13.559  43698.551  19.803  -0.056   10.430  -10.000     -130.9450    -1775.4336
17   9  13.559  43698.551  19.803   0.012    9.160  -10.000     -130.9450    -1775.4336
 3   9  13.559  43699.539  46.044  -0.021   11.860  -10.000     -130.8721    -1774.4453
14   9  13.559  43699.539  46.044  -0.018   15.180  -10.000     -130.8721    -1774.4453
15   9  13.559  43699.539  46.044   0.007   12.540  -10.000     -130.8721    -1774.4453
16   9  13.559  43699.539  46.044  -0.004   10.610  -10.000     -130.8721    -1774.4453
17   9  13.559  43699.539  46.044   0.080    9.340  -10.000     -130.8721    -1774.4453
 3   9  13.559  43700.531  72.383  -0.055   11.930  -10.000     -130.7989    -1773.4531
14   9  13.559  43700.531  72.383  -0.039   15.280  -10.000     -130.7989    -1773.4531
15   9  13.559  43700.531  72.383  -0.029   12.610  -10.000     -130.7989    -1773.4531
16   9  13.559  43700.531  72.383  -0.023   10.690  -10.000     -130.7989    -1773.4531
17   9  13.559  43700.531  72.383   0.055    9.410  -10.000     -130.7989    -1773.4531
 3   9  13.559  43701.570  99.976  -0.045   11.930  -10.000     -130.7223    -1772.4141
14   9  13.559  43701.570  99.976  -0.025   15.200  -10.000     -130.7223    -1772.4141
15   9  13.559  43701.570  99.976  -0.027   12.590  -10.000     -130.7223    -1772.4141
16   9  13.559  43701.570  99.976  -0.066   10.660  -10.000     -130.7223    -1772.4141
17   9  13.559  43701.570  99.976  -0.007    9.380  -10.000     -130.7223    -1772.4141
 3   9  13.559  44027.691 118.935   0.011   11.870  -10.000     -106.6696    -1446.2930
14   9  13.559  44027.691 118.935   0.084   15.050  -10.000     -106.6696    -1446.2930
15   9  13.559  44027.691 118.935   0.059   12.540  -10.000     -106.6696    -1446.2930
16   9  13.559  44027.691 118.935  -0.019   10.630  -10.000     -106.6696    -1446.2930
17   9  13.559  44027.691 118.935   0.019    9.360  -10.000     -106.6696    -1446.2930
