 2  79  10.145  48503.453  27.301  -0.020   10.433  -10.000     -150.9242    -1531.0625
 3  79  10.145  48503.453  27.301  -0.035    9.235  -10.000     -150.9242    -1531.0625
 4  79  10.145  48503.453  27.301  -0.005    8.584  -10.000     -150.9242    -1531.0625
 2  79  10.145  48504.359  59.464  -0.011   10.571  -10.000     -150.8348    -1530.1562
 3  79  10.145  48504.359  59.464  -0.027    9.349  -10.000     -150.8348    -1530.1562
 4  79  10.145  48504.359  59.464  -0.025    8.660  -10.000     -150.8348    -1530.1562
 2  79  10.145  48505.383  95.784   0.022   10.581  -10.000     -150.7339    -1529.1328
 3  79  10.145  48505.383  95.784   0.015    9.402  -10.000     -150.7339    -1529.1328
 4  79  10.145  48505.383  95.784  -0.011    8.699  -10.000     -150.7339    -1529.1328
 1  79  10.145  48506.391 131.545   0.048   11.065  -10.000     -150.6346    -1528.1250
 2  79  10.145  48506.391 131.545   0.123   10.422  -10.000     -150.6346    -1528.1250
 3  79  10.145  48506.391 131.545   0.068    9.300  -10.000     -150.6346    -1528.1250
 4  79  10.145  48506.391 131.545   0.034    8.633  -10.000     -150.6346    -1528.1250
 2  79  10.145  48507.395 167.173   0.047   10.058  -10.000     -150.5356    -1527.1211
 3  79  10.145  48507.395 167.173  -0.004    9.033  -10.000     -150.5356    -1527.1211
 4  79  10.145  48507.395 167.173  -0.027    8.417  -10.000     -150.5356    -1527.1211
 2  79  10.145  48508.363 201.550  -0.031    9.833  -10.000     -150.4401    -1526.1523
 3  79  10.145  48508.363 201.550  -0.052    8.874  -10.000     -150.4401    -1526.1523
 4  79  10.145  48508.363 201.550  -0.042    8.306  -10.000     -150.4401    -1526.1523
 2  79  10.145  48509.395 238.145  -0.017    9.673  -10.000     -150.3385    -1525.1211
 3  79  10.145  48509.395 238.145  -0.026    8.766  -10.000     -150.3385    -1525.1211
 4  79  10.145  48509.395 238.145  -0.044    8.186  -10.000     -150.3385    -1525.1211
 2  79  10.145  48510.363 272.521  -0.033    9.745  -10.000     -150.2430    -1524.1523
 3  79  10.145  48510.363 272.521  -0.042    8.794  -10.000     -150.2430    -1524.1523
 4  79  10.145  48510.363 272.521  -0.014    8.241  -10.000     -150.2430    -1524.1523
 2  79  10.145  48511.359 307.870   0.079   10.071  -10.000     -150.1448    -1523.1562
 3  79  10.145  48511.359 307.870   0.047    9.010  -10.000     -150.1448    -1523.1562
 4  79  10.145  48511.359 307.870   0.030    8.377  -10.000     -150.1448    -1523.1562
 2  79  10.145  48512.344 342.806   0.006   10.210  -10.000     -150.0478    -1522.1719
 3  79  10.145  48512.344 342.806   0.021    9.117  -10.000     -150.0478    -1522.1719
 4  79  10.145  48512.344 342.806   0.005    8.451  -10.000     -150.0478    -1522.1719
 2  79  10.145  48513.355  18.704   0.000   10.407  -10.000     -149.9480    -1521.1602
 3  79  10.145  48513.355  18.704  -0.007    9.229  -10.000     -149.9480    -1521.1602
 4  79  10.145  48513.355  18.704  -0.004    8.557  -10.000     -149.9480    -1521.1602
 2  79  10.145  48514.359  54.333  -0.006   10.562  -10.000     -149.8491    -1520.1562
 3  79  10.145  48514.359  54.333  -0.019    9.344  -10.000     -149.8491    -1520.1562
 4  79  10.145  48514.359  54.333  -0.025    8.648  -10.000     -149.8491    -1520.1562
 2  79  10.145  48515.355  89.681   0.013   10.591  -10.000     -149.7509    -1519.1602
 3  79  10.145  48515.355  89.681  -0.018    9.377  -10.000     -149.7509    -1519.1602
 4  79  10.145  48515.355  89.681  -0.023    8.692  -10.000     -149.7509    -1519.1602
 2  79  10.145  48516.359 125.305   0.081   10.436  -10.000     -149.6519    -1518.1562
 3  79  10.145  48516.359 125.305   0.050    9.316  -10.000     -149.6519    -1518.1562
 4  79  10.145  48516.359 125.305   0.012    8.637  -10.000     -149.6519    -1518.1562
 2  79  10.145  48517.359 160.790   0.074   10.131  -10.000     -149.5534    -1517.1562
 3  79  10.145  48517.359 160.790   0.023    9.094  -10.000     -149.5534    -1517.1562
 4  79  10.145  48517.359 160.790   0.003    8.475  -10.000     -149.5534    -1517.1562
 2  79  10.145  48518.363 196.419  -0.042    9.838  -10.000     -149.4544    -1516.1523
 3  79  10.145  48518.363 196.419  -0.051    8.888  -10.000     -149.4544    -1516.1523
 4  79  10.145  48518.363 196.419  -0.042    8.317  -10.000     -149.4544    -1516.1523
 2  79  10.145  48519.340 231.075  -0.001    9.709  -10.000     -149.3581    -1515.1758
 3  79  10.145  48519.340 231.075  -0.029    8.780  -10.000     -149.3581    -1515.1758
 4  79  10.145  48519.340 231.075  -0.009    8.237  -10.000     -149.3581    -1515.1758
 2  79  10.145  48520.340 266.561  -0.098    9.652  -10.000     -149.2596    -1514.1758
 3  79  10.145  48520.340 266.561  -0.074    8.745  -10.000     -149.2596    -1514.1758
 4  79  10.145  48520.340 266.561  -0.078    8.166  -10.000     -149.2596    -1514.1758
 2  79  10.145  48521.395 303.986   0.042   10.010  -10.000     -149.1556    -1513.1211
 3  79  10.145  48521.395 303.986   0.011    8.960  -10.000     -149.1556    -1513.1211
 4  79  10.145  48521.395 303.986   0.017    8.353  -10.000     -149.1556    -1513.1211
 2  79  10.145  48522.367 338.505   0.014   10.193  -10.000     -149.0597    -1512.1484
 3  79  10.145  48522.367 338.505   0.011    9.091  -10.000     -149.0597    -1512.1484
 4  79  10.145  48522.367 338.505   0.003    8.437  -10.000     -149.0597    -1512.1484
 2  79  10.145  48523.359  13.716   0.016   10.394  -10.000     -148.9619    -1511.1562
 3  79  10.145  48523.359  13.716   0.022    9.237  -10.000     -148.9619    -1511.1562
 4  79  10.145  48523.359  13.716   0.010    8.553  -10.000     -148.9619    -1511.1562
 3  79  10.145  50007.520 121.992   0.020    9.305  -10.000       -2.6611      -26.9961
 5  79  10.145  50007.520 121.992  -0.021    8.013  -10.000       -2.6611      -26.9961
 3  79  10.145  50008.492 156.508   0.080    9.174  -10.000       -2.5653      -26.0234
 5  79  10.145  50008.492 156.508   0.038    7.964  -10.000       -2.5653      -26.0234
 3  79  10.145  50009.426 189.639  -0.013    8.942  -10.000       -2.4732      -25.0898
 5  79  10.145  50009.426 189.639   0.011    7.839  -10.000       -2.4732      -25.0898
 3  79  10.145  50011.395 259.504  -0.033    8.770  -10.000       -2.2792      -23.1211
 5  79  10.145  50011.395 259.504  -0.017    7.680  -10.000       -2.2792      -23.1211
 3  79  10.145  50017.414 113.118   0.097    9.430  -10.000       -1.6858      -17.1016
 5  79  10.145  50017.414 113.118   0.074    8.133  -10.000       -1.6858      -17.1016
 3  79  10.145  50018.418 148.744   0.057    9.193  -10.000       -1.5868      -16.0977
 5  79  10.145  50018.418 148.744   0.045    7.998  -10.000       -1.5868      -16.0977
 3  79  10.145  50019.395 183.399   0.018    8.989  -10.000       -1.4906      -15.1211
 5  79  10.145  50019.395 183.399   0.034    7.875  -10.000       -1.4906      -15.1211
 3  79  10.145  50020.324 216.391  -0.064    8.808  -10.000       -1.3989      -14.1914
 5  79  10.145  50020.324 216.391  -0.054    7.710  -10.000       -1.3989      -14.1914
 1 162  10.145  36818.008  66.797  -0.142   11.352  -10.000    -1302.8145   -13216.5078
 2 162  10.145  36818.008  66.797  -0.060   10.535  -10.000    -1302.8145   -13216.5078
 3 162  10.145  36818.008  66.797  -0.054    9.336  -10.000    -1302.8145   -13216.5078
 1 162  10.145  36818.980 101.338  -0.121   11.254  -10.000    -1302.7185   -13215.5352
 2 162  10.145  36818.980 101.338  -0.056   10.479  -10.000    -1302.7185   -13215.5352
 3 162  10.145  36818.980 101.338  -0.067    9.307  -10.000    -1302.7185   -13215.5352
 1 162  10.145  36819.953 135.835   0.026   10.986  -10.000    -1302.6227   -13214.5625
 2 162  10.145  36819.953 135.835   0.018   10.278  -10.000    -1302.6227   -13214.5625
 3 162  10.145  36819.953 135.835  -0.012    9.195  -10.000    -1302.6227   -13214.5625
 1 162  10.145  36844.996 304.541   0.062   10.691  -10.000    -1300.1541   -13189.5195
 2 162  10.145  36844.996 304.541   0.072   10.043  -10.000    -1300.1541   -13189.5195
 3 162  10.145  36844.996 304.541   0.046    8.997  -10.000    -1300.1541   -13189.5195
 1 162  10.145  36845.992 339.873  -0.018   10.934  -10.000    -1300.0559   -13188.5234
 2 162  10.145  36845.992 339.873   0.032   10.219  -10.000    -1300.0559   -13188.5234
 3 162  10.145  36845.992 339.873   0.004    9.089  -10.000    -1300.0559   -13188.5234
 1 162  10.145  36846.992  15.381  -0.064   11.171  -10.000    -1299.9573   -13187.5234
 2 162  10.145  36846.992  15.381   0.016   10.404  -10.000    -1299.9573   -13187.5234
 3 162  10.145  36846.992  15.381  -0.002    9.220  -10.000    -1299.9573   -13187.5234
 1 162  10.145  36848.973  85.649  -0.154   11.310  -10.000    -1299.7621   -13185.5430
 2 162  10.145  36848.973  85.649  -0.050   10.537  -10.000    -1299.7621   -13185.5430
 3 162  10.145  36848.973  85.649  -0.042    9.356  -10.000    -1299.7621   -13185.5430
 1 162  10.145  36849.980 121.421  -0.054   11.100  -10.000    -1299.6627   -13184.5352
 2 162  10.145  36849.980 121.421   0.010   10.400  -10.000    -1299.6627   -13184.5352
 3 162  10.145  36849.980 121.421   0.012    9.300  -10.000    -1299.6627   -13184.5352
 2  18  10.145  44563.922 265.452  -0.076    9.669  -10.000     -539.2626    -5470.5938
 3  18  10.145  44563.922 265.452  -0.045    8.772  -10.000     -539.2626    -5470.5938
 9  18  10.145  44563.922 265.452  -0.025    7.963  -10.000     -539.2626    -5470.5938
10  18  10.145  44563.922 265.452  -0.022    7.313  -10.000     -539.2626    -5470.5938
 2  18  10.145  44908.875 266.781  -0.080    9.671  -10.000     -505.2589    -5125.6406
 3  18  10.145  44908.875 266.781  -0.039    8.781  -10.000     -505.2589    -5125.6406
 9  18  10.145  44908.875 266.781  -0.014    7.976  -10.000     -505.2589    -5125.6406
10  18  10.145  44908.875 266.781   0.011    7.346  -10.000     -505.2589    -5125.6406
 2  18  10.145  44614.699 267.385  -0.081    9.672  -10.000     -534.2573    -5419.8164
 3  18  10.145  44614.699 267.385  -0.040    8.782  -10.000     -534.2573    -5419.8164
 9  18  10.145  44614.699 267.385  -0.023    7.968  -10.000     -534.2573    -5419.8164
10  18  10.145  44614.699 267.385   0.002    7.338  -10.000     -534.2573    -5419.8164
 2  18  10.145  44939.902 287.853  -0.002    9.861  -10.000     -502.2004    -5094.6133
 3  18  10.145  44939.902 287.853   0.026    8.911  -10.000     -502.2004    -5094.6133
 9  18  10.145  44939.902 287.853   0.022    8.047  -10.000     -502.2004    -5094.6133
10  18  10.145  44939.902 287.853   0.035    7.387  -10.000     -502.2004    -5094.6133
 2  18  10.145  44909.902 303.245   0.026    9.989  -10.000     -505.1577    -5124.6133
 3  18  10.145  44909.902 303.245   0.049    8.995  -10.000     -505.1577    -5124.6133
 9  18  10.145  44909.902 303.245   0.034    8.094  -10.000     -505.1577    -5124.6133
10  18  10.145  44909.902 303.245   0.042    7.414  -10.000     -505.1577    -5124.6133
 2  18  10.145  44910.898 338.588  -0.019   10.161  -10.000     -505.0595    -5123.6172
 3  18  10.145  44910.898 338.588   0.030    9.110  -10.000     -505.0595    -5123.6172
 9  18  10.145  44910.898 338.588   0.035    8.178  -10.000     -505.0595    -5123.6172
10  18  10.145  44910.898 338.588   0.035    7.458  -10.000     -505.0595    -5123.6172
 2  18  10.145  44555.867 339.631  -0.008   10.178  -10.000     -540.0566    -5478.6484
 3  18  10.145  44555.867 339.631   0.017    9.101  -10.000     -540.0566    -5478.6484
 9  18  10.145  44555.867 339.631   0.015    8.160  -10.000     -540.0566    -5478.6484
10  18  10.145  44555.867 339.631   0.045    7.470  -10.000     -540.0566    -5478.6484
 2  18  10.145  45012.703 351.332  -0.023   10.226  -10.000     -495.0241    -5021.8125
 3  18  10.145  45012.703 351.332   0.024    9.149  -10.000     -495.0241    -5021.8125
 9  18  10.145  45012.703 351.332   0.026    8.198  -10.000     -495.0241    -5021.8125
10  18  10.145  45012.703 351.332   0.035    7.478  -10.000     -495.0241    -5021.8125
 2  18  10.145  44911.914  14.634  -0.018   10.365  -10.000     -504.9594    -5122.6016
 3  18  10.145  44911.914  14.634   0.012    9.231  -10.000     -504.9594    -5122.6016
 9  18  10.145  44911.914  14.634   0.023    8.263  -10.000     -504.9594    -5122.6016
10  18  10.145  44911.914  14.634   0.037    7.533  -10.000     -504.9594    -5122.6016
 2  18  10.145  44222.852  41.924  -0.060   10.462  -10.000     -572.8835    -5811.6641
 3  18  10.145  44222.852  41.924  -0.016    9.308  -10.000     -572.8835    -5811.6641
 9  18  10.145  44222.852  41.924  -0.012    8.312  -10.000     -572.8835    -5811.6641
10  18  10.145  44222.852  41.924   0.015    7.582  -10.000     -572.8835    -5811.6641
 2  18  10.145  44912.883  49.010  -0.050   10.500  -10.000     -504.8639    -5121.6328
 3  18  10.145  44912.883  49.010   0.002    9.350  -10.000     -504.8639    -5121.6328
 9  18  10.145  44912.883  49.010  -0.010    8.335  -10.000     -504.8639    -5121.6328
10  18  10.145  44912.883  49.010  -0.001    7.585  -10.000     -504.8639    -5121.6328
 2  18  10.145  45014.746  63.831  -0.050   10.541  -10.000     -494.8227    -5019.7695
 3  18  10.145  45014.746  63.831  -0.012    9.373  -10.000     -494.8227    -5019.7695
 9  18  10.145  45014.746  63.831  -0.011    8.368  -10.000     -494.8227    -5019.7695
10  18  10.145  45014.746  63.831  -0.001    7.618  -10.000     -494.8227    -5019.7695
 2  18  10.145  44913.891  84.771  -0.055   10.533  -10.000     -504.7645    -5120.6250
 3  18  10.145  44913.891  84.771  -0.019    9.379  -10.000     -504.7645    -5120.6250
 9  18  10.145  44913.891  84.771  -0.017    8.386  -10.000     -504.7645    -5120.6250
10  18  10.145  44913.891  84.771   0.007    7.656  -10.000     -504.7645    -5120.6250
 2  18  10.145  44985.719 113.730  -0.006   10.451  -10.000     -497.6841    -5048.7969
 3  18  10.145  44985.719 113.730   0.028    9.358  -10.000     -497.6841    -5048.7969
 9  18  10.145  44985.719 113.730   0.026    8.401  -10.000     -497.6841    -5048.7969
10  18  10.145  44985.719 113.730   0.006    7.651  -10.000     -497.6841    -5048.7969
 2  18  10.145  44945.746 135.231   0.068   10.333  -10.000     -501.6244    -5088.7695
 3  18  10.145  44945.746 135.231   0.051    9.262  -10.000     -501.6244    -5088.7695
 9  18  10.145  44945.746 135.231   0.028    8.329  -10.000     -501.6244    -5088.7695
10  18  10.145  44945.746 135.231   0.000    7.599  -10.000     -501.6244    -5088.7695
 2  18  10.145  44986.828 153.105   0.059   10.176  -10.000     -497.5747    -5047.6875
 3  18  10.145  44986.828 153.105   0.034    9.147  -10.000     -497.5747    -5047.6875
 9  18  10.145  44986.828 153.105   0.020    8.256  -10.000     -497.5747    -5047.6875
10  18  10.145  44986.828 153.105   0.013    7.566  -10.000     -497.5747    -5047.6875
 2  18  10.145  44215.883 154.622   0.014   10.119  -10.000     -573.5705    -5818.6328
 3  18  10.145  44215.883 154.622   0.028    9.132  -10.000     -573.5705    -5818.6328
 9  18  10.145  44215.883 154.622  -0.005    8.225  -10.000     -573.5705    -5818.6328
10  18  10.145  44215.883 154.622  -0.003    7.545  -10.000     -573.5705    -5818.6328
 2  18  10.145  44987.625 181.384  -0.078    9.850  -10.000     -497.4962    -5046.8906
 3  18  10.145  44987.625 181.384  -0.042    8.935  -10.000     -497.4962    -5046.8906
 9  18  10.145  44987.625 181.384  -0.036    8.098  -10.000     -497.4962    -5046.8906
10  18  10.145  44987.625 181.384  -0.034    7.438  -10.000     -497.4962    -5046.8906
 2  18  10.145  44216.863 189.426  -0.106    9.793  -10.000     -573.4738    -5817.6523
 3  18  10.145  44216.863 189.426  -0.066    8.889  -10.000     -573.4738    -5817.6523
 9  18  10.145  44216.863 189.426  -0.058    8.058  -10.000     -573.4738    -5817.6523
10  18  10.145  44216.863 189.426  -0.039    7.418  -10.000     -573.4738    -5817.6523
 2  18  10.145  44561.863 192.415  -0.088    9.803  -10.000     -539.4655    -5472.6523
 3  18  10.145  44561.863 192.415  -0.052    8.896  -10.000     -539.4655    -5472.6523
 9  18  10.145  44561.863 192.415  -0.050    8.060  -10.000     -539.4655    -5472.6523
10  18  10.145  44561.863 192.415  -0.021    7.430  -10.000     -539.4655    -5472.6523
 2  18  10.145  44886.910 207.323  -0.085    9.755  -10.000     -507.4241    -5147.6055
 3  18  10.145  44886.910 207.323  -0.034    8.874  -10.000     -507.4241    -5147.6055
 9  18  10.145  44886.910 207.323  -0.033    8.044  -10.000     -507.4241    -5147.6055
10  18  10.145  44886.910 207.323  -0.018    7.404  -10.000     -507.4241    -5147.6055
 2  18  10.145  44562.953 231.086  -0.031    9.679  -10.000     -539.3581    -5471.5625
 3  18  10.145  44562.953 231.086  -0.008    8.801  -10.000     -539.3581    -5471.5625
 9  18  10.145  44562.953 231.086  -0.019    7.979  -10.000     -539.3581    -5471.5625
10  18  10.145  44562.953 231.086  -0.006    7.349  -10.000     -539.3581    -5471.5625
 0 129  10.145  24864.859 326.338   4.107   -3.500  -10.000    -2481.0935   -25169.6562
 0 129  10.145  24869.918 145.898   7.364   12.600  -10.000    -2480.5947   -25164.5977
 0 129  10.145  24920.785 150.996   2.955    5.700  -10.000    -2475.5806   -25113.7305
 0 129  10.145  25159.938 357.803  -0.468   -1.800  -10.000    -2452.0061   -24874.5781
 0 129  10.145  25256.738 192.920  -3.679   -9.100  -10.000    -2442.4641   -24777.7773
 0 129  10.145  25304.633  92.549  -5.515    8.000  -10.000    -2437.7429   -24729.8828
 0 129  10.145  25572.848 250.664  -5.085  -13.600  -10.000    -2411.3037   -24461.6680
 0 129  10.145  25573.973 290.566   0.838  -10.400  -10.000    -2411.1929   -24460.5430
 2 150  10.145  50326.441 279.548  -0.005    9.809  -10.000       28.7765      291.9258
 3 150  10.145  50326.441 279.548  -0.009    8.847  -10.000       28.7765      291.9258
 4 150  10.145  50326.441 279.548  -0.020    8.249  -10.000       28.7765      291.9258
 2 150  10.145  50327.477 316.282   0.028   10.071  -10.000       28.8786      292.9609
 3 150  10.145  50327.477 316.282   0.022    9.016  -10.000       28.8786      292.9609
 4 150  10.145  50327.477 316.282   0.035    8.404  -10.000       28.8786      292.9609
 2 150  10.145  50328.496 352.462   0.010   10.266  -10.000       28.9791      293.9805
 3 150  10.145  50328.496 352.462  -0.018    9.111  -10.000       28.9791      293.9805
 4 150  10.145  50328.496 352.462  -0.005    8.467  -10.000       28.9791      293.9805
 2 150  10.145  50332.438 132.330   0.091   10.383  -10.000       29.3676      297.9219
 3 150  10.145  50332.438 132.330   0.041    9.268  -10.000       29.3676      297.9219
 4 150  10.145  50332.438 132.330  -0.054    8.542  -10.000       29.3676      297.9219
 2 150  10.145  50333.445 168.095   0.042   10.046  -10.000       29.4669      298.9297
 3 150  10.145  50333.445 168.095   0.024    9.057  -10.000       29.4669      298.9297
 4 150  10.145  50333.445 168.095  -0.102    8.338  -10.000       29.4669      298.9297
 2 150  10.145  50335.453 239.346   0.044    9.732  -10.000       29.6649      300.9375
 3 150  10.145  50335.453 239.346  -0.001    8.789  -10.000       29.6649      300.9375
 4 150  10.145  50335.453 239.346  -0.016    8.212  -10.000       29.6649      300.9375
 2 150  10.145  50337.395 308.241   0.096   10.091  -10.000       29.8562      302.8789
 3 150  10.145  50337.395 308.241   0.063    9.028  -10.000       29.8562      302.8789
 4 150  10.145  50337.395 308.241   0.027    8.375  -10.000       29.8562      302.8789
 2 150  10.145  50338.465 346.222   0.007   10.229  -10.000       29.9617      303.9492
 3 150  10.145  50338.465 346.222   0.001    9.109  -10.000       29.9617      303.9492
 4 150  10.145  50338.465 346.222  -0.026    8.429  -10.000       29.9617      303.9492
 2 150  10.145  50340.391  54.562  -0.008   10.561  -10.000       30.1516      305.8750
 3 150  10.145  50340.391  54.562  -0.021    9.343  -10.000       30.1516      305.8750
 4 150  10.145  50340.391  54.562  -0.039    8.635  -10.000       30.1516      305.8750
 2 150  10.145  50341.398  90.327  -0.013   10.564  -10.000       30.2509      306.8828
 3 150  10.145  50341.398  90.327  -0.019    9.376  -10.000       30.2509      306.8828
 4 150  10.145  50341.398  90.327  -0.033    8.682  -10.000       30.2509      306.8828
 2 150  10.145  50342.418 126.507   0.062   10.406  -10.000       30.3514      307.9023
 3 150  10.145  50342.418 126.507   0.024    9.284  -10.000       30.3514      307.9023
 4 150  10.145  50342.418 126.507  -0.004    8.616  -10.000       30.3514      307.9023
 2 150  10.145  50344.410 197.203  -0.019    9.859  -10.000       30.5478      309.8945
 3 150  10.145  50344.410 197.203  -0.052    8.885  -10.000       30.5478      309.8945
 4 150  10.145  50344.410 197.203  -0.092    8.266  -10.000       30.5478      309.8945
 2 150  10.145  50347.410 303.664   0.024    9.990  -10.000       30.8435      312.8945
 3 150  10.145  50347.410 303.664  -0.017    8.930  -10.000       30.8435      312.8945
 4 150  10.145  50347.410 303.664  -0.011    8.324  -10.000       30.8435      312.8945
18 163  10.145  47920.746 228.823  -0.037    8.923  -10.000     -208.3644    -2113.7695
18 163  10.145  47920.762 229.378  -0.028    8.930  -10.000     -208.3628    -2113.7539
18 163  10.145  47920.836 232.009  -0.020    8.929  -10.000     -208.3555    -2113.6797
18 163  10.145  47920.848 232.427  -0.005    8.943  -10.000     -208.3544    -2113.6680
18 163  10.145  47932.656 291.478  -0.022    9.018  -10.000     -207.1903    -2101.8594
18 163  10.145  47932.668 291.896   0.006    9.047  -10.000     -207.1892    -2101.8477
18 163  10.145  47932.742 294.527   0.029    9.080  -10.000     -207.1819    -2101.7734
18 163  10.145  47932.758 295.082   0.038    9.092  -10.000     -207.1803    -2101.7578
18 163  10.145  47965.094   2.587  -0.008    9.297  -10.000     -203.9928    -2069.4219
18 163  10.145  47965.184   5.773   0.017    9.335  -10.000     -203.9840    -2069.3320
18 163  10.145  47965.258   8.410   0.010    9.339  -10.000     -203.9766    -2069.2578
18 163  10.145  48000.973 195.815  -0.094    8.988  -10.000     -200.4561    -2033.5430
18 163  10.145  48000.984 196.232  -0.069    9.012  -10.000     -200.4549    -2033.5312
18 163  10.145  48001.062 199.006  -0.064    9.011  -10.000     -200.4472    -2033.4531
18 163  10.145  48001.074 199.424  -0.064    9.010  -10.000     -200.4460    -2033.4414
18 163  10.145  48001.148 202.055  -0.065    9.002  -10.000     -200.4387    -2033.3672
18 163  10.145  48001.164 202.610  -0.071    8.994  -10.000     -200.4372    -2033.3516
18 163  10.145  48001.254 205.796  -0.051    9.004  -10.000     -200.4283    -2033.2617
18 163  10.145  48001.414 211.481  -0.063    8.972  -10.000     -200.4126    -2033.1016
18 163  10.145  48001.430 212.036  -0.050    8.983  -10.000     -200.4110    -2033.0859
18 163  10.145  48001.520 215.222  -0.024    8.995  -10.000     -200.4022    -2032.9961
18 163  10.145  48008.527 103.909   0.030    9.533  -10.000     -199.7114    -2025.9883
18 163  10.145  48008.617 107.100   0.004    9.497  -10.000     -199.7025    -2025.8984
18 163  10.145  48008.629 107.512  -0.020    9.472  -10.000     -199.7014    -2025.8867
18 163  10.145  48008.703 110.149   0.030    9.513  -10.000     -199.6940    -2025.8125
18 163  10.145  48008.719 110.704   0.008    9.488  -10.000     -199.6925    -2025.7969
18 163  10.145  48008.984 120.130   0.004    9.437  -10.000     -199.6663    -2025.5312
18 163  10.145  48009.074 123.316   0.040    9.455  -10.000     -199.6575    -2025.4414
18 163  10.145  48009.148 125.953   0.062    9.463  -10.000     -199.6501    -2025.3672
18 163  10.145  48009.164 126.508   0.043    9.441  -10.000     -199.6486    -2025.3516
18 163  10.145  48009.238 129.139   0.050    9.433  -10.000     -199.6413    -2025.2773
18 163  10.145  48135.344 284.233  -0.021    8.992  -10.000     -187.2105    -1899.1719
18 163  10.145  48135.355 284.650  -0.021    8.993  -10.000     -187.2093    -1899.1602
18 163  10.145  48135.520 290.473   0.018    9.054  -10.000     -187.1931    -1898.9961
18 163  10.145  48165.301 267.319  -0.090    8.873  -10.000     -184.2574    -1869.2148
18 163  10.145  48182.617 161.823   0.023    9.229  -10.000     -182.5505    -1851.8984
18 163  10.145  48182.633 162.378  -0.011    9.192  -10.000     -182.5490    -1851.8828
18 163  10.145  48311.500  55.475  -0.030    9.471  -10.000     -169.8459    -1723.0156
18 163  10.145  48311.516  56.030  -0.022    9.480  -10.000     -169.8444    -1723.0000
18 163  10.145  48337.000 240.392  -0.026    8.906  -10.000     -167.3322    -1697.5156
18 163  10.145  48337.012 240.809  -0.043    8.888  -10.000     -167.3311    -1697.5039
18 163  10.145  48337.086 243.446  -0.040    8.890  -10.000     -167.3238    -1697.4297
18 163  10.145  48337.102 243.995  -0.039    8.890  -10.000     -167.3222    -1697.4141
18 163  10.145  48358.770 292.928   0.026    9.072  -10.000     -165.1863    -1675.7461
18 163  10.145  48358.781 293.346   0.027    9.074  -10.000     -165.1852    -1675.7344
18 163  10.145  48358.859 296.115   0.033    9.090  -10.000     -165.1775    -1675.6562
18 163  10.145  48358.871 296.532   0.035    9.095  -10.000     -165.1763    -1675.6445
18 163  10.145  48358.945 299.163   0.011    9.080  -10.000     -165.1690    -1675.5703
18 163  10.145  48358.961 299.718   0.039    9.111  -10.000     -165.1674    -1675.5547
18 163  10.145  48359.035 302.355   0.026    9.108  -10.000     -165.1601    -1675.4805
18 163  10.145  48481.234 318.829   0.032    9.174  -10.000     -153.1144    -1553.2812
18 163  10.145  48481.250 319.384   0.054    9.198  -10.000     -153.1128    -1553.2656
18 163  10.145  48481.324 322.015   0.044    9.199  -10.000     -153.1055    -1553.1914
18 163  10.145  48481.336 322.432   0.011    9.167  -10.000     -153.1044    -1553.1797
18 163  10.145  48481.414 325.206   0.029    9.196  -10.000     -153.0966    -1553.1016
18 163  10.145  48481.426 325.618   0.020    9.188  -10.000     -153.0955    -1553.0898
18 163  10.145  48659.117 151.342   0.053    9.314  -10.000     -135.5796    -1375.3984
18 163  10.145  48659.129 151.760   0.031    9.291  -10.000     -135.5784    -1375.3867
18 163  10.145  48659.203 154.391   0.037    9.282  -10.000     -135.5711    -1375.3125
18 163  10.145  48659.219 154.946   0.054    9.297  -10.000     -135.5696    -1375.2969
18 163  10.145  48659.293 157.577   0.028    9.256  -10.000     -135.5623    -1375.2227
18 163  10.145  48659.309 158.132   0.052    9.278  -10.000     -135.5607    -1375.2070
18 163  10.145  48676.191  37.255  -0.006    9.436  -10.000     -133.8965    -1358.3242
18 163  10.145  48676.266  39.886  -0.013    9.439  -10.000     -133.8892    -1358.2500
18 163  10.145  48676.281  40.441  -0.017    9.437  -10.000     -133.8877    -1358.2344
18 163  10.145  48705.316 350.810   0.035    9.295  -10.000     -131.0255    -1329.1992
18 163  10.145  48705.332 351.365  -0.007    9.255  -10.000     -131.0240    -1329.1836
18 163  10.145  48830.402 109.726   0.119    9.604  -10.000     -118.6952    -1204.1133
18 163  10.145  48830.492 112.912   0.042    9.513  -10.000     -118.6864    -1204.0234
18 163  10.145  48830.566 115.546   0.023    9.480  -10.000     -118.6790    -1203.9492
18 163  10.145  48830.578 115.963   0.044    9.499  -10.000     -118.6779    -1203.9375
18 163  10.145  48830.828 124.835   0.067    9.474  -10.000     -118.6532    -1203.6875
18 163  10.145  48830.844 125.390   0.030    9.433  -10.000     -118.6517    -1203.6719
18 163  10.145  48830.918 128.024   0.066    9.456  -10.000     -118.6444    -1203.5977
18 163  10.145  48831.008 131.210   0.058    9.430  -10.000     -118.6355    -1203.5078
18 163  10.145  48831.020 131.627   0.075    9.444  -10.000     -118.6344    -1203.4961
18 163  10.145  49041.977  57.843   0.004    9.511  -10.000      -97.8393     -992.5391
18 163  10.145  49041.992  58.398  -0.005    9.502  -10.000      -97.8378     -992.5234
18 163  10.145  49042.066  61.032   0.026    9.540  -10.000      -97.8305     -992.4492
18 163  10.145  49042.078  61.447  -0.022    9.493  -10.000      -97.8293     -992.4375
 0  29  10.145  44573.828 257.014   1.558   -7.900    3.800     -538.2861    -5460.6875
 0  29  10.145  44513.922 291.116  -4.570  -15.800    3.800     -544.1913    -5520.5938
 0  29  10.145  44625.777 300.520   7.797   -3.000    3.800     -533.1652    -5408.7383
 0  29  10.145  45387.578 334.490  -5.031  -12.400    3.800     -458.0709    -4646.9375
 0  29  10.145  45388.664  13.019  -3.036   -1.200    3.800     -457.9638    -4645.8516
 0  29  10.145  44891.883  23.785  -7.136   -3.500    3.800     -506.9339    -5142.6328
 0  29  10.145  45338.746  41.583 -14.064   -4.700    3.800     -462.8845    -4695.7695
 0  29  10.145  44537.844  60.029  -8.796    2.100    3.800     -541.8333    -5496.6719
 0  29  10.145  45004.691  67.017  -1.909   10.500    3.800     -495.8138    -5029.8242
 0  29  10.145  45339.703  75.553  -3.214    9.400    3.800     -462.7901    -4694.8125
 0  29  10.145  45340.703 111.039  -2.780   10.200    3.800     -462.6916    -4693.8125
 0  29  10.145  44570.855 151.523  -4.452   -2.000    3.800     -538.5791    -5463.6602
 0  29  10.145  45342.672 180.901  -9.717  -13.000    3.800     -462.4975    -4691.8438
 0  29  10.145  45383.633 194.480  -4.427   -9.900    3.800     -458.4598    -4650.8828
 0  29  10.145  44572.836 221.792  -6.284  -11.900    3.800     -538.3839    -5461.6797
 0  29  10.145  44217.836 223.945  -5.247  -11.100    3.800     -573.3779    -5816.6797
 0  29  10.145  44542.855 237.876  -7.031  -13.700    3.800     -541.3392    -5491.6602
 0  29  10.145  44948.859 245.709  -5.094  -12.600    3.800     -501.3175    -5085.6562
 1  14  10.145  43424.637 155.742   0.076   10.800  -10.000     -651.5674    -6609.8789
 2  14  10.145  43424.637 155.742   0.024   10.120  -10.000     -651.5674    -6609.8789
 3  14  10.145  43424.637 155.742   0.022    9.120  -10.000     -651.5674    -6609.8789
 1  14  10.145  43425.641 191.360   0.030   10.480  -10.000     -651.4684    -6608.8750
 2  14  10.145  43425.641 191.360  -0.074    9.820  -10.000     -651.4684    -6608.8750
 3  14  10.145  43425.641 191.360  -0.041    8.910  -10.000     -651.4684    -6608.8750
 2  14  10.145  43438.629 292.280   0.068    9.960  -10.000     -650.1881    -6595.8867
 3  14  10.145  43438.629 292.280   0.028    8.930  -10.000     -650.1881    -6595.8867
 2  14  10.145  43460.492 348.135  -0.002   10.230  -10.000     -648.0330    -6574.0234
 3  14  10.145  43460.492 348.135   0.006    9.120  -10.000     -648.0330    -6574.0234
 1  14  10.145  43483.621  88.901   0.008   11.460  -10.000     -645.7531    -6550.8945
 2  14  10.145  43483.621  88.901  -0.010   10.570  -10.000     -645.7531    -6550.8945
 3  14  10.145  43483.621  88.901  -0.036    9.360  -10.000     -645.7531    -6550.8945
 2  14  10.145  43599.328 234.998  -0.017    9.680  -10.000     -634.3472    -6435.1875
 3  14  10.145  43599.328 234.998  -0.038    8.760  -10.000     -634.3472    -6435.1875
 2  14  10.145  43789.484 143.064   0.083   10.280  -10.000     -615.6026    -6245.0312
 3  14  10.145  43789.484 143.064   0.103    9.270  -10.000     -615.6026    -6245.0312
 1  14  10.145  43791.602 218.188   0.105   10.410  -10.000     -615.3939    -6242.9141
 2  14  10.145  43791.602 218.188  -0.011    9.770  -10.000     -615.3939    -6242.9141
 3  14  10.145  43791.602 218.188  -0.023    8.840  -10.000     -615.3939    -6242.9141
 2  14  10.145  43803.395 276.680  -0.009    9.790  -10.000     -614.2314    -6231.1211
 3  14  10.145  43803.395 276.680   0.013    8.860  -10.000     -614.2314    -6231.1211
 1  14  10.145  43849.453 111.160  -0.034   11.250  -10.000     -609.6912    -6185.0625
 2  14  10.145  43849.453 111.160  -0.007   10.470  -10.000     -609.6912    -6185.0625
 3  14  10.145  43849.453 111.160  -0.012    9.330  -10.000     -609.6912    -6185.0625
 2  14  10.145  43878.316  55.437  -0.002   10.570  -10.000     -606.8460    -6156.1992
 3  14  10.145  43878.316  55.437  -0.006    9.360  -10.000     -606.8460    -6156.1992
 1  14  10.145  43928.355  31.157  -0.048   11.300  -10.000     -601.9135    -6106.1602
 2  14  10.145  43928.355  31.157   0.018   10.490  -10.000     -601.9135    -6106.1602
 3  14  10.145  43928.355  31.157  -0.014    9.270  -10.000     -601.9135    -6106.1602
 1  14  10.145  43931.277 134.846   0.117   11.090  -10.000     -601.6254    -6103.2383
 2  14  10.145  43931.277 134.846   0.111   10.380  -10.000     -601.6254    -6103.2383
 3  14  10.145  43931.277 134.846   0.077    9.290  -10.000     -601.6254    -6103.2383
 1  14  10.145  43956.289 302.432   0.211   10.820  -10.000     -599.1599    -6078.2266
 2  14  10.145  43956.289 302.432   0.072   10.030  -10.000     -599.1599    -6078.2266
 3  14  10.145  43956.289 302.432   0.037    8.980  -10.000     -599.1599    -6078.2266
 2  14  10.145  43957.316 338.906   0.058   10.240  -10.000     -599.0586    -6077.1992
 3  14  10.145  43957.316 338.906   0.008    9.090  -10.000     -599.0586    -6077.1992
 1  14  10.145  44132.621  79.915  -0.131   11.350  -10.000     -581.7780    -5901.8945
 2  14  10.145  44132.621  79.915   0.005   10.600  -10.000     -581.7780    -5901.8945
 3  14  10.145  44132.621  79.915  -0.019    9.380  -10.000     -581.7780    -5901.8945
 2  14  10.145  44157.508 243.083  -0.035    9.650  -10.000     -579.3248    -5877.0078
 3  14  10.145  44157.508 243.083  -0.047    8.740  -10.000     -579.3248    -5877.0078
 2  14  10.145  44166.473 201.204  -0.025    9.840  -10.000     -578.4411    -5868.0430
 3  14  10.145  44166.473 201.204  -0.037    8.890  -10.000     -578.4411    -5868.0430
 1  14  10.145  44203.348  69.785  -0.015   11.480  -10.000     -574.8062    -5831.1680
 2  14  10.145  44203.348  69.785   0.012   10.610  -10.000     -574.8062    -5831.1680
 3  14  10.145  44203.348  69.785  -0.024    9.370  -10.000     -574.8062    -5831.1680
 3   9  10.145  43866.961  12.458  -0.040    9.170  -10.000     -607.9654    -6167.5547
14   9  10.145  43866.961  12.458  -0.019   10.790  -10.000     -607.9654    -6167.5547
15   9  10.145  43866.961  12.458  -0.010    9.520  -10.000     -607.9654    -6167.5547
16   9  10.145  43866.961  12.458  -0.022    8.550  -10.000     -607.9654    -6167.5547
17   9  10.145  43866.961  12.458  -0.026    7.870  -10.000     -607.9654    -6167.5547
 3   9  10.145  43867.941  47.263  -0.032    9.310  -10.000     -607.8687    -6166.5742
14   9  10.145  43867.941  47.263  -0.019   10.990  -10.000     -607.8687    -6166.5742
15   9  10.145  43867.941  47.263  -0.002    9.670  -10.000     -607.8687    -6166.5742
16   9  10.145  43867.941  47.263  -0.016    8.670  -10.000     -607.8687    -6166.5742
17   9  10.145  43867.941  47.263  -0.016    7.980  -10.000     -607.8687    -6166.5742
 3   9  10.145  43868.961  83.430  -0.039    9.360  -10.000     -607.7682    -6165.5547
14   9  10.145  43868.961  83.430  -0.049   11.000  -10.000     -607.7682    -6165.5547
15   9  10.145  43868.961  83.430  -0.016    9.710  -10.000     -607.7682    -6165.5547
16   9  10.145  43868.961  83.430  -0.017    8.730  -10.000     -607.7682    -6165.5547
17   9  10.145  43868.961  83.430  -0.020    8.040  -10.000     -607.7682    -6165.5547
 3   9  10.145  43869.980 119.619   0.082    9.380  -10.000     -607.6677    -6164.5352
14   9  10.145  43869.980 119.619   0.109   10.920  -10.000     -607.6677    -6164.5352
15   9  10.145  43869.980 119.619   0.083    9.690  -10.000     -607.6677    -6164.5352
16   9  10.145  43869.980 119.619   0.056    8.740  -10.000     -607.6677    -6164.5352
17   9  10.145  43869.980 119.619   0.042    8.070  -10.000     -607.6677    -6164.5352
