 1  79  11.303  45666.418 106.207  -0.057   12.075  -10.000       15.2950      172.8789
 2  79  11.303  45666.418 106.207   0.028   11.223  -10.000       15.2950      172.8789
 3  79  11.303  45666.418 106.207   0.007   10.005  -10.000       15.2950      172.8789
 4  79  11.303  45666.418 106.207  -0.006    9.339  -10.000       15.2950      172.8789
 1  79  11.303  45676.406  64.334   0.087   12.375  -10.000       16.1787      182.8672
 2  79  11.303  45676.406  64.334   0.067   11.343  -10.000       16.1787      182.8672
 3  79  11.303  45676.406  64.334   0.022   10.043  -10.000       16.1787      182.8672
 4  79  11.303  45676.406  64.334   0.007    9.351  -10.000       16.1787      182.8672
 1  79  11.303  45679.391 159.387  -0.064   11.500  -10.000       16.4427      185.8516
 2  79  11.303  45679.391 159.387   0.040   10.856  -10.000       16.4427      185.8516
 3  79  11.303  45679.391 159.387   0.033    9.796  -10.000       16.4427      185.8516
 4  79  11.303  45679.391 159.387   0.010    9.180  -10.000       16.4427      185.8516
 2  79  11.303  45687.324  52.072   0.041   11.282  -10.000       17.1446      193.7852
 3  79  11.303  45687.324  52.072  -0.013    9.976  -10.000       17.1446      193.7852
 4  79  11.303  45687.324  52.072  -0.029    9.285  -10.000       17.1446      193.7852
 1  79  11.303  45690.363 148.867  -0.101   11.542  -10.000       17.4135      196.8242
 2  79  11.303  45690.363 148.867  -0.006   10.865  -10.000       17.4135      196.8242
 3  79  11.303  45690.363 148.867  -0.016    9.783  -10.000       17.4135      196.8242
 4  79  11.303  45690.363 148.867  -0.026    9.172  -10.000       17.4135      196.8242
 1  79  11.303  45691.363 180.717   0.005   11.427  -10.000       17.5020      197.8242
 2  79  11.303  45691.363 180.717   0.051   10.763  -10.000       17.5020      197.8242
 3  79  11.303  45691.363 180.717   0.040    9.728  -10.000       17.5020      197.8242
 4  79  11.303  45691.363 180.717   0.026    9.134  -10.000       17.5020      197.8242
 1  79  11.303  45692.430 214.682   0.002   10.990  -10.000       17.5963      198.8906
 2  79  11.303  45692.430 214.682   0.033   10.422  -10.000       17.5963      198.8906
 3  79  11.303  45692.430 214.682   0.039    9.489  -10.000       17.5963      198.8906
 4  79  11.303  45692.430 214.682   0.047    8.951  -10.000       17.5963      198.8906
 1  79  11.303  45693.434 246.656  -0.027   10.926  -10.000       17.6852      199.8945
 2  79  11.303  45693.434 246.656   0.003   10.353  -10.000       17.6852      199.8945
 3  79  11.303  45693.434 246.656   0.014    9.422  -10.000       17.6852      199.8945
 4  79  11.303  45693.434 246.656   0.014    8.876  -10.000       17.6852      199.8945
 1  79  11.303  45694.336 275.396  -0.105   11.122  -10.000       17.7650      200.7969
 2  79  11.303  45694.336 275.396  -0.071   10.460  -10.000       17.7650      200.7969
 3  79  11.303  45694.336 275.396  -0.030    9.487  -10.000       17.7650      200.7969
 4  79  11.303  45694.336 275.396  -0.041    8.901  -10.000       17.7650      200.7969
 1  79  11.303  45695.305 306.251  -0.056   11.427  -10.000       17.8507      201.7656
 2  79  11.303  45695.305 306.251  -0.030   10.666  -10.000       17.8507      201.7656
 3  79  11.303  45695.305 306.251  -0.025    9.587  -10.000       17.8507      201.7656
 4  79  11.303  45695.305 306.251  -0.029    8.977  -10.000       17.8507      201.7656
 1  79  11.303  45705.262 263.383  -0.105   11.010  -10.000       18.7316      211.7227
 2  79  11.303  45705.262 263.383  -0.054   10.405  -10.000       18.7316      211.7227
 3  79  11.303  45705.262 263.383  -0.026    9.450  -10.000       18.7316      211.7227
 4  79  11.303  45705.262 263.383  -0.005    8.907  -10.000       18.7316      211.7227
 1  79  11.303  45706.273 295.606  -0.098   11.292  -10.000       18.8211      212.7344
 2  79  11.303  45706.273 295.606  -0.047   10.587  -10.000       18.8211      212.7344
 3  79  11.303  45706.273 295.606  -0.041    9.533  -10.000       18.8211      212.7344
 4  79  11.303  45706.273 295.606  -0.036    8.943  -10.000       18.8211      212.7344
 1  79  11.303  45707.277 327.581  -0.037   11.618  -10.000       18.9099      213.7383
 2  79  11.303  45707.277 327.581  -0.005   10.805  -10.000       18.9099      213.7383
 3  79  11.303  45707.277 327.581  -0.024    9.658  -10.000       18.9099      213.7383
 4  79  11.303  45707.277 327.581  -0.024    9.035  -10.000       18.9099      213.7383
 2  79  11.303  47408.500 151.655   0.040   10.894  -10.000      169.4213     1914.9609
 3  79  11.303  47408.500 151.655   0.004    9.792  -10.000      169.4213     1914.9609
 4  79  11.303  47408.500 151.655  -0.009    9.181  -10.000      169.4213     1914.9609
 2  79  11.303  47409.504 183.631   0.061   10.756  -10.000      169.5101     1915.9648
 3  79  11.303  47409.504 183.631   0.082    9.757  -10.000      169.5101     1915.9648
 4  79  11.303  47409.504 183.631   0.067    9.164  -10.000      169.5101     1915.9648
 2  79  11.303  47410.504 215.480   0.046   10.427  -10.000      169.5986     1916.9648
 3  79  11.303  47410.504 215.480   0.083    9.527  -10.000      169.5986     1916.9648
 4  79  11.303  47410.504 215.480   0.059    8.959  -10.000      169.5986     1916.9648
 2  79  11.303  47413.500 310.908  -0.023   10.699  -10.000      169.8636     1919.9609
 3  79  11.303  47413.500 310.908   0.010    9.638  -10.000      169.8636     1919.9609
 2  79  11.303  47414.500 342.757   0.019   10.917  -10.000      169.9521     1920.9609
 3  79  11.303  47414.500 342.757   0.011    9.750  -10.000      169.9521     1920.9609
 4  79  11.303  47414.500 342.757   0.000    9.102  -10.000      169.9521     1920.9609
 2  79  11.303  47415.500  14.606   0.046   11.119  -10.000      170.0406     1921.9609
 3  79  11.303  47415.500  14.606   0.020    9.879  -10.000      170.0406     1921.9609
 4  79  11.303  47415.500  14.606   0.016    9.216  -10.000      170.0406     1921.9609
 2  79  11.303  47417.496  78.184   0.059   11.341  -10.000      170.2172     1923.9570
 3  79  11.303  47417.496  78.184   0.050   10.084  -10.000      170.2172     1923.9570
 4  79  11.303  47417.496  78.184   0.028    9.388  -10.000      170.2172     1923.9570
 3  79  11.303  47418.496 110.034  -0.030    9.953  -10.000      170.3056     1924.9570
 4  79  11.303  47418.496 110.034  -0.052    9.283  -10.000      170.3056     1924.9570
 2  79  11.303  47419.500 142.004  -0.079   10.837  -10.000      170.3945     1925.9609
 3  79  11.303  47419.500 142.004  -0.065    9.763  -10.000      170.3945     1925.9609
 4  79  11.303  47419.500 142.004  -0.068    9.154  -10.000      170.3945     1925.9609
 2  79  11.303  47420.500 173.859   0.083   10.831  -10.000      170.4829     1926.9609
 3  79  11.303  47420.500 173.859   0.047    9.761  -10.000      170.4829     1926.9609
 4  79  11.303  47420.500 173.859   0.037    9.167  -10.000      170.4829     1926.9609
 2  79  11.303  47421.500 205.708   0.058   10.550  -10.000      170.5714     1927.9609
 3  79  11.303  47421.500 205.708   0.067    9.592  -10.000      170.5714     1927.9609
 4  79  11.303  47421.500 205.708   0.062    9.031  -10.000      170.5714     1927.9609
 2  79  11.303  47422.500 237.557   0.002   10.310  -10.000      170.6599     1928.9609
 3  79  11.303  47422.500 237.557   0.055    9.438  -10.000      170.6599     1928.9609
 4  79  11.303  47422.500 237.557   0.045    8.889  -10.000      170.6599     1928.9609
 2  79  11.303  47424.492 301.009  -0.076   10.588  -10.000      170.8361     1930.9531
 3  79  11.303  47424.492 301.009  -0.039    9.554  -10.000      170.8361     1930.9531
 4  79  11.303  47424.492 301.009  -0.036    8.956  -10.000      170.8361     1930.9531
 2  79  11.303  47425.496 332.985   0.009   10.849  -10.000      170.9250     1931.9570
 3  79  11.303  47425.496 332.985   0.026    9.727  -10.000      170.9250     1931.9570
 4  79  11.303  47425.496 332.985   0.028    9.101  -10.000      170.9250     1931.9570
 2  79  11.303  47427.496  36.683   0.083   11.260  -10.000      171.1019     1933.9570
 3  79  11.303  47427.496  36.683   0.034    9.972  -10.000      171.1019     1933.9570
 4  79  11.303  47427.496  36.683   0.029    9.298  -10.000      171.1019     1933.9570
 2  79  11.303  47428.488  68.286   0.099   11.381  -10.000      171.1897     1934.9492
 3  79  11.303  47428.488  68.286   0.067   10.094  -10.000      171.1897     1934.9492
 4  79  11.303  47428.488  68.286   0.066    9.417  -10.000      171.1897     1934.9492
 2  79  11.303  47430.500 132.358  -0.037   10.948  -10.000      171.3677     1936.9609
 3  79  11.303  47430.500 132.358  -0.032    9.839  -10.000      171.3677     1936.9609
 4  79  11.303  47430.500 132.358  -0.043    9.210  -10.000      171.3677     1936.9609
 2  79  11.303  47431.500 164.207   0.024   10.818  -10.000      171.4561     1937.9609
 3  79  11.303  47431.500 164.207   0.020    9.767  -10.000      171.4561     1937.9609
 4  79  11.303  47431.500 164.207   0.018    9.176  -10.000      171.4561     1937.9609
 2  79  11.303  47432.500 196.057   0.030   10.633  -10.000      171.5446     1938.9609
 3  79  11.303  47432.500 196.057   0.036    9.644  -10.000      171.5446     1938.9609
 4  79  11.303  47432.500 196.057   0.025    9.064  -10.000      171.5446     1938.9609
 2  79  11.303  47433.477 227.159   0.062   10.364  -10.000      171.6310     1939.9375
 3  79  11.303  47433.477 227.159   0.049    9.433  -10.000      171.6310     1939.9375
 4  79  11.303  47433.477 227.159   0.042    8.890  -10.000      171.6310     1939.9375
 2  79  11.303  47434.492 259.508  -0.077   10.357  -10.000      171.7209     1940.9531
 3  79  11.303  47434.492 259.508  -0.029    9.431  -10.000      171.7209     1940.9531
 4  79  11.303  47434.492 259.508  -0.025    8.876  -10.000      171.7209     1940.9531
 2  79  11.303  48504.438 137.351   0.006   10.954  -10.000      266.3815     3010.8984
 3  79  11.303  48504.438 137.351  -0.033    9.816  -10.000      266.3815     3010.8984
 4  79  11.303  48504.438 137.351  -0.042    9.195  -10.000      266.3815     3010.8984
 2  79  11.303  48505.449 169.574   0.044   10.813  -10.000      266.4710     3011.9102
 3  79  11.303  48505.449 169.574   0.027    9.756  -10.000      266.4710     3011.9102
 4  79  11.303  48505.449 169.574  -0.010    9.133  -10.000      266.4710     3011.9102
 2  79  11.303  48506.426 200.676   0.082   10.636  -10.000      266.5574     3012.8867
 3  79  11.303  48506.426 200.676   0.094    9.666  -10.000      266.5574     3012.8867
 4  79  11.303  48506.426 200.676   0.081    9.089  -10.000      266.5574     3012.8867
 2  79  11.303  48507.449 233.273   0.042   10.340  -10.000      266.6480     3013.9102
 3  79  11.303  48507.449 233.273   0.044    9.422  -10.000      266.6480     3013.9102
 4  79  11.303  48507.449 233.273   0.030    8.871  -10.000      266.6480     3013.9102
 2  79  11.303  48508.457 265.375  -0.052   10.420  -10.000      266.7372     3014.9180
 3  79  11.303  48508.457 265.375  -0.027    9.456  -10.000      266.7372     3014.9180
 4  79  11.303  48508.457 265.375  -0.033    8.884  -10.000      266.7372     3014.9180
 2  79  11.303  48510.441 328.579   0.041   10.856  -10.000      266.9127     3016.9023
 3  79  11.303  48510.441 328.579   0.025    9.711  -10.000      266.9127     3016.9023
 4  79  11.303  48510.441 328.579   0.013    9.074  -10.000      266.9127     3016.9023
 2  79  11.303  48511.414 359.550   0.035   11.022  -10.000      266.9987     3017.8750
 3  79  11.303  48511.414 359.550   0.017    9.816  -10.000      266.9987     3017.8750
 4  79  11.303  48511.414 359.550   0.011    9.162  -10.000      266.9987     3017.8750
 2  79  11.303  48512.398  30.905   0.108   11.260  -10.000      267.0858     3018.8594
 3  79  11.303  48512.398  30.905   0.062    9.981  -10.000      267.0858     3018.8594
 4  79  11.303  48512.398  30.905   0.033    9.284  -10.000      267.0858     3018.8594
 2  79  11.303  48513.402  62.886   0.072   11.345  -10.000      267.1747     3019.8633
 3  79  11.303  48513.402  62.886   0.033   10.051  -10.000      267.1747     3019.8633
 4  79  11.303  48513.402  62.886   0.020    9.361  -10.000      267.1747     3019.8633
 2  79  11.303  48514.414  95.109   0.056   11.307  -10.000      267.2642     3020.8750
 3  79  11.303  48514.414  95.109   0.016   10.044  -10.000      267.2642     3020.8750
 4  79  11.303  48514.414  95.109   0.008    9.372  -10.000      267.2642     3020.8750
 2  79  11.303  48515.398 126.453  -0.017   11.016  -10.000      267.3513     3021.8594
 3  79  11.303  48515.398 126.453   0.000    9.900  -10.000      267.3513     3021.8594
 4  79  11.303  48515.398 126.453  -0.035    9.239  -10.000      267.3513     3021.8594
 2  79  11.303  48516.410 158.676   0.034   10.853  -10.000      267.4408     3022.8711
 3  79  11.303  48516.410 158.676   0.003    9.768  -10.000      267.4408     3022.8711
 4  79  11.303  48516.410 158.676   0.002    9.174  -10.000      267.4408     3022.8711
 2  79  11.303  48517.406 190.404   0.036   10.686  -10.000      267.5289     3023.8672
 3  79  11.303  48517.406 190.404   0.060    9.702  -10.000      267.5289     3023.8672
 4  79  11.303  48517.406 190.404   0.044    9.112  -10.000      267.5289     3023.8672
 2  79  11.303  48518.406 222.253   0.013   10.339  -10.000      267.6174     3024.8672
 3  79  11.303  48518.406 222.253   0.035    9.438  -10.000      267.6174     3024.8672
 4  79  11.303  48518.406 222.253   0.041    8.905  -10.000      267.6174     3024.8672
 2  79  11.303  48519.398 253.861  -0.033   10.363  -10.000      267.7052     3025.8594
 3  79  11.303  48519.398 253.861  -0.021    9.416  -10.000      267.7052     3025.8594
 4  79  11.303  48519.398 253.861  -0.034    8.850  -10.000      267.7052     3025.8594
 2  79  11.303  48520.410 286.084  -0.038   10.547  -10.000      267.7947     3026.8711
 3  79  11.303  48520.410 286.084  -0.039    9.508  -10.000      267.7947     3026.8711
 4  79  11.303  48520.410 286.084  -0.039    8.922  -10.000      267.7947     3026.8711
 2  79  11.303  48521.422 318.307  -0.002   10.760  -10.000      267.8842     3027.8828
 3  79  11.303  48521.422 318.307  -0.018    9.635  -10.000      267.8842     3027.8828
 4  79  11.303  48521.422 318.307  -0.024    9.013  -10.000      267.8842     3027.8828
 2  79  11.303  48522.410 349.783   0.002   10.936  -10.000      267.9716     3028.8711
 3  79  11.303  48522.410 349.783  -0.015    9.748  -10.000      267.9716     3028.8711
 4  79  11.303  48522.410 349.783  -0.028    9.094  -10.000      267.9716     3028.8711
 2  79  11.303  48523.398  21.259   0.044   11.154  -10.000      268.0591     3029.8594
 3  79  11.303  48523.398  21.259   0.019    9.905  -10.000      268.0591     3029.8594
 4  79  11.303  48523.398  21.259   0.012    9.234  -10.000      268.0591     3029.8594
 3  79  11.303  50007.527 130.880  -0.027    9.851  -10.000      399.3636     4513.9883
 5  79  11.303  50007.527 130.880  -0.055    8.623  -10.000      399.3636     4513.9883
 3  79  11.303  50008.512 162.235   0.058    9.812  -10.000      399.4507     4514.9727
 5  79  11.303  50008.512 162.235   0.060    8.669  -10.000      399.4507     4514.9727
 3  79  11.303  50009.461 192.469   0.132    9.763  -10.000      399.5346     4515.9219
 5  79  11.303  50009.461 192.469   0.125    8.647  -10.000      399.5346     4515.9219
 3  79  11.303  50010.453 224.066   0.078    9.472  -10.000      399.6224     4516.9141
 5  79  11.303  50010.453 224.066   0.078    8.430  -10.000      399.6224     4516.9141
 3  79  11.303  50011.422 254.916   0.009    9.450  -10.000      399.7081     4517.8828
 5  79  11.303  50011.422 254.916   0.018    8.385  -10.000      399.7081     4517.8828
 3  79  11.303  50017.430  86.265   0.082   10.116  -10.000      400.2396     4523.8906
 5  79  11.303  50017.430  86.265   0.052    8.791  -10.000      400.2396     4523.8906
 3  79  11.303  50018.441 118.499  -0.026    9.916  -10.000      400.3292     4524.9023
 5  79  11.303  50018.441 118.499   0.004    8.713  -10.000      400.3292     4524.9023
 3  79  11.303  50019.406 149.227   0.049    9.846  -10.000      400.4145     4525.8672
 5  79  11.303  50019.406 149.227   0.032    8.667  -10.000      400.4145     4525.8672
 3  79  11.303  50020.367 179.824   0.107    9.799  -10.000      400.4995     4526.8281
 5  79  11.303  50020.367 179.824   0.134    8.700  -10.000      400.4995     4526.8281
 0 156  11.303  49656.602 113.862   3.800   38.700    0.380      368.3163     4163.0625
 0 156  11.303  49663.637 337.939   1.927   12.280    0.300      368.9387     4170.0977
 0 156  11.303  49681.426 184.515   4.275   15.220    0.290      370.5125     4187.8867
 0 156  11.303  49682.484 218.232   3.358   12.580    0.300      370.6062     4188.9453
 0 156  11.303  49684.375 278.448   0.584   -0.790    0.310      370.7735     4190.8359
 0 156  11.303  49721.602  24.126   1.544   24.890    0.430      374.0670     4228.0625
 0 156  11.303  49768.328  72.367   3.133   35.830    0.300      378.2010     4274.7891
 0 156  11.303  49770.383 137.812   0.312   31.090    0.360      378.3828     4276.8438
 2  18  11.303  44562.828 236.783   0.018   10.323  -10.000      -82.3423     -930.7109
 3  18  11.303  44562.828 236.783   0.042    9.424  -10.000      -82.3423     -930.7109
 9  18  11.303  44562.828 236.783   0.029    8.632  -10.000      -82.3423     -930.7109
10  18  11.303  44562.828 236.783   0.023    8.032  -10.000      -82.3423     -930.7109
 2  18  11.303  44913.828 256.161  -0.050   10.362  -10.000      -51.2884     -579.7109
 3  18  11.303  44913.828 256.161  -0.029    9.418  -10.000      -51.2884     -579.7109
 9  18  11.303  44913.828 256.161  -0.022    8.619  -10.000      -51.2884     -579.7109
10  18  11.303  44913.828 256.161  -0.012    8.019  -10.000      -51.2884     -579.7109
 2  18  11.303  44563.934 271.994  -0.087   10.425  -10.000      -82.2445     -929.6055
 3  18  11.303  44563.934 271.994  -0.047    9.460  -10.000      -82.2445     -929.6055
 9  18  11.303  44563.934 271.994  -0.035    8.640  -10.000      -82.2445     -929.6055
10  18  11.303  44563.934 271.994  -0.040    8.010  -10.000      -82.2445     -929.6055
 2  18  11.303  44563.934 271.994  -0.085   10.427  -10.000      -82.2445     -929.6055
 3  18  11.303  44563.934 271.994  -0.046    9.461  -10.000      -82.2445     -929.6055
 9  18  11.303  44563.934 271.994  -0.037    8.638  -10.000      -82.2445     -929.6055
10  18  11.303  44563.934 271.994  -0.022    8.028  -10.000      -82.2445     -929.6055
 2  18  11.303  44554.785 340.615  -0.020   10.865  -10.000      -83.0538     -938.7539
 3  18  11.303  44554.785 340.615  -0.021    9.710  -10.000      -83.0538     -938.7539
 9  18  11.303  44554.785 340.615  -0.034    8.771  -10.000      -83.0538     -938.7539
10  18  11.303  44554.785 340.615  -0.010    8.111  -10.000      -83.0538     -938.7539
 2  18  11.303  44215.902 347.171   0.004   10.925  -10.000     -113.0356    -1277.6367
 3  18  11.303  44215.902 347.171  -0.009    9.745  -10.000     -113.0356    -1277.6367
 9  18  11.303  44215.902 347.171  -0.004    8.816  -10.000     -113.0356    -1277.6367
10  18  11.303  44215.902 347.171   0.014    8.146  -10.000     -113.0356    -1277.6367
 2  18  11.303  44939.812   3.766   0.013   11.023  -10.000      -48.9895     -553.7266
 3  18  11.303  44939.812   3.766  -0.001    9.814  -10.000      -48.9895     -553.7266
 9  18  11.303  44939.812   3.766   0.002    8.866  -10.000      -48.9895     -553.7266
10  18  11.303  44939.812   3.766   0.001    8.166  -10.000      -48.9895     -553.7266
 2  18  11.303  44939.812   3.766   0.025   11.035  -10.000      -48.9895     -553.7266
 3  18  11.303  44939.812   3.766  -0.004    9.811  -10.000      -48.9895     -553.7266
 9  18  11.303  44939.812   3.766  -0.009    8.855  -10.000      -48.9895     -553.7266
10  18  11.303  44939.812   3.766   0.000    8.165  -10.000      -48.9895     -553.7266
 2  18  11.303  44555.883  15.576   0.010   11.088  -10.000      -82.9567     -937.6562
 3  18  11.303  44555.883  15.576  -0.003    9.860  -10.000      -82.9567     -937.6562
 9  18  11.303  44555.883  15.576   0.009    8.908  -10.000      -82.9567     -937.6562
10  18  11.303  44555.883  15.576   0.006    8.198  -10.000      -82.9567     -937.6562
 2  18  11.303  44216.930  19.891   0.022   11.125  -10.000     -112.9447    -1276.6094
 3  18  11.303  44216.930  19.891   0.004    9.885  -10.000     -112.9447    -1276.6094
 9  18  11.303  44216.930  19.891   0.010    8.922  -10.000     -112.9447    -1276.6094
10  18  11.303  44216.930  19.891  -0.001    8.202  -10.000     -112.9447    -1276.6094
 2  18  11.303  44940.871  37.483   0.048   11.229  -10.000      -48.8959     -552.6680
 3  18  11.303  44940.871  37.483   0.010    9.951  -10.000      -48.8959     -552.6680
 9  18  11.303  44940.871  37.483   0.008    8.969  -10.000      -48.8959     -552.6680
10  18  11.303  44940.871  37.483   0.014    8.259  -10.000      -48.8959     -552.6680
 2  18  11.303  44940.875  37.606   0.051   11.232  -10.000      -48.8955     -552.6641
 3  18  11.303  44940.875  37.606   0.025    9.967  -10.000      -48.8955     -552.6641
 9  18  11.303  44940.875  37.606   0.014    8.975  -10.000      -48.8955     -552.6641
10  18  11.303  44940.875  37.606   0.020    8.265  -10.000      -48.8955     -552.6641
 2  18  11.303  44217.961  52.737   0.047   11.291  -10.000     -112.8535    -1275.5781
 3  18  11.303  44217.961  52.737   0.029   10.020  -10.000     -112.8535    -1275.5781
 9  18  11.303  44217.961  52.737  -0.002    9.001  -10.000     -112.8535    -1275.5781
10  18  11.303  44217.961  52.737   0.018    8.301  -10.000     -112.8535    -1275.5781
 2  18  11.303  44941.828  67.964   0.042   11.323  -10.000      -48.8112     -551.7109
 3  18  11.303  44941.828  67.964   0.024   10.051  -10.000      -48.8112     -551.7109
 9  18  11.303  44941.828  67.964   0.012    9.049  -10.000      -48.8112     -551.7109
10  18  11.303  44941.828  67.964   0.004    8.319  -10.000      -48.8112     -551.7109
 2  18  11.303  44941.828  67.964   0.039   11.320  -10.000      -48.8112     -551.7109
 3  18  11.303  44941.828  67.964   0.011   10.038  -10.000      -48.8112     -551.7109
 9  18  11.303  44941.828  67.964   0.013    9.050  -10.000      -48.8112     -551.7109
10  18  11.303  44941.828  67.964   0.015    8.330  -10.000      -48.8112     -551.7109
 2  18  11.303  44987.707  89.210   0.036   11.303  -10.000      -44.7522     -505.8320
 3  18  11.303  44987.707  89.210   0.014   10.048  -10.000      -44.7522     -505.8320
 9  18  11.303  44987.707  89.210   0.003    9.060  -10.000      -44.7522     -505.8320
10  18  11.303  44987.707  89.210   0.007    8.350  -10.000      -44.7522     -505.8320
 2  18  11.303  44987.711  89.335   0.048   11.315  -10.000      -44.7518     -505.8281
 3  18  11.303  44987.711  89.335   0.007   10.041  -10.000      -44.7518     -505.8281
 9  18  11.303  44987.711  89.335   0.000    9.057  -10.000      -44.7518     -505.8281
10  18  11.303  44987.711  89.335   0.013    8.357  -10.000      -44.7518     -505.8281
 2  18  11.303  44908.895  99.027   0.021   11.256  -10.000      -51.7249     -584.6445
 3  18  11.303  44908.895  99.027   0.013   10.033  -10.000      -51.7249     -584.6445
 9  18  11.303  44908.895  99.027   0.002    9.057  -10.000      -51.7249     -584.6445
10  18  11.303  44908.895  99.027   0.019    8.367  -10.000      -51.7249     -584.6445
 2  18  11.303  45010.773 103.877   0.024   11.233  -10.000      -42.7115     -482.7656
 3  18  11.303  45010.773 103.877  -0.004   10.002  -10.000      -42.7115     -482.7656
 9  18  11.303  45010.773 103.877  -0.018    9.030  -10.000      -42.7115     -482.7656
10  18  11.303  45010.773 103.877  -0.016    8.330  -10.000      -42.7115     -482.7656
 2  18  11.303  45010.777 104.002  -0.001   11.208  -10.000      -42.7111     -482.7617
 3  18  11.303  45010.777 104.002  -0.024    9.981  -10.000      -42.7111     -482.7617
 9  18  11.303  45010.777 104.002  -0.016    9.032  -10.000      -42.7111     -482.7617
10  18  11.303  45010.777 104.002  -0.004    8.342  -10.000      -42.7111     -482.7617
 2  18  11.303  45010.777 104.002   0.022   11.231  -10.000      -42.7111     -482.7617
 3  18  11.303  45010.777 104.002  -0.008    9.997  -10.000      -42.7111     -482.7617
 9  18  11.303  45010.777 104.002  -0.023    9.025  -10.000      -42.7111     -482.7617
10  18  11.303  45010.777 104.002  -0.011    8.335  -10.000      -42.7111     -482.7617
 2  18  11.303  44909.906 131.250  -0.048   10.946  -10.000      -51.6354     -583.6328
 3  18  11.303  44909.906 131.250  -0.037    9.839  -10.000      -51.6354     -583.6328
 9  18  11.303  44909.906 131.250  -0.050    8.923  -10.000      -51.6354     -583.6328
10  18  11.303  44909.906 131.250  -0.031    8.273  -10.000      -51.6354     -583.6328
 2  18  11.303  44909.910 131.373  -0.029   10.964  -10.000      -51.6351     -583.6289
 3  18  11.303  44909.910 131.373  -0.015    9.860  -10.000      -51.6351     -583.6289
 9  18  11.303  44909.910 131.373  -0.036    8.937  -10.000      -51.6351     -583.6289
10  18  11.303  44909.910 131.373  -0.037    8.267  -10.000      -51.6351     -583.6289
 2  18  11.303  45011.797 136.474  -0.027   10.927  -10.000      -42.6209     -481.7422
 3  18  11.303  45011.797 136.474  -0.028    9.824  -10.000      -42.6209     -481.7422
 9  18  11.303  45011.797 136.474  -0.039    8.921  -10.000      -42.6209     -481.7422
10  18  11.303  45011.797 136.474  -0.026    8.271  -10.000      -42.6209     -481.7422
 2  18  11.303  45011.801 136.599  -0.039   10.915  -10.000      -42.6206     -481.7383
 3  18  11.303  45011.801 136.599  -0.035    9.817  -10.000      -42.6206     -481.7383
 9  18  11.303  45011.801 136.599  -0.050    8.909  -10.000      -42.6206     -481.7383
10  18  11.303  45011.801 136.599  -0.037    8.259  -10.000      -42.6206     -481.7383
 2  18  11.303  45045.754 138.008  -0.012   10.931  -10.000      -39.6166     -447.7852
 3  18  11.303  45045.754 138.008  -0.011    9.835  -10.000      -39.6166     -447.7852
 9  18  11.303  45045.754 138.008  -0.043    8.913  -10.000      -39.6166     -447.7852
10  18  11.303  45045.754 138.008  -0.021    8.273  -10.000      -39.6166     -447.7852
 2  18  11.303  45045.754 138.008  -0.045   10.898  -10.000      -39.6166     -447.7852
 3  18  11.303  45045.754 138.008  -0.029    9.817  -10.000      -39.6166     -447.7852
 9  18  11.303  45045.754 138.008  -0.075    8.881  -10.000      -39.6166     -447.7852
10  18  11.303  45045.754 138.008  -0.053    8.241  -10.000      -39.6166     -447.7852
 2  18  11.303  44910.902 162.975   0.025   10.825  -10.000      -51.5473     -582.6367
 3  18  11.303  44910.902 162.975   0.025    9.776  -10.000      -51.5473     -582.6367
 9  18  11.303  44910.902 162.975   0.010    8.903  -10.000      -51.5473     -582.6367
10  18  11.303  44910.902 162.975   0.023    8.273  -10.000      -51.5473     -582.6367
 2  18  11.303  44910.902 162.975   0.020   10.820  -10.000      -51.5473     -582.6367
 3  18  11.303  44910.902 162.975   0.029    9.780  -10.000      -51.5473     -582.6367
 9  18  11.303  44910.902 162.975   0.007    8.900  -10.000      -51.5473     -582.6367
10  18  11.303  44910.902 162.975   0.010    8.260  -10.000      -51.5473     -582.6367
 2  18  11.303  45012.695 165.089   0.003   10.793  -10.000      -42.5414     -480.8438
 3  18  11.303  45012.695 165.089   0.015    9.760  -10.000      -42.5414     -480.8438
 9  18  11.303  45012.695 165.089  -0.012    8.876  -10.000      -42.5414     -480.8438
10  18  11.303  45012.695 165.089   0.009    8.256  -10.000      -42.5414     -480.8438
 2  18  11.303  45012.695 165.089   0.027   10.817  -10.000      -42.5414     -480.8438
 3  18  11.303  45012.695 165.089   0.037    9.782  -10.000      -42.5414     -480.8438
 9  18  11.303  45012.695 165.089   0.006    8.894  -10.000      -42.5414     -480.8438
10  18  11.303  45012.695 165.089   0.007    8.254  -10.000      -42.5414     -480.8438
 2  18  11.303  44945.738 192.502   0.057   10.691  -10.000      -48.4653     -547.8008
 3  18  11.303  44945.738 192.502   0.067    9.697  -10.000      -48.4653     -547.8008
 9  18  11.303  44945.738 192.502   0.051    8.851  -10.000      -48.4653     -547.8008
10  18  11.303  44945.738 192.502   0.056    8.231  -10.000      -48.4653     -547.8008
 2  18  11.303  44911.922 195.447   0.070   10.679  -10.000      -51.4571     -581.6172
 3  18  11.303  44911.922 195.447   0.079    9.691  -10.000      -51.4571     -581.6172
 9  18  11.303  44911.922 195.447   0.056    8.842  -10.000      -51.4571     -581.6172
10  18  11.303  44911.922 195.447   0.058    8.222  -10.000      -51.4571     -581.6172
 2  18  11.303  44561.883 206.675   0.052   10.532  -10.000      -82.4259     -931.6562
 3  18  11.303  44561.883 206.675   0.089    9.606  -10.000      -82.4259     -931.6562
 9  18  11.303  44561.883 206.675   0.094    8.806  -10.000      -82.4259     -931.6562
10  18  11.303  44561.883 206.675   0.113    8.216  -10.000      -82.4259     -931.6562
 2  18  11.303  44222.875 209.251   0.109   10.557  -10.000     -112.4187    -1270.6641
 3  18  11.303  44222.875 209.251   0.147    9.640  -10.000     -112.4187    -1270.6641
 9  18  11.303  44222.875 209.251   0.162    8.856  -10.000     -112.4187    -1270.6641
10  18  11.303  44222.875 209.251   0.158    8.246  -10.000     -112.4187    -1270.6641
 2  18  11.303  44912.926 227.421   0.004   10.306  -10.000      -51.3683     -580.6133
 3  18  11.303  44912.926 227.421   0.045    9.428  -10.000      -51.3683     -580.6133
 9  18  11.303  44912.926 227.421   0.041    8.648  -10.000      -51.3683     -580.6133
10  18  11.303  44912.926 227.421   0.063    8.078  -10.000      -51.3683     -580.6133
 2  18  11.303  45014.699 228.914  -0.002   10.296  -10.000      -42.3641     -478.8398
 3  18  11.303  45014.699 228.914   0.036    9.416  -10.000      -42.3641     -478.8398
 9  18  11.303  45014.699 228.914   0.035    8.640  -10.000      -42.3641     -478.8398
10  18  11.303  45014.699 228.914   0.047    8.060  -10.000      -42.3641     -478.8398
 2  18  11.303  45014.703 229.037  -0.025   10.273  -10.000      -42.3638     -478.8359
 3  18  11.303  45014.703 229.037   0.019    9.399  -10.000      -42.3638     -478.8359
 9  18  11.303  45014.703 229.037   0.019    8.623  -10.000      -42.3638     -478.8359
10  18  11.303  45014.703 229.037   0.040    8.053  -10.000      -42.3638     -478.8359
 0 157  11.303  49656.602 113.862   3.800   38.700    0.490      368.3163     4163.0625
 0 157  11.303  49663.637 337.939   1.927   12.280    0.390      368.9387     4170.0977
 0 157  11.303  49681.426 184.515   4.275   15.220    0.380      370.5125     4187.8867
 0 157  11.303  49682.484 218.232   3.358   12.580    0.390      370.6062     4188.9453
 0 157  11.303  49684.375 278.448   0.584   -0.790    0.400      370.7735     4190.8359
 0 157  11.303  49721.602  24.126   1.544   24.890    0.460      374.0670     4228.0625
 0 157  11.303  49768.328  72.367   3.133   35.830    0.390      378.2010     4274.7891
 0 157  11.303  49770.383 137.812   0.312   31.090    0.490      378.3828     4276.8438
 0 157  11.303  50438.742 185.109   4.721   15.680    0.460      437.5142     4945.2031
 0 157  11.303  50440.695 247.313  -1.337    4.270    0.440      437.6870     4947.1562
 0 157  11.303  50442.707 311.385   0.537    5.850    0.390      437.8650     4949.1680
 0 157  11.303  50444.738  16.084   3.267   22.540    0.460      438.0447     4951.1992
 0 157  11.303  50446.742  79.904   1.486   37.100    0.430      438.2220     4953.2031
 0 157  11.303  50447.664 109.270   2.753   38.540    0.510      438.3035     4954.1250
 0 129  11.303  27020.988 247.808   2.592    8.400  -10.000    -1634.3116   -18472.5508
 0 129  11.303  27023.859 339.258  -4.087    6.500  -10.000    -1634.0576   -18469.6797
 0 129  11.303  27461.633 242.358  -5.034   -0.700  -10.000    -1595.3268   -18031.9062
 0 129  11.303  27878.766 208.081  -8.187   -1.700  -10.000    -1558.4220   -17614.7734
 0 129  11.303  28112.934 106.348 -15.691   20.200  -10.000    -1537.7046   -17380.6055
 0 129  11.303  28204.752 150.776   0.482   22.000  -10.000    -1529.5812   -17288.7871
 0 129  11.303  28231.773 291.401  -7.548   -7.400  -10.000    -1527.1906   -17261.7656
 2 150  11.303  50326.453 208.685   0.089   10.544  -10.000      427.5797     4832.9141
 3 150  11.303  50326.453 208.685   0.076    9.574  -10.000      427.5797     4832.9141
 4 150  11.303  50326.453 208.685   0.056    9.002  -10.000      427.5797     4832.9141
 2 150  11.303  50327.480 241.414   0.017   10.340  -10.000      427.6706     4833.9414
 3 150  11.303  50327.480 241.414   0.014    9.406  -10.000      427.6706     4833.9414
 4 150  11.303  50327.480 241.414   0.011    8.861  -10.000      427.6706     4833.9414
 2 150  11.303  50332.457  39.913   0.034   11.225  -10.000      428.1109     4838.9180
 3 150  11.303  50332.457  39.913  -0.001    9.949  -10.000      428.1109     4838.9180
 2 150  11.303  50333.484  72.642   0.029   11.313  -10.000      428.2018     4839.9453
 3 150  11.303  50333.484  72.642   0.019   10.051  -10.000      428.2018     4839.9453
 2 150  11.303  50335.461 135.593  -0.018   10.943  -10.000      428.3766     4841.9219
 3 150  11.303  50335.461 135.593  -0.026    9.830  -10.000      428.3766     4841.9219
 4 150  11.303  50335.461 135.593  -0.043    9.199  -10.000      428.3766     4841.9219
 2 150  11.303  50337.469 199.534   0.137   10.704  -10.000      428.5543     4843.9297
 3 150  11.303  50337.469 199.534   0.099    9.680  -10.000      428.5543     4843.9297
 4 150  11.303  50337.469 199.534   0.053    9.070  -10.000      428.5543     4843.9297
 2 150  11.303  50341.465 326.810  -0.015   10.791  -10.000      428.9078     4847.9258
 3 150  11.303  50341.465 326.810  -0.035    9.645  -10.000      428.9078     4847.9258
 4 150  11.303  50341.465 326.810  -0.041    9.016  -10.000      428.9078     4847.9258
 2 150  11.303  50344.477  62.743   0.030   11.303  -10.000      429.1743     4850.9375
 3 150  11.303  50344.477  62.743  -0.015   10.003  -10.000      429.1743     4850.9375
 2 150  11.303  50347.465 157.917   0.056   10.879  -10.000      429.4387     4853.9258
 3 150  11.303  50347.465 157.917   0.016    9.783  -10.000      429.4387     4853.9258
 4 150  11.303  50347.465 157.917  -0.045    9.128  -10.000      429.4387     4853.9258
18 163  11.303  47964.273 213.085   0.022    9.641  -10.000      218.5919     2470.7344
18 163  11.303  47964.289 213.580  -0.001    9.614  -10.000      218.5933     2470.7500
18 163  11.303  47964.363 215.942   0.018    9.616  -10.000      218.5998     2470.8242
18 163  11.303  47964.379 216.442  -0.037    9.558  -10.000      218.6012     2470.8398
18 163  11.303  47994.305  89.583  -0.049   10.133  -10.000      221.2488     2500.7656
18 163  11.303  47994.316  89.956  -0.043   10.139  -10.000      221.2499     2500.7773
18 163  11.303  47994.391  92.318  -0.032   10.149  -10.000      221.2564     2500.8516
18 163  11.303  48010.312 239.431  -0.023    9.521  -10.000      222.6651     2516.7734
18 163  11.303  48010.391 241.919  -0.089    9.462  -10.000      222.6720     2516.8516
18 163  11.303  48010.402 242.292  -0.057    9.495  -10.000      222.6730     2516.8633
18 163  11.303  48140.055  51.729  -0.052   10.085  -10.000      234.1437     2646.5156
18 163  11.303  48140.070  52.229  -0.045   10.094  -10.000      234.1451     2646.5312
18 163  11.303  48140.145  54.591  -0.063   10.083  -10.000      234.1516     2646.6055
18 163  11.303  48140.156  54.965  -0.038   10.109  -10.000      234.1527     2646.6172
18 163  11.303  48140.234  57.453  -0.018   10.136  -10.000      234.1596     2646.6953
18 163  11.303  48166.180 163.812  -0.070    9.833  -10.000      236.4550     2672.6406
18 163  11.303  48166.195 164.312  -0.093    9.809  -10.000      236.4564     2672.6562
18 163  11.303  48166.270 166.674  -0.025    9.869  -10.000      236.4630     2672.7305
18 163  11.303  48187.156 111.918  -0.072   10.053  -10.000      238.3109     2693.6172
18 163  11.303  48187.168 112.291  -0.098   10.026  -10.000      238.3119     2693.6289
18 163  11.303  48187.242 114.653  -0.047   10.066  -10.000      238.3185     2693.7031
18 163  11.303  48187.258 115.153  -0.074   10.037  -10.000      238.3199     2693.7188
18 163  11.303  48311.422 109.786  -0.092   10.043  -10.000      249.3050     2817.8828
18 163  11.303  48311.496 112.154  -0.114   10.011  -10.000      249.3115     2817.9570
18 163  11.303  48332.641  65.605  -0.050   10.122  -10.000      251.1822     2839.1016
18 163  11.303  48332.656  66.105  -0.076   10.097  -10.000      251.1836     2839.1172
18 163  11.303  48332.730  68.467  -0.023   10.153  -10.000      251.1902     2839.1914
18 163  11.303  48332.746  68.967  -0.075   10.101  -10.000      251.1916     2839.2070
18 163  11.303  48357.891 149.821  -0.029    9.920  -10.000      253.4162     2864.3516
18 163  11.303  48357.965 152.183  -0.044    9.896  -10.000      253.4227     2864.4258
18 163  11.303  48487.457 316.516  -0.052    9.748  -10.000      264.8792     2993.9180
18 163  11.303  48487.473 317.021  -0.076    9.725  -10.000      264.8806     2993.9336
18 163  11.303  48487.547 319.384  -0.050    9.759  -10.000      264.8872     2994.0078
18 163  11.303  48487.562 319.878  -0.070    9.741  -10.000      264.8885     2994.0234
18 163  11.303  48504.344 134.363  -0.085    9.929  -10.000      266.3732     3010.8047
18 163  11.303  48504.359 134.857  -0.106    9.906  -10.000      266.3746     3010.8203
18 163  11.303  48504.434 137.230  -0.086    9.917  -10.000      266.3812     3010.8945
18 163  11.303  48504.449 137.725  -0.096    9.904  -10.000      266.3826     3010.9102
18 163  11.303  48504.523 140.087  -0.076    9.914  -10.000      266.3891     3010.9844
18 163  11.303  48661.336  94.581  -0.032   10.146  -10.000      280.2627     3167.7969
18 163  11.303  48661.348  94.955   0.012   10.189  -10.000      280.2638     3167.8086
18 163  11.303  48661.422  97.317  -0.067   10.106  -10.000      280.2703     3167.8828
18 163  11.303  48661.438  97.811  -0.057   10.115  -10.000      280.2717     3167.8984
18 163  11.303  48661.512 100.173  -0.044   10.123  -10.000      280.2783     3167.9727
18 163  11.303  48661.527 100.679  -0.045   10.120  -10.000      280.2797     3167.9883
18 163  11.303  48661.602 103.041  -0.042   10.116  -10.000      280.2862     3168.0625
18 163  11.303  48661.617 103.535  -0.084   10.073  -10.000      280.2876     3168.0781
18 163  11.303  48670.398  23.214  -0.076    9.967  -10.000      281.0645     3176.8594
18 163  11.303  48670.414  23.719  -0.075    9.969  -10.000      281.0659     3176.8750
18 163  11.303  48670.488  26.082  -0.053    9.999  -10.000      281.0724     3176.9492
18 163  11.303  48670.504  26.576  -0.061    9.993  -10.000      281.0738     3176.9648
18 163  11.303  48670.754  34.541  -0.083    9.997  -10.000      281.0959     3177.2148
18 163  11.303  48670.770  35.035  -0.014   10.068  -10.000      281.0973     3177.2305
18 163  11.303  48704.172  18.907   0.050   10.077  -10.000      284.0525     3210.6328
18 163  11.303  48704.246  21.270  -0.013   10.023  -10.000      284.0591     3210.7070
18 163  11.303  48739.961  78.794  -0.060   10.123  -10.000      287.2189     3246.4219
18 163  11.303  48739.977  79.288  -0.067   10.116  -10.000      287.2202     3246.4375
18 163  11.303  48740.047  81.530  -0.025   10.158  -10.000      287.2265     3246.5078
18 163  11.303  48740.062  82.024  -0.046   10.137  -10.000      287.2278     3246.5234
18 163  11.303  48740.137  84.386  -0.041   10.143  -10.000      287.2344     3246.5977
18 163  11.303  48740.152  84.891  -0.070   10.114  -10.000      287.2358     3246.6133
18 163  11.303  48740.316  90.110  -0.060   10.123  -10.000      287.2503     3246.7773
18 163  11.303  48740.328  90.483  -0.033   10.149  -10.000      287.2513     3246.7891
18 163  11.303  48740.406  92.977  -0.035   10.145  -10.000      287.2583     3246.8672
18 163  11.303  48740.418  93.351  -0.021   10.159  -10.000      287.2593     3246.8789
18 163  11.303  48740.492  95.713  -0.013   10.163  -10.000      287.2659     3246.9531
18 163  11.303  48740.508  96.207  -0.050   10.125  -10.000      287.2672     3246.9688
18 163  11.303  48746.715 293.906  -0.055    9.668  -10.000      287.8164     3253.1758
18 163  11.303  48746.727 294.280  -0.065    9.660  -10.000      287.8174     3253.1875
18 163  11.303  48746.805 296.763  -0.094    9.639  -10.000      287.8243     3253.2656
18 163  11.303  48746.820 297.257  -0.075    9.659  -10.000      287.8257     3253.2812
18 163  11.303  48746.891 299.498  -0.070    9.671  -10.000      287.8319     3253.3516
18 163  11.303  48746.906 300.004  -0.071    9.672  -10.000      287.8333     3253.3672
18 163  11.303  48746.980 302.366  -0.063    9.688  -10.000      287.8399     3253.4414
18 163  11.303  48746.996 302.860  -0.081    9.672  -10.000      287.8413     3253.4570
18 163  11.303  48747.070 305.222  -0.096    9.665  -10.000      287.8478     3253.5312
18 163  11.303  48747.086 305.728  -0.091    9.672  -10.000      287.8492     3253.5469
18 163  11.303  48747.160 308.090  -0.119    9.652  -10.000      287.8558     3253.6211
18 163  11.303  48747.172 308.463  -0.092    9.681  -10.000      287.8568     3253.6328
18 163  11.303  48747.250 310.946  -0.109    9.672  -10.000      287.8637     3253.7109
18 163  11.303  48925.883 240.414  -0.029    9.518  -10.000      303.6678     3432.3438
18 163  11.303  48925.898 240.919   0.007    9.555  -10.000      303.6692     3432.3594
 2  14  11.303  43460.516  48.043   0.005   11.230  -10.000     -179.8665    -2033.0234
 3  14  11.303  43460.516  48.043  -0.037    9.940  -10.000     -179.8665    -2033.0234
 2  14  11.303  43481.438 354.408  -0.048   10.910  -10.000     -178.0155    -2012.1016
 3  14  11.303  43481.438 354.408  -0.010    9.770  -10.000     -178.0155    -2012.1016
 2  14  11.303  43483.430  57.859   0.029   11.290  -10.000     -177.8393    -2010.1094
 3  14  11.303  43483.430  57.859  -0.006   10.000  -10.000     -177.8393    -2010.1094
 2  14  11.303  43489.410 248.340  -0.010   10.350  -10.000     -177.3102    -2004.1289
 3  14  11.303  43489.410 248.340  -0.014    9.400  -10.000     -177.3102    -2004.1289
 2  14  11.303  43572.312   8.784  -0.048   10.990  -10.000     -169.9756    -1921.2266
 3  14  11.303  43572.312   8.784  -0.025    9.810  -10.000     -169.9756    -1921.2266
 3  14  11.303  43599.352 149.980  -0.034    9.760  -10.000     -167.5834    -1894.1875
 2  14  11.303  43789.578  88.709  -0.058   11.210  -10.000     -150.7536    -1703.9609
 3  14  11.303  43789.578  88.709  -0.064    9.970  -10.000     -150.7536    -1703.9609
 2  14  11.303  43793.590 216.486   0.018   10.390  -10.000     -150.3987    -1699.9492
 3  14  11.303  43793.590 216.486   0.033    9.470  -10.000     -150.3987    -1699.9492
 2  14  11.303  43928.406 190.399   0.060   10.710  -10.000     -138.4711    -1565.1328
 3  14  11.303  43928.406 190.399   0.048    9.690  -10.000     -138.4711    -1565.1328
 2  14  11.303  43931.410 286.073  -0.065   10.520  -10.000     -138.2054    -1562.1289
 3  14  11.303  43931.410 286.073  -0.057    9.490  -10.000     -138.2054    -1562.1289
 2  14  11.303  43957.344  32.058  -0.007   11.150  -10.000     -135.9109    -1536.1953
 3  14  11.303  43957.344  32.058  -0.033    9.890  -10.000     -135.9109    -1536.1953
 3  14  11.303  43966.301 317.340  -0.060    9.590  -10.000     -135.1185    -1527.2383
 0 171  11.303  45965.602 275.228  -0.649   -1.520    0.620       41.7645      472.0625
 0 171  11.303  45967.578 338.181   3.475   13.880    0.450       41.9394      474.0391
 0 171  11.303  46100.371 247.647  -2.909    2.830    0.410       53.6879      606.8320
 0 171  11.303  46101.348 278.751   1.019   -0.390    0.290       53.7743      607.8086
 0 171  11.303  46102.348 310.601   1.222    6.370    0.420       53.8628      608.8086
 0 171  11.303  46103.500 347.304   3.403   15.320    0.370       53.9647      609.9609
 0 171  11.303  46096.414 121.616   1.158   35.230    0.650       53.3378      602.8750
 0 171  11.303  46097.336 150.978   1.978   23.500    0.570       53.4194      603.7969
 0 171  11.303  46477.371  15.128   4.452   23.210    0.290       87.0420      983.8320
 0 171  11.303  46689.586 294.186   1.485    2.610    0.460      105.8172     1196.0469
 0 171  11.303  46784.438  75.215   3.007   35.910    0.410      114.2089     1290.8984
 0 171  11.303  46785.391 105.573   3.603   39.450    0.480      114.2933     1291.8516
 0 171  11.303  46786.379 137.049  -1.499   29.990    0.730      114.3807     1292.8398
 0 171  11.303  46695.574 124.915   0.264   34.630    0.620      106.3470     1202.0352
 0 171  11.303  46896.332  39.065   3.251   29.710    0.670      124.1085     1402.7930
 0 171  11.303  46900.336 166.591   3.371   18.920    0.630      124.4628     1406.7969
 0 171  11.303  46901.305 197.446   5.971   15.730    0.580      124.5485     1407.7656
 0 171  11.303  46902.340 230.416   1.896    9.450    0.720      124.6400     1408.8008
 0 171  11.303  47214.320  87.017  -2.724   37.770    0.490      152.2417     1720.7812
 0 171  11.303  47217.328 182.818   5.424   16.590    0.480      152.5078     1723.7891
 0 171  11.303  47591.293 213.624   2.745   12.550    0.210      185.5934     2097.7539
 0 171  11.303  47807.574 262.200  -3.827   -1.870    0.640      204.7283     2314.0352
 0 171  11.303  47809.559 325.404   2.965    9.310    0.280      204.9039     2316.0195
 0 171  11.303  47810.574 357.753   0.237   16.890    0.350      204.9938     2317.0352
 0 171  11.303  47811.566  29.350  -0.448   25.350    0.310      205.0815     2318.0273
 0 171  11.303  47812.605  62.446   1.508   33.250    0.480      205.1735     2319.0664
 0 171  11.303  47813.559  92.802  -1.686   37.000    0.470      205.2578     2320.0195
 0 171  11.303  47815.566 156.753   0.210   21.430    0.560      205.4354     2322.0273
 0 171  11.303  48683.277  73.411   3.588   36.260    0.460      282.2039     3189.7383
 0 171  11.303  48929.551 357.242   0.630   17.240    0.310      303.9923     3436.0117
 0 171  11.303  48931.543  60.688   1.775   32.720    0.270      304.1686     3438.0039
 0 171  11.303  48932.520  91.802  -2.567   36.730    0.440      304.2550     3438.9805
 0 171  11.303  48679.328 307.628   0.150    4.770    0.360      281.8545     3185.7891
 0 171  11.303  48680.355 340.356   2.338   13.050    0.350      281.9454     3186.8164
 0 171  11.303  48681.328  11.327   4.506   21.280    0.310      282.0315     3187.7891
 0 171  11.303  48682.289  41.935   2.241   28.730    0.280      282.1165     3188.7500
 0 171  11.303  49649.578 250.170  -4.507    2.030    0.440      367.6949     4156.0391
 0 171  11.303  49650.562 281.525   1.669    0.100    0.380      367.7820     4157.0234
 3   9  11.303  43806.949 281.981  -0.036    9.500  -10.000     -149.2167    -1686.5898
14   9  11.303  43806.949 281.981  -0.058   10.890  -10.000     -149.2167    -1686.5898
15   9  11.303  43806.949 281.981  -0.023    9.790  -10.000     -149.2167    -1686.5898
16   9  11.303  43806.949 281.981  -0.010    8.970  -10.000     -149.2167    -1686.5898
17   9  11.303  43806.949 281.981  -0.032    8.370  -10.000     -149.2167    -1686.5898
 3   9  11.303  43456.988 295.697  -0.115    9.460  -10.000     -180.1786    -2036.5508
14   9  11.303  43456.988 295.697  -0.117   10.920  -10.000     -180.1786    -2036.5508
15   9  11.303  43456.988 295.697  -0.089    9.770  -10.000     -180.1786    -2036.5508
16   9  11.303  43456.988 295.697  -0.094    8.910  -10.000     -180.1786    -2036.5508
17   9  11.303  43456.988 295.697  -0.085    8.330  -10.000     -180.1786    -2036.5508
 3   9  11.303  43784.949 301.278   0.066    9.660  -10.000     -151.1631    -1708.5898
14   9  11.303  43784.949 301.278   0.053   11.130  -10.000     -151.1631    -1708.5898
15   9  11.303  43784.949 301.278   0.079    9.960  -10.000     -151.1631    -1708.5898
16   9  11.303  43784.949 301.278   0.082    9.100  -10.000     -151.1631    -1708.5898
17   9  11.303  43784.949 301.278   0.066    8.490  -10.000     -151.1631    -1708.5898
 3   9  11.303  43458.020 328.546  -0.015    9.670  -10.000     -180.0874    -2035.5195
14   9  11.303  43458.020 328.546   0.027   11.290  -10.000     -180.0874    -2035.5195
15   9  11.303  43458.020 328.546  -0.006    9.980  -10.000     -180.0874    -2035.5195
16   9  11.303  43458.020 328.546  -0.004    9.080  -10.000     -180.0874    -2035.5195
17   9  11.303  43458.020 328.546  -0.029    8.440  -10.000     -180.0874    -2035.5195
 3   9  11.303  43785.949 333.127   0.008    9.710  -10.000     -151.0746    -1707.5898
14   9  11.303  43785.949 333.127   0.045   11.340  -10.000     -151.0746    -1707.5898
15   9  11.303  43785.949 333.127   0.026   10.030  -10.000     -151.0746    -1707.5898
16   9  11.303  43785.949 333.127   0.014    9.110  -10.000     -151.0746    -1707.5898
17   9  11.303  43785.949 333.127   0.003    8.480  -10.000     -151.0746    -1707.5898
 3   9  11.303  43866.969  33.607  -0.028    9.900  -10.000     -143.9066    -1626.5703
14   9  11.303  43866.969  33.607   0.079   11.760  -10.000     -143.9066    -1626.5703
15   9  11.303  43866.969  33.607   0.007   10.260  -10.000     -143.9066    -1626.5703
16   9  11.303  43866.969  33.607  -0.018    9.260  -10.000     -143.9066    -1626.5703
17   9  11.303  43866.969  33.607  -0.024    8.600  -10.000     -143.9066    -1626.5703
 3   9  11.303  43788.012  38.820   0.064   10.010  -10.000     -150.8922    -1705.5273
14   9  11.303  43788.012  38.820   0.133   11.840  -10.000     -150.8922    -1705.5273
15   9  11.303  43788.012  38.820   0.078   10.350  -10.000     -150.8922    -1705.5273
16   9  11.303  43788.012  38.820   0.056    9.350  -10.000     -150.8922    -1705.5273
17   9  11.303  43788.012  38.820   0.041    8.680  -10.000     -150.8922    -1705.5273
 3   9  11.303  43867.980  65.830   0.087   10.110  -10.000     -143.8171    -1625.5586
14   9  11.303  43867.980  65.830   0.172   11.980  -10.000     -143.8171    -1625.5586
15   9  11.303  43867.980  65.830   0.107   10.460  -10.000     -143.8171    -1625.5586
16   9  11.303  43867.980  65.830   0.095    9.460  -10.000     -143.8171    -1625.5586
17   9  11.303  43867.980  65.830   0.096    8.800  -10.000     -143.8171    -1625.5586
 3   9  11.303  43429.031 125.266  -0.046    9.860  -10.000     -182.6520    -2064.5078
14   9  11.303  43429.031 125.266  -0.046   11.450  -10.000     -182.6520    -2064.5078
15   9  11.303  43429.031 125.266  -0.028   10.180  -10.000     -182.6520    -2064.5078
16   9  11.303  43429.031 125.266  -0.031    9.270  -10.000     -182.6520    -2064.5078
17   9  11.303  43429.031 125.266  -0.033    8.650  -10.000     -182.6520    -2064.5078
 3   9  11.303  43791.000 134.000  -0.003    9.860  -10.000     -150.6278    -1702.5391
14   9  11.303  43791.000 134.000  -0.008   11.400  -10.000     -150.6278    -1702.5391
15   9  11.303  43791.000 134.000   0.021   10.180  -10.000     -150.6278    -1702.5391
16   9  11.303  43791.000 134.000  -0.001    9.270  -10.000     -150.6278    -1702.5391
17   9  11.303  43791.000 134.000  -0.013    8.650  -10.000     -150.6278    -1702.5391
 3   9  11.303  43464.012 159.395  -0.003    9.760  -10.000     -179.5572    -2029.5273
14   9  11.303  43464.012 159.395   0.015   11.230  -10.000     -179.5572    -2029.5273
15   9  11.303  43464.012 159.395   0.035   10.080  -10.000     -179.5572    -2029.5273
16   9  11.303  43464.012 159.395   0.005    9.200  -10.000     -179.5572    -2029.5273
17   9  11.303  43464.012 159.395  -0.008    8.600  -10.000     -179.5572    -2029.5273
 3   9  11.303  43465.000 190.871   0.051    9.690  -10.000     -179.4698    -2028.5391
14   9  11.303  43465.000 190.871   0.055   11.070  -10.000     -179.4698    -2028.5391
15   9  11.303  43465.000 190.871   0.059    9.970  -10.000     -179.4698    -2028.5391
16   9  11.303  43465.000 190.871   0.057    9.150  -10.000     -179.4698    -2028.5391
17   9  11.303  43465.000 190.871   0.047    8.570  -10.000     -179.4698    -2028.5391
