23   1  15.710  37811.281 249.500   0.066    2.202  -10.000     -489.3069    -7686.8477
24   1  15.710  37811.281 249.500   0.096    3.182  -10.000     -489.3069    -7686.8477
25   1  15.710  37811.281 249.500   0.155    4.697  -10.000     -489.3069    -7686.8477
26   1  15.710  37811.281 249.500   0.194    5.725  -10.000     -489.3069    -7686.8477
27   1  15.710  37811.281 249.500   0.148    4.067  -10.000     -489.3069    -7686.8477
23   1  15.710  37812.293 272.681   0.039    2.295  -10.000     -489.2426    -7685.8359
24   1  15.710  37812.293 272.681   0.037    3.365  -10.000     -489.2426    -7685.8359
25   1  15.710  37812.293 272.681   0.061    4.908  -10.000     -489.2426    -7685.8359
26   1  15.710  37812.293 272.681   0.025    5.878  -10.000     -489.2426    -7685.8359
27   1  15.710  37812.293 272.681   0.077    4.352  -10.000     -489.2426    -7685.8359
23   1  15.710  37814.262 317.802   0.048    2.520  -10.000     -489.1172    -7683.8672
24   1  15.710  37814.262 317.802   0.044    3.773  -10.000     -489.1172    -7683.8672
25   1  15.710  37814.262 317.802   0.042    5.380  -10.000     -489.1172    -7683.8672
26   1  15.710  37814.262 317.802   0.094    6.465  -10.000     -489.1172    -7683.8672
27   1  15.710  37814.262 317.802   0.114    4.960  -10.000     -489.1172    -7683.8672
23   1  15.710  37815.301 341.609   0.079    2.673  -10.000     -489.0511    -7682.8281
24   1  15.710  37815.301 341.609   0.074    4.003  -10.000     -489.0511    -7682.8281
25   1  15.710  37815.301 341.609   0.077    5.655  -10.000     -489.0511    -7682.8281
26   1  15.710  37815.301 341.609  -0.037    6.585  -10.000     -489.0511    -7682.8281
27   1  15.710  37815.301 341.609   0.161    5.280  -10.000     -489.0511    -7682.8281
23   1  15.710  37817.281  26.993   0.084    2.938  -10.000     -488.9250    -7680.8477
24   1  15.710  37817.281  26.993   0.086    4.403  -10.000     -488.9250    -7680.8477
25   1  15.710  37817.281  26.993   0.103    6.132  -10.000     -488.9250    -7680.8477
26   1  15.710  37817.281  26.993   0.063    7.155  -10.000     -488.9250    -7680.8477
27   1  15.710  37817.281  26.993   0.128    5.753  -10.000     -488.9250    -7680.8477
23   1  15.710  37818.281  49.911   0.068    3.045  -10.000     -488.8614    -7679.8477
24   1  15.710  37818.281  49.911   0.047    4.528  -10.000     -488.8614    -7679.8477
25   1  15.710  37818.281  49.911   0.044    6.257  -10.000     -488.8614    -7679.8477
26   1  15.710  37818.281  49.911  -0.069    7.213  -10.000     -488.8614    -7679.8477
27   1  15.710  37818.281  49.911   0.116    5.943  -10.000     -488.8614    -7679.8477
23   1  15.710  37820.301  96.196  -0.010    3.082  -10.000     -488.7328    -7677.8281
24   1  15.710  37820.301  96.196  -0.084    4.488  -10.000     -488.7328    -7677.8281
25   1  15.710  37820.301  96.196  -0.125    6.168  -10.000     -488.7328    -7677.8281
26   1  15.710  37820.301  96.196  -0.212    7.145  -10.000     -488.7328    -7677.8281
27   1  15.710  37820.301  96.196  -0.080    5.815  -10.000     -488.7328    -7677.8281
23   1  15.710  37821.262 118.213  -0.008    2.988  -10.000     -488.6716    -7676.8672
24   1  15.710  37821.262 118.213  -0.054    4.307  -10.000     -488.6716    -7676.8672
25   1  15.710  37821.262 118.213  -0.131    5.895  -10.000     -488.6716    -7676.8672
26   1  15.710  37821.262 118.213  -0.349    6.725  -10.000     -488.6716    -7676.8672
27   1  15.710  37821.262 118.213  -0.113    5.468  -10.000     -488.6716    -7676.8672
23   1  15.710  37822.262 141.130   0.080    2.898  -10.000     -488.6080    -7675.8672
24   1  15.710  37822.262 141.130   0.093    4.118  -10.000     -488.6080    -7675.8672
25   1  15.710  37822.262 141.130   0.037    5.648  -10.000     -488.6080    -7675.8672
26   1  15.710  37822.262 141.130  -0.094    6.543  -10.000     -488.6080    -7675.8672
27   1  15.710  37822.262 141.130   0.093    5.190  -10.000     -488.6080    -7675.8672
23   1  15.710  37825.301 210.773   0.028    1.970  -10.000     -488.4145    -7672.8281
24   1  15.710  37825.301 210.773   0.094    2.775  -10.000     -488.4145    -7672.8281
25   1  15.710  37825.301 210.773   0.306    4.338  -10.000     -488.4145    -7672.8281
26   1  15.710  37825.301 210.773   0.411    5.400  -10.000     -488.4145    -7672.8281
27   1  15.710  37825.301 210.773   0.157    3.475  -10.000     -488.4145    -7672.8281
23   1  15.710  37826.242 232.339   0.102    2.138  -10.000     -488.3546    -7671.8867
24   1  15.710  37826.242 232.339   0.176    3.058  -10.000     -488.3546    -7671.8867
25   1  15.710  37826.242 232.339   0.350    4.635  -10.000     -488.3546    -7671.8867
26   1  15.710  37826.242 232.339   0.331    5.590  -10.000     -488.3546    -7671.8867
27   1  15.710  37826.242 232.339   0.248    3.865  -10.000     -488.3546    -7671.8867
23   1  15.710  37829.262 301.542   0.053    2.443  -10.000     -488.1624    -7668.8672
24   1  15.710  37829.262 301.542   0.055    3.640  -10.000     -488.1624    -7668.8672
25   1  15.710  37829.262 301.542   0.021    5.185  -10.000     -488.1624    -7668.8672
26   1  15.710  37829.262 301.542  -0.048    6.140  -10.000     -488.1624    -7668.8672
27   1  15.710  37829.262 301.542   0.090    4.735  -10.000     -488.1624    -7668.8672
23   1  15.710  37839.262 170.695  -0.144    2.618  -10.000     -487.5258    -7658.8672
24   1  15.710  37839.262 170.695  -0.237    3.663  -10.000     -487.5258    -7658.8672
25   1  15.710  37839.262 170.695  -0.293    5.158  -10.000     -487.5258    -7658.8672
26   1  15.710  37839.262 170.695  -0.341    6.125  -10.000     -487.5258    -7658.8672
27   1  15.710  37839.262 170.695  -0.335    4.573  -10.000     -487.5258    -7658.8672
23   1  15.710  37840.242 193.162  -0.354    1.808  -10.000     -487.4634    -7657.8867
24   1  15.710  37840.242 193.162  -0.494    2.495  -10.000     -487.4634    -7657.8867
25   1  15.710  37840.242 193.162  -0.359    4.025  -10.000     -487.4634    -7657.8867
26   1  15.710  37840.242 193.162  -0.418    4.938  -10.000     -487.4634    -7657.8867
27   1  15.710  37840.242 193.162  -0.609    3.100  -10.000     -487.4634    -7657.8867
23   1  15.710  37841.242 216.079   0.083    2.037  -10.000     -487.3998    -7656.8867
24   1  15.710  37841.242 216.079   0.172    2.885  -10.000     -487.3998    -7656.8867
25   1  15.710  37841.242 216.079   0.319    4.392  -10.000     -487.3998    -7656.8867
26   1  15.710  37841.242 216.079   0.443    5.477  -10.000     -487.3998    -7656.8867
27   1  15.710  37841.242 216.079   0.254    3.622  -10.000     -487.3998    -7656.8867
23   1  15.710  37842.223 238.546   0.103    2.173  -10.000     -487.3374    -7655.9062
24   1  15.710  37842.223 238.546   0.165    3.118  -10.000     -487.3374    -7655.9062
25   1  15.710  37842.223 238.546   0.270    4.645  -10.000     -487.3374    -7655.9062
26   1  15.710  37842.223 238.546   0.206    5.560  -10.000     -487.3374    -7655.9062
27   1  15.710  37842.223 238.546   0.232    3.955  -10.000     -487.3374    -7655.9062
23   1  15.710  37844.223 284.381   0.079    2.392  -10.000     -487.2101    -7653.9062
24   1  15.710  37844.223 284.381   0.077    3.517  -10.000     -487.2101    -7653.9062
25   1  15.710  37844.223 284.381   0.068    5.052  -10.000     -487.2101    -7653.9062
26   1  15.710  37844.223 284.381  -0.009    5.990  -10.000     -487.2101    -7653.9062
27   1  15.710  37844.223 284.381   0.110    4.547  -10.000     -487.2101    -7653.9062
23   1  15.710  37845.230 307.474   0.056    2.475  -10.000     -487.1459    -7652.8984
24   1  15.710  37845.230 307.474   0.055    3.692  -10.000     -487.1459    -7652.8984
25   1  15.710  37845.230 307.474   0.037    5.265  -10.000     -487.1459    -7652.8984
26   1  15.710  37845.230 307.474   0.075    6.330  -10.000     -487.1459    -7652.8984
27   1  15.710  37845.230 307.474   0.076    4.795  -10.000     -487.1459    -7652.8984
23   1  15.710  37846.230 330.392   0.055    2.592  -10.000     -487.0822    -7651.8984
24   1  15.710  37846.230 330.392   0.050    3.887  -10.000     -487.0822    -7651.8984
25   1  15.710  37846.230 330.392   0.013    5.483  -10.000     -487.0822    -7651.8984
26   1  15.710  37846.230 330.392  -0.048    6.460  -10.000     -487.0822    -7651.8984
27   1  15.710  37846.230 330.392   0.107    5.102  -10.000     -487.0822    -7651.8984
23   1  15.710  37850.230  62.051   0.041    3.077  -10.000     -486.8276    -7647.8984
24   1  15.710  37850.230  62.051   0.004    4.557  -10.000     -486.8276    -7647.8984
25   1  15.710  37850.230  62.051   0.019    6.312  -10.000     -486.8276    -7647.8984
26   1  15.710  37850.230  62.051  -0.144    7.220  -10.000     -486.8276    -7647.8984
27   1  15.710  37850.230  62.051   0.045    5.957  -10.000     -486.8276    -7647.8984
23   1  15.710  37851.211  84.518   0.032    3.125  -10.000     -486.7652    -7646.9180
24   1  15.710  37851.211  84.518  -0.025    4.573  -10.000     -486.7652    -7646.9180
25   1  15.710  37851.211  84.518  -0.029    6.302  -10.000     -486.7652    -7646.9180
26   1  15.710  37851.211  84.518   0.140    7.540  -10.000     -486.7652    -7646.9180
27   1  15.710  37851.211  84.518  -0.027    5.918  -10.000     -486.7652    -7646.9180
23   1  15.710  37853.199 130.089   0.045    2.950  -10.000     -486.6386    -7644.9297
24   1  15.710  37853.199 130.089   0.019    4.207  -10.000     -486.6386    -7644.9297
25   1  15.710  37853.199 130.089  -0.059    5.752  -10.000     -486.6386    -7644.9297
26   1  15.710  37853.199 130.089   0.015    6.862  -10.000     -486.6386    -7644.9297
27   1  15.710  37853.199 130.089   0.017    5.347  -10.000     -486.6386    -7644.9297
23   1  15.710  37854.199 153.007   0.062    2.842  -10.000     -486.5750    -7643.9297
24   1  15.710  37854.199 153.007   0.092    4.037  -10.000     -486.5750    -7643.9297
25   1  15.710  37854.199 153.007   0.091    5.600  -10.000     -486.5750    -7643.9297
26   1  15.710  37854.199 153.007  -0.146    6.382  -10.000     -486.5750    -7643.9297
27   1  15.710  37854.199 153.007   0.125    5.102  -10.000     -486.5750    -7643.9297
23   1  15.710  37855.199 175.913  -0.275    2.403  -10.000     -486.5114    -7642.9297
24   1  15.710  37855.199 175.913  -0.451    3.320  -10.000     -486.5114    -7642.9297
25   1  15.710  37855.199 175.913  -0.442    4.858  -10.000     -486.5114    -7642.9297
26   1  15.710  37855.199 175.913  -0.581    5.727  -10.000     -486.5114    -7642.9297
27   1  15.710  37855.199 175.913  -0.597    4.140  -10.000     -486.5114    -7642.9297
 3 150  15.710  50542.551  37.123   0.026    9.710  -10.000      321.1031     5044.4219
 5 150  15.710  50542.551  37.123   0.021    8.291  -10.000      321.1031     5044.4219
 3 150  15.710  50568.410 269.703   0.028    9.060  -10.000      322.7492     5070.2812
 5 150  15.710  50568.410 269.703  -0.013    7.883  -10.000      322.7492     5070.2812
 3 150  15.710  50570.352 314.198   0.010    9.247  -10.000      322.8728     5072.2227
 5 150  15.710  50570.352 314.198   0.002    7.982  -10.000      322.8728     5072.2227
 3 150  15.710  50572.312 359.132   0.028    9.498  -10.000      322.9976     5074.1836
 5 150  15.710  50572.312 359.132  -0.001    8.118  -10.000      322.9976     5074.1836
 3 150  15.710  50573.316  22.137   0.017    9.618  -10.000      323.0615     5075.1875
 5 150  15.710  50573.316  22.137   0.005    8.213  -10.000      323.0615     5075.1875
 3 150  15.710  50573.410  24.291   0.014    9.627  -10.000      323.0675     5075.2812
 5 150  15.710  50573.410  24.291   0.018    8.235  -10.000      323.0675     5075.2812
 3 150  15.710  50574.441  47.922   0.025    9.766  -10.000      323.1331     5076.3125
 5 150  15.710  50574.441  47.922   0.024    8.340  -10.000      323.1331     5076.3125
 3 150  15.710  50575.305  67.698   0.024    9.853  -10.000      323.1880     5077.1758
 5 150  15.710  50575.305  67.698   0.015    8.408  -10.000      323.1880     5077.1758
 3 150  15.710  50575.410  70.115   0.015    9.851  -10.000      323.1948     5077.2812
 5 150  15.710  50575.410  70.115   0.007    8.407  -10.000      323.1948     5077.2812
 3 150  15.710  50576.312  90.791   0.008    9.878  -10.000      323.2522     5078.1836
 5 150  15.710  50576.312  90.791   0.002    8.452  -10.000      323.2522     5078.1836
 3 150  15.710  50576.402  92.856   0.009    9.879  -10.000      323.2579     5078.2734
 5 150  15.710  50576.402  92.856  -0.004    8.449  -10.000      323.2579     5078.2734
 3 150  15.710  50578.332 137.076   0.097    9.728  -10.000      323.3808     5080.2031
 5 150  15.710  50578.332 137.076  -0.002    8.378  -10.000      323.3808     5080.2031
 3 150  15.710  50578.418 139.043   0.114    9.731  -10.000      323.3862     5080.2891
 5 150  15.710  50578.418 139.043   0.014    8.388  -10.000      323.3862     5080.2891
 3 150  15.710  50579.422 162.048   0.076    9.657  -10.000      323.4501     5081.2930
 5 150  15.710  50579.422 162.048  -0.023    8.354  -10.000      323.4501     5081.2930
 3 150  15.710  50580.320 182.637  -0.161    9.130  -10.000      323.5073     5082.1914
 5 150  15.710  50580.320 182.637  -0.148    8.045  -10.000      323.5073     5082.1914
 3 150  15.710  50580.387 184.164  -0.192    9.051  -10.000      323.5116     5082.2578
 5 150  15.710  50580.387 184.164  -0.174    7.988  -10.000      323.5116     5082.2578
 3 150  15.710  50582.340 228.922   0.083    8.901  -10.000      323.6359     5084.2109
 5 150  15.710  50582.340 228.922   0.018    7.852  -10.000      323.6359     5084.2109
 3 150  15.710  50582.406 230.438   0.081    8.907  -10.000      323.6401     5084.2773
 5 150  15.710  50582.406 230.438   0.016    7.851  -10.000      323.6401     5084.2773
 3 150  15.710  50583.324 251.477   0.060    9.003  -10.000      323.6985     5085.1953
 5 150  15.710  50583.324 251.477   0.003    7.873  -10.000      323.6985     5085.1953
 3 150  15.710  50583.402 253.268   0.055    9.008  -10.000      323.7035     5085.2734
 5 150  15.710  50583.402 253.268   0.008    7.881  -10.000      323.7035     5085.2734
 3 150  15.710  50584.324 274.395   0.044    9.099  -10.000      323.7622     5086.1953
 5 150  15.710  50584.324 274.395   0.016    7.920  -10.000      323.7622     5086.1953
 3 150  15.710  50584.391 275.911   0.041    9.103  -10.000      323.7664     5086.2617
 5 150  15.710  50584.391 275.911   0.008    7.915  -10.000      323.7664     5086.2617
 3 150  15.710  50890.504  90.747   0.027    9.897  -10.000      343.2521     5392.3750
 5 150  15.710  50890.504  90.747   0.021    8.471  -10.000      343.2521     5392.3750
 3 150  15.710  50891.457 112.599  -0.009    9.803  -10.000      343.3128     5393.3281
 5 150  15.710  50891.457 112.599  -0.008    8.442  -10.000      343.3128     5393.3281
 3 150  15.710  50892.449 135.330   0.088    9.733  -10.000      343.3759     5394.3203
 5 150  15.710  50892.449 135.330   0.014    8.400  -10.000      343.3759     5394.3203
 3 150  15.710  50893.367 156.368   0.103    9.675  -10.000      343.4344     5395.2383
 5 150  15.710  50893.367 156.368   0.015    8.382  -10.000      343.4344     5395.2383
 3 150  15.710  50893.469 158.698   0.088    9.664  -10.000      343.4408     5395.3398
 5 150  15.710  50893.469 158.698   0.002    8.373  -10.000      343.4408     5395.3398
 3 150  15.710  50896.473 227.527   0.088    8.900  -10.000      343.6320     5398.3438
 5 150  15.710  50896.473 227.527   0.018    7.850  -10.000      343.6320     5398.3438
 3 150  15.710  50897.328 247.137   0.062    8.980  -10.000      343.6865     5399.1992
 5 150  15.710  50897.328 247.137   0.016    7.878  -10.000      343.6865     5399.1992
 3 150  15.710  50897.375 248.214   0.064    8.988  -10.000      343.6895     5399.2461
 5 150  15.710  50897.375 248.214   0.010    7.874  -10.000      343.6895     5399.2461
 3 150  15.710  50897.461 250.181   0.097    9.033  -10.000      343.6949     5399.3320
 5 150  15.710  50897.461 250.181   0.059    7.926  -10.000      343.6949     5399.3320
 3 150  15.710  50901.520 343.180   0.022    9.404  -10.000      343.9533     5403.3906
 5 150  15.710  50901.520 343.180   0.021    8.083  -10.000      343.9533     5403.3906
 3 150  15.710  50902.305   1.176   0.028    9.509  -10.000      344.0033     5404.1758
 5 150  15.710  50902.305   1.176   0.036    8.162  -10.000      344.0033     5404.1758
 3 150  15.710  50902.406   3.505   0.038    9.532  -10.000      344.0097     5404.2773
 5 150  15.710  50902.406   3.505   0.021    8.156  -10.000      344.0097     5404.2773
 3 150  15.710  50902.465   4.845   0.032    9.533  -10.000      344.0135     5404.3359
 5 150  15.710  50902.465   4.845   0.023    8.163  -10.000      344.0135     5404.3359
 3 150  15.710  50902.535   6.460   0.065    9.575  -10.000      344.0179     5404.4062
 5 150  15.710  50902.535   6.460   0.068    8.214  -10.000      344.0179     5404.4062
 3 150  15.710  50903.527  29.191   0.049    9.690  -10.000      344.0811     5405.3984
 5 150  15.710  50903.527  29.191   0.028    8.265  -10.000      344.0811     5405.3984
 3 150  15.710  50904.371  48.527   0.031    9.775  -10.000      344.1348     5406.2422
 5 150  15.710  50904.371  48.527   0.029    8.348  -10.000      344.1348     5406.2422
 3 150  15.710  50904.469  50.768   0.035    9.790  -10.000      344.1410     5406.3398
 5 150  15.710  50904.469  50.768   0.024    8.352  -10.000      344.1410     5406.3398
 3 150  15.710  50905.328  70.466   0.036    9.873  -10.000      344.1957     5407.1992
 5 150  15.710  50905.328  70.466   0.040    8.441  -10.000      344.1957     5407.1992
 3 150  15.710  50906.469  96.603  -0.017    9.851  -10.000      344.2683     5408.3398
 5 150  15.710  50906.469  96.603  -0.006    8.452  -10.000      344.2683     5408.3398
 3 150  15.710  50906.504  97.405   0.007    9.874  -10.000      344.2706     5408.3750
 5 150  15.710  50906.504  97.405   0.013    8.471  -10.000      344.2706     5408.3750
 3 150  15.710  50907.312 115.939   0.008    9.798  -10.000      344.3221     5409.1836
 5 150  15.710  50907.312 115.939  -0.016    8.427  -10.000      344.3221     5409.1836
 3 150  15.710  50907.402 117.993   0.014    9.790  -10.000      344.3278     5409.2734
 5 150  15.710  50907.402 117.993  -0.024    8.415  -10.000      344.3278     5409.2734
 3 150  15.710  50907.477 119.696   0.012    9.777  -10.000      344.3325     5409.3477
 5 150  15.710  50907.477 119.696  -0.019    8.415  -10.000      344.3325     5409.3477
 3 150  15.710  50908.359 139.922   0.100    9.710  -10.000      344.3887     5410.2305
 5 150  15.710  50908.359 139.922   0.017    8.389  -10.000      344.3887     5410.2305
 3 150  15.710  50908.488 142.877   0.114    9.706  -10.000      344.3969     5410.3594
 5 150  15.710  50908.488 142.877   0.001    8.366  -10.000      344.3969     5410.3594
 3 150  15.710  50909.418 164.180   0.050    9.632  -10.000      344.4561     5411.2891
 5 150  15.710  50909.418 164.180  -0.024    8.354  -10.000      344.4561     5411.2891
 3 150  15.710  50909.547 167.135   0.028    9.603  -10.000      344.4643     5411.4180
 5 150  15.710  50909.547 167.135  -0.030    8.346  -10.000      344.4643     5411.4180
 3 150  15.710  50910.293 184.230  -0.219    9.021  -10.000      344.5117     5412.1641
 5 150  15.710  50910.293 184.230  -0.171    7.989  -10.000      344.5117     5412.1641
 3 150  15.710  50910.371 186.021  -0.262    8.920  -10.000      344.5167     5412.2422
 5 150  15.710  50910.371 186.021  -0.207    7.915  -10.000      344.5167     5412.2422
 3 150  15.710  50910.441 187.635  -0.285    8.845  -10.000      344.5212     5412.3125
 5 150  15.710  50910.441 187.635  -0.223    7.864  -10.000      344.5212     5412.3125
 3 150  15.710  50912.297 230.153   0.085    8.909  -10.000      344.6393     5414.1680
 5 150  15.710  50912.297 230.153   0.008    7.843  -10.000      344.6393     5414.1680
 3 150  15.710  50912.379 232.031   0.098    8.931  -10.000      344.6445     5414.2500
 5 150  15.710  50912.379 232.031   0.037    7.874  -10.000      344.6445     5414.2500
 3 150  15.710  50912.461 233.921   0.089    8.932  -10.000      344.6498     5414.3320
 5 150  15.710  50912.461 233.921   0.026    7.865  -10.000      344.6498     5414.3320
 3 150  15.710  50913.289 252.894   0.071    9.022  -10.000      344.7025     5415.1602
 5 150  15.710  50913.289 252.894   0.026    7.898  -10.000      344.7025     5415.1602
 3 150  15.710  50913.375 254.861   0.064    9.026  -10.000      344.7079     5415.2461
 5 150  15.710  50913.375 254.861   0.021    7.896  -10.000      344.7079     5415.2461
 3 150  15.710  50913.445 256.476   0.071    9.041  -10.000      344.7124     5415.3164
 5 150  15.710  50913.445 256.476   0.021    7.899  -10.000      344.7124     5415.3164
 3 150  15.710  50914.289 275.812   0.055    9.117  -10.000      344.7661     5416.1602
 5 150  15.710  50914.289 275.812   0.025    7.931  -10.000      344.7661     5416.1602
 3 150  15.710  50914.367 277.603   0.050    9.121  -10.000      344.7711     5416.2383
 5 150  15.710  50914.367 277.603   0.021    7.931  -10.000      344.7711     5416.2383
 3 150  15.710  50914.449 279.481   0.072    9.152  -10.000      344.7763     5416.3203
 5 150  15.710  50914.449 279.481   0.030    7.943  -10.000      344.7763     5416.3203
 3 150  15.710  50915.312 299.257   0.045    9.209  -10.000      344.8313     5417.1836
 5 150  15.710  50915.312 299.257   0.017    7.961  -10.000      344.8313     5417.1836
 3 150  15.710  50915.379 300.784   0.049    9.220  -10.000      344.8355     5417.2500
 5 150  15.710  50915.379 300.784   0.021    7.968  -10.000      344.8355     5417.2500
 3 150  15.710  50915.469 302.838   0.023    9.204  -10.000      344.8412     5417.3398
 5 150  15.710  50915.469 302.838   0.010    7.962  -10.000      344.8412     5417.3398
 3 150  15.710  50916.297 321.823   0.054    9.329  -10.000      344.8940     5418.1680
 5 150  15.710  50916.297 321.823   0.019    8.019  -10.000      344.8940     5418.1680
 3 150  15.710  50916.363 323.339   0.056    9.339  -10.000      344.8982     5418.2344
 5 150  15.710  50916.363 323.339   0.033    8.037  -10.000      344.8982     5418.2344
 3 150  15.710  50916.445 325.217   0.036    9.328  -10.000      344.9034     5418.3164
 5 150  15.710  50916.445 325.217   0.021    8.030  -10.000      344.9034     5418.3164
 3 150  15.710  50917.309 345.004   0.030    9.421  -10.000      344.9583     5419.1797
 5 150  15.710  50917.309 345.004   0.014    8.082  -10.000      344.9583     5419.1797
 3 150  15.710  50917.379 346.619   0.036    9.435  -10.000      344.9628     5419.2500
 5 150  15.710  50917.379 346.619   0.019    8.092  -10.000      344.9628     5419.2500
 3 150  15.710  50917.449 348.223   0.036    9.444  -10.000      344.9673     5419.3203
 5 150  15.710  50917.449 348.223   0.013    8.091  -10.000      344.9673     5419.3203
18 163  15.710  47916.812 346.146  -0.007    9.538  -10.000      153.9615     2418.6836
18 163  15.710  47916.887 347.844   0.017    9.570  -10.000      153.9662     2418.7578
18 163  15.710  47945.234 277.454   0.004    9.228  -10.000      155.7707     2447.1055
18 163  15.710  47945.250 277.811   0.002    9.227  -10.000      155.7717     2447.1211
18 163  15.710  47945.324 279.514   0.005    9.239  -10.000      155.7764     2447.1953
18 163  15.710  47945.336 279.783  -0.010    9.224  -10.000      155.7772     2447.2070
18 163  15.710  48010.102 323.937  -0.012    9.423  -10.000      159.8998     2511.9727
18 163  15.710  48010.117 324.300  -0.009    9.428  -10.000      159.9008     2511.9883
18 163  15.710  48032.766 123.305   0.041    9.928  -10.000      161.3425     2534.6367
18 163  15.710  48032.777 123.574   0.043    9.928  -10.000      161.3433     2534.6484
18 163  15.710  48032.957 127.694   0.049    9.904  -10.000      161.3547     2534.8281
18 163  15.710  48068.660 225.857  -0.003    8.961  -10.000      163.6274     2570.5312
18 163  15.710  48068.676 226.219  -0.026    8.939  -10.000      163.6284     2570.5469
18 163  15.710  48068.750 227.917   0.009    8.982  -10.000      163.6331     2570.6211
18 163  15.710  48068.762 228.186   0.002    8.976  -10.000      163.6339     2570.6328
18 163  15.710  48098.859 197.897  -0.190    8.821  -10.000      165.5497     2600.7305
18 163  15.710  48098.875 198.259  -0.213    8.791  -10.000      165.5507     2600.7461
18 163  15.710  48098.949 199.957  -0.209    8.767  -10.000      165.5554     2600.8203
18 163  15.710  48159.539 148.425   0.106    9.829  -10.000      169.4123     2661.4102
18 163  15.710  48159.555 148.782   0.116    9.838  -10.000      169.4133     2661.4258
18 163  15.710  48227.859 274.043   0.023    9.230  -10.000      173.7612     2729.7305
18 163  15.710  48227.875 274.400  -0.004    9.205  -10.000      173.7622     2729.7461
18 163  15.710  48227.965 276.460   0.052    9.270  -10.000      173.7679     2729.8359
18 163  15.710  48261.973 335.775  -0.008    9.486  -10.000      175.9327     2763.8438
18 163  15.710  48261.988 336.132   0.018    9.514  -10.000      175.9337     2763.8594
18 163  15.710  48262.062 337.835   0.012    9.516  -10.000      175.9384     2763.9336
18 163  15.710  48262.078 338.192  -0.002    9.504  -10.000      175.9394     2763.9492
18 163  15.710  48285.969 165.668   0.088    9.820  -10.000      177.4602     2787.8398
18 163  15.710  48285.980 165.932   0.083    9.814  -10.000      177.4609     2787.8516
18 163  15.710  48313.512  76.838   0.023   10.020  -10.000      179.2134     2815.3828
18 163  15.710  48313.527  77.195   0.001    9.998  -10.000      179.2144     2815.3984
18 163  15.710  48313.602  78.893  -0.004    9.998  -10.000      179.2191     2815.4727
18 163  15.710  48349.246 175.721   0.009    9.634  -10.000      181.4881     2851.1172
18 163  15.710  48349.426 179.835   0.031    9.559  -10.000      181.4995     2851.2969
18 163  15.710  48349.500 181.538   0.028    9.507  -10.000      181.5043     2851.3711
18 163  15.710  48349.516 181.895   0.026    9.495  -10.000      181.5053     2851.3867
18 163  15.710  48371.453 324.613  -0.060    9.378  -10.000      182.9017     2873.3242
18 163  15.710  48371.465 324.882  -0.002    9.438  -10.000      182.9025     2873.3359
18 163  15.710  48371.629 328.640   0.020    9.479  -10.000      182.9129     2873.5000
18 163  15.710  48371.719 330.699   0.009    9.479  -10.000      182.9186     2873.5898
18 163  15.710  48371.820 333.023   0.005    9.486  -10.000      182.9251     2873.6914
18 163  15.710  48411.078 152.650   0.099    9.818  -10.000      185.4240     2912.9492
18 163  15.710  48411.168 154.709   0.124    9.845  -10.000      185.4297     2913.0391
18 163  15.710  48411.184 155.067   0.115    9.837  -10.000      185.4307     2913.0547
18 163  15.710  48411.258 156.769   0.095    9.819  -10.000      185.4355     2913.1289
18 163  15.710  48411.273 157.126   0.118    9.843  -10.000      185.4365     2913.1445
18 163  15.710  48438.270  55.767   0.054    9.979  -10.000      187.1549     2940.1406
18 163  15.710  48438.285  56.124   0.023    9.950  -10.000      187.1559     2940.1562
18 163  15.710  48438.359  57.821   0.067   10.002  -10.000      187.1606     2940.2305
18 163  15.710  48438.375  58.184   0.009    9.946  -10.000      187.1616     2940.2461
18 163  15.710  48438.449  59.881   0.018    9.963  -10.000      187.1663     2940.3203
18 163  15.710  48467.059 355.490   0.019    9.615  -10.000      188.9875     2968.9297
18 163  15.710  48467.074 355.847  -0.001    9.597  -10.000      188.9885     2968.9453
18 163  15.710  48501.262  59.282   0.076   10.018  -10.000      191.1647     3003.1328
18 163  15.710  48501.273  59.551   0.023    9.967  -10.000      191.1654     3003.1445
18 163  15.710  48501.352  61.342   0.006    9.958  -10.000      191.1704     3003.2227
18 163  15.710  48501.363  61.611   0.003    9.955  -10.000      191.1711     3003.2344
18 163  15.710  48519.227 110.962  -0.023    9.944  -10.000      192.3082     3021.0977
18 163  15.710  48557.352 264.628   0.021    9.185  -10.000      194.7351     3059.2227
18 163  15.710  48557.363 264.897   0.016    9.182  -10.000      194.7358     3059.2344
18 163  15.710  48557.527 268.654   0.007    9.188  -10.000      194.7463     3059.3984
18 163  15.710  48557.543 269.017   0.048    9.231  -10.000      194.7473     3059.4141
18 163  15.710  48571.141 220.616  -0.031    8.907  -10.000      195.6128     3073.0117
18 163  15.710  48607.367 330.776   0.000    9.470  -10.000      197.9188     3109.2383
18 163  15.710  48607.383 331.133   0.016    9.487  -10.000      197.9198     3109.2539
18 163  15.710  48607.457 332.836   0.005    9.485  -10.000      197.9245     3109.3281
18 163  15.710  48607.469 333.105   0.010    9.492  -10.000      197.9253     3109.3398
18 163  15.710  48627.453  71.065   0.008    9.990  -10.000      199.1974     3129.3242
18 163  15.710  48627.465  71.334   0.034   10.017  -10.000      199.1982     3129.3359
18 163  15.710  48657.660  43.281   0.007    9.869  -10.000      201.1202     3159.5312
18 163  15.710  48657.672  43.550  -0.018    9.845  -10.000      201.1210     3159.5430
18 163  15.710  48688.492  29.822   0.047    9.836  -10.000      203.0828     3190.3633
18 163  15.710  48688.508  30.185   0.047    9.838  -10.000      203.0838     3190.3789
18 163  15.710  48688.582  31.882   0.055    9.856  -10.000      203.0886     3190.4531
18 163  15.710  48688.598  32.239   0.036    9.839  -10.000      203.0896     3190.4688
18 163  15.710  48712.223 213.629  -0.062    8.849  -10.000      204.5934     3214.0938
18 163  15.710  48712.414 218.013  -0.025    8.901  -10.000      204.6056     3214.2852
18 163  15.710  48712.488 219.716   0.013    8.946  -10.000      204.6103     3214.3594
18 163  15.710  48712.500 219.985  -0.015    8.920  -10.000      204.6111     3214.3711
18 163  15.710  48752.664  60.375   0.029    9.976  -10.000      207.1677     3254.5352
18 163  15.710  48752.738  62.078   0.055   10.009  -10.000      207.1724     3254.6094
18 163  15.710  48752.754  62.435   0.047   10.003  -10.000      207.1734     3254.6250
18 163  15.710  48752.828  64.138   0.021    9.983  -10.000      207.1782     3254.6992
18 163  15.710  48752.844  64.495   0.041   10.004  -10.000      207.1792     3254.7148
18 163  15.710  48752.918  66.193  -0.007    9.962  -10.000      207.1839     3254.7891
18 163  15.710  48752.930  66.462   0.012    9.982  -10.000      207.1846     3254.8008
18 163  15.710  48776.824 254.026  -0.010    9.104  -10.000      208.7056     3278.6953
18 163  15.710  48776.836 254.295   0.015    9.130  -10.000      208.7064     3278.7070
18 163  15.710  48776.914 256.086   0.008    9.132  -10.000      208.7113     3278.7852
18 163  15.710  48776.926 256.355   0.021    9.146  -10.000      208.7121     3278.7969
18 163  15.710  48777.090 260.112   0.045    9.189  -10.000      208.7225     3278.9609
18 163  15.710  48810.406 303.585   0.019    9.355  -10.000      210.8433     3312.2773
18 163  15.710  48810.422 303.942   0.006    9.343  -10.000      210.8443     3312.2930
18 163  15.710  48953.379 339.922  -0.015    9.499  -10.000      219.9442     3455.2500
18 163  15.710  48953.395 340.280   0.014    9.530  -10.000      219.9452     3455.2656
18 163  15.710  49015.945 333.688   0.019    9.503  -10.000      223.9269     3517.8164
18 163  15.710  49015.957 333.951   0.039    9.524  -10.000      223.9276     3517.8281
 1   2  15.710  41649.836  13.173  -0.061   11.940  -10.000     -244.9634    -3848.2930
 2   2  15.710  41649.836  13.173  -0.054   10.830  -10.000     -244.9634    -3848.2930
 3   2  15.710  41649.836  13.173  -0.037    9.510  -10.000     -244.9634    -3848.2930
 1   2  15.710  41650.848  36.354  -0.030   12.210  -10.000     -244.8990    -3847.2812
 2   2  15.710  41650.848  36.354  -0.033   11.030  -10.000     -244.8990    -3847.2812
 3   2  15.710  41650.848  36.354  -0.050    9.630  -10.000     -244.8990    -3847.2812
 1   2  15.710  41652.848  82.189   0.047   12.520  -10.000     -244.7717    -3845.2812
 2   2  15.710  41652.848  82.189  -0.008   11.260  -10.000     -244.7717    -3845.2812
 3   2  15.710  41652.848  82.189  -0.024    9.840  -10.000     -244.7717    -3845.2812
 1   2  15.710  41653.852 105.194   0.062   12.400  -10.000     -244.7078    -3844.2773
 2   2  15.710  41653.852 105.194   0.059   11.260  -10.000     -244.7078    -3844.2773
 3   2  15.710  41653.852 105.194   0.041    9.890  -10.000     -244.7078    -3844.2773
 1   2  15.710  41654.844 127.930   0.202   12.120  -10.000     -244.6446    -3843.2852
 2   2  15.710  41654.844 127.930   0.163   11.100  -10.000     -244.6446    -3843.2852
 3   2  15.710  41654.844 127.930   0.076    9.780  -10.000     -244.6446    -3843.2852
 2   2  15.710  41655.828 150.485   0.265   10.960  -10.000     -244.5820    -3842.3008
 3   2  15.710  41655.828 150.485   0.132    9.700  -10.000     -244.5820    -3842.3008
 1   2  15.710  41760.738  34.590  -0.044   12.180  -10.000     -237.9039    -3737.3906
 2   2  15.710  41760.738  34.590  -0.040   11.010  -10.000     -237.9039    -3737.3906
 3   2  15.710  41760.738  34.590  -0.010    9.660  -10.000     -237.9039    -3737.3906
 1   2  15.710  41762.750  80.689  -0.014   12.460  -10.000     -237.7759    -3735.3789
 2   2  15.710  41762.750  80.689   0.013   11.280  -10.000     -237.7759    -3735.3789
 3   2  15.710  41762.750  80.689   0.039    9.900  -10.000     -237.7759    -3735.3789
 1   2  15.710  41768.762 218.452   0.056   10.040  -10.000     -237.3932    -3729.3672
 2   2  15.710  41768.762 218.452  -0.128    9.440  -10.000     -237.3932    -3729.3672
 3   2  15.710  41768.762 218.452  -0.047    8.720  -10.000     -237.3932    -3729.3672
 1   2  15.710  41769.750 241.100   0.149   10.490  -10.000     -237.3303    -3728.3789
 2   2  15.710  41769.750 241.100   0.022    9.810  -10.000     -237.3303    -3728.3789
 3   2  15.710  41769.750 241.100   0.067    8.950  -10.000     -237.3303    -3728.3789
 1   2  15.710  41770.785 264.820   0.025   10.750  -10.000     -237.2644    -3727.3438
 2   2  15.710  41770.785 264.820  -0.006   10.020  -10.000     -237.2644    -3727.3438
 3   2  15.710  41770.785 264.820   0.050    9.060  -10.000     -237.2644    -3727.3438
 1   2  15.710  41771.746 286.842   0.018   11.040  -10.000     -237.2032    -3726.3828
 2   2  15.710  41771.746 286.842   0.017   10.230  -10.000     -237.2032    -3726.3828
 3   2  15.710  41771.746 286.842   0.068    9.180  -10.000     -237.2032    -3726.3828
 1   2  15.710  41772.766 310.204  -0.110   11.190  -10.000     -237.1383    -3725.3633
 2   2  15.710  41772.766 310.204  -0.073   10.320  -10.000     -237.1383    -3725.3633
 3   2  15.710  41772.766 310.204  -0.017    9.200  -10.000     -237.1383    -3725.3633
 0  19  15.710  43967.512 204.637   2.648  -20.400  -10.000      -97.4316    -1530.6172
 0  19  15.710  43970.379 270.341  -1.580  -32.500  -10.000      -97.2491    -1527.7500
 0  19  15.710  43971.504 296.120  -2.782  -27.700  -10.000      -97.1774    -1526.6250
 0  19  15.710  43972.488 318.678  -3.458  -23.800  -10.000      -97.1148    -1525.6406
 0  19  15.710  43973.492 341.683  -2.350  -17.100  -10.000      -97.0509    -1524.6367
 0  19  15.710  43976.453  49.535  -0.524   -1.700  -10.000      -96.8624    -1521.6758
 0  19  15.710  43977.465  72.719  -0.740    3.000  -10.000      -96.7980    -1520.6641
 0  19  15.710  43978.453  95.367  -0.726    7.500  -10.000      -96.7351    -1519.6758
 0  19  15.710  43979.445 118.103   0.350   12.700  -10.000      -96.6719    -1518.6836
 0  19  15.710  43980.480 141.825   3.835   10.600  -10.000      -96.6060    -1517.6484
 0  19  15.710  44238.602 296.884  -2.189  -26.900  -10.000      -80.1753    -1259.5273
 0  19  15.710  44240.609 342.894  -0.079  -14.400  -10.000      -80.0475    -1257.5195
 0  19  15.710  44241.598   5.543   2.326   -7.900  -10.000      -79.9846    -1256.5312
 0  19  15.710  44299.523 252.960  -1.717  -35.600  -10.000      -76.2973    -1198.6055
 0  19  15.710  44301.453 297.180  -4.862  -29.500  -10.000      -76.1745    -1196.6758
 0  19  15.710  44331.461 264.834  -3.839  -36.500  -10.000      -74.2644    -1166.6680
 0  19  15.710  44333.484 311.204  -0.701  -21.600  -10.000      -74.1355    -1164.6445
 0  19  15.710  44444.242 329.310  -4.285  -21.000  -10.000      -67.0853    -1053.8867
 0  19  15.710  44445.238 352.137  -6.512  -19.000  -10.000      -67.0218    -1052.8906
 0  19  15.710  44446.238  15.051  -3.024  -12.800  -10.000      -66.9582    -1051.8906
 0  19  15.710  44447.230  37.790  -1.672   -3.900  -10.000      -66.8950    -1050.8984
 0  19  15.710  44596.566 219.946   5.011  -23.800  -10.000      -57.3890     -901.5625
 0  19  15.710  44625.566 164.505   3.413   -1.900  -10.000      -55.5430     -872.5625
 0  19  15.710  44653.586  86.597   0.839    6.600  -10.000      -53.7595     -844.5430
 0  19  15.710  44654.613 110.139  -4.806    7.200  -10.000      -53.6941     -843.5156
 0  19  15.710  44655.547 131.532   1.539   11.200  -10.000      -53.6346     -842.5820
 0  19  15.710  44658.566 200.728   4.205  -13.900  -10.000      -53.4424     -839.5625
 0  19  15.710  44659.602 224.449   9.700  -21.400  -10.000      -53.3765     -838.5273
 0  19  15.710  44691.434 233.907   5.946  -29.200  -10.000      -51.3503     -806.6953
 0  19  15.710  44692.488 258.076  -0.774  -33.200  -10.000      -51.2831     -805.6406
 0  19  15.710  44693.492 281.081  -2.432  -31.200  -10.000      -51.2192     -804.6367
 0  19  15.710  44694.488 303.908  -0.934  -24.000  -10.000      -51.1558     -803.6406
 0  19  15.710  44703.488 150.150   8.019    8.700  -10.000      -50.5829     -794.6406
 0  19  15.710  44704.465 172.529  -0.712   -8.100  -10.000      -50.5208     -793.6641
 0  19  15.710  44705.465 195.444   3.436  -10.700  -10.000      -50.4571     -792.6641
 0  19  15.710  44706.484 218.808   8.920  -19.800  -10.000      -50.3922     -791.6445
 0  19  15.710  44707.445 240.829   2.114  -32.000  -10.000      -50.3310     -790.6836
 0  19  15.710  44709.473 287.287  -2.683  -31.300  -10.000      -50.2020     -788.6562
 0  19  15.710  44712.477 356.125  -1.836  -13.800  -10.000      -50.0108     -785.6523
 0  19  15.710  44713.469  18.861   0.246   -7.800  -10.000      -49.9476     -784.6602
 0  19  15.710  44714.465  41.688  -1.738   -3.100  -10.000      -49.8842     -783.6641
 0  19  15.710  44715.488  65.139  -0.493    0.300  -10.000      -49.8191     -782.6406
 0  19  15.710  45039.617 292.823  -5.644  -31.800  -10.000      -29.1866     -458.5117
 0  19  15.710  45041.301 331.404   1.053  -15.300  -10.000      -29.0794     -456.8281
 0  19  15.710  45042.301 354.320  -1.530  -13.800  -10.000      -29.0158     -455.8281
 0  19  15.710  45042.422 357.095  -1.052  -12.800  -10.000      -29.0081     -455.7070
 0  19  15.710  45043.293  17.057   5.427   -3.500  -10.000      -28.9526     -454.8359
 0  19  15.710  45043.438  20.369   1.836   -5.500  -10.000      -28.9434     -454.6914
 0  19  15.710  45044.324  40.689   1.672    0.200  -10.000      -28.8870     -453.8047
 0  19  15.710  45089.363 352.796  -2.965  -15.400  -10.000      -26.0200     -408.7656
 0  19  15.710  45090.414  16.876  -0.888   -9.900  -10.000      -25.9531     -407.7148
 0  19  15.710  45091.391  39.254   0.866   -0.900  -10.000      -25.8910     -406.7383
 0  19  15.710  45093.395  85.176  -2.755    3.000  -10.000      -25.7634     -404.7344
 2  19  15.710  43895.566 355.949  -0.088   10.661  -10.000     -102.0113    -1602.5625
 3  19  15.710  43895.566 355.949  -0.050    9.401  -10.000     -102.0113    -1602.5625
 5  19  15.710  43895.566 355.949  -0.039    8.068  -10.000     -102.0113    -1602.5625
 2  19  15.710  43907.543 270.401  -0.100    9.974  -10.000     -101.2489    -1590.5859
 3  19  15.710  43907.543 270.401  -0.015    9.020  -10.000     -101.2489    -1590.5859
 4  19  15.710  43907.543 270.401   0.008    8.456  -10.000     -101.2489    -1590.5859
 5  19  15.710  43907.543 270.401  -0.009    7.888  -10.000     -101.2489    -1590.5859
 1  19  15.710  43934.527 168.772   0.242   11.739  -10.000      -99.5312    -1563.6016
 2  19  15.710  43934.527 168.772   0.190   10.866  -10.000      -99.5312    -1563.6016
 3  19  15.710  43934.527 168.772   0.125    9.691  -10.000      -99.5312    -1563.6016
 2  19  15.710  43939.535 283.530  -0.084   10.104  -10.000      -99.2124    -1558.5938
 3  19  15.710  43939.535 283.530  -0.024    9.074  -10.000      -99.2124    -1558.5938
 4  19  15.710  43939.535 283.530  -0.003    8.487  -10.000      -99.2124    -1558.5938
 5  19  15.710  43939.535 283.530  -0.005    7.915  -10.000      -99.2124    -1558.5938
 2  19  15.710  43944.406  35.154  -0.065   10.989  -10.000      -98.9024    -1553.7227
 3  19  15.710  43944.406  35.154  -0.038    9.635  -10.000      -98.9024    -1553.7227
 4  19  15.710  43944.406  35.154  -0.039    8.904  -10.000      -98.9024    -1553.7227
 5  19  15.710  43944.406  35.154  -0.027    8.235  -10.000      -98.9024    -1553.7227
 2  19  15.710  43945.367  57.176  -0.066   11.130  -10.000      -98.8412    -1552.7617
 3  19  15.710  43945.367  57.176  -0.032    9.756  -10.000      -98.8412    -1552.7617
 4  19  15.710  43945.367  57.176  -0.029    9.018  -10.000      -98.8412    -1552.7617
 5  19  15.710  43945.367  57.176  -0.007    8.348  -10.000      -98.8412    -1552.7617
 2  19  15.710  43977.484  73.166  -0.054   11.201  -10.000      -96.7968    -1520.6445
 3  19  15.710  43977.484  73.166  -0.023    9.821  -10.000      -96.7968    -1520.6445
 4  19  15.710  43977.484  73.166  -0.021    9.080  -10.000      -96.7968    -1520.6445
 5  19  15.710  43977.484  73.166  -0.023    8.385  -10.000      -96.7968    -1520.6445
 2  19  15.710  43980.461 141.378   0.250   11.009  -10.000      -96.6073    -1517.6680
 3  19  15.710  43980.461 141.378   0.156    9.757  -10.000      -96.6073    -1517.6680
 4  19  15.710  43980.461 141.378   0.090    9.054  -10.000      -96.6073    -1517.6680
 5  19  15.710  43980.461 141.378   0.028    8.396  -10.000      -96.6073    -1517.6680
 2  19  15.710  44046.289 209.883  -0.213    9.306  -10.000      -92.4170    -1451.8398
 3  19  15.710  44046.289 209.883  -0.129    8.616  -10.000      -92.4170    -1451.8398
 4  19  15.710  44046.289 209.883  -0.088    8.180  -10.000      -92.4170    -1451.8398
 5  19  15.710  44046.289 209.883  -0.084    7.735  -10.000      -92.4170    -1451.8398
 2  19  15.710  44048.281 255.536  -0.065    9.877  -10.000      -92.2902    -1449.8477
 3  19  15.710  44048.281 255.536   0.002    8.967  -10.000      -92.2902    -1449.8477
 4  19  15.710  44048.281 255.536   0.010    8.413  -10.000      -92.2902    -1449.8477
 5  19  15.710  44048.281 255.536   0.007    7.884  -10.000      -92.2902    -1449.8477
 2  19  15.710  44387.328 105.079   0.024   11.226  -10.000      -70.7081    -1110.8008
 3  19  15.710  44387.328 105.079   0.021    9.870  -10.000      -70.7081    -1110.8008
 4  19  15.710  44387.328 105.079  -0.006    9.125  -10.000      -70.7081    -1110.8008
 5  19  15.710  44387.328 105.079  -0.015    8.445  -10.000      -70.7081    -1110.8008
 2  19  15.710  44646.492 284.038  -0.086   10.106  -10.000      -54.2110     -851.6367
 3  19  15.710  44646.492 284.038  -0.029    9.071  -10.000      -54.2110     -851.6367
 4  19  15.710  44646.492 284.038  -0.009    8.482  -10.000      -54.2110     -851.6367
 5  19  15.710  44646.492 284.038  -0.010    7.910  -10.000      -54.2110     -851.6367
 1  19  15.710  44647.480 306.685  -0.154   11.103  -10.000      -54.1481     -850.6484
 2  19  15.710  44647.480 306.685  -0.077   10.288  -10.000      -54.1481     -850.6484
 3  19  15.710  44647.480 306.685  -0.028    9.172  -10.000      -54.1481     -850.6484
 4  19  15.710  44647.480 306.685  -0.009    8.551  -10.000      -54.1481     -850.6484
 5  19  15.710  44647.480 306.685   0.003    7.964  -10.000      -54.1481     -850.6484
 2  19  15.710  44648.492 329.869  -0.094   10.455  -10.000      -54.0837     -849.6367
 3  19  15.710  44648.492 329.869  -0.049    9.267  -10.000      -54.0837     -849.6367
 4  19  15.710  44648.492 329.869  -0.039    8.609  -10.000      -54.0837     -849.6367
 5  19  15.710  44648.492 329.869  -0.033    7.990  -10.000      -54.0837     -849.6367
 2  19  15.710  44649.508 353.143  -0.081   10.645  -10.000      -54.0190     -848.6211
 3  19  15.710  44649.508 353.143  -0.044    9.391  -10.000      -54.0190     -848.6211
 4  19  15.710  44649.508 353.143  -0.039    8.704  -10.000      -54.0190     -848.6211
 5  19  15.710  44649.508 353.143  -0.021    8.075  -10.000      -54.0190     -848.6211
 3  19  15.710  44653.570  86.239  -0.021    9.847  -10.000      -53.7604     -844.5586
 4  19  15.710  44653.570  86.239  -0.026    9.105  -10.000      -53.7604     -844.5586
 5  19  15.710  44653.570  86.239  -0.024    8.418  -10.000      -53.7604     -844.5586
 2  19  15.710  44654.590 109.602   0.027   11.189  -10.000      -53.6955     -843.5391
 3  19  15.710  44654.590 109.602   0.017    9.846  -10.000      -53.6955     -843.5391
 4  19  15.710  44654.590 109.602  -0.005    9.114  -10.000      -53.6955     -843.5391
 5  19  15.710  44654.590 109.602  -0.022    8.434  -10.000      -53.6955     -843.5391
 2  19  15.710  44655.543 131.443   0.173   11.062  -10.000      -53.6349     -842.5859
 3  19  15.710  44655.543 131.443   0.107    9.784  -10.000      -53.6349     -842.5859
 4  19  15.710  44655.543 131.443   0.051    9.068  -10.000      -53.6349     -842.5859
 5  19  15.710  44655.543 131.443   0.008    8.408  -10.000      -53.6349     -842.5859
 2  19  15.710  44676.469 250.974  -0.057    9.838  -10.000      -52.3028     -821.6602
 3  19  15.710  44676.469 250.974   0.007    8.947  -10.000      -52.3028     -821.6602
 4  19  15.710  44676.469 250.974   0.010    8.397  -10.000      -52.3028     -821.6602
 5  19  15.710  44676.469 250.974   0.006    7.875  -10.000      -52.3028     -821.6602
 2  19  15.710  44677.426 272.906  -0.099    9.997  -10.000      -52.2419     -820.7031
 3  19  15.710  44677.426 272.906  -0.021    9.026  -10.000      -52.2419     -820.7031
 4  19  15.710  44677.426 272.906  -0.019    8.437  -10.000      -52.2419     -820.7031
 5  19  15.710  44677.426 272.906  -0.010    7.891  -10.000      -52.2419     -820.7031
 2  19  15.710  44679.453 319.364  -0.094   10.372  -10.000      -52.1129     -818.6758
 3  19  15.710  44679.453 319.364  -0.037    9.226  -10.000      -52.1129     -818.6758
 4  19  15.710  44679.453 319.364  -0.025    8.582  -10.000      -52.1129     -818.6758
 5  19  15.710  44679.453 319.364  -0.017    7.976  -10.000      -52.1129     -818.6758
 2  19  15.710  44680.480 342.907  -0.086   10.561  -10.000      -52.0475     -817.6484
 3  19  15.710  44680.480 342.907  -0.042    9.339  -10.000      -52.0475     -817.6484
 4  19  15.710  44680.480 342.907  -0.047    8.652  -10.000      -52.0475     -817.6484
 5  19  15.710  44680.480 342.907  -0.023    8.038  -10.000      -52.0475     -817.6484
 2  19  15.710  44703.328 146.479   0.253   10.967  -10.000      -50.5931     -794.8008
 3  19  15.710  44703.328 146.479   0.162    9.739  -10.000      -50.5931     -794.8008
 4  19  15.710  44703.328 146.479   0.078    9.026  -10.000      -50.5931     -794.8008
 5  19  15.710  44703.328 146.479   0.026    8.386  -10.000      -50.5931     -794.8008
 2  19  15.710  44704.438 171.902   0.188   10.819  -10.000      -50.5225     -793.6914
 3  19  15.710  44704.438 171.902   0.130    9.665  -10.000      -50.5225     -793.6914
 4  19  15.710  44704.438 171.902   0.054    8.978  -10.000      -50.5225     -793.6914
 5  19  15.710  44704.438 171.902   0.010    8.362  -10.000      -50.5225     -793.6914
 2  19  15.710  44706.453 218.092  -0.208    9.357  -10.000      -50.3942     -791.6758
 3  19  15.710  44706.453 218.092  -0.117    8.648  -10.000      -50.3942     -791.6758
 4  19  15.710  44706.453 218.092  -0.077    8.200  -10.000      -50.3942     -791.6758
 5  19  15.710  44706.453 218.092  -0.084    7.734  -10.000      -50.3942     -791.6758
 2  19  15.710  44711.367 330.702  -0.078   10.478  -10.000      -50.0814     -786.7617
 3  19  15.710  44711.367 330.702  -0.033    9.288  -10.000      -50.0814     -786.7617
 4  19  15.710  44711.367 330.702  -0.022    8.629  -10.000      -50.0814     -786.7617
 5  19  15.710  44711.367 330.702  -0.013    8.012  -10.000      -50.0814     -786.7617
 2  19  15.710  44712.430 355.049  -0.073   10.669  -10.000      -50.0138     -785.6992
 3  19  15.710  44712.430 355.049  -0.033    9.413  -10.000      -50.0138     -785.6992
 4  19  15.710  44712.430 355.049  -0.010    8.742  -10.000      -50.0138     -785.6992
 5  19  15.710  44712.430 355.049  -0.003    8.100  -10.000      -50.0138     -785.6992
 2  19  15.710  44713.414  17.607  -0.089   10.832  -10.000      -49.9511     -784.7148
 3  19  15.710  44713.414  17.607  -0.053    9.520  -10.000      -49.9511     -784.7148
 4  19  15.710  44713.414  17.607  -0.059    8.798  -10.000      -49.9511     -784.7148
 5  19  15.710  44713.414  17.607  -0.030    8.158  -10.000      -49.9511     -784.7148
 2  19  15.710  44794.219  69.314  -0.042   11.204  -10.000      -44.8075     -703.9102
 3  19  15.710  44794.219  69.314  -0.032    9.802  -10.000      -44.8075     -703.9102
 4  19  15.710  44794.219  69.314  -0.029    9.062  -10.000      -44.8075     -703.9102
 5  19  15.710  44794.219  69.314  -0.018    8.379  -10.000      -44.8075     -703.9102
 2  19  15.710  44795.262  93.215   0.011   11.268  -10.000      -44.7411     -702.8672
 3  19  15.710  44795.262  93.215   0.015    9.885  -10.000      -44.7411     -702.8672
 4  19  15.710  44795.262  93.215   0.006    9.143  -10.000      -44.7411     -702.8672
 5  19  15.710  44795.262  93.215   0.000    8.454  -10.000      -44.7411     -702.8672
 2  19  15.710  44960.578 281.577  -0.093   10.079  -10.000      -34.2178     -537.5508
 3  19  15.710  44960.578 281.577  -0.037    9.053  -10.000      -34.2178     -537.5508
 1  19  15.710  45004.340 204.414   0.023    9.941  -10.000      -31.4322     -493.7891
 2  19  15.710  45004.340 204.414  -0.107    9.431  -10.000      -31.4322     -493.7891
 3  19  15.710  45004.340 204.414  -0.055    8.711  -10.000      -31.4322     -493.7891
 4  19  15.710  45004.340 204.414  -0.063    8.226  -10.000      -31.4322     -493.7891
 5  19  15.710  45004.340 204.414  -0.049    7.791  -10.000      -31.4322     -493.7891
 1  19  15.710  45004.387 205.488   0.016    9.923  -10.000      -31.4292     -493.7422
 2  19  15.710  45004.387 205.488  -0.137    9.393  -10.000      -31.4292     -493.7422
 3  19  15.710  45004.387 205.488  -0.077    8.682  -10.000      -31.4292     -493.7422
 4  19  15.710  45004.387 205.488  -0.057    8.225  -10.000      -31.4292     -493.7422
 5  19  15.710  45004.387 205.488  -0.062    7.772  -10.000      -31.4292     -493.7422
 1  19  15.710  45004.477 207.546  -0.026    9.871  -10.000      -31.4235     -493.6523
 2  19  15.710  45004.477 207.546  -0.186    9.334  -10.000      -31.4235     -493.6523
 3  19  15.710  45004.477 207.546  -0.107    8.643  -10.000      -31.4235     -493.6523
 4  19  15.710  45004.477 207.546  -0.079    8.195  -10.000      -31.4235     -493.6523
 5  19  15.710  45004.477 207.546  -0.069    7.756  -10.000      -31.4235     -493.6523
 1  19  15.710  45004.516 208.442  -0.057    9.840  -10.000      -31.4210     -493.6133
 2  19  15.710  45004.516 208.442  -0.201    9.318  -10.000      -31.4210     -493.6133
 3  19  15.710  45004.516 208.442  -0.125    8.622  -10.000      -31.4210     -493.6133
 4  19  15.710  45004.516 208.442  -0.099    8.172  -10.000      -31.4210     -493.6133
 5  19  15.710  45004.516 208.442  -0.084    7.739  -10.000      -31.4210     -493.6133
 1  19  15.710  45004.562 209.516  -0.027    9.872  -10.000      -31.4180     -493.5664
 2  19  15.710  45004.562 209.516  -0.197    9.322  -10.000      -31.4180     -493.5664
 3  19  15.710  45004.562 209.516  -0.116    8.630  -10.000      -31.4180     -493.5664
 4  19  15.710  45004.562 209.516  -0.098    8.171  -10.000      -31.4180     -493.5664
 5  19  15.710  45004.562 209.516  -0.076    7.744  -10.000      -31.4180     -493.5664
 1  19  15.710  45004.590 210.142  -0.064    9.837  -10.000      -31.4163     -493.5391
 2  19  15.710  45004.590 210.142  -0.214    9.305  -10.000      -31.4163     -493.5391
 3  19  15.710  45004.590 210.142  -0.126    8.619  -10.000      -31.4163     -493.5391
 4  19  15.710  45004.590 210.142  -0.103    8.165  -10.000      -31.4163     -493.5391
 5  19  15.710  45004.590 210.142  -0.093    7.726  -10.000      -31.4163     -493.5391
 1  19  15.710  45005.531 231.715   0.066   10.250  -10.000      -31.3563     -492.5977
 2  19  15.710  45005.531 231.715  -0.049    9.642  -10.000      -31.3563     -492.5977
 3  19  15.710  45005.531 231.715  -0.010    8.822  -10.000      -31.3563     -492.5977
 4  19  15.710  45005.531 231.715   0.002    8.321  -10.000      -31.3563     -492.5977
 5  19  15.710  45005.531 231.715   0.002    7.839  -10.000      -31.3563     -492.5977
 1  19  15.710  45006.512 254.184  -0.025   10.541  -10.000      -31.2939     -491.6172
 2  19  15.710  45006.512 254.184  -0.056    9.872  -10.000      -31.2939     -491.6172
 3  19  15.710  45006.512 254.184   0.005    8.963  -10.000      -31.2939     -491.6172
 4  19  15.710  45006.512 254.184   0.009    8.408  -10.000      -31.2939     -491.6172
 5  19  15.710  45006.512 254.184   0.020    7.894  -10.000      -31.2939     -491.6172
 1  19  15.710  45007.566 278.353  -0.116   10.797  -10.000      -31.2268     -490.5625
 2  19  15.710  45007.566 278.353  -0.078   10.067  -10.000      -31.2268     -490.5625
 3  19  15.710  45007.566 278.353  -0.021    9.053  -10.000      -31.2268     -490.5625
 4  19  15.710  45007.566 278.353  -0.016    8.458  -10.000      -31.2268     -490.5625
 5  19  15.710  45007.566 278.353  -0.018    7.893  -10.000      -31.2268     -490.5625
 1  19  15.710  45008.574 301.448  -0.111   11.083  -10.000      -31.1626     -489.5547
 2  19  15.710  45008.574 301.448  -0.090   10.233  -10.000      -31.1626     -489.5547
 3  19  15.710  45008.574 301.448  -0.029    9.146  -10.000      -31.1626     -489.5547
 4  19  15.710  45008.574 301.448  -0.028    8.513  -10.000      -31.1626     -489.5547
 5  19  15.710  45008.574 301.448  -0.034    7.915  -10.000      -31.1626     -489.5547
 1  19  15.710  45009.543 323.648  -0.127   11.332  -10.000      -31.1010     -488.5859
 2  19  15.710  45009.543 323.648  -0.074   10.426  -10.000      -31.1010     -488.5859
 3  19  15.710  45009.543 323.648  -0.015    9.269  -10.000      -31.1010     -488.5859
 4  19  15.710  45009.543 323.648  -0.012    8.611  -10.000      -31.1010     -488.5859
 5  19  15.710  45009.543 323.648   0.001    8.006  -10.000      -31.1010     -488.5859
 1  19  15.710  45054.277 268.773  -0.102   10.677  -10.000      -28.2534     -443.8516
 2  19  15.710  45054.277 268.773  -0.082    9.978  -10.000      -28.2534     -443.8516
 3  19  15.710  45054.277 268.773  -0.007    9.021  -10.000      -28.2534     -443.8516
 4  19  15.710  45054.277 268.773   0.012    8.455  -10.000      -28.2534     -443.8516
 5  19  15.710  45054.277 268.773   0.022    7.916  -10.000      -28.2534     -443.8516
 0 170  15.710  50500.824 160.917  -2.954   -8.520    0.370      318.4470     5002.6953
 0 170  15.710  50503.777 228.593  -0.252  -34.410    0.420      318.6350     5005.6484
 0 170  15.710  50533.668 193.557  -9.593  -23.000    0.510      320.5377     5035.5391
 0 170  15.710  50534.703 217.277   1.365  -27.500    0.450      320.6035     5036.5742
 0 170  15.710  50535.699 240.106  -5.163  -39.250    0.550      320.6670     5037.5703
 0 170  15.710  50536.723 263.562  -3.757  -36.420    0.390      320.7321     5038.5938
 0 125  15.710  36976.500 199.797   1.144  -16.000  -10.000     -542.4450    -8521.6289
 0 125  15.710  37415.340 176.177  -2.116  -11.000  -10.000     -514.5106    -8082.7891
 0 125  15.710  37421.320 313.220   6.665  -14.000  -10.000     -514.1299    -8076.8086
 0 125  15.710  37722.559  16.348  -9.749  -19.000  -10.000     -494.9546    -7775.5703
 0 125  15.710  37763.410 232.493  -1.729  -37.000  -10.000     -492.3542    -7734.7188
 0 125  15.710  38417.559 102.854   2.183   12.000  -10.000     -450.7143    -7080.5703
 0 125  15.710  38472.520 282.327   0.962  -28.000  -10.000     -447.2158    -7025.6094
 0 125  15.710  38530.219 164.553   7.312    2.000  -10.000     -443.5429    -6967.9102
