 2  79  12.213  49521.648  25.686  -0.015   14.083  -10.000      328.0714     4006.7656
 3  79  12.213  49521.648  25.686  -0.027   12.201  -10.000      328.0714     4006.7656
 2  79  12.213  49522.590  53.438  -0.163   14.094  -10.000      328.1484     4007.7070
 3  79  12.213  49522.590  53.438  -0.070   12.286  -10.000      328.1484     4007.7070
 2  79  12.213  49530.617 290.050  -0.019   13.409  -10.000      328.8057     4015.7344
 3  79  12.213  49530.617 290.050  -0.073   11.720  -10.000      328.8057     4015.7344
 4  79  12.213  49530.617 290.050  -0.046   10.769  -10.000      328.8057     4015.7344
 5  79  12.213  49530.617 290.050  -0.051    9.852  -10.000      328.8057     4015.7344
 2  79  12.213  49532.598 348.431  -0.010   13.827  -10.000      328.9679     4017.7148
 3  79  12.213  49532.598 348.431   0.010   12.052  -10.000      328.9679     4017.7148
 4  79  12.213  49532.598 348.431   0.025   11.022  -10.000      328.9679     4017.7148
 5  79  12.213  49532.598 348.431   0.075   10.099  -10.000      328.9679     4017.7148
 2  79  12.213  49534.629  48.307  -0.040   14.190  -10.000      329.1342     4019.7461
 3  79  12.213  49534.629  48.307  -0.008   12.326  -10.000      329.1342     4019.7461
 4  79  12.213  49534.629  48.307   0.038   11.285  -10.000      329.1342     4019.7461
 5  79  12.213  49534.629  48.307   0.089   10.323  -10.000      329.1342     4019.7461
 3  79  12.213  49542.574 282.502  -0.085   11.675  -10.000      329.7847     4027.6914
 4  79  12.213  49542.574 282.502  -0.069   10.724  -10.000      329.7847     4027.6914
 5  79  12.213  49542.574 282.502  -0.098    9.793  -10.000      329.7847     4027.6914
 2  79  12.213  49543.598 312.671   0.049   13.641  -10.000      329.8685     4028.7148
 3  79  12.213  49543.598 312.671   0.022   11.910  -10.000      329.8685     4028.7148
 4  79  12.213  49543.598 312.671   0.042   10.923  -10.000      329.8685     4028.7148
 5  79  12.213  49543.598 312.671   0.057    9.999  -10.000      329.8685     4028.7148
 2  79  12.213  49546.543  39.496  -0.159   14.024  -10.000      330.1097     4031.6602
 3  79  12.213  49546.543  39.496  -0.054   12.240  -10.000      330.1097     4031.6602
 4  79  12.213  49546.543  39.496   0.031   11.242  -10.000      330.1097     4031.6602
 5  79  12.213  49546.543  39.496   0.065   10.267  -10.000      330.1097     4031.6602
 2  79  12.213  49560.543  92.164  -0.101   14.171  -10.000      331.2560     4045.6602
 3  79  12.213  49560.543  92.164   0.056   12.460  -10.000      331.2560     4045.6602
 4  79  12.213  49560.543  92.164   0.052   11.382  -10.000      331.2560     4045.6602
 5  79  12.213  49560.543  92.164   0.074   10.403  -10.000      331.2560     4045.6602
 2  79  12.213  49560.551  92.395  -0.030   14.241  -10.000      331.2567     4045.6680
 3  79  12.213  49560.551  92.395   0.062   12.466  -10.000      331.2567     4045.6680
 4  79  12.213  49560.551  92.395   0.059   11.389  -10.000      331.2567     4045.6680
 5  79  12.213  49560.551  92.395   0.107   10.436  -10.000      331.2567     4045.6680
 2  79  12.213  49563.574 181.516  -0.001   13.538  -10.000      331.5042     4048.6914
 3  79  12.213  49563.574 181.516   0.018   11.968  -10.000      331.5042     4048.6914
 2  79  12.213  49564.547 210.190  -0.095   12.952  -10.000      331.5839     4049.6641
 3  79  12.213  49564.547 210.190  -0.029   11.565  -10.000      331.5839     4049.6641
 2  79  12.213  49804.836  93.087  -0.023   14.244  -10.000      351.2586     4289.9531
 3  79  12.213  49804.836  93.087   0.009   12.412  -10.000      351.2586     4289.9531
 4  79  12.213  49804.836  93.087  -0.004   11.325  -10.000      351.2586     4289.9531
 5  79  12.213  49804.836  93.087  -0.023   10.306  -10.000      351.2586     4289.9531
 2  79  12.213  49805.812 121.871   0.015   14.030  -10.000      351.3385     4290.9297
 3  79  12.213  49805.812 121.871   0.052   12.310  -10.000      351.3385     4290.9297
 4  79  12.213  49805.812 121.871   0.015   11.245  -10.000      351.3385     4290.9297
 5  79  12.213  49805.812 121.871  -0.001   10.270  -10.000      351.3385     4290.9297
 2  79  12.213  49807.820 181.055   0.002   13.546  -10.000      351.5029     4292.9375
 3  79  12.213  49807.820 181.055   0.000   11.954  -10.000      351.5029     4292.9375
 4  79  12.213  49807.820 181.055  -0.010   10.985  -10.000      351.5029     4292.9375
 5  79  12.213  49807.820 181.055  -0.061   10.039  -10.000      351.5029     4292.9375
 3  79  12.213  49808.832 210.872  -0.107   11.479  -10.000      351.5858     4293.9492
 2  79  12.213  49809.750 237.931  -0.018   12.945  -10.000      351.6609     4294.8672
 3  79  12.213  49809.750 237.931  -0.014   11.504  -10.000      351.6609     4294.8672
 4  79  12.213  49809.750 237.931  -0.003   10.616  -10.000      351.6609     4294.8672
 5  79  12.213  49809.750 237.931  -0.045    9.734  -10.000      351.6609     4294.8672
 2  79  12.213  49809.809 239.656  -0.012   12.964  -10.000      351.6657     4294.9258
 3  79  12.213  49809.809 239.656  -0.012   11.513  -10.000      351.6657     4294.9258
 4  79  12.213  49809.809 239.656  -0.008   10.616  -10.000      351.6657     4294.9258
 5  79  12.213  49809.809 239.656  -0.063    9.719  -10.000      351.6657     4294.9258
 2  79  12.213  49810.793 268.671  -0.012   13.236  -10.000      351.7463     4295.9102
 3  79  12.213  49810.793 268.671   0.036   11.724  -10.000      351.7463     4295.9102
 4  79  12.213  49810.793 268.671   0.005   10.747  -10.000      351.7463     4295.9102
 5  79  12.213  49810.793 268.671  -0.038    9.820  -10.000      351.7463     4295.9102
 2  79  12.213  49811.762 297.235  -0.026   13.453  -10.000      351.8257     4296.8789
 3  79  12.213  49811.762 297.235   0.011   11.832  -10.000      351.8257     4296.8789
 4  79  12.213  49811.762 297.235   0.006   10.840  -10.000      351.8257     4296.8789
 5  79  12.213  49811.762 297.235  -0.024    9.889  -10.000      351.8257     4296.8789
 2  79  12.213  49812.766 326.821   0.022   13.704  -10.000      351.9078     4297.8828
 3  79  12.213  49812.766 326.821   0.068   12.008  -10.000      351.9078     4297.8828
 4  79  12.213  49812.766 326.821   0.031   10.949  -10.000      351.9078     4297.8828
 5  79  12.213  49812.766 326.821  -0.003    9.962  -10.000      351.9078     4297.8828
 2  79  12.213  49814.781  26.235   0.046   14.147  -10.000      352.0729     4299.8984
 3  79  12.213  49814.781  26.235   0.048   12.278  -10.000      352.0729     4299.8984
 4  79  12.213  49814.781  26.235   0.019   11.173  -10.000      352.0729     4299.8984
 5  79  12.213  49814.781  26.235   0.021   10.173  -10.000      352.0729     4299.8984
 2  79  12.213  49815.734  54.327  -0.065   14.196  -10.000      352.1509     4300.8516
 3  79  12.213  49815.734  54.327  -0.006   12.354  -10.000      352.1509     4300.8516
 4  79  12.213  49815.734  54.327  -0.027   11.244  -10.000      352.1509     4300.8516
 5  79  12.213  49815.734  54.327  -0.024   10.233  -10.000      352.1509     4300.8516
 2  79  12.213  49817.758 113.972   0.036   14.138  -10.000      352.3166     4302.8750
 3  79  12.213  49817.758 113.972   0.038   12.349  -10.000      352.3166     4302.8750
 4  79  12.213  49817.758 113.972  -0.001   11.266  -10.000      352.3166     4302.8750
 5  79  12.213  49817.758 113.972  -0.022   10.273  -10.000      352.3166     4302.8750
 2  79  12.213  49817.809 115.466   0.003   14.090  -10.000      352.3207     4302.9258
 3  79  12.213  49817.809 115.466   0.039   12.340  -10.000      352.3207     4302.9258
 4  79  12.213  49817.809 115.466  -0.007   11.254  -10.000      352.3207     4302.9258
 5  79  12.213  49817.809 115.466  -0.024   10.267  -10.000      352.3207     4302.9258
 2  79  12.213  49818.727 142.526   0.040   13.835  -10.000      352.3959     4303.8438
 3  79  12.213  49818.727 142.526   0.065   12.190  -10.000      352.3959     4303.8438
 4  79  12.213  49818.727 142.526   0.012   11.145  -10.000      352.3959     4303.8438
 5  79  12.213  49818.727 142.526  -0.024   10.184  -10.000      352.3959     4303.8438
 2  79  12.213  49818.797 144.602   0.088   13.866  -10.000      352.4017     4303.9141
 3  79  12.213  49818.797 144.602   0.056   12.171  -10.000      352.4017     4303.9141
 4  79  12.213  49818.797 144.602   0.025   11.151  -10.000      352.4017     4303.9141
 5  79  12.213  49818.797 144.602  -0.013   10.190  -10.000      352.4017     4303.9141
 2  79  12.213  49821.719 230.735  -0.094   12.827  -10.000      352.6409     4306.8359
 3  79  12.213  49821.719 230.735  -0.053   11.442  -10.000      352.6409     4306.8359
 4  79  12.213  49821.719 230.735  -0.053   10.551  -10.000      352.6409     4306.8359
 5  79  12.213  49821.719 230.735  -0.077    9.694  -10.000      352.6409     4306.8359
 2  79  12.213  49821.793 232.921  -0.072   12.859  -10.000      352.6470     4306.9102
 3  79  12.213  49821.793 232.921  -0.045   11.455  -10.000      352.6470     4306.9102
 4  79  12.213  49821.793 232.921  -0.036   10.571  -10.000      352.6470     4306.9102
 5  79  12.213  49821.793 232.921  -0.073    9.700  -10.000      352.6470     4306.9102
 2  79  12.213  49822.691 259.398   0.055   13.221  -10.000      352.7206     4307.8086
 3  79  12.213  49822.691 259.398   0.050   11.691  -10.000      352.7206     4307.8086
 4  79  12.213  49822.691 259.398   0.035   10.744  -10.000      352.7206     4307.8086
 5  79  12.213  49822.691 259.398  -0.007    9.832  -10.000      352.7206     4307.8086
 2  79  12.213  49823.707 289.336   0.085   13.507  -10.000      352.8037     4308.8242
 3  79  12.213  49823.707 289.336   0.055   11.845  -10.000      352.8037     4308.8242
 4  79  12.213  49823.707 289.336   0.016   10.829  -10.000      352.8037     4308.8242
 5  79  12.213  49823.707 289.336  -0.033    9.869  -10.000      352.8037     4308.8242
 2  79  12.213  49825.676 347.366  -0.017   13.812  -10.000      352.9649     4310.7930
 3  79  12.213  49825.676 347.366   0.030   12.067  -10.000      352.9649     4310.7930
 4  79  12.213  49825.676 347.366   0.026   11.019  -10.000      352.9649     4310.7930
 5  79  12.213  49825.676 347.366   0.000   10.021  -10.000      352.9649     4310.7930
 2  79  12.213  49826.727  18.347  -0.017   14.036  -10.000      353.0510     4311.8438
 3  79  12.213  49826.727  18.347   0.010   12.204  -10.000      353.0510     4311.8438
 4  79  12.213  49826.727  18.347   0.009   11.132  -10.000      353.0510     4311.8438
 5  79  12.213  49826.727  18.347   0.015   10.140  -10.000      353.0510     4311.8438
 2  79  12.213  49827.676  46.318  -0.088   14.132  -10.000      353.1287     4312.7930
 3  79  12.213  49827.676  46.318  -0.011   12.314  -10.000      353.1287     4312.7930
 4  79  12.213  49827.676  46.318  -0.008   11.231  -10.000      353.1287     4312.7930
 5  79  12.213  49827.676  46.318  -0.015   10.212  -10.000      353.1287     4312.7930
23   4  12.213  41009.461  35.640   0.009    5.570  -10.000     -368.9010    -4505.4219
24   4  12.213  41009.461  35.640  -0.043    7.545  -10.000     -368.9010    -4505.4219
25   4  12.213  41009.461  35.640   0.184    9.870  -10.000     -368.9010    -4505.4219
23   4  12.213  41016.484 242.666  -0.020    4.785  -10.000     -368.3259    -4498.3984
24   4  12.213  41016.484 242.666  -0.062    6.252  -10.000     -368.3259    -4498.3984
25   4  12.213  41016.484 242.666  -0.006    8.148  -10.000     -368.3259    -4498.3984
23   4  12.213  41017.535 273.636  -0.005    4.980  -10.000     -368.2399    -4497.3477
24   4  12.213  41017.535 273.636  -0.036    6.602  -10.000     -368.2399    -4497.3477
25   4  12.213  41017.535 273.636  -0.193    8.355  -10.000     -368.2399    -4497.3477
23   4  12.213  41042.496 289.402   0.032    5.095  -10.000     -366.1961    -4472.3867
24   4  12.213  41042.496 289.402  -0.016    6.768  -10.000     -366.1961    -4472.3867
25   4  12.213  41042.496 289.402   0.093    8.820  -10.000     -366.1961    -4472.3867
23   4  12.213  41047.547  78.278  -0.057    5.640  -10.000     -365.7826    -4467.3359
24   4  12.213  41047.547  78.278  -0.126    7.610  -10.000     -365.7826    -4467.3359
25   4  12.213  41047.547  78.278  -0.329    9.510  -10.000     -365.7826    -4467.3359
23   4  12.213  41057.289   5.449   0.016    5.427  -10.000     -364.9849    -4457.5938
24   4  12.213  41057.289   5.449  -0.013    7.365  -10.000     -364.9849    -4457.5938
25   4  12.213  41057.289   5.449   0.188    9.632  -10.000     -364.9849    -4457.5938
23   4  12.213  41058.484  40.682  -0.027    5.557  -10.000     -364.8870    -4456.3984
24   4  12.213  41058.484  40.682  -0.014    7.605  -10.000     -364.8870    -4456.3984
25   4  12.213  41058.484  40.682   0.209    9.930  -10.000     -364.8870    -4456.3984
23   4  12.213  41066.477 276.262   0.033    5.033  -10.000     -364.2326    -4448.4062
24   4  12.213  41066.477 276.262   0.036    6.700  -10.000     -364.2326    -4448.4062
25   4  12.213  41066.477 276.262  -0.230    8.350  -10.000     -364.2326    -4448.4062
23   4  12.213  41067.469 305.508   0.043    5.175  -10.000     -364.1514    -4447.4141
24   4  12.213  41067.469 305.508  -0.045    6.870  -10.000     -364.1514    -4447.4141
25   4  12.213  41067.469 305.508   0.165    9.055  -10.000     -364.1514    -4447.4141
23   4  12.213  41068.449 334.413   0.021    5.275  -10.000     -364.0711    -4446.4336
24   4  12.213  41068.449 334.413  -0.086    7.045  -10.000     -364.0711    -4446.4336
25   4  12.213  41068.449 334.413   0.051    9.205  -10.000     -364.0711    -4446.4336
23   4  12.213  41070.461  33.706   0.028    5.580  -10.000     -363.9064    -4444.4219
24   4  12.213  41070.461  33.706  -0.111    7.465  -10.000     -363.9064    -4444.4219
25   4  12.213  41070.461  33.706  -0.345    9.328  -10.000     -363.9064    -4444.4219
23   4  12.213  41090.414 261.859  -0.017    4.905  -10.000     -362.2726    -4424.4688
24   4  12.213  41090.414 261.859  -0.047    6.475  -10.000     -362.2726    -4424.4688
25   4  12.213  41090.414 261.859  -0.095    8.310  -10.000     -362.2726    -4424.4688
23   4  12.213  41091.430 291.797  -0.023    5.050  -10.000     -362.1895    -4423.4531
24   4  12.213  41091.430 291.797  -0.060    6.743  -10.000     -362.1895    -4423.4531
25   4  12.213  41091.430 291.797   0.141    8.892  -10.000     -362.1895    -4423.4531
23   4  12.213  41092.434 321.383   0.008    5.205  -10.000     -362.1073    -4422.4492
24   4  12.213  41092.434 321.383  -0.086    6.948  -10.000     -362.1073    -4422.4492
25   4  12.213  41092.434 321.383  -0.115    8.920  -10.000     -362.1073    -4422.4492
23   4  12.213  41100.371 195.359   0.018    5.088  -10.000     -361.4573    -4414.5117
24   4  12.213  41100.371 195.359  -0.048    6.618  -10.000     -361.4573    -4414.5117
25   4  12.213  41100.371 195.359  -0.127    8.420  -10.000     -361.4573    -4414.5117
23   4  12.213  41101.355 224.374  -0.087    4.670  -10.000     -361.3767    -4413.5273
24   4  12.213  41101.355 224.374  -0.179    6.037  -10.000     -361.3767    -4413.5273
25   4  12.213  41101.355 224.374  -0.096    7.935  -10.000     -361.3767    -4413.5273
23   4  12.213  41115.344 276.702   0.023    5.025  -10.000     -360.2314    -4399.5391
24   4  12.213  41115.344 276.702   0.057    6.725  -10.000     -360.2314    -4399.5391
25   4  12.213  41115.344 276.702  -0.188    8.398  -10.000     -360.2314    -4399.5391
23   4  12.213  41117.375 336.577  -0.020    5.245  -10.000     -360.0651    -4397.5078
24   4  12.213  41117.375 336.577  -0.059    7.090  -10.000     -360.0651    -4397.5078
25   4  12.213  41117.375 336.577  -0.347    8.827  -10.000     -360.0651    -4397.5078
23   4  12.213  41122.363 123.607   0.063    5.587  -10.000     -359.6566    -4392.5195
24   4  12.213  41122.363 123.607   0.039    7.425  -10.000     -359.6566    -4392.5195
25   4  12.213  41122.363 123.607   0.331    9.733  -10.000     -359.6566    -4392.5195
23   4  12.213  41123.324 151.941   0.011    5.365  -10.000     -359.5779    -4391.5586
24   4  12.213  41123.324 151.941   0.070    7.157  -10.000     -359.5779    -4391.5586
25   4  12.213  41123.324 151.941   0.086    9.125  -10.000     -359.5779    -4391.5586
23   4  12.213  41124.320 181.296  -0.036    5.188  -10.000     -359.4964    -4390.5625
24   4  12.213  41124.320 181.296  -0.080    6.810  -10.000     -359.4964    -4390.5625
25   4  12.213  41124.320 181.296  -0.022    8.785  -10.000     -359.4964    -4390.5625
23   4  12.213  41130.320 358.154   0.008    5.380  -10.000     -359.0051    -4384.5625
24   4  12.213  41130.320 358.154  -0.083    7.235  -10.000     -359.0051    -4384.5625
25   4  12.213  41130.320 358.154  -0.430    8.945  -10.000     -359.0051    -4384.5625
23   4  12.213  41131.340  28.213  -0.012    5.512  -10.000     -358.9216    -4383.5430
24   4  12.213  41131.340  28.213  -0.197    7.342  -10.000     -358.9216    -4383.5430
25   4  12.213  41131.340  28.213   0.152    9.782  -10.000     -358.9216    -4383.5430
23   4  12.213  41146.305 109.325   0.029    5.648  -10.000     -357.6963    -4368.5781
24   4  12.213  41146.305 109.325  -0.101    7.455  -10.000     -357.6963    -4368.5781
25   4  12.213  41146.305 109.325  -0.007    9.602  -10.000     -357.6963    -4368.5781
23   4  12.213  41147.301 138.680   0.132    5.552  -10.000     -357.6148    -4367.5820
24   4  12.213  41147.301 138.680   0.124    7.325  -10.000     -357.6148    -4367.5820
25   4  12.213  41147.301 138.680  -0.051    9.125  -10.000     -357.6148    -4367.5820
23   4  12.213  41148.277 167.476   0.029    5.325  -10.000     -357.5348    -4366.6055
24   4  12.213  41148.277 167.476   0.029    7.025  -10.000     -357.5348    -4366.6055
25   4  12.213  41148.277 167.476  -0.095    8.835  -10.000     -357.5348    -4366.6055
23   4  12.213  41149.277 196.952   0.056    5.102  -10.000     -357.4529    -4365.6055
24   4  12.213  41149.277 196.952   0.006    6.637  -10.000     -357.4529    -4365.6055
25   4  12.213  41149.277 196.952   0.182    8.690  -10.000     -357.4529    -4365.6055
23   4  12.213  41154.270 344.103   0.013    5.315  -10.000     -357.0442    -4360.6133
24   4  12.213  41154.270 344.103  -0.076    7.132  -10.000     -357.0442    -4360.6133
25   4  12.213  41154.270 344.103  -0.375    8.870  -10.000     -357.0442    -4360.6133
23   4  12.213  41155.277  13.810  -0.001    5.455  -10.000     -356.9616    -4359.6055
24   4  12.213  41155.277  13.810   0.038    7.480  -10.000     -356.9616    -4359.6055
25   4  12.213  41155.277  13.810   0.035    9.555  -10.000     -356.9616    -4359.6055
23   4  12.213  41156.270  43.055  -0.066    5.530  -10.000     -356.8804    -4358.6133
24   4  12.213  41156.270  43.055  -0.113    7.520  -10.000     -356.8804    -4358.6133
25   4  12.213  41156.270  43.055  -0.071    9.665  -10.000     -356.8804    -4358.6133
23   4  12.213  41162.242 219.100  -0.100    4.678  -10.000     -356.3914    -4352.6406
24   4  12.213  41162.242 219.100  -0.168    6.075  -10.000     -356.3914    -4352.6406
25   4  12.213  41162.242 219.100  -0.313    7.748  -10.000     -356.3914    -4352.6406
 0  42  12.213  46870.824   8.495  -2.596  -27.010    0.590      111.0236     1355.9414
 0  42  12.213  46871.859  39.007  -1.795  -19.160    0.600      111.1084     1356.9766
 0  42  12.213  46872.832  67.679   0.564  -12.900    0.610      111.1880     1357.9492
 0  42  12.213  46873.832  97.155  -0.018  -10.180    0.650      111.2699     1358.9492
 0  42  12.213  46874.809 125.942  -0.666  -12.040    0.680      111.3498     1359.9258
 0  42  12.213  46875.848 156.569  -2.335  -25.630    0.620      111.4349     1360.9648
 0  42  12.213  46876.750 183.167  -3.491  -33.100    0.640      111.5088     1361.8672
 0  42  12.213  46926.676 214.807  -7.176  -39.600    0.760      115.5967     1411.7930
 0  42  12.213  46927.641 243.248  -1.258  -39.850    0.680      115.6757     1412.7578
 0  55  12.213  45391.816 332.425  -5.011  -36.270    1.050      -10.0766     -123.0664
 0  55  12.213  45398.766 177.264  -3.797  -32.360    1.330       -9.5076     -116.1172
 0  55  12.213  45518.531 107.543   0.630  -10.410    1.170        0.2987        3.6484
 0  55  12.213  45761.816  78.754  -0.529  -12.890    0.920       20.2188      246.9336
 0  55  12.213  45767.793 254.923  -6.761  -43.760    1.170       20.7081      252.9102
11  43  12.213  48336.832  21.368  -0.002    8.473  -10.000      231.0594     2821.9492
12  43  12.213  48336.832  21.368   0.005    7.825  -10.000      231.0594     2821.9492
13  43  12.213  48336.832  21.368   0.000    7.577  -10.000      231.0594     2821.9492
11  43  12.213  48337.750  48.428  -0.025    8.532  -10.000      231.1345     2822.8672
12  43  12.213  48337.750  48.428  -0.012    7.882  -10.000      231.1345     2822.8672
13  43  12.213  48337.750  48.428  -0.025    7.623  -10.000      231.1345     2822.8672
11  43  12.213  48340.758 137.087  -0.033    8.619  -10.000      231.3808     2825.8750
12  43  12.213  48340.758 137.087  -0.022    8.017  -10.000      231.3808     2825.8750
13  43  12.213  48340.758 137.087  -0.044    7.765  -10.000      231.3808     2825.8750
11  43  12.213  48341.801 167.833  -0.051    8.566  -10.000      231.4662     2826.9180
12  43  12.213  48341.801 167.833  -0.033    7.989  -10.000      231.4662     2826.9180
13  43  12.213  48341.801 167.833  -0.056    7.742  -10.000      231.4662     2826.9180
11  43  12.213  48342.785 196.848  -0.055    8.442  -10.000      231.5468     2827.9023
12  43  12.213  48342.785 196.848  -0.013    7.911  -10.000      231.5468     2827.9023
13  43  12.213  48342.785 196.848  -0.040    7.667  -10.000      231.5468     2827.9023
 1   2  12.213  41760.824 223.253  -0.116   13.830  -10.000     -307.3799    -3754.0586
 2   2  12.213  41760.824 223.253  -0.106   12.810  -10.000     -307.3799    -3754.0586
 3   2  12.213  41760.824 223.253  -0.076   11.420  -10.000     -307.3799    -3754.0586
 1   2  12.213  41762.805 281.624   0.075   14.710  -10.000     -307.2177    -3752.0781
 2   2  12.213  41762.805 281.624   0.008   13.370  -10.000     -307.2177    -3752.0781
 3   2  12.213  41762.805 281.624   0.034   11.790  -10.000     -307.2177    -3752.0781
 1   2  12.213  41764.812 340.807   0.101   15.380  -10.000     -307.0533    -3750.0703
 2   2  12.213  41764.812 340.807   0.017   13.800  -10.000     -307.0533    -3750.0703
 3   2  12.213  41764.812 340.807   0.034   12.040  -10.000     -307.0533    -3750.0703
 1   2  12.213  41765.801   9.943  -0.138   15.440  -10.000     -306.9724    -3749.0820
 2   2  12.213  41765.801   9.943  -0.026   13.970  -10.000     -306.9724    -3749.0820
 3   2  12.213  41765.801   9.943   0.037   12.190  -10.000     -306.9724    -3749.0820
 1   2  12.213  41766.789  39.067  -0.211   15.610  -10.000     -306.8915    -3748.0938
 2   2  12.213  41766.789  39.067  -0.070   14.110  -10.000     -306.8915    -3748.0938
 3   2  12.213  41766.789  39.067  -0.002   12.290  -10.000     -306.8915    -3748.0938
 1   2  12.213  41768.820  98.943  -0.271   15.550  -10.000     -306.7252    -3746.0625
 2   2  12.213  41768.820  98.943  -0.013   14.220  -10.000     -306.7252    -3746.0625
 3   2  12.213  41768.820  98.943   0.015   12.400  -10.000     -306.7252    -3746.0625
 1   2  12.213  41769.805 127.958  -0.013   15.360  -10.000     -306.6446    -3745.0781
 2   2  12.213  41769.805 127.958   0.149   14.090  -10.000     -306.6446    -3745.0781
 3   2  12.213  41769.805 127.958   0.127   12.340  -10.000     -306.6446    -3745.0781
 1   2  12.213  41770.836 158.357   0.129   15.120  -10.000     -306.5601    -3744.0469
 2   2  12.213  41770.836 158.357   0.134   13.820  -10.000     -306.5601    -3744.0469
 3   2  12.213  41770.836 158.357   0.085   12.140  -10.000     -306.5601    -3744.0469
 1   2  12.213  41771.801 186.801   0.169   14.870  -10.000     -306.4811    -3743.0820
 2   2  12.213  41771.801 186.801   0.075   13.550  -10.000     -306.4811    -3743.0820
 3   2  12.213  41771.801 186.801   0.086   11.990  -10.000     -306.4811    -3743.0820
 1   2  12.213  41772.816 216.738  -0.063   13.940  -10.000     -306.3979    -3742.0664
 2   2  12.213  41772.816 216.738  -0.070   12.890  -10.000     -306.3979    -3742.0664
 3   2  12.213  41772.816 216.738  -0.030   11.500  -10.000     -306.3979    -3742.0664
 1   2  12.213  41773.809 245.984  -0.100   14.030  -10.000     -306.3167    -3741.0742
 2   2  12.213  41773.809 245.984  -0.011   13.020  -10.000     -306.3167    -3741.0742
 3   2  12.213  41773.809 245.984  -0.038   11.520  -10.000     -306.3167    -3741.0742
 1   2  12.213  42220.547  94.296  -0.008   15.860  -10.000     -269.7381    -3294.3359
 2   2  12.213  42220.547  94.296   0.009   14.270  -10.000     -269.7381    -3294.3359
 3   2  12.213  42220.547  94.296   0.020   12.420  -10.000     -269.7381    -3294.3359
 1   2  12.213  42221.539 123.541   0.136   15.590  -10.000     -269.6568    -3293.3438
 2   2  12.213  42221.539 123.541   0.105   14.100  -10.000     -269.6568    -3293.3438
 3   2  12.213  42221.539 123.541   0.014   12.260  -10.000     -269.6568    -3293.3438
 2 123  12.213  41112.543 194.139   0.215   13.570  -10.000     -360.4607    -4402.3398
 3 123  12.213  41112.543 194.139   0.193   12.010  -10.000     -360.4607    -4402.3398
 1 123  12.213  41114.488 251.488   0.206   14.420  -10.000     -360.3014    -4400.3945
 2 123  12.213  41114.488 251.488  -0.048   13.040  -10.000     -360.3014    -4400.3945
 3 123  12.213  41114.488 251.488  -0.033   11.560  -10.000     -360.3014    -4400.3945
 1 123  12.213  41115.488 280.964   0.214   14.840  -10.000     -360.2195    -4399.3945
 2 123  12.213  41115.488 280.964  -0.026   13.330  -10.000     -360.2195    -4399.3945
 3 123  12.213  41115.488 280.964   0.007   11.760  -10.000     -360.2195    -4399.3945
 1 123  12.213  41116.480 310.210   0.213   15.180  -10.000     -360.1383    -4398.4023
 2 123  12.213  41116.480 310.210   0.015   13.590  -10.000     -360.1383    -4398.4023
 3 123  12.213  41116.480 310.210   0.043   11.920  -10.000     -360.1383    -4398.4023
 1 123  12.213  41117.465 339.225   0.158   15.420  -10.000     -360.0577    -4397.4180
 2 123  12.213  41117.465 339.225   0.038   13.810  -10.000     -360.0577    -4397.4180
 3 123  12.213  41117.465 339.225   0.081   12.080  -10.000     -360.0577    -4397.4180
 1 123  12.213  41118.480   9.163   0.190   15.760  -10.000     -359.9745    -4396.4023
 2 123  12.213  41118.480   9.163   0.100   14.090  -10.000     -359.9745    -4396.4023
 3 123  12.213  41118.480   9.163   0.151   12.300  -10.000     -359.9745    -4396.4023
 1 123  12.213  41119.480  38.639   0.072   15.890  -10.000     -359.8927    -4395.4023
 2 123  12.213  41119.480  38.639   0.032   14.210  -10.000     -359.8927    -4395.4023
 3 123  12.213  41119.480  38.639   0.090   12.380  -10.000     -359.8927    -4395.4023
 1 123  12.213  41120.469  67.764   0.097   16.060  -10.000     -359.8118    -4394.4141
 2 123  12.213  41120.469  67.764  -0.004   14.300  -10.000     -359.8118    -4394.4141
 3 123  12.213  41120.469  67.764   0.028   12.430  -10.000     -359.8118    -4394.4141
 1 123  12.213  41400.641  46.274   0.010   15.880  -10.000     -336.8715    -4114.2422
 2 123  12.213  41400.641  46.274  -0.020   14.200  -10.000     -336.8715    -4114.2422
 3 123  12.213  41400.641  46.274  -0.005   12.320  -10.000     -336.8715    -4114.2422
 1 123  12.213  41401.738  78.629   0.098   16.050  -10.000     -336.7816    -4113.1445
 2 123  12.213  41401.738  78.629   0.046   14.350  -10.000     -336.7816    -4113.1445
 3 123  12.213  41401.738  78.629   0.009   12.420  -10.000     -336.7816    -4113.1445
 1 123  12.213  41408.578 280.239   0.303   14.920  -10.000     -336.2216    -4106.3047
 2 123  12.213  41408.578 280.239   0.050   13.400  -10.000     -336.2216    -4106.3047
 3 123  12.213  41408.578 280.239  -0.019   11.730  -10.000     -336.2216    -4106.3047
 1 123  12.213  41409.562 309.254   0.213   15.170  -10.000     -336.1410    -4105.3203
 2 123  12.213  41409.562 309.254   0.052   13.620  -10.000     -336.1410    -4105.3203
 3 123  12.213  41409.562 309.254  -0.013   11.860  -10.000     -336.1410    -4105.3203
 1 123  12.213  41410.559 338.621   0.184   15.440  -10.000     -336.0594    -4104.3242
 2 123  12.213  41410.559 338.621   0.013   13.780  -10.000     -336.0594    -4104.3242
 3 123  12.213  41410.559 338.621   0.004   12.000  -10.000     -336.0594    -4104.3242
 1 123  12.213  41415.566 126.233   0.105   15.510  -10.000     -335.6494    -4099.3164
 2 123  12.213  41415.566 126.233   0.058   14.020  -10.000     -335.6494    -4099.3164
 3 123  12.213  41415.566 126.233   0.024   12.250  -10.000     -335.6494    -4099.3164
 1 123  12.213  41416.551 155.248   0.104   15.120  -10.000     -335.5688    -4098.3320
 2 123  12.213  41416.551 155.248   0.077   13.780  -10.000     -335.5688    -4098.3320
 3 123  12.213  41416.551 155.248   0.063   12.130  -10.000     -335.5688    -4098.3320
 3 123  12.213  41417.578 185.537   0.164   12.080  -10.000     -335.4846    -4097.3047
 2 123  12.213  41420.559 273.384   0.050   13.340  -10.000     -335.2406    -4094.3242
 3 123  12.213  41420.559 273.384  -0.004   11.710  -10.000     -335.2406    -4094.3242
 2 123  12.213  41772.652 211.904   0.309   13.330  -10.000     -306.4114    -3742.2305
 3 123  12.213  41772.652 211.904   0.145   11.720  -10.000     -306.4114    -3742.2305
 1 123  12.213  41773.605 239.996   0.141   14.190  -10.000     -306.3333    -3741.2773
 2 123  12.213  41773.605 239.996   0.022   13.000  -10.000     -306.3333    -3741.2773
 3 123  12.213  41773.605 239.996  -0.017   11.510  -10.000     -306.3333    -3741.2773
 1 123  12.213  41778.605  27.378  -0.379   15.350  -10.000     -305.9240    -3736.2773
 2 123  12.213  41778.605  27.378  -0.148   13.960  -10.000     -305.9240    -3736.2773
 3 123  12.213  41778.605  27.378  -0.006   12.230  -10.000     -305.9240    -3736.2773
 2 123  12.213  41779.629  57.546   0.015   14.290  -10.000     -305.8401    -3735.2539
 3 123  12.213  41779.629  57.546   0.017   12.390  -10.000     -305.8401    -3735.2539
 2 123  12.213  41785.617 234.064   0.042   12.980  -10.000     -305.3498    -3729.2656
 3 123  12.213  41785.617 234.064  -0.014   11.490  -10.000     -305.3498    -3729.2656
 0 125  12.213  38182.262 219.529   4.129  -28.000  -10.000     -600.3902    -7332.6211
