 1  79  18.193  45666.406 100.896  -0.099   13.388  -10.000      -73.7197    -1341.1602
 2  79  18.193  45666.406 100.896   0.021   12.274  -10.000      -73.7197    -1341.1602
 3  79  18.193  45666.406 100.896  -0.005   10.713  -10.000      -73.7197    -1341.1602
 4  79  18.193  45666.406 100.896  -0.012    9.808  -10.000      -73.7197    -1341.1602
 1  79  18.193  45676.398 298.622  -0.050   12.603  -10.000      -73.1705    -1331.1680
 2  79  18.193  45676.398 298.622  -0.007   11.612  -10.000      -73.1705    -1331.1680
 3  79  18.193  45676.398 298.622  -0.040   10.196  -10.000      -73.1705    -1331.1680
 4  79  18.193  45676.398 298.622  -0.040    9.361  -10.000      -73.1705    -1331.1680
 2  79  18.193  45679.387 357.756  -0.044   11.937  -10.000      -73.0062    -1328.1797
 3  79  18.193  45679.387 357.756  -0.077   10.393  -10.000      -73.0062    -1328.1797
 4  79  18.193  45679.387 357.756  -0.055    9.526  -10.000      -73.0062    -1328.1797
 2  79  18.193  45687.312 154.591  -0.039   11.903  -10.000      -72.5706    -1320.2539
 3  79  18.193  45687.312 154.591  -0.018   10.538  -10.000      -72.5706    -1320.2539
 4  79  18.193  45687.312 154.591  -0.019    9.700  -10.000      -72.5706    -1320.2539
 1  79  18.193  45689.426 196.408   0.120   11.885  -10.000      -72.4544    -1318.1406
 2  79  18.193  45689.426 196.408   0.071   11.149  -10.000      -72.4544    -1318.1406
 3  79  18.193  45689.426 196.408   0.050   10.009  -10.000      -72.4544    -1318.1406
 4  79  18.193  45689.426 196.408   0.047    9.282  -10.000      -72.4544    -1318.1406
 1  79  18.193  45690.355 214.807   0.074   11.860  -10.000      -72.4033    -1317.2109
 2  79  18.193  45690.355 214.807  -0.002   11.079  -10.000      -72.4033    -1317.2109
 3  79  18.193  45690.355 214.807  -0.010    9.939  -10.000      -72.4033    -1317.2109
 4  79  18.193  45690.355 214.807  -0.005    9.214  -10.000      -72.4033    -1317.2109
 1  79  18.193  45691.348 234.440  -0.002   11.974  -10.000      -72.3488    -1316.2188
 2  79  18.193  45691.348 234.440  -0.011   11.183  -10.000      -72.3488    -1316.2188
 3  79  18.193  45691.348 234.440  -0.010    9.995  -10.000      -72.3488    -1316.2188
 4  79  18.193  45691.348 234.440   0.002    9.252  -10.000      -72.3488    -1316.2188
 1  79  18.193  45692.324 253.765  -0.018   12.171  -10.000      -72.2951    -1315.2422
 2  79  18.193  45692.324 253.765  -0.009   11.316  -10.000      -72.2951    -1315.2422
 3  79  18.193  45692.324 253.765  -0.024   10.048  -10.000      -72.2951    -1315.2422
 4  79  18.193  45692.324 253.765  -0.014    9.277  -10.000      -72.2951    -1315.2422
 1  79  18.193  45693.352 274.092  -0.011   12.391  -10.000      -72.2386    -1314.2148
 2  79  18.193  45693.352 274.092  -0.010   11.449  -10.000      -72.2386    -1314.2148
 3  79  18.193  45693.352 274.092  -0.029   10.115  -10.000      -72.2386    -1314.2148
 4  79  18.193  45693.352 274.092  -0.024    9.314  -10.000      -72.2386    -1314.2148
 1  79  18.193  45694.305 292.953   0.014   12.609  -10.000      -72.1862    -1313.2617
 2  79  18.193  45694.305 292.953  -0.004   11.577  -10.000      -72.1862    -1313.2617
 3  79  18.193  45694.305 292.953  -0.021   10.193  -10.000      -72.1862    -1313.2617
 4  79  18.193  45694.305 292.953  -0.020    9.366  -10.000      -72.1862    -1313.2617
 1  79  18.193  45695.293 312.512   0.031   12.819  -10.000      -72.1319    -1312.2734
 2  79  18.193  45695.293 312.512  -0.010   11.698  -10.000      -72.1319    -1312.2734
 3  79  18.193  45695.293 312.512  -0.040   10.249  -10.000      -72.1319    -1312.2734
 4  79  18.193  45695.293 312.512  -0.033    9.407  -10.000      -72.1319    -1312.2734
 1  79  18.193  45705.258 149.697  -0.188   12.815  -10.000      -71.5842    -1302.3086
 2  79  18.193  45705.258 149.697  -0.056   11.898  -10.000      -71.5842    -1302.3086
 3  79  18.193  45705.258 149.697  -0.033   10.527  -10.000      -71.5842    -1302.3086
 4  79  18.193  45705.258 149.697  -0.006    9.714  -10.000      -71.5842    -1302.3086
 1  79  18.193  45706.270 169.717  -0.087   12.678  -10.000      -71.5286    -1301.2969
 2  79  18.193  45706.270 169.717   0.001   11.795  -10.000      -71.5286    -1301.2969
 3  79  18.193  45706.270 169.717   0.006   10.466  -10.000      -71.5286    -1301.2969
 4  79  18.193  45706.270 169.717   0.014    9.660  -10.000      -71.5286    -1301.2969
 1  79  18.193  45707.273 189.583   0.034   11.965  -10.000      -71.4734    -1300.2930
 2  79  18.193  45707.273 189.583   0.017   11.215  -10.000      -71.4734    -1300.2930
 3  79  18.193  45707.273 189.583   0.018   10.062  -10.000      -71.4734    -1300.2930
 4  79  18.193  45707.273 189.583   0.030    9.335  -10.000      -71.4734    -1300.2930
 2  79  18.193  47401.492 235.070  -0.031   11.168  -10.000       21.6530      393.9258
 3  79  18.193  47401.492 235.070  -0.012    9.995  -10.000       21.6530      393.9258
 4  79  18.193  47401.492 235.070   0.017    9.269  -10.000       21.6530      393.9258
 2  79  18.193  47402.469 254.395  -0.012   11.317  -10.000       21.7067      394.9023
 3  79  18.193  47402.469 254.395  -0.015   10.059  -10.000       21.7067      394.9023
 4  79  18.193  47402.469 254.395   0.003    9.295  -10.000       21.7067      394.9023
 2  79  18.193  47403.500 274.801  -0.011   11.452  -10.000       21.7633      395.9336
 3  79  18.193  47403.500 274.801  -0.044   10.103  -10.000       21.7633      395.9336
 4  79  18.193  47403.500 274.801  -0.021    9.319  -10.000       21.7633      395.9336
 2  79  18.193  47404.488 294.357   0.012   11.603  -10.000       21.8177      396.9219
 3  79  18.193  47404.488 294.357  -0.012   10.208  -10.000       21.8177      396.9219
 4  79  18.193  47404.488 294.357  -0.009    9.381  -10.000       21.8177      396.9219
 2  79  18.193  47407.469 353.335  -0.052   11.901  -10.000       21.9815      399.9023
 3  79  18.193  47407.469 353.335  -0.045   10.405  -10.000       21.9815      399.9023
 4  79  18.193  47407.469 353.335  -0.036    9.529  -10.000       21.9815      399.9023
 2  79  18.193  47408.465  13.046  -0.020   12.052  -10.000       22.0362      400.8984
 3  79  18.193  47408.465  13.046  -0.034   10.500  -10.000       22.0362      400.8984
 4  79  18.193  47408.465  13.046  -0.022    9.613  -10.000       22.0362      400.8984
 2  79  18.193  47409.461  32.757   0.027   12.206  -10.000       22.0910      401.8945
 3  79  18.193  47409.461  32.757   0.015   10.630  -10.000       22.0910      401.8945
 4  79  18.193  47409.461  32.757   0.018    9.723  -10.000       22.0910      401.8945
 2  79  18.193  47410.465  52.622   0.016   12.277  -10.000       22.1462      402.8984
 3  79  18.193  47410.465  52.622   0.025   10.707  -10.000       22.1462      402.8984
 4  79  18.193  47410.465  52.622   0.024    9.790  -10.000       22.1462      402.8984
 2  79  18.193  47411.477  72.643   0.045   12.349  -10.000       22.2018      403.9102
 3  79  18.193  47411.477  72.643   0.038   10.766  -10.000       22.2018      403.9102
 4  79  18.193  47411.477  72.643   0.030    9.842  -10.000       22.2018      403.9102
 2  79  18.193  47413.469 112.065  -0.023   12.165  -10.000       22.3113      405.9023
 3  79  18.193  47413.469 112.065   0.032   10.716  -10.000       22.3113      405.9023
 4  79  18.193  47413.469 112.065   0.020    9.820  -10.000       22.3113      405.9023
 2  79  18.193  47414.480 132.085  -0.109   11.936  -10.000       22.3669      406.9141
 3  79  18.193  47414.480 132.085  -0.080   10.527  -10.000       22.3669      406.9141
 4  79  18.193  47414.480 132.085  -0.050    9.699  -10.000       22.3669      406.9141
 2  79  18.193  47415.480 151.873  -0.048   11.901  -10.000       22.4219      407.9141
 3  79  18.193  47415.480 151.873  -0.032   10.526  -10.000       22.4219      407.9141
 4  79  18.193  47415.480 151.873  -0.009    9.711  -10.000       22.4219      407.9141
 2  79  18.193  47416.473 171.506  -0.008   11.747  -10.000       22.4764      408.9062
 3  79  18.193  47416.473 171.506   0.009   10.442  -10.000       22.4764      408.9062
 4  79  18.193  47416.473 171.506   0.027    9.651  -10.000       22.4764      408.9062
 2  79  18.193  47417.414 190.135   0.033   11.217  -10.000       22.5282      409.8477
 3  79  18.193  47417.414 190.135   0.038   10.073  -10.000       22.5282      409.8477
 4  79  18.193  47417.414 190.135   0.048    9.345  -10.000       22.5282      409.8477
 2  79  18.193  47418.418 210.000   0.027   11.085  -10.000       22.5833      410.8516
 3  79  18.193  47418.418 210.000   0.036    9.974  -10.000       22.5833      410.8516
 4  79  18.193  47418.418 210.000   0.034    9.247  -10.000       22.5833      410.8516
 2  79  18.193  47419.406 229.557   0.039   11.203  -10.000       22.6377      411.8398
 3  79  18.193  47419.406 229.557   0.025   10.015  -10.000       22.6377      411.8398
 4  79  18.193  47419.406 229.557   0.029    9.271  -10.000       22.6377      411.8398
 2  79  18.193  47420.402 249.267  -0.024   11.271  -10.000       22.6924      412.8359
 3  79  18.193  47420.402 249.267  -0.043   10.013  -10.000       22.6924      412.8359
 4  79  18.193  47420.402 249.267  -0.021    9.260  -10.000       22.6924      412.8359
 2  79  18.193  47421.395 268.901  -0.010   11.416  -10.000       22.7469      413.8281
 3  79  18.193  47421.395 268.901  -0.034   10.093  -10.000       22.7469      413.8281
 4  79  18.193  47421.395 268.901  -0.006    9.321  -10.000       22.7469      413.8281
 3  79  18.193  47422.473 290.235  -0.084   10.119  -10.000       22.8062      414.9062
 4  79  18.193  47422.473 290.235  -0.065    9.313  -10.000       22.8062      414.9062
 2  79  18.193  47423.492 310.410  -0.019   11.675  -10.000       22.8622      415.9258
 3  79  18.193  47423.492 310.410  -0.042   10.239  -10.000       22.8622      415.9258
 4  79  18.193  47423.492 310.410  -0.034    9.399  -10.000       22.8622      415.9258
 2  79  18.193  47424.414 328.652  -0.028   11.779  -10.000       22.9129      416.8477
 3  79  18.193  47424.414 328.652  -0.025   10.326  -10.000       22.9129      416.8477
 4  79  18.193  47424.414 328.652  -0.020    9.466  -10.000       22.9129      416.8477
 2  79  18.193  47425.457 349.290   0.004   11.932  -10.000       22.9703      417.8906
 3  79  18.193  47425.457 349.290   0.003   10.435  -10.000       22.9703      417.8906
 4  79  18.193  47425.457 349.290   0.010    9.561  -10.000       22.9703      417.8906
 2  79  18.193  47427.469  29.099   0.083   12.245  -10.000       23.0808      419.9023
 3  79  18.193  47427.469  29.099   0.013   10.614  -10.000       23.0808      419.9023
 4  79  18.193  47427.469  29.099   0.025    9.718  -10.000       23.0808      419.9023
 2  79  18.193  47428.387  47.264   0.033   12.274  -10.000       23.1313      420.8203
 3  79  18.193  47428.387  47.264   0.017   10.682  -10.000       23.1313      420.8203
 4  79  18.193  47428.387  47.264   0.033    9.783  -10.000       23.1313      420.8203
 2  79  18.193  47430.414  87.381   0.089   12.385  -10.000       23.2427      422.8477
 3  79  18.193  47430.414  87.381   0.043   10.777  -10.000       23.2427      422.8477
 4  79  18.193  47430.414  87.381   0.044    9.868  -10.000       23.2427      422.8477
 2  79  18.193  47432.461 127.885  -0.132   11.939  -10.000       23.3552      424.8945
 3  79  18.193  47432.461 127.885  -0.087   10.533  -10.000       23.3552      424.8945
 4  79  18.193  47432.461 127.885  -0.084    9.674  -10.000       23.3552      424.8945
 2  79  18.193  47433.441 147.287  -0.044   11.917  -10.000       23.4091      425.8750
 3  79  18.193  47433.441 147.287  -0.036   10.527  -10.000       23.4091      425.8750
 4  79  18.193  47433.441 147.287  -0.028    9.693  -10.000       23.4091      425.8750
 2  79  18.193  47434.453 167.307  -0.020   11.818  -10.000       23.4647      426.8867
 3  79  18.193  47434.453 167.307   0.007   10.497  -10.000       23.4647      426.8867
 4  79  18.193  47434.453 167.307   0.019    9.689  -10.000       23.4647      426.8867
 2  79  18.193  48503.461  81.016   0.073   12.379  -10.000       82.2250     1495.8945
 3  79  18.193  48503.461  81.016   0.031   10.767  -10.000       82.2250     1495.8945
 4  79  18.193  48503.461  81.016   0.040    9.863  -10.000       82.2250     1495.8945
 2  79  18.193  48504.363  98.871   0.076   12.338  -10.000       82.2746     1496.7969
 3  79  18.193  48504.363  98.871   0.029   10.751  -10.000       82.2746     1496.7969
 4  79  18.193  48504.363  98.871  -0.054    9.768  -10.000       82.2746     1496.7969
 2  79  18.193  48505.391 119.199  -0.003   12.131  -10.000       82.3311     1497.8242
 3  79  18.193  48505.391 119.199  -0.020   10.635  -10.000       82.3311     1497.8242
 4  79  18.193  48505.391 119.199  -0.028    9.752  -10.000       82.3311     1497.8242
 2  79  18.193  48506.395 139.065  -0.100   11.902  -10.000       82.3863     1498.8281
 3  79  18.193  48506.395 139.065  -0.036   10.548  -10.000       82.3863     1498.8281
 4  79  18.193  48506.395 139.065  -0.056    9.679  -10.000       82.3863     1498.8281
 2  79  18.193  48507.398 158.931  -0.008   11.917  -10.000       82.4415     1499.8320
 3  79  18.193  48507.398 158.931  -0.020   10.527  -10.000       82.4415     1499.8320
 4  79  18.193  48507.398 158.931  -0.020    9.694  -10.000       82.4415     1499.8320
 2  79  18.193  48508.398 178.720   0.073   11.619  -10.000       82.4964     1500.8320
 3  79  18.193  48508.398 178.720   0.078   10.366  -10.000       82.4964     1500.8320
 4  79  18.193  48508.398 178.720   0.068    9.573  -10.000       82.4964     1500.8320
 2  79  18.193  48509.398 198.506   0.072   11.132  -10.000       82.5514     1501.8320
 3  79  18.193  48509.398 198.506   0.042    9.988  -10.000       82.5514     1501.8320
 4  79  18.193  48509.398 198.506   0.039    9.263  -10.000       82.5514     1501.8320
 2  79  18.193  48510.391 218.142  -0.002   11.097  -10.000       82.6059     1502.8242
 3  79  18.193  48510.391 218.142  -0.017    9.942  -10.000       82.6059     1502.8242
 4  79  18.193  48510.391 218.142   0.004    9.229  -10.000       82.6059     1502.8242
 2  79  18.193  48511.363 237.387  -0.032   11.182  -10.000       82.6594     1503.7969
 3  79  18.193  48511.363 237.387  -0.030    9.984  -10.000       82.6594     1503.7969
 4  79  18.193  48511.363 237.387  -0.018    9.238  -10.000       82.6594     1503.7969
 2  79  18.193  48512.348 256.866  -0.028   11.317  -10.000       82.7135     1504.7812
 3  79  18.193  48512.348 256.866  -0.029   10.054  -10.000       82.7135     1504.7812
 4  79  18.193  48512.348 256.866  -0.014    9.284  -10.000       82.7135     1504.7812
 2  79  18.193  48513.359 276.886  -0.028   11.448  -10.000       82.7691     1505.7930
 3  79  18.193  48513.359 276.886  -0.038   10.116  -10.000       82.7691     1505.7930
 4  79  18.193  48513.359 276.886  -0.045    9.300  -10.000       82.7691     1505.7930
 2  79  18.193  48514.359 296.675  -0.007   11.599  -10.000       82.8241     1506.7930
 3  79  18.193  48514.359 296.675  -0.025   10.204  -10.000       82.8241     1506.7930
 4  79  18.193  48514.359 296.675  -0.034    9.362  -10.000       82.8241     1506.7930
 2  79  18.193  48515.359 316.464  -0.023   11.710  -10.000       82.8791     1507.7930
 3  79  18.193  48515.359 316.464  -0.028   10.277  -10.000       82.8791     1507.7930
 4  79  18.193  48515.359 316.464  -0.035    9.416  -10.000       82.8791     1507.7930
 2  79  18.193  48516.363 336.330   0.014   11.868  -10.000       82.9342     1508.7969
 3  79  18.193  48516.363 336.330  -0.020   10.362  -10.000       82.9342     1508.7969
 4  79  18.193  48516.363 336.330  -0.022    9.488  -10.000       82.9342     1508.7969
 2  79  18.193  48517.363 356.116  -0.007   11.964  -10.000       82.9892     1509.7969
 3  79  18.193  48517.363 356.116   0.002   10.464  -10.000       82.9892     1509.7969
 4  79  18.193  48517.363 356.116  -0.003    9.572  -10.000       82.9892     1509.7969
 2  79  18.193  48518.367  15.982   0.019   12.109  -10.000       83.0444     1510.8008
 3  79  18.193  48518.367  15.982   0.002   10.549  -10.000       83.0444     1510.8008
 4  79  18.193  48518.367  15.982  -0.004    9.642  -10.000       83.0444     1510.8008
 2  79  18.193  48519.344  35.307   0.001   12.192  -10.000       83.0981     1511.7773
 3  79  18.193  48519.344  35.307  -0.004   10.620  -10.000       83.0981     1511.7773
 4  79  18.193  48519.344  35.307  -0.010    9.703  -10.000       83.0981     1511.7773
 2  79  18.193  48520.344  55.094   0.036   12.305  -10.000       83.1530     1512.7773
 3  79  18.193  48520.344  55.094   0.001   10.690  -10.000       83.1530     1512.7773
 4  79  18.193  48520.344  55.094  -0.013    9.760  -10.000       83.1530     1512.7773
 2  79  18.193  48521.398  75.965   0.056   12.363  -10.000       83.2110     1513.8320
 3  79  18.193  48521.398  75.965   0.009   10.741  -10.000       83.2110     1513.8320
 4  79  18.193  48521.398  75.965   0.009    9.827  -10.000       83.2110     1513.8320
 2  79  18.193  48522.371  95.213   0.064   12.339  -10.000       83.2645     1514.8047
 3  79  18.193  48522.371  95.213   0.051   10.778  -10.000       83.2645     1514.8047
 4  79  18.193  48522.371  95.213   0.032    9.855  -10.000       83.2645     1514.8047
 2  79  18.193  48523.363 114.846   0.012   12.180  -10.000       83.3190     1515.7969
 3  79  18.193  48523.363 114.846   0.001   10.674  -10.000       83.3190     1515.7969
 4  79  18.193  48523.363 114.846   0.009    9.801  -10.000       83.3190     1515.7969
 0 156  18.193  49639.637 243.853  -0.567  -39.810    0.460      144.6774     2632.0703
 0 156  18.193  49656.570 218.941  -6.263  -40.690    0.630      145.6082     2649.0039
 0 156  18.193  49663.625 358.539   0.554  -11.090    0.440      145.9959     2656.0586
 0 156  18.193  49684.320  48.060   0.822    2.060    0.420      147.1335     2676.7539
 0 156  18.193  49687.559 112.143   0.403   13.120    0.570      147.3115     2679.9922
 0 156  18.193  49768.293 269.725   0.506  -34.190    0.390      151.7492     2760.7266
 0 156  18.193  49769.301 289.671   2.388  -27.730    0.460      151.8046     2761.7344
 0 156  18.193  49777.301  87.973   1.122    8.760    0.580      152.2444     2769.7344
 0 156  18.193  49778.320 108.149  -0.588   11.110    0.740      152.3004     2770.7539
 0 156  18.193  49779.355 128.633  -4.112    7.420    0.690      152.3573     2771.7891
 0 157  18.193  49639.637 243.853  -0.567  -39.810    0.610      144.6774     2632.0703
 0 157  18.193  49656.570 218.941  -6.263  -40.690    0.850      145.6082     2649.0039
 0 157  18.193  49663.625 358.539   0.554  -11.090    0.580      145.9959     2656.0586
 0 157  18.193  49684.320  48.060   0.822    2.060    0.550      147.1335     2676.7539
 0 157  18.193  49687.559 112.143   0.403   13.120    0.770      147.3115     2679.9922
 0 157  18.193  49768.293 269.725   0.506  -34.190    0.530      151.7492     2760.7266
 0 157  18.193  49769.301 289.671   2.388  -27.730    0.600      151.8046     2761.7344
 0 157  18.193  49777.301  87.973   1.122    8.760    0.760      152.2444     2769.7344
 0 157  18.193  49778.320 108.149  -0.588   11.110    0.970      152.3004     2770.7539
 0 157  18.193  49779.355 128.633  -4.112    7.420    0.910      152.3573     2771.7891
 0 157  18.193  50130.387 234.899   0.023  -40.510    0.700      171.6525     3122.8203
 0 157  18.193  50131.309 253.141  -5.089  -40.090    0.870      171.7032     3123.7422
 0 157  18.193  50393.637  44.132   1.180    1.520    0.690      186.1226     3386.0703
 0 157  18.193  50394.531  61.837  -0.371    4.580    0.600      186.1718     3386.9648
 0 157  18.193  50462.344 323.723   2.534  -20.010    0.430      189.8992     3454.7773
 0 157  18.193  50464.410   4.609   1.843   -9.320    0.580      190.0128     3456.8438
 0 157  18.193  50484.316  38.518   0.296   -1.470    0.610      191.1070     3476.7500
 0 157  18.193  50486.410  79.953   4.380    8.610    0.700      191.2221     3478.8438
 0 157  18.193  50488.363 118.597  -0.065   11.470    0.800      191.3294     3480.7969
 2 150  18.193  50326.449 154.616  -0.039   11.903  -10.000      182.4295     3318.8828
 3 150  18.193  50326.449 154.616  -0.023   10.533  -10.000      182.4295     3318.8828
 4 150  18.193  50326.449 154.616  -0.036    9.683  -10.000      182.4295     3318.8828
 2 150  18.193  50327.480 175.023   0.050   11.713  -10.000      182.4862     3319.9141
 3 150  18.193  50327.480 175.023   0.046   10.415  -10.000      182.4862     3319.9141
 4 150  18.193  50327.480 175.023   0.067    9.639  -10.000      182.4862     3319.9141
 2 150  18.193  50328.504 195.276   0.091   11.182  -10.000      182.5424     3320.9375
 3 150  18.193  50328.504 195.276   0.030    9.999  -10.000      182.5424     3320.9375
 4 150  18.193  50328.504 195.276   0.065    9.308  -10.000      182.5424     3320.9375
 2 150  18.193  50332.441 273.192  -0.065   11.388  -10.000      182.7589     3324.8750
 3 150  18.193  50332.441 273.192  -0.056   10.085  -10.000      182.7589     3324.8750
 2 150  18.193  50333.453 293.209  -0.046   11.537  -10.000      182.8145     3325.8867
 3 150  18.193  50333.453 293.209  -0.030   10.185  -10.000      182.8145     3325.8867
 2 150  18.193  50335.457 332.864  -0.002   11.831  -10.000      182.9246     3327.8906
 3 150  18.193  50335.457 332.864  -0.031   10.337  -10.000      182.9246     3327.8906
 4 150  18.193  50335.457 332.864  -0.043    9.456  -10.000      182.9246     3327.8906
 2 150  18.193  50337.398  11.283   0.029   12.090  -10.000      183.0313     3329.8320
 3 150  18.193  50337.398  11.283  -0.011   10.515  -10.000      183.0313     3329.8320
 4 150  18.193  50337.398  11.283  -0.035    9.593  -10.000      183.0313     3329.8320
 2 150  18.193  50338.465  32.382  -0.009   12.168  -10.000      183.0900     3330.8984
 3 150  18.193  50338.465  32.382  -0.020   10.593  -10.000      183.0900     3330.8984
 4 150  18.193  50338.465  32.382  -0.034    9.670  -10.000      183.0900     3330.8984
 2 150  18.193  50340.398  70.648   0.030   12.332  -10.000      183.1962     3332.8320
 3 150  18.193  50340.398  70.648   0.005   10.729  -10.000      183.1962     3332.8320
 4 150  18.193  50340.398  70.648  -0.003    9.806  -10.000      183.1962     3332.8320
 2 150  18.193  50341.402  90.511   0.033   12.322  -10.000      183.2514     3333.8359
 3 150  18.193  50341.402  90.511   0.030   10.761  -10.000      183.2514     3333.8359
 4 150  18.193  50341.402  90.511   0.035    9.859  -10.000      183.2514     3333.8359
 2 150  18.193  50342.422 110.687  -0.040   12.158  -10.000      183.3075     3334.8555
 3 150  18.193  50342.422 110.687  -0.030   10.660  -10.000      183.3075     3334.8555
 4 150  18.193  50342.422 110.687  -0.028    9.775  -10.000      183.3075     3334.8555
 2 150  18.193  50344.414 150.106  -0.062   11.891  -10.000      183.4170     3336.8477
 3 150  18.193  50344.414 150.106  -0.070   10.489  -10.000      183.4170     3336.8477
 4 150  18.193  50344.414 150.106  -0.098    9.622  -10.000      183.4170     3336.8477
 2 150  18.193  50347.414 209.471  -0.002   11.054  -10.000      183.5819     3339.8477
 3 150  18.193  50347.414 209.471  -0.044    9.893  -10.000      183.5819     3339.8477
 4 150  18.193  50347.414 209.471  -0.021    9.191  -10.000      183.5819     3339.8477
 0 119  18.193  48561.500 149.502 -10.960   -4.850    1.070       85.4153     1553.9336
 0 119  18.193  48566.480 248.058  -1.865  -39.320    1.380       85.6890     1558.9141
18 163  18.193  47920.746  70.155   0.029   10.844  -10.000       50.1949      913.1797
18 163  18.193  47920.758  70.387   0.009   10.824  -10.000       50.1955      913.1914
18 163  18.193  47920.836  71.933   0.014   10.832  -10.000       50.1998      913.2695
18 163  18.193  47920.848  72.165   0.079   10.898  -10.000       50.2005      913.2812
18 163  18.193  47931.855 289.990  -0.014   10.286  -10.000       50.8055      924.2891
18 163  18.193  47931.867 290.220  -0.040   10.260  -10.000       50.8062      924.3008
18 163  18.193  47931.957 291.999  -0.029   10.279  -10.000       50.8111      924.3906
18 163  18.193  47964.723 220.371  -0.002   10.066  -10.000       52.6121      957.1562
18 163  18.193  47964.738 220.680  -0.074    9.995  -10.000       52.6130      957.1719
18 163  18.193  47964.812 222.148  -0.021   10.052  -10.000       52.6171      957.2461
18 163  18.193  47964.828 222.458  -0.015   10.059  -10.000       52.6179      957.2617
18 163  18.193  48000.363 205.634   0.036   10.073  -10.000       54.5712      992.7969
18 163  18.193  48000.527 208.880   0.011   10.052  -10.000       54.5802      992.9609
18 163  18.193  48000.969 217.614  -0.044   10.017  -10.000       54.6045      993.4023
18 163  18.193  48008.082 358.373   0.005   10.570  -10.000       54.9955     1000.5156
18 163  18.193  48008.094 358.605  -0.064   10.502  -10.000       54.9961     1000.5273
18 163  18.193  48008.172   0.151  -0.002   10.571  -10.000       55.0004     1000.6055
18 163  18.193  48008.184   0.383  -0.008   10.566  -10.000       55.0011     1000.6172
18 163  18.193  48008.258   1.851  -0.009   10.572  -10.000       55.0051     1000.6914
18 163  18.193  48008.273   2.160   0.005   10.587  -10.000       55.0060     1000.7070
18 163  18.193  48008.348   3.630  -0.006   10.582  -10.000       55.0101     1000.7812
18 163  18.193  48008.527   7.185   0.015   10.617  -10.000       55.0200     1000.9609
18 163  18.193  48008.539   7.417   0.008   10.611  -10.000       55.0206     1000.9727
18 163  18.193  48008.629   9.194  -0.006   10.604  -10.000       55.0255     1001.0625
18 163  18.193  48008.719  10.973   0.030   10.648  -10.000       55.0305     1001.1523
18 163  18.193  48135.965   8.940  -0.015   10.594  -10.000       62.0248     1128.3984
18 163  18.193  48135.980   9.249  -0.023   10.587  -10.000       62.0257     1128.4141
18 163  18.193  48136.055  10.717   0.064   10.680  -10.000       62.0298     1128.4883
18 163  18.193  48165.645 236.247   0.007   10.120  -10.000       63.6562     1158.0781
18 163  18.193  48165.656 236.478  -0.010   10.104  -10.000       63.6569     1158.0898
18 163  18.193  48165.734 238.024  -0.036   10.083  -10.000       63.6612     1158.1680
18 163  18.193  48165.746 238.256  -0.023   10.096  -10.000       63.6618     1158.1797
18 163  18.193  48311.320 238.903  -0.044   10.077  -10.000       71.6636     1303.7539
18 163  18.193  48311.336 239.214  -0.042   10.081  -10.000       71.6645     1303.7695
18 163  18.193  48358.336  89.256   0.023   10.848  -10.000       74.2479     1350.7695
18 163  18.193  48358.414  90.802   0.067   10.890  -10.000       74.2522     1350.8477
18 163  18.193  48358.426  91.035   0.059   10.882  -10.000       74.2529     1350.8594
18 163  18.193  48358.500  92.502   0.056   10.878  -10.000       74.2570     1350.9336
18 163  18.193  48358.516  92.812   0.035   10.857  -10.000       74.2578     1350.9492
18 163  18.193  48481.855  13.483   0.024   10.652  -10.000       81.0375     1474.2891
18 163  18.193  48481.871  13.791   0.002   10.632  -10.000       81.0383     1474.3047
18 163  18.193  48658.953 277.921  -0.012   10.244  -10.000       90.7720     1651.3867
18 163  18.193  48659.117 281.168   0.011   10.278  -10.000       90.7810     1651.5508
18 163  18.193  48659.129 281.398  -0.037   10.231  -10.000       90.7817     1651.5625
18 163  18.193  48675.645 248.214  -0.044   10.109  -10.000       91.6895     1668.0781
18 163  18.193  48675.656 248.445   0.027   10.181  -10.000       91.6901     1668.0898
18 163  18.193  48675.734 249.991  -0.011   10.148  -10.000       91.6944     1668.1680
18 163  18.193  48675.746 250.222  -0.028   10.132  -10.000       91.6951     1668.1797
18 163  18.193  48675.820 251.691  -0.001   10.164  -10.000       91.6991     1668.2539
18 163  18.193  48675.836 252.002  -0.004   10.162  -10.000       91.7000     1668.2695
18 163  18.193  48704.781 104.777   0.105   10.907  -10.000       93.2910     1697.2148
18 163  18.193  48704.797 105.084   0.023   10.823  -10.000       93.2919     1697.2305
18 163  18.193  48704.871 106.554   0.116   10.913  -10.000       93.2960     1697.3047
18 163  18.193  48704.887 106.861  -0.004   10.792  -10.000       93.2968     1697.3203
18 163  18.193  48831.891 100.039   0.068   10.880  -10.000      100.2779     1824.3242
18 163  18.193  48831.902 100.269   0.062   10.874  -10.000      100.2785     1824.3359
18 163  18.193  48832.164 105.450   0.045   10.845  -10.000      100.2929     1824.5977
18 163  18.193  48832.176 105.680   0.090   10.889  -10.000      100.2936     1824.6094
18 163  18.193  48832.250 107.150   0.035   10.830  -10.000      100.2976     1824.6836
18 163  18.193  48832.266 107.457   0.104   10.898  -10.000      100.2985     1824.6992
 2  14  18.193  43420.621 300.916   0.046   11.680  -10.000     -197.1641    -3586.9453
 3  14  18.193  43420.621 300.916   0.005   10.250  -10.000     -197.1641    -3586.9453
 2  14  18.193  43423.570 359.275   0.069   12.060  -10.000     -197.0020    -3583.9961
 3  14  18.193  43423.570 359.275  -0.016   10.460  -10.000     -197.0020    -3583.9961
 2  14  18.193  43424.586  19.374   0.080   12.190  -10.000     -196.9462    -3582.9805
 3  14  18.193  43424.586  19.374  -0.042   10.520  -10.000     -196.9462    -3582.9805
 2  14  18.193  43425.594  39.315   0.101   12.310  -10.000     -196.8908    -3581.9727
 3  14  18.193  43425.594  39.315   0.012   10.650  -10.000     -196.8908    -3581.9727
 2  14  18.193  43483.602 107.183   0.009   12.230  -10.000     -193.7023    -3523.9648
 3  14  18.193  43483.602 107.183   0.059   10.760  -10.000     -193.7023    -3523.9648
 2  14  18.193  43490.539 244.468   0.017   11.280  -10.000     -193.3209    -3517.0273
 3  14  18.193  43490.539 244.468  -0.039   10.000  -10.000     -193.3209    -3517.0273
 2  14  18.193  43598.348 217.798   0.033   11.130  -10.000     -187.3950    -3409.2188
 3  14  18.193  43598.348 217.798  -0.028    9.930  -10.000     -187.3950    -3409.2188
 2  14  18.193  43777.551 163.900   0.005   11.890  -10.000     -177.5447    -3230.0156
 3  14  18.193  43777.551 163.900   0.039   10.560  -10.000     -177.5447    -3230.0156
 2  14  18.193  43791.586  81.634   0.094   12.400  -10.000     -176.7732    -3215.9805
 3  14  18.193  43791.586  81.634  -0.016   10.720  -10.000     -176.7732    -3215.9805
 2  14  18.193  43793.617 121.827  -0.053   12.060  -10.000     -176.6616    -3213.9492
 3  14  18.193  43793.617 121.827  -0.113   10.530  -10.000     -176.6616    -3213.9492
 2  14  18.193  43849.410 145.865   0.023   11.990  -10.000     -173.5948    -3158.1562
 3  14  18.193  43849.410 145.865  -0.045   10.520  -10.000     -173.5948    -3158.1562
 2  14  18.193  43928.387 268.671   0.046   11.470  -10.000     -169.2537    -3079.1797
 3  14  18.193  43928.387 268.671   0.014   10.140  -10.000     -169.2537    -3079.1797
 2  14  18.193  43931.402 328.343   0.045   11.850  -10.000     -169.0879    -3076.1641
 3  14  18.193  43931.402 328.343  -0.080   10.270  -10.000     -169.0879    -3076.1641
 2  14  18.193  43956.273 100.497   0.055   12.310  -10.000     -167.7208    -3051.2930
 3  14  18.193  43956.273 100.497   0.031   10.750  -10.000     -167.7208    -3051.2930
 2  14  18.193  44108.559 233.943   0.009   11.200  -10.000     -159.3502    -2899.0078
 3  14  18.193  44108.559 233.943  -0.023    9.980  -10.000     -159.3502    -2899.0078
 2  14  18.193  44132.605 349.783   0.009   11.940  -10.000     -158.0284    -2874.9609
 3  14  18.193  44132.605 349.783  -0.024   10.410  -10.000     -158.0284    -2874.9609
 2  14  18.193  44143.469 204.747   0.126   11.170  -10.000     -157.4313    -2864.0977
 3  14  18.193  44143.469 204.747   0.028    9.960  -10.000     -157.4313    -2864.0977
 2  14  18.193  44167.461 319.510   0.088   11.840  -10.000     -156.1125    -2840.1055
 3  14  18.193  44167.461 319.510  -0.037   10.280  -10.000     -156.1125    -2840.1055
 2  14  18.193  44215.395 188.031   0.121   11.360  -10.000     -153.4777    -2792.1719
 3  14  18.193  44215.395 188.031   0.017   10.090  -10.000     -153.4777    -2792.1719
 2  14  18.193  44251.316 178.857  -0.021   11.520  -10.000     -151.5032    -2756.2500
 3  14  18.193  44251.316 178.857  -0.015   10.270  -10.000     -151.5032    -2756.2500
 3   9  18.193  43866.789 129.765  -0.054   10.560  -10.000     -172.6395    -3140.7773
14   9  18.193  43866.789 129.765  -0.131   12.490  -10.000     -172.6395    -3140.7773
15   9  18.193  43866.789 129.765  -0.057   10.970  -10.000     -172.6395    -3140.7773
16   9  18.193  43866.789 129.765  -0.013    9.790  -10.000     -172.6395    -3140.7773
17   9  18.193  43866.789 129.765   0.000    8.920  -10.000     -172.6395    -3140.7773
 3   9  18.193  43867.738 148.546  -0.021   10.540  -10.000     -172.5874    -3139.8281
14   9  18.193  43867.738 148.546  -0.078   12.410  -10.000     -172.5874    -3139.8281
15   9  18.193  43867.738 148.546  -0.032   10.930  -10.000     -172.5874    -3139.8281
16   9  18.193  43867.738 148.546   0.009    9.780  -10.000     -172.5874    -3139.8281
17   9  18.193  43867.738 148.546   0.013    8.920  -10.000     -172.5874    -3139.8281
 3   9  18.193  43868.770 168.953   0.000   10.470  -10.000     -172.5307    -3138.7969
14   9  18.193  43868.770 168.953  -0.023   12.280  -10.000     -172.5307    -3138.7969
15   9  18.193  43868.770 168.953   0.002   10.860  -10.000     -172.5307    -3138.7969
16   9  18.193  43868.770 168.953   0.024    9.730  -10.000     -172.5307    -3138.7969
17   9  18.193  43868.770 168.953   0.037    8.900  -10.000     -172.5307    -3138.7969
 3   9  18.193  43814.961 184.180   0.053   10.210  -10.000     -175.4884    -3192.6055
14   9  18.193  43814.961 184.180  -0.013   11.750  -10.000     -175.4884    -3192.6055
15   9  18.193  43814.961 184.180   0.047   10.560  -10.000     -175.4884    -3192.6055
16   9  18.193  43814.961 184.180   0.085    9.540  -10.000     -175.4884    -3192.6055
17   9  18.193  43814.961 184.180   0.099    8.760  -10.000     -175.4884    -3192.6055
 3   9  18.193  43869.770 188.745   0.051   10.110  -10.000     -172.4757    -3137.7969
14   9  18.193  43869.770 188.745   0.033   11.630  -10.000     -172.4757    -3137.7969
15   9  18.193  43869.770 188.745   0.044   10.450  -10.000     -172.4757    -3137.7969
16   9  18.193  43869.770 188.745   0.064    9.440  -10.000     -172.4757    -3137.7969
17   9  18.193  43869.770 188.745   0.082    8.680  -10.000     -172.4757    -3137.7969
