 0  22  20.321  43969.629 354.606   1.705  -16.100  -10.000      -75.0150    -1524.3711
 0  22  20.321  43973.578  64.569   3.104   -5.200  -10.000      -74.8206    -1520.4219
 0  22  20.321  43977.633 136.401   3.022   -2.800  -10.000      -74.6211    -1516.3672
 0  22  20.321  43979.641 171.972  -0.875  -13.800  -10.000      -74.5223    -1514.3594
 0  22  20.321  43980.648 189.825   1.741  -16.200  -10.000      -74.4727    -1513.3516
 0  22  20.321  44179.230 107.856   0.239   -4.100  -10.000      -64.7004    -1314.7695
 0  22  20.321  44181.242 143.495  -4.439  -13.400  -10.000      -64.6014    -1312.7578
 0  22  20.321  44183.246 178.997   0.326  -17.600  -10.000      -64.5028    -1310.7539
 0  22  20.321  44335.680 359.474   0.278  -17.500  -10.000      -57.0015    -1158.3203
 0  22  20.321  44336.684  17.260   2.773  -12.900  -10.000      -56.9521    -1157.3164
 0  22  20.321  44363.531 132.885  -2.157   -6.400  -10.000      -55.6309    -1130.4688
 0  22  20.321  44364.512 150.256   4.535   -4.600  -10.000      -55.5826    -1129.4883
 0  22  20.321  44444.426 125.994   2.423   -2.600  -10.000      -51.6500    -1049.5742
 0  22  20.321  44445.402 143.295  -0.668   -9.600  -10.000      -51.6020    -1048.5977
 0  22  20.321  44446.406 161.079  -2.117  -13.600  -10.000      -51.5526    -1047.5938
 0  22  20.321  44447.402 178.726  -2.999  -20.800  -10.000      -51.5035    -1046.5977
 0  22  20.321  44448.434 196.996  -4.550  -25.300  -10.000      -51.4528    -1045.5664
 0  22  20.321  44449.445 214.919   4.020  -28.000  -10.000      -51.4030    -1044.5547
 0  22  20.321  44691.676 186.216  -4.308  -22.500  -10.000      -39.4827     -802.3242
 0  22  20.321  44692.680 204.001   2.775  -23.500  -10.000      -39.4333     -801.3203
 0  22  20.321  44693.676 221.648   2.964  -28.200  -10.000      -39.3843     -800.3242
 0  22  20.321  44694.680 239.432  -1.030  -34.800  -10.000      -39.3349     -799.3203
 0  22  20.321  44704.680  56.589   2.464   -6.400  -10.000      -38.8428     -789.3203
 0  22  20.321  44706.680  92.021   3.941   -2.500  -10.000      -38.7444     -787.3203
 0  22  20.321  44707.684 109.806   0.854   -3.000  -10.000      -38.6950     -786.3164
 0  22  20.321  44709.582 143.439   0.653   -8.300  -10.000      -38.6016     -784.4180
 0  22  20.321  44712.680 198.316  -0.236  -21.900  -10.000      -38.4491     -781.3203
 0  22  20.321  44714.680 233.748   2.163  -32.200  -10.000      -38.3507     -779.3203
 0  22  20.321  44715.684 251.532  -0.221  -33.300  -10.000      -38.3013     -778.3164
 0  22  20.321  44775.566 232.402   6.403  -27.800  -10.000      -35.3544     -718.4336
 0  22  20.321  44777.535 267.280  -2.065  -32.500  -10.000      -35.2576     -716.4648
 0  22  20.321  44778.570 285.618  -1.600  -30.300  -10.000      -35.2066     -715.4297
 0  22  20.321  45090.699  55.219   3.156   -6.300  -10.000      -19.8466     -403.3008
 0  22  20.321  45091.695  72.866   2.619   -5.300  -10.000      -19.7976     -402.3047
 0  22  20.321  45093.680 108.021  -0.104   -4.400  -10.000      -19.6999     -400.3203
 1  22  20.321  43941.590 217.873   0.115    9.889  -10.000      -76.3948    -1552.4102
 2  22  20.321  43941.590 217.873  -0.016    8.875  -10.000      -76.3948    -1552.4102
 3  22  20.321  43941.590 217.873  -0.038    7.583  -10.000      -76.3948    -1552.4102
 3  22  20.321  44026.562 283.228   0.003    7.840  -10.000      -72.2133    -1467.4375
 4  22  20.321  44026.562 283.228   0.001    6.967  -10.000      -72.2133    -1467.4375
 5  22  20.321  44026.562 283.228  -0.041    6.111  -10.000      -72.2133    -1467.4375
 2  22  20.321  44032.523  28.831   0.187   10.071  -10.000      -71.9199    -1461.4766
 3  22  20.321  44032.523  28.831   0.123    8.343  -10.000      -71.9199    -1461.4766
 4  22  20.321  44032.523  28.831   0.110    7.376  -10.000      -71.9199    -1461.4766
 5  22  20.321  44032.523  28.831   0.059    6.435  -10.000      -71.9199    -1461.4766
 2  22  20.321  44044.582 242.457   0.004    9.060  -10.000      -71.3265    -1449.4180
 3  22  20.321  44044.582 242.457  -0.005    7.702  -10.000      -71.3265    -1449.4180
 4  22  20.321  44044.582 242.457  -0.013    6.870  -10.000      -71.3265    -1449.4180
 5  22  20.321  44044.582 242.457  -0.020    6.093  -10.000      -71.3265    -1449.4180
 2  22  20.321  44047.543 294.911   0.030    9.405  -10.000      -71.1808    -1446.4570
 3  22  20.321  44047.543 294.911   0.031    7.911  -10.000      -71.1808    -1446.4570
 4  22  20.321  44047.543 294.911   0.021    7.017  -10.000      -71.1808    -1446.4570
 5  22  20.321  44047.543 294.911   0.006    6.177  -10.000      -71.1808    -1446.4570
 2  22  20.321  44048.527 312.352   0.018    9.491  -10.000      -71.1324    -1445.4727
 3  22  20.321  44048.527 312.352   0.022    7.959  -10.000      -71.1324    -1445.4727
 4  22  20.321  44048.527 312.352   0.012    7.049  -10.000      -71.1324    -1445.4727
 5  22  20.321  44048.527 312.352  -0.008    6.188  -10.000      -71.1324    -1445.4727
 2  22  20.321  44049.539 330.274   0.057    9.628  -10.000      -71.0826    -1444.4609
 3  22  20.321  44049.539 330.274   0.050    8.049  -10.000      -71.0826    -1444.4609
 4  22  20.321  44049.539 330.274   0.033    7.116  -10.000      -71.0826    -1444.4609
 5  22  20.321  44049.539 330.274   0.021    6.249  -10.000      -71.0826    -1444.4609
 2  22  20.321  44080.449 157.871  -0.010    9.735  -10.000      -69.5615    -1413.5508
 3  22  20.321  44080.449 157.871  -0.017    8.211  -10.000      -69.5615    -1413.5508
 4  22  20.321  44080.449 157.871  -0.024    7.311  -10.000      -69.5615    -1413.5508
 5  22  20.321  44080.449 157.871  -0.043    6.458  -10.000      -69.5615    -1413.5508
 2  22  20.321  44083.445 210.951  -0.001    8.851  -10.000      -69.4140    -1410.5547
 3  22  20.321  44083.445 210.951  -0.064    7.537  -10.000      -69.4140    -1410.5547
 4  22  20.321  44083.445 210.951  -0.087    6.732  -10.000      -69.4140    -1410.5547
 5  22  20.321  44083.445 210.951  -0.109    5.978  -10.000      -69.4140    -1410.5547
 2  22  20.321  44101.367 168.451  -0.064    9.507  -10.000      -68.5321    -1392.6328
 3  22  20.321  44101.367 168.451  -0.063    8.049  -10.000      -68.5321    -1392.6328
 4  22  20.321  44101.367 168.451  -0.062    7.181  -10.000      -68.5321    -1392.6328
 5  22  20.321  44101.367 168.451  -0.090    6.341  -10.000      -68.5321    -1392.6328
 2  22  20.321  44387.523 197.926  -0.022    8.804  -10.000      -54.4502    -1106.4766
 3  22  20.321  44387.523 197.926  -0.054    7.539  -10.000      -54.4502    -1106.4766
 4  22  20.321  44387.523 197.926  -0.062    6.755  -10.000      -54.4502    -1106.4766
 5  22  20.321  44387.523 197.926  -0.067    6.025  -10.000      -54.4502    -1106.4766
 2  22  20.321  44391.551 269.274   0.017    9.238  -10.000      -54.2520    -1102.4492
 3  22  20.321  44391.551 269.274  -0.001    7.792  -10.000      -54.2520    -1102.4492
 4  22  20.321  44391.551 269.274  -0.018    6.919  -10.000      -54.2520    -1102.4492
 5  22  20.321  44391.551 269.274  -0.041    6.096  -10.000      -54.2520    -1102.4492
 3  22  20.321  44394.527 322.005   0.018    7.989  -10.000      -54.1055    -1099.4727
 4  22  20.321  44394.527 322.005   0.009    7.070  -10.000      -54.1055    -1099.4727
 5  22  20.321  44394.527 322.005  -0.013    6.200  -10.000      -54.1055    -1099.4727
 2  22  20.321  44423.469 114.723   0.051    9.963  -10.000      -52.6813    -1070.5312
 3  22  20.321  44423.469 114.723   0.055    8.359  -10.000      -52.6813    -1070.5312
 2  22  20.321  44424.504 133.062   0.115    9.957  -10.000      -52.6304    -1069.4961
 3  22  20.321  44424.504 133.062   0.090    8.365  -10.000      -52.6304    -1069.4961
 2  22  20.321  44425.551 151.609   0.018    9.801  -10.000      -52.5789    -1068.4492
 3  22  20.321  44425.551 151.609   0.021    8.271  -10.000      -52.5789    -1068.4492
 4  22  20.321  44425.551 151.609   0.017    7.367  -10.000      -52.5789    -1068.4492
 5  22  20.321  44425.551 151.609   0.000    6.510  -10.000      -52.5789    -1068.4492
 2  22  20.321  44434.527 310.636   0.028    9.491  -10.000      -52.1371    -1059.4727
 3  22  20.321  44434.527 310.636   0.012    7.943  -10.000      -52.1371    -1059.4727
 4  22  20.321  44434.527 310.636   0.015    7.047  -10.000      -52.1371    -1059.4727
 5  22  20.321  44434.527 310.636  -0.005    6.188  -10.000      -52.1371    -1059.4727
 2  22  20.321  44449.465 215.265  -0.038    8.837  -10.000      -51.4020    -1044.5352
 3  22  20.321  44449.465 215.265  -0.055    7.558  -10.000      -51.4020    -1044.5352
 4  22  20.321  44449.465 215.265  -0.054    6.771  -10.000      -51.4020    -1044.5352
 5  22  20.321  44449.465 215.265  -0.071    6.017  -10.000      -51.4020    -1044.5352
 2  22  20.321  44466.434 155.880  -0.013    9.748  -10.000      -50.5670    -1027.5664
 3  22  20.321  44466.434 155.880   0.001    8.239  -10.000      -50.5670    -1027.5664
 4  22  20.321  44466.434 155.880  -0.020    7.322  -10.000      -50.5670    -1027.5664
 5  22  20.321  44466.434 155.880  -0.038    6.468  -10.000      -50.5670    -1027.5664
 2  22  20.321  44468.402 190.757  -0.035    8.860  -10.000      -50.4701    -1025.5977
 3  22  20.321  44468.402 190.757  -0.049    7.593  -10.000      -50.4701    -1025.5977
 4  22  20.321  44468.402 190.757  -0.052    6.806  -10.000      -50.4701    -1025.5977
 5  22  20.321  44468.402 190.757  -0.064    6.061  -10.000      -50.4701    -1025.5977
 1  22  20.321  44496.234 323.822   0.036   10.832  -10.000      -49.1005     -997.7656
 2  22  20.321  44496.234 323.822   0.060    9.596  -10.000      -49.1005     -997.7656
 3  22  20.321  44496.234 323.822   0.041    8.018  -10.000      -49.1005     -997.7656
 4  22  20.321  44496.234 323.822   0.026    7.092  -10.000      -49.1005     -997.7656
 5  22  20.321  44496.234 323.822   0.009    6.225  -10.000      -49.1005     -997.7656
 2  22  20.321  44497.352 343.614   0.070    9.713  -10.000      -49.0455     -996.6484
 3  22  20.321  44497.352 343.614   0.059    8.106  -10.000      -49.0455     -996.6484
 4  22  20.321  44497.352 343.614   0.049    7.170  -10.000      -49.0455     -996.6484
 5  22  20.321  44497.352 343.614   0.014    6.271  -10.000      -49.0455     -996.6484
 1  22  20.321  44795.480 225.195   0.118    9.970  -10.000      -34.3745     -698.5195
 2  22  20.321  44795.480 225.195  -0.001    8.939  -10.000      -34.3745     -698.5195
 3  22  20.321  44795.480 225.195  -0.031    7.616  -10.000      -34.3745     -698.5195
 4  22  20.321  44795.480 225.195  -0.035    6.812  -10.000      -34.3745     -698.5195
 5  22  20.321  44795.480 225.195  -0.056    6.042  -10.000      -34.3745     -698.5195
 1  22  20.321  44799.473 295.919   0.017   10.577  -10.000      -34.1780     -694.5273
 2  22  20.321  44799.473 295.919   0.031    9.412  -10.000      -34.1780     -694.5273
 3  22  20.321  44799.473 295.919   0.015    7.899  -10.000      -34.1780     -694.5273
 4  22  20.321  44799.473 295.919  -0.001    6.998  -10.000      -34.1780     -694.5273
 5  22  20.321  44799.473 295.919  -0.024    6.148  -10.000      -34.1780     -694.5273
 2  22  20.321  44809.516 113.838   0.063    9.979  -10.000      -33.6838     -684.4844
 3  22  20.321  44809.516 113.838   0.057    8.363  -10.000      -33.6838     -684.4844
 4  22  20.321  44809.516 113.838   0.031    7.405  -10.000      -33.6838     -684.4844
 5  22  20.321  44809.516 113.838  -0.003    6.501  -10.000      -33.6838     -684.4844
 2  22  20.321  44810.266 127.126   0.114    9.971  -10.000      -33.6469     -683.7344
 3  22  20.321  44810.266 127.126   0.093    8.372  -10.000      -33.6469     -683.7344
 4  22  20.321  44810.266 127.126   0.059    7.419  -10.000      -33.6469     -683.7344
 5  22  20.321  44810.266 127.126   0.024    6.527  -10.000      -33.6469     -683.7344
 2  22  20.321  44829.375 105.662   0.027    9.978  -10.000      -32.7065     -664.6250
 3  22  20.321  44829.375 105.662   0.038    8.359  -10.000      -32.7065     -664.6250
 4  22  20.321  44829.375 105.662   0.013    7.394  -10.000      -32.7065     -664.6250
 5  22  20.321  44829.375 105.662   0.003    6.507  -10.000      -32.7065     -664.6250
 2  22  20.321  44850.281 116.032   0.068    9.974  -10.000      -31.6777     -643.7188
 3  22  20.321  44850.281 116.032   0.069    8.370  -10.000      -31.6777     -643.7188
 4  22  20.321  44850.281 116.032   0.046    7.417  -10.000      -31.6777     -643.7188
 2  22  20.321  44851.266 133.472   0.140    9.981  -10.000      -31.6292     -642.7344
 3  22  20.321  44851.266 133.472   0.119    8.394  -10.000      -31.6292     -642.7344
 4  22  20.321  44851.266 133.472   0.075    7.436  -10.000      -31.6292     -642.7344
 5  22  20.321  44851.266 133.472   0.041    6.549  -10.000      -31.6292     -642.7344
 2  22  20.321  44852.324 152.225   0.056    9.836  -10.000      -31.5772     -641.6758
 3  22  20.321  44852.324 152.225   0.032    8.281  -10.000      -31.5772     -641.6758
 2  22  20.321  44878.289 252.212  -0.002    9.115  -10.000      -30.2994     -615.7109
 3  22  20.321  44878.289 252.212  -0.017    7.720  -10.000      -30.2994     -615.7109
 2  22  20.321  44879.312 270.343   0.035    9.262  -10.000      -30.2490     -614.6875
 3  22  20.321  44879.312 270.343   0.008    7.805  -10.000      -30.2490     -614.6875
 1  22  20.321  44882.238 322.175   0.017   10.800  -10.000      -30.1051     -611.7617
 2  22  20.321  44882.238 322.175   0.065    9.592  -10.000      -30.1051     -611.7617
 3  22  20.321  44882.238 322.175   0.038    8.009  -10.000      -30.1051     -611.7617
 2  22  20.321  44883.293 340.860   0.063    9.692  -10.000      -30.0532     -610.7070
 3  22  20.321  44883.293 340.860   0.044    8.082  -10.000      -30.0532     -610.7070
 1  22  20.321  45071.602  76.890  -0.193   11.232  -10.000      -20.7864     -422.3984
 2  22  20.321  45071.602  76.890   0.003   10.017  -10.000      -20.7864     -422.3984
 3  22  20.321  45071.602  76.890   0.049    8.388  -10.000      -20.7864     -422.3984
 1  22  20.321  45096.648 160.615  -0.079   10.829  -10.000      -19.5538     -397.3516
 2  22  20.321  45096.648 160.615  -0.017    9.699  -10.000      -19.5538     -397.3516
 3  22  20.321  45096.648 160.615  -0.009    8.200  -10.000      -19.5538     -397.3516
 4  22  20.321  45096.648 160.615  -0.007    7.313  -10.000      -19.5538     -397.3516
 5  22  20.321  45096.648 160.615  -0.028    6.462  -10.000      -19.5538     -397.3516
 1  22  20.321  45235.277  96.531  -0.205   11.158  -10.000      -12.7319     -258.7227
 2  22  20.321  45235.277  96.531  -0.007    9.978  -10.000      -12.7319     -258.7227
 3  22  20.321  45235.277  96.531   0.024    8.359  -10.000      -12.7319     -258.7227
 4  22  20.321  45235.277  96.531   0.025    7.412  -10.000      -12.7319     -258.7227
 5  22  20.321  45235.277  96.531  -0.005    6.497  -10.000      -12.7319     -258.7227
 1  22  20.321  45237.262 131.686  -0.008   11.110  -10.000      -12.6342     -256.7383
 2  22  20.321  45237.262 131.686   0.131    9.976  -10.000      -12.6342     -256.7383
 3  22  20.321  45237.262 131.686   0.105    8.381  -10.000      -12.6342     -256.7383
 4  22  20.321  45237.262 131.686   0.090    7.451  -10.000      -12.6342     -256.7383
 5  22  20.321  45237.262 131.686   0.042    6.549  -10.000      -12.6342     -256.7383
23   4  20.321  41016.598 239.409  -0.046    0.900  -10.000     -220.3350    -4477.4023
24   4  20.321  41016.598 239.409  -0.049    2.275  -10.000     -220.3350    -4477.4023
25   4  20.321  41016.598 239.409   0.104    4.175  -10.000     -220.3350    -4477.4023
27   4  20.321  41016.598 239.409   0.026    3.318  -10.000     -220.3350    -4477.4023
23   4  20.321  41017.609 257.333  -0.061    0.945  -10.000     -220.2852    -4476.3906
24   4  20.321  41017.609 257.333  -0.078    2.372  -10.000     -220.2852    -4476.3906
25   4  20.321  41017.609 257.333   0.049    4.280  -10.000     -220.2852    -4476.3906
27   4  20.321  41017.609 257.333  -0.030    3.450  -10.000     -220.2852    -4476.3906
23   4  20.321  41020.613 310.551  -0.013    1.178  -10.000     -220.1374    -4473.3867
24   4  20.321  41020.613 310.551  -0.013    2.790  -10.000     -220.1374    -4473.3867
25   4  20.321  41020.613 310.551   0.030    4.698  -10.000     -220.1374    -4473.3867
27   4  20.321  41020.613 310.551   0.016    4.005  -10.000     -220.1374    -4473.3867
23   4  20.321  41027.531  73.109   0.013    1.612  -10.000     -219.7969    -4466.4688
24   4  20.321  41027.531  73.109  -0.045    3.345  -10.000     -219.7969    -4466.4688
25   4  20.321  41027.531  73.109  -0.114    5.230  -10.000     -219.7969    -4466.4688
27   4  20.321  41027.531  73.109  -0.173    4.568  -10.000     -219.7969    -4466.4688
23   4  20.321  41042.547 339.120   0.031    1.325  -10.000     -219.0580    -4451.4531
24   4  20.321  41042.547 339.120   0.033    3.010  -10.000     -219.0580    -4451.4531
25   4  20.321  41042.547 339.120   0.004    4.880  -10.000     -219.0580    -4451.4531
27   4  20.321  41042.547 339.120   0.040    4.267  -10.000     -219.0580    -4451.4531
23   4  20.321  41047.582  68.318   0.018    1.610  -10.000     -218.8102    -4446.4180
24   4  20.321  41047.582  68.318  -0.038    3.347  -10.000     -218.8102    -4446.4180
25   4  20.321  41047.582  68.318  -0.166    5.175  -10.000     -218.8102    -4446.4180
27   4  20.321  41047.582  68.318  -0.124    4.615  -10.000     -218.8102    -4446.4180
23   4  20.321  41051.508 137.867   0.109    1.640  -10.000     -218.6170    -4442.4922
24   4  20.321  41051.508 137.867   0.126    3.303  -10.000     -218.6170    -4442.4922
25   4  20.321  41051.508 137.867   0.028    5.085  -10.000     -218.6170    -4442.4922
27   4  20.321  41051.508 137.867   0.091    4.483  -10.000     -218.6170    -4442.4922
23   4  20.321  41052.531 156.000  -0.009    1.488  -10.000     -218.5667    -4441.4688
24   4  20.321  41052.531 156.000  -0.014    3.085  -10.000     -218.5667    -4441.4688
25   4  20.321  41052.531 156.000  -0.036    4.923  -10.000     -218.5667    -4441.4688
27   4  20.321  41052.531 156.000  -0.030    4.245  -10.000     -218.5667    -4441.4688
23   4  20.321  41053.539 173.853  -0.081    1.178  -10.000     -218.5171    -4440.4609
24   4  20.321  41053.539 173.853  -0.090    2.633  -10.000     -218.5171    -4440.4609
25   4  20.321  41053.539 173.853  -0.032    4.480  -10.000     -218.5171    -4440.4609
27   4  20.321  41053.539 173.853  -0.045    3.725  -10.000     -218.5171    -4440.4609
23   4  20.321  41055.500 208.592  -0.067    0.775  -10.000     -218.4206    -4438.5000
24   4  20.321  41055.500 208.592  -0.037    2.068  -10.000     -218.4206    -4438.5000
25   4  20.321  41055.500 208.592   0.213    4.008  -10.000     -218.4206    -4438.5000
27   4  20.321  41055.500 208.592   0.077    3.043  -10.000     -218.4206    -4438.5000
23   4  20.321  41057.586 245.550  -0.044    0.925  -10.000     -218.3179    -4436.4141
24   4  20.321  41057.586 245.550  -0.051    2.320  -10.000     -218.3179    -4436.4141
25   4  20.321  41057.586 245.550   0.084    4.215  -10.000     -218.3179    -4436.4141
27   4  20.321  41057.586 245.550   0.028    3.390  -10.000     -218.3179    -4436.4141
23   4  20.321  41058.594 263.403  -0.039    0.988  -10.000     -218.2683    -4435.4062
24   4  20.321  41058.594 263.403  -0.049    2.443  -10.000     -218.2683    -4435.4062
25   4  20.321  41058.594 263.403   0.067    4.350  -10.000     -218.2683    -4435.4062
27   4  20.321  41058.594 263.403   0.011    3.553  -10.000     -218.2683    -4435.4062
23   4  20.321  41066.559  44.506   0.046    1.582  -10.000     -217.8764    -4427.4414
24   4  20.321  41066.559  44.506   0.003    3.330  -10.000     -217.8764    -4427.4414
25   4  20.321  41066.559  44.506  -0.079    5.202  -10.000     -217.8764    -4427.4414
27   4  20.321  41066.559  44.506  -0.095    4.582  -10.000     -217.8764    -4427.4414
23   4  20.321  41067.512  61.392   0.032    1.612  -10.000     -217.8295    -4426.4883
24   4  20.321  41067.512  61.392  -0.015    3.362  -10.000     -217.8295    -4426.4883
25   4  20.321  41067.512  61.392  -0.099    5.235  -10.000     -217.8295    -4426.4883
27   4  20.321  41067.512  61.392  -0.096    4.637  -10.000     -217.8295    -4426.4883
23   4  20.321  41068.559  79.937   0.002    1.610  -10.000     -217.7780    -4425.4414
24   4  20.321  41068.559  79.937  -0.059    3.335  -10.000     -217.7780    -4425.4414
25   4  20.321  41068.559  79.937  -0.181    5.165  -10.000     -217.7780    -4425.4414
27   4  20.321  41068.559  79.937  -0.173    4.568  -10.000     -217.7780    -4425.4414
23   4  20.321  41077.520 238.689  -0.040    0.903  -10.000     -217.3370    -4416.4805
24   4  20.321  41077.520 238.689  -0.038    2.280  -10.000     -217.3370    -4416.4805
25   4  20.321  41077.520 238.689   0.109    4.173  -10.000     -217.3370    -4416.4805
27   4  20.321  41077.520 238.689   0.019    3.303  -10.000     -217.3370    -4416.4805
23   4  20.321  41083.516 344.910   0.051    1.365  -10.000     -217.0419    -4410.4844
24   4  20.321  41083.516 344.910   0.047    3.055  -10.000     -217.0419    -4410.4844
25   4  20.321  41083.516 344.910   0.016    4.930  -10.000     -217.0419    -4410.4844
27   4  20.321  41083.516 344.910   0.101    4.370  -10.000     -217.0419    -4410.4844
23   4  20.321  41085.559  21.105   0.053    1.507  -10.000     -216.9414    -4408.4414
24   4  20.321  41085.559  21.105   0.038    3.255  -10.000     -216.9414    -4408.4414
25   4  20.321  41085.559  21.105  -0.012    5.145  -10.000     -216.9414    -4408.4414
27   4  20.321  41085.559  21.105   0.008    4.550  -10.000     -216.9414    -4408.4414
23   4  20.321  41092.566 145.256   0.068    1.587  -10.000     -216.5965    -4401.4336
24   4  20.321  41092.566 145.256   0.085    3.233  -10.000     -216.5965    -4401.4336
25   4  20.321  41092.566 145.256   0.050    5.070  -10.000     -216.5965    -4401.4336
27   4  20.321  41092.566 145.256   0.062    4.410  -10.000     -216.5965    -4401.4336
23   4  20.321  41100.523 286.216  -0.006    1.098  -10.000     -216.2050    -4393.4766
24   4  20.321  41100.523 286.216  -0.014    2.630  -10.000     -216.2050    -4393.4766
25   4  20.321  41100.523 286.216   0.038    4.510  -10.000     -216.2050    -4393.4766
27   4  20.321  41100.523 286.216   0.023    3.785  -10.000     -216.2050    -4393.4766
23   4  20.321  41101.484 303.245   0.017    1.183  -10.000     -216.1577    -4392.5156
24   4  20.321  41101.484 303.245   0.017    2.775  -10.000     -216.1577    -4392.5156
25   4  20.321  41101.484 303.245   0.087    4.700  -10.000     -216.1577    -4392.5156
27   4  20.321  41101.484 303.245   0.050    3.975  -10.000     -216.1577    -4392.5156
23   4  20.321  41106.539  32.789   0.055    1.555  -10.000     -215.9089    -4387.4609
24   4  20.321  41106.539  32.789   0.038    3.317  -10.000     -215.9089    -4387.4609
25   4  20.321  41106.539  32.789  -0.010    5.217  -10.000     -215.9089    -4387.4609
27   4  20.321  41106.539  32.789  -0.045    4.575  -10.000     -215.9089    -4387.4609
23   4  20.321  41107.488  49.603   0.037    1.587  -10.000     -215.8622    -4386.5117
24   4  20.321  41107.488  49.603  -0.010    3.335  -10.000     -215.8622    -4386.5117
25   4  20.321  41107.488  49.603  -0.064    5.237  -10.000     -215.8622    -4386.5117
27   4  20.321  41107.488  49.603  -0.104    4.595  -10.000     -215.8622    -4386.5117
23   4  20.321  41114.371 171.541  -0.062    1.248  -10.000     -215.5235    -4379.6289
24   4  20.321  41114.371 171.541  -0.090    2.710  -10.000     -215.5235    -4379.6289
25   4  20.321  41114.371 171.541   0.016    4.620  -10.000     -215.5235    -4379.6289
27   4  20.321  41114.371 171.541  -0.068    3.805  -10.000     -215.5235    -4379.6289
23   4  20.321  41115.363 189.119  -0.063    0.847  -10.000     -215.4747    -4378.6367
24   4  20.321  41115.363 189.119  -0.032    2.162  -10.000     -215.4747    -4378.6367
25   4  20.321  41115.363 189.119   0.182    4.077  -10.000     -215.4747    -4378.6367
27   4  20.321  41115.363 189.119   0.084    3.160  -10.000     -215.4747    -4378.6367
23   4  20.321  41117.457 226.208  -0.076    0.822  -10.000     -215.3716    -4376.5430
24   4  20.321  41117.457 226.208  -0.061    2.162  -10.000     -215.3716    -4376.5430
25   4  20.321  41117.457 226.208   0.146    4.090  -10.000     -215.3716    -4376.5430
27   4  20.321  41117.457 226.208   0.035    3.178  -10.000     -215.3716    -4376.5430
23   4  20.321  41130.422  95.894  -0.041    1.560  -10.000     -214.7336    -4363.5781
24   4  20.321  41130.422  95.894  -0.100    3.260  -10.000     -214.7336    -4363.5781
25   4  20.321  41130.422  95.894  -0.155    5.142  -10.000     -214.7336    -4363.5781
27   4  20.321  41130.422  95.894  -0.189    4.493  -10.000     -214.7336    -4363.5781
23   4  20.321  41132.383 130.633   0.102    1.640  -10.000     -214.6371    -4361.6172
24   4  20.321  41132.383 130.633   0.113    3.313  -10.000     -214.6371    -4361.6172
25   4  20.321  41132.383 130.633   0.019    5.108  -10.000     -214.6371    -4361.6172
27   4  20.321  41132.383 130.633   0.062    4.493  -10.000     -214.6371    -4361.6172
23   4  20.321  41133.312 147.101   0.061    1.577  -10.000     -214.5914    -4360.6875
24   4  20.321  41133.312 147.101   0.061    3.202  -10.000     -214.5914    -4360.6875
25   4  20.321  41133.312 147.101  -0.002    5.010  -10.000     -214.5914    -4360.6875
27   4  20.321  41133.312 147.101   0.022    4.360  -10.000     -214.5914    -4360.6875
23   4  20.321  41146.359  18.237   0.070    1.513  -10.000     -213.9493    -4347.6406
24   4  20.321  41146.359  18.237   0.048    3.247  -10.000     -213.9493    -4347.6406
25   4  20.321  41146.359  18.237  -0.049    5.088  -10.000     -213.9493    -4347.6406
27   4  20.321  41146.359  18.237   0.003    4.523  -10.000     -213.9493    -4347.6406
23   4  20.321  41147.352  35.815   0.045    1.555  -10.000     -213.9005    -4346.6484
24   4  20.321  41147.352  35.815   0.013    3.305  -10.000     -213.9005    -4346.6484
25   4  20.321  41147.352  35.815  -0.078    5.165  -10.000     -213.9005    -4346.6484
27   4  20.321  41147.352  35.815  -0.064    4.573  -10.000     -213.9005    -4346.6484
23   4  20.321  41148.344  53.394   0.054    1.615  -10.000     -213.8517    -4345.6562
24   4  20.321  41148.344  53.394   0.002    3.360  -10.000     -213.8517    -4345.6562
25   4  20.321  41148.344  53.394  -0.099    5.215  -10.000     -213.8517    -4345.6562
27   4  20.321  41148.344  53.394  -0.091    4.622  -10.000     -213.8517    -4345.6562
23   4  20.321  41149.332  70.900   0.024    1.620  -10.000     -213.8031    -4344.6680
24   4  20.321  41149.332  70.900  -0.030    3.358  -10.000     -213.8031    -4344.6680
25   4  20.321  41149.332  70.900  -0.165    5.177  -10.000     -213.8031    -4344.6680
27   4  20.321  41149.332  70.900  -0.155    4.585  -10.000     -213.8031    -4344.6680
23   4  20.321  41154.340 159.615  -0.010    1.465  -10.000     -213.5566    -4339.6602
24   4  20.321  41154.340 159.615  -0.023    3.040  -10.000     -213.5566    -4339.6602
25   4  20.321  41154.340 159.615  -0.043    4.872  -10.000     -213.5566    -4339.6602
27   4  20.321  41154.340 159.615  -0.026    4.200  -10.000     -213.5566    -4339.6602
23   4  20.321  41155.340 177.330  -0.069    1.105  -10.000     -213.5074    -4338.6602
24   4  20.321  41155.340 177.330  -0.076    2.517  -10.000     -213.5074    -4338.6602
25   4  20.321  41155.340 177.330   0.019    4.380  -10.000     -213.5074    -4338.6602
27   4  20.321  41155.340 177.330  -0.044    3.555  -10.000     -213.5074    -4338.6602
23   4  20.321  41164.328 336.566   0.045    1.330  -10.000     -213.0651    -4329.6719
24   4  20.321  41164.328 336.566   0.036    2.997  -10.000     -213.0651    -4329.6719
25   4  20.321  41164.328 336.566   0.024    4.883  -10.000     -213.0651    -4329.6719
27   4  20.321  41164.328 336.566   0.058    4.265  -10.000     -213.0651    -4329.6719
23   4  20.321  41165.391 355.391   0.078    1.430  -10.000     -213.0128    -4328.6094
24   4  20.321  41165.391 355.391   0.058    3.125  -10.000     -213.0128    -4328.6094
25   4  20.321  41165.391 355.391   0.045    5.028  -10.000     -213.0128    -4328.6094
27   4  20.321  41165.391 355.391   0.046    4.392  -10.000     -213.0128    -4328.6094
11  17  20.321  45107.887 359.710   0.008    4.870  -10.000      -19.0008     -386.1133
12  17  20.321  45107.887 359.710   0.017    4.290  -10.000      -19.0008     -386.1133
13  17  20.321  45107.887 359.710  -0.001    4.060  -10.000      -19.0008     -386.1133
11  17  20.321  45108.766  15.280  -0.020    4.870  -10.000      -18.9576     -385.2344
12  17  20.321  45108.766  15.280   0.005    4.300  -10.000      -18.9576     -385.2344
13  17  20.321  45108.766  15.280  -0.011    4.070  -10.000      -18.9576     -385.2344
11  17  20.321  45110.754  50.503   0.035    5.000  -10.000      -18.8597     -383.2461
12  17  20.321  45110.754  50.503   0.018    4.380  -10.000      -18.8597     -383.2461
13  17  20.321  45110.754  50.503   0.014    4.160  -10.000      -18.8597     -383.2461
11  17  20.321  45112.777  86.350  -0.040    5.000  -10.000      -18.7601     -381.2227
12  17  20.321  45112.777  86.350  -0.021    4.420  -10.000      -18.7601     -381.2227
13  17  20.321  45112.777  86.350  -0.025    4.200  -10.000      -18.7601     -381.2227
 0 126  20.321  33875.359  86.946   0.964   -7.200  -10.000     -571.7585   -11618.6406
 0 126  20.321  33881.359 193.228   9.130   -9.600  -10.000     -571.4633   -11612.6406
 0 126  20.321  33897.328 116.125   1.279   -2.800  -10.000     -570.6774   -11596.6719
 0 126  20.321  33900.281 168.442   0.816  -10.400  -10.000     -570.5321   -11593.7188
 0 126  20.321  33903.281 221.594  12.464  -18.700  -10.000     -570.3845   -11590.7188
 0 126  20.321  33906.270 274.526  -2.729  -32.600  -10.000     -570.2374   -11587.7305
 0 126  20.321  33913.262  38.408  -9.054  -21.900  -10.000     -569.8933   -11580.7383
 0 126  20.321  33928.262 304.146  -5.786  -33.600  -10.000     -569.1552   -11565.7383
 0 126  20.321  33934.250  50.229  -7.271  -19.000  -10.000     -568.8605   -11559.7500
 0 126  20.321  34197.551  34.805  -8.372  -21.900  -10.000     -555.9033   -11296.4492
 2  18  20.321  44387.879 204.223  -0.016    8.811  -10.000      -54.4327    -1106.1211
 3  18  20.321  44387.879 204.223  -0.043    7.547  -10.000      -54.4327    -1106.1211
 9  18  20.321  44387.879 204.223  -0.071    6.394  -10.000      -54.4327    -1106.1211
10  18  20.321  44387.879 204.223  -0.074    5.494  -10.000      -54.4327    -1106.1211
 2  18  20.321  44490.660 225.071  -0.077    8.862  -10.000      -49.3748    -1003.3398
 3  18  20.321  44490.660 225.071  -0.028    7.618  -10.000      -49.3748    -1003.3398
 9  18  20.321  44490.660 225.071  -0.057    6.428  -10.000      -49.3748    -1003.3398
10  18  20.321  44490.660 225.071  -0.029    5.538  -10.000      -49.3748    -1003.3398
 2  18  20.321  44043.875 229.933  -0.127    8.843  -10.000      -71.3613    -1450.1250
 3  18  20.321  44043.875 229.933  -0.059    7.603  -10.000      -71.3613    -1450.1250
 9  18  20.321  44043.875 229.933  -0.068    6.424  -10.000      -71.3613    -1450.1250
10  18  20.321  44043.875 229.933  -0.034    5.534  -10.000      -71.3613    -1450.1250
 2  18  20.321  44491.664 242.856  -0.084    8.975  -10.000      -49.3254    -1002.3359
 3  18  20.321  44491.664 242.856  -0.024    7.684  -10.000      -49.3254    -1002.3359
 9  18  20.321  44491.664 242.856  -0.065    6.445  -10.000      -49.3254    -1002.3359
10  18  20.321  44491.664 242.856  -0.014    5.555  -10.000      -49.3254    -1002.3359
 2  18  20.321  44045.770 263.496  -0.184    9.000  -10.000      -71.2681    -1448.2305
 3  18  20.321  44045.770 263.496  -0.073    7.700  -10.000      -71.2681    -1448.2305
 9  18  20.321  44045.770 263.496  -0.098    6.439  -10.000      -71.2681    -1448.2305
10  18  20.321  44045.770 263.496  -0.024    5.549  -10.000      -71.2681    -1448.2305
 2  18  20.321  44045.770 263.496  -0.108    9.076  -10.000      -71.2681    -1448.2305
 3  18  20.321  44045.770 263.496  -0.012    7.761  -10.000      -71.2681    -1448.2305
 9  18  20.321  44045.770 263.496  -0.012    6.525  -10.000      -71.2681    -1448.2305
10  18  20.321  44045.770 263.496   0.042    5.615  -10.000      -71.2681    -1448.2305
 2  18  20.321  44432.727 278.733  -0.115    9.161  -10.000      -52.2257    -1061.2734
 3  18  20.321  44432.727 278.733  -0.042    7.781  -10.000      -52.2257    -1061.2734
 9  18  20.321  44432.727 278.733  -0.054    6.507  -10.000      -52.2257    -1061.2734
10  18  20.321  44432.727 278.733  -0.004    5.577  -10.000      -52.2257    -1061.2734
 2  18  20.321  44046.867 282.942  -0.050    9.250  -10.000      -71.2141    -1447.1328
 3  18  20.321  44046.867 282.942  -0.016    7.820  -10.000      -71.2141    -1447.1328
 9  18  20.321  44046.867 282.942  -0.045    6.522  -10.000      -71.2141    -1447.1328
10  18  20.321  44046.867 282.942  -0.011    5.572  -10.000      -71.2141    -1447.1328
 2  18  20.321  44047.828 299.965   0.009    9.413  -10.000      -71.1668    -1446.1719
 3  18  20.321  44047.828 299.965   0.027    7.924  -10.000      -71.1668    -1446.1719
 9  18  20.321  44047.828 299.965  -0.016    6.584  -10.000      -71.1668    -1446.1719
10  18  20.321  44047.828 299.965   0.005    5.604  -10.000      -71.1668    -1446.1719
 2  18  20.321  44393.891 310.725   0.023    9.486  -10.000      -54.1369    -1100.1094
 3  18  20.321  44393.891 310.725   0.028    7.960  -10.000      -54.1369    -1100.1094
 9  18  20.321  44393.891 310.725   0.005    6.624  -10.000      -54.1369    -1100.1094
10  18  20.321  44393.891 310.725   0.006    5.614  -10.000      -54.1369    -1100.1094
 2  18  20.321  44048.789 316.989   0.042    9.541  -10.000      -71.1195    -1445.2109
 3  18  20.321  44048.789 316.989   0.039    7.993  -10.000      -71.1195    -1445.2109
 9  18  20.321  44048.789 316.989   0.014    6.647  -10.000      -71.1195    -1445.2109
10  18  20.321  44048.789 316.989   0.030    5.647  -10.000      -71.1195    -1445.2109
 2  18  20.321  44394.902 328.648   0.051    9.613  -10.000      -54.0871    -1099.0977
 3  18  20.321  44394.902 328.648   0.057    8.050  -10.000      -54.0871    -1099.0977
 9  18  20.321  44394.902 328.648   0.014    6.671  -10.000      -54.0871    -1099.0977
10  18  20.321  44394.902 328.648   0.029    5.661  -10.000      -54.0871    -1099.0977
 2  18  20.321  44049.789 334.704   0.017    9.614  -10.000      -71.0703    -1444.2109
 3  18  20.321  44049.789 334.704   0.039    8.055  -10.000      -71.0703    -1444.2109
 9  18  20.321  44049.789 334.704   0.023    6.695  -10.000      -71.0703    -1444.2109
10  18  20.321  44049.789 334.704   0.042    5.685  -10.000      -71.0703    -1444.2109
 2  18  20.321  44395.895 346.226   0.060    9.716  -10.000      -54.0383    -1098.1055
 3  18  20.321  44395.895 346.226   0.060    8.116  -10.000      -54.0383    -1098.1055
 9  18  20.321  44395.895 346.226   0.019    6.718  -10.000      -54.0383    -1098.1055
10  18  20.321  44395.895 346.226   0.046    5.708  -10.000      -54.0383    -1098.1055
 2  18  20.321  44822.688 347.189   0.070    9.730  -10.000      -33.0356     -671.3125
 3  18  20.321  44822.688 347.189   0.083    8.142  -10.000      -33.0356     -671.3125
 9  18  20.321  44822.688 347.189   0.033    6.735  -10.000      -33.0356     -671.3125
10  18  20.321  44822.688 347.189   0.041    5.705  -10.000      -33.0356     -671.3125
 2  18  20.321  44071.770   4.103   0.069    9.820  -10.000      -69.9886    -1422.2305
 3  18  20.321  44071.770   4.103   0.077    8.200  -10.000      -69.9886    -1422.2305
 9  18  20.321  44071.770   4.103   0.023    6.772  -10.000      -69.9886    -1422.2305
10  18  20.321  44071.770   4.103   0.041    5.742  -10.000      -69.9886    -1422.2305
 2  18  20.321  44823.641   4.073   0.064    9.815  -10.000      -32.9887     -670.3594
 3  18  20.321  44823.641   4.073   0.072    8.195  -10.000      -32.9887     -670.3594
 9  18  20.321  44823.641   4.073   0.021    6.769  -10.000      -32.9887     -670.3594
10  18  20.321  44823.641   4.073   0.048    5.749  -10.000      -32.9887     -670.3594
 2  18  20.321  44072.754  21.544   0.039    9.885  -10.000      -69.9402    -1421.2461
 3  18  20.321  44072.754  21.544   0.066    8.257  -10.000      -69.9402    -1421.2461
 9  18  20.321  44072.754  21.544   0.047    6.847  -10.000      -69.9402    -1421.2461
10  18  20.321  44072.754  21.544   0.064    5.807  -10.000      -69.9402    -1421.2461
 2  18  20.321  45474.852  20.771   0.035    9.876  -10.000       -0.9423      -19.1484
 3  18  20.321  45474.852  20.771   0.076    8.264  -10.000       -0.9423      -19.1484
 9  18  20.321  45474.852  20.771   0.035    6.833  -10.000       -0.9423      -19.1484
10  18  20.321  45474.852  20.771   0.073    5.813  -10.000       -0.9423      -19.1484
 2  18  20.321  44400.902  74.943  -0.004   10.008  -10.000      -53.7918    -1093.0977
 3  18  20.321  44400.902  74.943   0.024    8.360  -10.000      -53.7918    -1093.0977
 9  18  20.321  44400.902  74.943  -0.007    6.924  -10.000      -53.7918    -1093.0977
10  18  20.321  44400.902  74.943   0.049    5.914  -10.000      -53.7918    -1093.0977
 2  18  20.321  44380.855  79.798  -0.004   10.011  -10.000      -54.7783    -1113.1445
 3  18  20.321  44380.855  79.798   0.033    8.375  -10.000      -54.7783    -1113.1445
 9  18  20.321  44380.855  79.798  -0.003    6.937  -10.000      -54.7783    -1113.1445
10  18  20.321  44380.855  79.798   0.042    5.917  -10.000      -54.7783    -1113.1445
 2  18  20.321  44076.812  93.444  -0.012    9.982  -10.000      -69.7404    -1417.1875
 3  18  20.321  44076.812  93.444   0.035    8.374  -10.000      -69.7404    -1417.1875
 9  18  20.321  44076.812  93.444   0.007    6.954  -10.000      -69.7404    -1417.1875
10  18  20.321  44076.812  93.444   0.055    5.944  -10.000      -69.7404    -1417.1875
 2  18  20.321  44402.867 109.752  -0.042    9.893  -10.000      -53.6951    -1091.1328
 3  18  20.321  44402.867 109.752   0.051    8.365  -10.000      -53.6951    -1091.1328
 9  18  20.321  44402.867 109.752  -0.006    6.938  -10.000      -53.6951    -1091.1328
10  18  20.321  44402.867 109.752   0.038    5.938  -10.000      -53.6951    -1091.1328
 2  18  20.321  44078.734 127.491   0.031    9.887  -10.000      -69.6459    -1415.2656
 3  18  20.321  44078.734 127.491   0.097    8.376  -10.000      -69.6459    -1415.2656
 9  18  20.321  44078.734 127.491   0.047    6.984  -10.000      -69.6459    -1415.2656
10  18  20.321  44078.734 127.491   0.086    5.994  -10.000      -69.6459    -1415.2656
 2  18  20.321  44383.844 132.737  -0.003    9.840  -10.000      -54.6313    -1110.1562
 3  18  20.321  44383.844 132.737   0.075    8.350  -10.000      -54.6313    -1110.1562
 9  18  20.321  44383.844 132.737   0.024    6.964  -10.000      -54.6313    -1110.1562
10  18  20.321  44383.844 132.737   0.079    5.994  -10.000      -54.6313    -1110.1562
 2  18  20.321  44384.930 151.975  -0.071    9.710  -10.000      -54.5778    -1109.0703
 3  18  20.321  44384.930 151.975   0.011    8.260  -10.000      -54.5778    -1109.0703
 9  18  20.321  44384.930 151.975  -0.018    6.918  -10.000      -54.5778    -1109.0703
10  18  20.321  44384.930 151.975   0.042    5.968  -10.000      -54.5778    -1109.0703
 2  18  20.321  44486.656 154.138  -0.089    9.682  -10.000      -49.5718    -1007.3438
 3  18  20.321  44486.656 154.138   0.012    8.256  -10.000      -49.5718    -1007.3438
 9  18  20.321  44486.656 154.138  -0.008    6.926  -10.000      -49.5718    -1007.3438
10  18  20.321  44486.656 154.138   0.061    5.986  -10.000      -49.5718    -1007.3438
 2  18  20.321  44100.719 156.962  -0.110    9.643  -10.000      -68.5640    -1393.2812
 3  18  20.321  44100.719 156.962  -0.050    8.183  -10.000      -68.5640    -1393.2812
 9  18  20.321  44100.719 156.962  -0.057    6.870  -10.000      -68.5640    -1393.2812
10  18  20.321  44100.719 156.962  -0.001    5.920  -10.000      -68.5640    -1393.2812
 2  18  20.321  44487.660 171.924  -0.218    9.257  -10.000      -49.5224    -1006.3398
 3  18  20.321  44487.660 171.924  -0.096    7.951  -10.000      -49.5224    -1006.3398
 9  18  20.321  44487.660 171.924  -0.091    6.709  -10.000      -49.5224    -1006.3398
10  18  20.321  44487.660 171.924  -0.020    5.809  -10.000      -49.5224    -1006.3398
 3 150  20.321  50349.590 340.472   0.023    8.060  -10.000      238.9458     4855.5898
 5 150  20.321  50349.590 340.472  -0.029    6.222  -10.000      238.9458     4855.5898
 3 150  20.321  50350.570 357.841   0.048    8.147  -10.000      238.9940     4856.5703
 5 150  20.321  50350.570 357.841  -0.014    6.277  -10.000      238.9940     4856.5703
 3 150  20.321  50351.480  13.964   0.041    8.201  -10.000      239.0388     4857.4805
 5 150  20.321  50351.480  13.964  -0.016    6.316  -10.000      239.0388     4857.4805
 3 150  20.321  50352.586  33.547   0.045    8.281  -10.000      239.0932     4858.5859
 5 150  20.321  50352.586  33.547  -0.002    6.386  -10.000      239.0932     4858.5859
 3 150  20.321  50353.469  49.186   0.041    8.325  -10.000      239.1366     4859.4688
 5 150  20.321  50353.469  49.186  -0.040    6.387  -10.000      239.1366     4859.4688
 3 150  20.321  50354.566  68.632   0.012    8.338  -10.000      239.1906     4860.5664
 5 150  20.321  50354.566  68.632  -0.017    6.453  -10.000      239.1906     4860.5664
 3 150  20.321  50355.469  84.622  -0.004    8.341  -10.000      239.2351     4861.4688
 5 150  20.321  50355.469  84.622  -0.046    6.450  -10.000      239.2351     4861.4688
 3 150  20.321  50355.598  86.902   0.009    8.353  -10.000      239.2414     4861.5977
 5 150  20.321  50355.598  86.902  -0.022    6.476  -10.000      239.2414     4861.5977
 3 150  20.321  50357.469 120.053   0.080    8.372  -10.000      239.3335     4863.4688
 5 150  20.321  50357.469 120.053  -0.004    6.499  -10.000      239.3335     4863.4688
 3 150  20.321  50357.555 121.575   0.060    8.348  -10.000      239.3377     4863.5547
 5 150  20.321  50357.555 121.575  -0.018    6.484  -10.000      239.3377     4863.5547
 3 150  20.321  50358.473 137.834   0.085    8.356  -10.000      239.3829     4864.4727
 5 150  20.321  50358.473 137.834  -0.007    6.504  -10.000      239.3829     4864.4727
 3 150  20.321  50358.562 139.427   0.089    8.358  -10.000      239.3873     4864.5625
 5 150  20.321  50358.562 139.427   0.000    6.512  -10.000      239.3873     4864.5625
 3 150  20.321  50359.469 155.484   0.024    8.263  -10.000      239.4319     4865.4688
 5 150  20.321  50359.469 155.484  -0.057    6.449  -10.000      239.4319     4865.4688
 3 150  20.321  50359.566 157.214   0.013    8.245  -10.000      239.4367     4865.5664
 5 150  20.321  50359.566 157.214  -0.066    6.436  -10.000      239.4367     4865.5664
 3 150  20.321  50360.469 173.199   0.015    8.034  -10.000      239.4811     4866.4688
 5 150  20.321  50360.469 173.199  -0.062    6.311  -10.000      239.4811     4866.4688
 3 150  20.321  50360.562 174.858   0.018    8.000  -10.000      239.4857     4866.5625
 5 150  20.321  50360.562 174.858  -0.065    6.284  -10.000      239.4857     4866.5625
 3 150  20.321  50361.473 190.981   0.021    7.660  -10.000      239.5305     4867.4727
 5 150  20.321  50361.473 190.981  -0.057    6.066  -10.000      239.5305     4867.4727
 3 150  20.321  50361.566 192.645   0.001    7.623  -10.000      239.5351     4867.5664
 5 150  20.321  50361.566 192.645  -0.057    6.055  -10.000      239.5351     4867.5664
 3 150  20.321  50362.469 208.630  -0.067    7.529  -10.000      239.5795     4868.4688
 5 150  20.321  50362.469 208.630  -0.102    5.984  -10.000      239.5795     4868.4688
 3 150  20.321  50362.574 210.498  -0.075    7.525  -10.000      239.5847     4868.5742
 5 150  20.321  50362.574 210.498  -0.103    5.984  -10.000      239.5847     4868.5742
 3 150  20.321  50363.473 226.417  -0.065    7.586  -10.000      239.6289     4869.4727
 5 150  20.321  50363.473 226.417  -0.095    6.005  -10.000      239.6289     4869.4727
 3 150  20.321  50363.562 228.005  -0.058    7.598  -10.000      239.6333     4869.5625
 5 150  20.321  50363.562 228.005  -0.095    6.006  -10.000      239.6333     4869.5625
 3 150  20.321  50380.559 169.107   0.012    8.113  -10.000      240.4697     4886.5586
 5 150  20.321  50380.559 169.107  -0.062    6.362  -10.000      240.4697     4886.5586
 3 150  20.321  50381.559 186.823   0.026    7.728  -10.000      240.5190     4887.5586
 5 150  20.321  50381.559 186.823  -0.065    6.100  -10.000      240.5190     4887.5586
 3 150  20.321  50382.484 203.220  -0.032    7.557  -10.000      240.5645     4888.4844
 5 150  20.321  50382.484 203.220  -0.067    6.020  -10.000      240.5645     4888.4844
 3 150  20.321  50382.547 204.329   0.005    7.595  -10.000      240.5676     4888.5469
 5 150  20.321  50382.547 204.329  -0.025    6.062  -10.000      240.5676     4888.5469
 3 150  20.321  50383.555 222.182  -0.069    7.567  -10.000      240.6172     4889.5547
 5 150  20.321  50383.555 222.182  -0.090    6.005  -10.000      240.6172     4889.5547
 3 150  20.321  50384.535 239.551  -0.042    7.654  -10.000      240.6654     4890.5352
 5 150  20.321  50384.535 239.551  -0.075    6.035  -10.000      240.6654     4890.5352
 3 150  20.321  50386.484 274.087  -0.023    7.786  -10.000      240.7614     4892.4844
 5 150  20.321  50386.484 274.087  -0.063    6.080  -10.000      240.7614     4892.4844
 3 150  20.321  50386.555 275.328  -0.039    7.774  -10.000      240.7648     4892.5547
 5 150  20.321  50386.555 275.328  -0.080    6.064  -10.000      240.7648     4892.5547
 3 150  20.321  50387.551 292.978  -0.011    7.862  -10.000      240.8138     4893.5508
 5 150  20.321  50387.551 292.978  -0.042    6.125  -10.000      240.8138     4893.5508
 3 150  20.321  50388.496 309.727   0.008    7.936  -10.000      240.8604     4894.4961
 5 150  20.321  50388.496 309.727  -0.035    6.156  -10.000      240.8604     4894.4961
 3 150  20.321  50389.496 327.442   0.038    8.027  -10.000      240.9096     4895.4961
 5 150  20.321  50389.496 327.442  -0.029    6.193  -10.000      240.9096     4895.4961
 3 150  20.321  50390.500 345.223   0.034    8.086  -10.000      240.9590     4896.5000
 5 150  20.321  50390.500 345.223  -0.016    6.244  -10.000      240.9590     4896.5000
 3 150  20.321  50391.500   2.939   0.043    8.162  -10.000      241.0082     4897.5000
 5 150  20.321  50391.500   2.939  -0.011    6.293  -10.000      241.0082     4897.5000
 3 150  20.321  50392.500  20.654   0.030    8.217  -10.000      241.0574     4898.5000
 5 150  20.321  50392.500  20.654  -0.024    6.328  -10.000      241.0574     4898.5000
 3 150  20.321  50393.500  38.370   0.043    8.295  -10.000      241.1066     4899.5000
 5 150  20.321  50393.500  38.370  -0.007    6.393  -10.000      241.1066     4899.5000
 3 150  20.321  50568.551 259.530  -0.003    7.757  -10.000      249.7209     5074.5508
 5 150  20.321  50568.551 259.530  -0.038    6.088  -10.000      249.7209     5074.5508
 3 150  20.321  50570.504 294.131   0.027    7.904  -10.000      249.8170     5076.5039
 5 150  20.321  50570.504 294.131   0.114    6.283  -10.000      249.8170     5076.5039
 3 150  20.321  50572.449 328.596  -0.005    7.988  -10.000      249.9128     5078.4492
 5 150  20.321  50572.449 328.596  -0.061    6.163  -10.000      249.9128     5078.4492
 3 150  20.321  50572.547 330.326   0.019    8.018  -10.000      249.9176     5078.5469
 5 150  20.321  50572.547 330.326  -0.029    6.199  -10.000      249.9176     5078.5469
 3 150  20.321  50573.586 348.734   0.027    8.091  -10.000      249.9687     5079.5859
 5 150  20.321  50573.586 348.734  -0.016    6.252  -10.000      249.9687     5079.5859
 3 150  20.321  50573.645 349.772   0.022    8.090  -10.000      249.9716     5079.6445
 5 150  20.321  50573.645 349.772  -0.030    6.240  -10.000      249.9716     5079.6445
 3 150  20.321  50574.523   5.339   0.025    8.152  -10.000      250.0148     5080.5234
 5 150  20.321  50574.523   5.339  -0.030    6.280  -10.000      250.0148     5080.5234
 3 150  20.321  50574.582   6.378   0.026    8.157  -10.000      250.0177     5080.5820
 5 150  20.321  50574.582   6.378  -0.024    6.288  -10.000      250.0177     5080.5820
 3 150  20.321  50575.480  22.297   0.035    8.229  -10.000      250.0619     5081.4805
 5 150  20.321  50575.480  22.297  -0.010    6.347  -10.000      250.0619     5081.4805
 3 150  20.321  50575.570  23.884   0.024    8.225  -10.000      250.0663     5081.5703
 5 150  20.321  50575.570  23.884  -0.025    6.337  -10.000      250.0663     5081.5703
 3 150  20.321  50575.633  24.994   0.020    8.226  -10.000      250.0694     5081.6328
 5 150  20.321  50575.633  24.994  -0.024    6.341  -10.000      250.0694     5081.6328
 3 150  20.321  50576.531  40.908   0.010    8.270  -10.000      250.1136     5082.5312
 5 150  20.321  50576.531  40.908  -0.036    6.371  -10.000      250.1136     5082.5312
 3 150  20.321  50576.609  42.292   0.016    8.280  -10.000      250.1175     5082.6094
 5 150  20.321  50576.609  42.292  -0.024    6.386  -10.000      250.1175     5082.6094
 3 150  20.321  50576.648  42.984   0.002    8.268  -10.000      250.1194     5082.6484
 5 150  20.321  50576.648  42.984  -0.038    6.374  -10.000      250.1194     5082.6484
 3 150  20.321  50577.539  58.766   0.013    8.322  -10.000      250.1632     5083.5391
 5 150  20.321  50577.539  58.766  -0.020    6.430  -10.000      250.1632     5083.5391
 3 150  20.321  50577.598  59.804   0.017    8.328  -10.000      250.1661     5083.5977
 5 150  20.321  50577.598  59.804  -0.015    6.437  -10.000      250.1661     5083.5977
 3 150  20.321  50578.516  76.064  -0.003    8.335  -10.000      250.2113     5084.5156
 5 150  20.321  50578.516  76.064  -0.041    6.443  -10.000      250.2113     5084.5156
 3 150  20.321  50578.582  77.239  -0.011    8.328  -10.000      250.2146     5084.5820
 5 150  20.321  50578.582  77.239  -0.046    6.440  -10.000      250.2146     5084.5820
 3 150  20.321  50578.637  78.212  -0.017    8.324  -10.000      250.2173     5084.6367
 5 150  20.321  50578.637  78.212  -0.051    6.437  -10.000      250.2173     5084.6367
 3 150  20.321  50579.539  94.197   0.011    8.349  -10.000      250.2617     5085.5391
 5 150  20.321  50579.539  94.197  -0.032    6.469  -10.000      250.2617     5085.5391
 3 150  20.321  50579.566  94.680   0.020    8.357  -10.000      250.2630     5085.5664
 5 150  20.321  50579.566  94.680  -0.029    6.472  -10.000      250.2630     5085.5664
 3 150  20.321  50580.461 110.528   0.024    8.337  -10.000      250.3070     5086.4609
 5 150  20.321  50580.461 110.528  -0.034    6.470  -10.000      250.3070     5086.4609
 3 150  20.321  50580.574 112.533   0.027    8.336  -10.000      250.3126     5086.5742
 5 150  20.321  50580.574 112.533  -0.029    6.475  -10.000      250.3126     5086.5742
 3 150  20.321  50580.625 113.434   0.028    8.335  -10.000      250.3151     5086.6250
 5 150  20.321  50580.625 113.434  -0.028    6.476  -10.000      250.3151     5086.6250
 3 150  20.321  50582.551 147.552   0.054    8.310  -10.000      250.4099     5088.5508
 5 150  20.321  50582.551 147.552  -0.021    6.490  -10.000      250.4099     5088.5508
 3 150  20.321  50582.652 149.348   0.057    8.311  -10.000      250.4149     5088.6523
 5 150  20.321  50582.652 149.348  -0.017    6.494  -10.000      250.4149     5088.6523
 3 150  20.321  50583.488 164.158   0.013    8.186  -10.000      250.4560     5089.4883
 5 150  20.321  50583.488 164.158  -0.059    6.410  -10.000      250.4560     5089.4883
 3 150  20.321  50583.602 166.168   0.025    8.172  -10.000      250.4616     5089.6016
 5 150  20.321  50583.602 166.168  -0.046    6.407  -10.000      250.4616     5089.6016
 3 150  20.321  50584.594 183.741   0.032    7.798  -10.000      250.5104     5090.5938
 5 150  20.321  50584.594 183.741  -0.046    6.161  -10.000      250.5104     5090.5938
 3 150  20.321  50584.641 184.576   0.035    7.782  -10.000      250.5127     5090.6406
 5 150  20.321  50584.641 184.576  -0.046    6.148  -10.000      250.5127     5090.6406
 3 150  20.321  50891.551 221.726  -0.052    7.583  -10.000      265.6159     5397.5508
 4 150  20.321  50891.551 221.726  -0.053    6.786  -10.000      265.6159     5397.5508
 3 150  20.321  50891.594 222.484  -0.060    7.577  -10.000      265.6180     5397.5938
 4 150  20.321  50891.594 222.484  -0.053    6.788  -10.000      265.6180     5397.5938
 3 150  20.321  50892.559 239.579  -0.053    7.643  -10.000      265.6655     5398.5586
 4 150  20.321  50892.559 239.579  -0.038    6.838  -10.000      265.6655     5398.5586
 3 150  20.321  50892.609 240.480  -0.048    7.651  -10.000      265.6680     5398.6094
 4 150  20.321  50892.609 240.480  -0.045    6.833  -10.000      265.6680     5398.6094
 3 150  20.321  50893.516 256.531  -0.056    7.694  -10.000      265.7126     5399.5156
 4 150  20.321  50893.516 256.531  -0.037    6.872  -10.000      265.7126     5399.5156
 3 150  20.321  50893.602 258.047  -0.034    7.721  -10.000      265.7168     5399.6016
 4 150  20.321  50893.602 258.047  -0.041    6.871  -10.000      265.7168     5399.6016
 3 150  20.321  50896.547 310.232  -0.006    7.924  -10.000      265.8618     5402.5469
 4 150  20.321  50896.547 310.232  -0.027    7.004  -10.000      265.8618     5402.5469
 3 150  20.321  50901.578  39.364   0.026    8.281  -10.000      266.1093     5407.5781
 4 150  20.321  50901.578  39.364   0.001    7.297  -10.000      266.1093     5407.5781
 3 150  20.321  50901.645  40.540   0.023    8.281  -10.000      266.1126     5407.6445
 4 150  20.321  50901.645  40.540   0.001    7.301  -10.000      266.1126     5407.6445
 3 150  20.321  50902.520  56.041   0.012    8.314  -10.000      266.1557     5408.5195
 4 150  20.321  50902.520  56.041  -0.015    7.325  -10.000      266.1557     5408.5195
 3 150  20.321  50902.602  57.491   0.002    8.308  -10.000      266.1597     5408.6016
 4 150  20.321  50902.602  57.491  -0.009    7.335  -10.000      266.1597     5408.6016
 3 150  20.321  50903.582  74.861  -0.011    8.325  -10.000      266.2079     5409.5820
 4 150  20.321  50903.582  74.861  -0.011    7.365  -10.000      266.2079     5409.5820
 3 150  20.321  50904.445  90.154  -0.024    8.318  -10.000      266.2504     5410.4453
 4 150  20.321  50904.445  90.154  -0.026    7.362  -10.000      266.2504     5410.4453
 3 150  20.321  50904.527  91.615  -0.013    8.327  -10.000      266.2545     5410.5273
 4 150  20.321  50904.527  91.615  -0.014    7.374  -10.000      266.2545     5410.5273
 3 150  20.321  50905.637 111.259  -0.001    8.310  -10.000      266.3091     5411.6367
 4 150  20.321  50905.637 111.259  -0.020    7.356  -10.000      266.3091     5411.6367
 3 150  20.321  50907.625 146.492   0.091    8.349  -10.000      266.4069     5413.6250
 4 150  20.321  50907.625 146.492   0.056    7.410  -10.000      266.4069     5413.6250
 3 150  20.321  50908.543 162.751  -0.023    8.166  -10.000      266.4521     5414.5430
 4 150  20.321  50908.543 162.751  -0.037    7.267  -10.000      266.4521     5414.5430
 3 150  20.321  50909.512 179.912   0.030    7.888  -10.000      266.4998     5415.5117
 4 150  20.321  50909.512 179.912   0.009    7.045  -10.000      266.4998     5415.5117
 3 150  20.321  50909.605 181.571   0.019    7.836  -10.000      266.5044     5415.6055
 4 150  20.321  50909.605 181.571   0.000    7.002  -10.000      266.5044     5415.6055
 3 150  20.321  50910.516 197.699  -0.011    7.582  -10.000      266.5492     5416.5156
 4 150  20.321  50910.516 197.699  -0.032    6.786  -10.000      266.5492     5416.5156
 3 150  20.321  50910.602 199.215  -0.039    7.551  -10.000      266.5534     5416.6016
 4 150  20.321  50910.602 199.215  -0.042    6.773  -10.000      266.5534     5416.6016
 3 150  20.321  50912.441 231.812  -0.058    7.611  -10.000      266.6439     5418.4414
 4 150  20.321  50912.441 231.812  -0.053    6.807  -10.000      266.6439     5418.4414
 3 150  20.321  50912.520 233.196  -0.047    7.626  -10.000      266.6478     5418.5195
 4 150  20.321  50912.520 233.196  -0.045    6.818  -10.000      266.6478     5418.5195
 3 150  20.321  50912.605 234.723  -0.047    7.631  -10.000      266.6520     5418.6055
 4 150  20.321  50912.605 234.723  -0.044    6.822  -10.000      266.6520     5418.6055
 3 150  20.321  50912.641 235.338  -0.053    7.628  -10.000      266.6537     5418.6406
 4 150  20.321  50912.641 235.338  -0.050    6.817  -10.000      266.6537     5418.6406
 3 150  20.321  50913.426 249.258  -0.033    7.696  -10.000      266.6924     5419.4258
 4 150  20.321  50913.426 249.258  -0.051    6.845  -10.000      266.6924     5419.4258
 3 150  20.321  50913.504 250.642  -0.027    7.706  -10.000      266.6962     5419.5039
 4 150  20.321  50913.504 250.642  -0.028    6.871  -10.000      266.6962     5419.5039
 3 150  20.321  50914.426 266.968  -0.023    7.762  -10.000      266.7416     5420.4258
 4 150  20.321  50914.426 266.968  -0.029    6.903  -10.000      266.7416     5420.4258
 3 150  20.321  50914.508 268.418  -0.035    7.755  -10.000      266.7456     5420.5078
 4 150  20.321  50914.508 268.418  -0.033    6.902  -10.000      266.7456     5420.5078
 3 150  20.321  50914.578 269.670  -0.018    7.776  -10.000      266.7491     5420.5781
 4 150  20.321  50914.578 269.670  -0.026    6.912  -10.000      266.7491     5420.5781
 3 150  20.321  50916.426 302.399  -0.008    7.897  -10.000      266.8400     5422.4258
 4 150  20.321  50916.426 302.399  -0.016    6.997  -10.000      266.8400     5422.4258
 3 150  20.321  50916.504 303.783   0.001    7.910  -10.000      266.8438     5422.5039
 4 150  20.321  50916.504 303.783  -0.019    6.997  -10.000      266.8438     5422.5039
 3 150  20.321  50916.586 305.233  -0.008    7.905  -10.000      266.8479     5422.5859
 4 150  20.321  50916.586 305.233  -0.020    6.999  -10.000      266.8479     5422.5859
 3 150  20.321  50917.438 320.328   0.017    7.982  -10.000      266.8898     5423.4375
 4 150  20.321  50917.438 320.328  -0.019    7.038  -10.000      266.8898     5423.4375
 0  29  20.321  44063.738 221.825   6.063  -25.100    3.800      -70.3838    -1430.2617
 0  29  20.321  44044.812 246.541   0.603  -32.800    3.800      -71.3152    -1449.1875
 0  29  20.321  44444.695 130.769   9.997    6.000    3.800      -51.6368    -1049.3047
 0  29  20.321  44060.746 168.816   0.917  -10.400    3.800      -70.5311    -1433.2539
 0  29  20.321  44061.750 186.600  -4.568  -22.700    3.800      -70.4817    -1432.2500
 0  29  20.321  44062.742 204.178  -2.772  -29.200    3.800      -70.4328    -1431.2578
 1   2  20.321  41762.883 140.416  -0.031   11.040  -10.000     -183.6100    -3731.1172
 2   2  20.321  41762.883 140.416   0.070    9.890  -10.000     -183.6100    -3731.1172
 3   2  20.321  41762.883 140.416   0.033    8.300  -10.000     -183.6100    -3731.1172
 1   2  20.321  41768.891 246.852   0.101   10.190  -10.000     -183.3143    -3725.1094
 2   2  20.321  41768.891 246.852  -0.005    9.080  -10.000     -183.3143    -3725.1094
 3   2  20.321  41768.891 246.852  -0.031    7.690  -10.000     -183.3143    -3725.1094
 1   2  20.321  41769.891 264.567   0.068   10.330  -10.000     -183.2651    -3724.1094
 2   2  20.321  41769.891 264.567  -0.001    9.190  -10.000     -183.2651    -3724.1094
 3   2  20.321  41769.891 264.567  -0.017    7.760  -10.000     -183.2651    -3724.1094
 1   2  20.321  41771.867 299.586   0.097   10.690  -10.000     -183.1678    -3722.1328
 2   2  20.321  41771.867 299.586   0.048    9.450  -10.000     -183.1678    -3722.1328
 3   2  20.321  41771.867 299.586   0.014    7.910  -10.000     -183.1678    -3722.1328
 1   2  20.321  41922.578  89.544  -0.259   11.140  -10.000     -175.7513    -3571.4219
 2   2  20.321  41922.578  89.544  -0.024    9.980  -10.000     -175.7513    -3571.4219
 3   2  20.321  41922.578  89.544   0.018    8.360  -10.000     -175.7513    -3571.4219
 1   2  20.321  41924.555 124.557  -0.008   11.150  -10.000     -175.6540    -3569.4453
 2   2  20.321  41924.555 124.557   0.124    9.990  -10.000     -175.6540    -3569.4453
 3   2  20.321  41924.555 124.557   0.117    8.400  -10.000     -175.6540    -3569.4453
 1   2  20.321  41925.566 142.482  -0.089   10.970  -10.000     -175.6042    -3568.4336
 2   2  20.321  41925.566 142.482   0.057    9.870  -10.000     -175.6042    -3568.4336
 3   2  20.321  41925.566 142.482   0.026    8.290  -10.000     -175.6042    -3568.4336
 1   2  20.321  41926.562 160.131  -0.196   10.720  -10.000     -175.5552    -3567.4375
 2   2  20.321  41926.562 160.131  -0.082    9.640  -10.000     -175.5552    -3567.4375
 3   2  20.321  41926.562 160.131  -0.073    8.140  -10.000     -175.5552    -3567.4375
 1   2  20.321  41927.555 177.704  -0.033   10.260  -10.000     -175.5064    -3566.4453
 2   2  20.321  41927.555 177.704  -0.032    9.250  -10.000     -175.5064    -3566.4453
 3   2  20.321  41927.555 177.704  -0.063    7.850  -10.000     -175.5064    -3566.4453
 1   2  20.321  41929.562 213.278   0.072    9.800  -10.000     -175.4076    -3564.4375
 2   2  20.321  41929.562 213.278  -0.074    8.790  -10.000     -175.4076    -3564.4375
 3   2  20.321  41929.562 213.278  -0.097    7.510  -10.000     -175.4076    -3564.4375
 1   2  20.321  42213.570 204.692   0.122    9.790  -10.000     -161.4314    -3280.4297
 2   2  20.321  42213.570 204.692  -0.018    8.810  -10.000     -161.4314    -3280.4297
 3   2  20.321  42213.570 204.692  -0.041    7.550  -10.000     -161.4314    -3280.4297
 1   2  20.321  42219.855 316.038   0.517   11.250  -10.000     -161.1221    -3274.1445
 2   2  20.321  42219.855 316.038   0.266    9.760  -10.000     -161.1221    -3274.1445
 3   2  20.321  42219.855 316.038   0.149    8.100  -10.000     -161.1221    -3274.1445
 1   2  20.321  42220.844 333.545   0.225   11.100  -10.000     -161.0735    -3273.1562
 2   2  20.321  42220.844 333.545   0.170    9.760  -10.000     -161.0735    -3273.1562
 3   2  20.321  42220.844 333.545   0.108    8.120  -10.000     -161.0735    -3273.1562
 6  36  20.321  45517.488  56.113   0.021    5.090  -10.000        1.1559       23.4883
 7  36  20.321  45517.488  56.113   0.023    4.385  -10.000        1.1559       23.4883
 8  36  20.321  45517.488  56.113   0.038    4.164  -10.000        1.1559       23.4883
 6  36  20.321  45518.574  75.351   0.019    5.130  -10.000        1.2093       24.5742
 7  36  20.321  45518.574  75.351   0.029    4.434  -10.000        1.2093       24.5742
 8  36  20.321  45518.574  75.351   0.014    4.184  -10.000        1.2093       24.5742
 6  36  20.321  45576.410  19.959   0.010    4.999  -10.000        4.0554       82.4102
 7  36  20.321  45576.410  19.959   0.001    4.291  -10.000        4.0554       82.4102
 8  36  20.321  45576.410  19.959  -0.005    4.052  -10.000        4.0554       82.4102
 6  36  20.321  45888.387 146.861   0.012    5.211  -10.000       19.4079      394.3867
 7  36  20.321  45888.387 146.861  -0.003    4.534  -10.000       19.4079      394.3867
 8  36  20.321  45888.387 146.861   0.000    4.312  -10.000       19.4079      394.3867
 6  36  20.321  45953.270 216.309  -0.057    4.843  -10.000       22.6009      459.2695
 7  36  20.321  45953.270 216.309   0.007    4.333  -10.000       22.6009      459.2695
 8  36  20.321  45953.270 216.309   0.004    4.127  -10.000       22.6009      459.2695
 6  36  20.321  46200.625 278.400  -0.014    4.861  -10.000       34.7733      706.6250
 7  36  20.321  46200.625 278.400   0.027    4.268  -10.000       34.7733      706.6250
 8  36  20.321  46200.625 278.400   0.041    4.065  -10.000       34.7733      706.6250
 6  36  20.321  46201.531 294.454   0.000    4.880  -10.000       34.8179      707.5312
 7  36  20.321  46201.531 294.454   0.029    4.261  -10.000       34.8179      707.5312
 8  36  20.321  46201.531 294.454   0.033    4.045  -10.000       34.8179      707.5312
 6  36  20.321  46202.469 311.063   0.015    4.901  -10.000       34.8641      708.4688
 7  36  20.321  46202.469 311.063   0.034    4.260  -10.000       34.8641      708.4688
 8  36  20.321  46202.469 311.063   0.028    4.030  -10.000       34.8641      708.4688
 6  36  20.321  46203.484 329.056   0.023    4.924  -10.000       34.9140      709.4844
 7  36  20.321  46203.484 329.056   0.034    4.263  -10.000       34.9140      709.4844
 8  36  20.321  46203.484 329.056   0.025    4.027  -10.000       34.9140      709.4844
 6  36  20.321  46224.551 342.263   0.035    4.954  -10.000       35.9507      730.5508
 7  36  20.321  46224.551 342.263   0.036    4.276  -10.000       35.9507      730.5508
 8  36  20.321  46224.551 342.263   0.037    4.048  -10.000       35.9507      730.5508
 6  36  20.321  46256.484 187.991  -0.020    4.940  -10.000       37.5222      762.4844
 7  36  20.321  46256.484 187.991   0.016    4.400  -10.000       37.5222      762.4844
 8  36  20.321  46256.484 187.991   0.009    4.190  -10.000       37.5222      762.4844
 6  36  20.321  46259.535 242.038  -0.032    4.855  -10.000       37.6723      765.5352
 7  36  20.321  46259.535 242.038   0.026    4.312  -10.000       37.6723      765.5352
 8  36  20.321  46259.535 242.038   0.038    4.115  -10.000       37.6723      765.5352
 6  36  20.321  46573.570  45.409   0.033    5.079  -10.000       53.1261     1079.5703
 7  36  20.321  46573.570  45.409   0.029    4.368  -10.000       53.1261     1079.5703
 8  36  20.321  46573.570  45.409   0.027    4.131  -10.000       53.1261     1079.5703
 6  36  20.321  46574.648  64.510   0.024    5.113  -10.000       53.1792     1080.6484
 7  36  20.321  46574.648  64.510   0.026    4.407  -10.000       53.1792     1080.6484
 8  36  20.321  46574.648  64.510   0.025    4.171  -10.000       53.1792     1080.6484
 6  36  20.321  46575.578  80.980   0.018    5.141  -10.000       53.2249     1081.5781
 7  36  20.321  46575.578  80.980   0.016    4.434  -10.000       53.2249     1081.5781
 8  36  20.321  46575.578  80.980   0.022    4.205  -10.000       53.2249     1081.5781
 6  36  20.321  46576.543  98.072   0.018    5.162  -10.000       53.2724     1082.5430
 7  36  20.321  46576.543  98.072   0.018    4.466  -10.000       53.2724     1082.5430
 8  36  20.321  46576.543  98.072   0.016    4.231  -10.000       53.2724     1082.5430
 6  36  20.321  46597.500 109.343   0.037    5.194  -10.000       54.3037     1103.5000
 7  36  20.321  46597.500 109.343   0.050    4.518  -10.000       54.3037     1103.5000
 8  36  20.321  46597.500 109.343   0.058    4.295  -10.000       54.3037     1103.5000
 6  36  20.321  46600.602 164.290  -0.032    5.148  -10.000       54.4564     1106.6016
 7  36  20.321  46600.602 164.290  -0.014    4.520  -10.000       54.4564     1106.6016
 8  36  20.321  46600.602 164.290  -0.017    4.297  -10.000       54.4564     1106.6016
 6  36  20.321  46604.477 232.938  -0.015    4.877  -10.000       54.6470     1110.4766
 7  36  20.321  46604.477 232.938   0.028    4.329  -10.000       54.6470     1110.4766
 8  36  20.321  46604.477 232.938   0.028    4.122  -10.000       54.6470     1110.4766
 6  36  20.321  46611.410 355.772   0.025    4.966  -10.000       54.9883     1117.4102
 7  36  20.321  46611.410 355.772   0.028    4.282  -10.000       54.9883     1117.4102
 8  36  20.321  46611.410 355.772   0.034    4.058  -10.000       54.9883     1117.4102
 6  36  20.321  46612.512  15.286   0.021    4.999  -10.000       55.0425     1118.5117
 7  36  20.321  46612.512  15.286   0.015    4.297  -10.000       55.0425     1118.5117
 8  36  20.321  46612.512  15.286   0.013    4.062  -10.000       55.0425     1118.5117
 6  36  20.321  46649.371 308.279   0.007    4.891  -10.000       56.8563     1155.3711
 7  36  20.321  46649.371 308.279   0.034    4.260  -10.000       56.8563     1155.3711
 8  36  20.321  46649.371 308.279   0.034    4.036  -10.000       56.8563     1155.3711
 6  36  20.321  46652.398   1.910   0.012    4.965  -10.000       57.0053     1158.3984
 7  36  20.321  46652.398   1.910   0.017    4.280  -10.000       57.0053     1158.3984
 8  36  20.321  46652.398   1.910   0.017    4.049  -10.000       57.0053     1158.3984
 6  36  20.321  46654.348  36.442   0.024    5.050  -10.000       57.1012     1160.3477
 7  36  20.321  46654.348  36.442   0.026    4.348  -10.000       57.1012     1160.3477
 8  36  20.321  46654.348  36.442   0.026    4.113  -10.000       57.1012     1160.3477
 6  36  20.321  46680.223 134.838   0.044    5.232  -10.000       58.3745     1186.2227
 7  36  20.321  46680.223 134.838   0.031    4.549  -10.000       58.3745     1186.2227
 8  36  20.321  46680.223 134.838   0.022    4.314  -10.000       58.3745     1186.2227
 6  36  20.321  46682.270 171.100  -0.039    5.097  -10.000       58.4753     1188.2695
 7  36  20.321  46682.270 171.100  -0.010    4.497  -10.000       58.4753     1188.2695
 8  36  20.321  46682.270 171.100  -0.017    4.274  -10.000       58.4753     1188.2695
 6  36  20.321  46684.336 207.708  -0.050    4.857  -10.000       58.5770     1190.3359
 7  36  20.321  46684.336 207.708   0.001    4.341  -10.000       58.5770     1190.3359
 8  36  20.321  46684.336 207.708  -0.008    4.131  -10.000       58.5770     1190.3359
 6  36  20.321  46741.227 135.569   0.031    5.220  -10.000       61.3766     1247.2266
 7  36  20.321  46741.227 135.569   0.031    4.551  -10.000       61.3766     1247.2266
 8  36  20.321  46741.227 135.569   0.018    4.312  -10.000       61.3766     1247.2266
 6  36  20.321  46983.324 104.513   0.020    5.171  -10.000       73.2903     1489.3242
 7  36  20.321  46983.324 104.513   0.027    4.486  -10.000       73.2903     1489.3242
 8  36  20.321  46983.324 104.513   0.019    4.246  -10.000       73.2903     1489.3242
 3   9  20.321  44023.809 234.440  -0.037    7.640  -10.000      -72.3488    -1470.1914
14   9  20.321  44023.809 234.440   0.040    9.520  -10.000      -72.3488    -1470.1914
15   9  20.321  44023.809 234.440  -0.003    8.060  -10.000      -72.3488    -1470.1914
16   9  20.321  44023.809 234.440  -0.049    6.870  -10.000      -72.3488    -1470.1914
17   9  20.321  44023.809 234.440  -0.047    6.030  -10.000      -72.3488    -1470.1914
 3   9  20.321  44148.609 285.381  -0.014    7.830  -10.000      -66.2073    -1345.3906
14   9  20.321  44148.609 285.381   0.020    9.910  -10.000      -66.2073    -1345.3906
15   9  20.321  44148.609 285.381   0.006    8.270  -10.000      -66.2073    -1345.3906
16   9  20.321  44148.609 285.381  -0.030    6.990  -10.000      -66.2073    -1345.3906
17   9  20.321  44148.609 285.381  -0.034    6.090  -10.000      -66.2073    -1345.3906
 3   9  20.321  44027.660 302.673   0.025    7.930  -10.000      -72.1592    -1466.3398
14   9  20.321  44027.660 302.673   0.057   10.080  -10.000      -72.1592    -1466.3398
15   9  20.321  44027.660 302.673   0.055    8.390  -10.000      -72.1592    -1466.3398
16   9  20.321  44027.660 302.673   0.009    7.070  -10.000      -72.1592    -1466.3398
17   9  20.321  44027.660 302.673   0.000    6.150  -10.000      -72.1592    -1466.3398
 3   9  20.321  44137.551  89.470   0.008    8.350  -10.000      -66.7515    -1356.4492
14   9  20.321  44137.551  89.470  -0.085   10.620  -10.000      -66.7515    -1356.4492
15   9  20.321  44137.551  89.470   0.024    8.830  -10.000      -66.7515    -1356.4492
16   9  20.321  44137.551  89.470  -0.001    7.430  -10.000      -66.7515    -1356.4492
17   9  20.321  44137.551  89.470  -0.005    6.460  -10.000      -66.7515    -1356.4492
 3   9  20.321  44020.660 178.662  -0.079    7.810  -10.000      -72.5037    -1473.3398
14   9  20.321  44020.660 178.662  -0.061    9.690  -10.000      -72.5037    -1473.3398
15   9  20.321  44020.660 178.662  -0.063    8.220  -10.000      -72.5037    -1473.3398
16   9  20.321  44020.660 178.662  -0.114    7.000  -10.000      -72.5037    -1473.3398
17   9  20.321  44020.660 178.662  -0.099    6.160  -10.000      -72.5037    -1473.3398
 0  10  20.321  40332.574   1.412  -0.418  -18.200  -10.000     -253.9961    -5161.4258
 0  10  20.321  40410.426 300.613  -6.335  -34.500  -10.000     -250.1650    -5083.5742
 0  10  20.321  40776.469 305.343  -3.078  -30.500  -10.000     -232.1518    -4717.5312
 0  10  20.321  40796.410 298.619  -6.584  -34.500  -10.000     -231.1705    -4697.5898
