 2  79  17.752  49530.664 193.096  -0.263   12.969  -10.000      227.5364     4039.1719
 3  79  17.752  49530.664 193.096  -0.046   11.294  -10.000      227.5364     4039.1719
 4  79  17.752  49530.664 193.096   0.002   10.204  -10.000      227.5364     4039.1719
 5  79  17.752  49530.664 193.096   0.058    9.200  -10.000      227.5364     4039.1719
 2  79  17.752  49530.672 193.255  -0.340   12.888  -10.000      227.5368     4039.1797
 3  79  17.752  49530.672 193.255  -0.076   11.261  -10.000      227.5368     4039.1797
 4  79  17.752  49530.672 193.255   0.018   10.218  -10.000      227.5368     4039.1797
 5  79  17.752  49530.672 193.255   0.047    9.187  -10.000      227.5368     4039.1797
 2  79  17.752  49532.621 232.784  -0.238   13.044  -10.000      227.6466     4041.1289
 3  79  17.752  49532.621 232.784  -0.028   11.303  -10.000      227.6466     4041.1289
 4  79  17.752  49532.621 232.784   0.016   10.184  -10.000      227.6466     4041.1289
 5  79  17.752  49532.621 232.784   0.057    9.143  -10.000      227.6466     4041.1289
 2  79  17.752  49536.613 313.742  -0.001   13.963  -10.000      227.8715     4045.1211
 3  79  17.752  49536.613 313.742   0.088   11.796  -10.000      227.8715     4045.1211
 2  79  17.752  49544.555 114.796   0.135   14.677  -10.000      228.3189     4053.0625
 3  79  17.752  49544.555 114.796   0.096   12.290  -10.000      228.3189     4053.0625
 4  79  17.752  49544.555 114.796   0.086   10.952  -10.000      228.3189     4053.0625
 5  79  17.752  49544.555 114.796   0.133    9.765  -10.000      228.3189     4053.0625
 2  79  17.752  49546.566 155.588   0.072   14.303  -10.000      228.4322     4055.0742
 3  79  17.752  49546.566 155.588   0.024   12.052  -10.000      228.4322     4055.0742
 4  79  17.752  49546.566 155.588   0.057   10.818  -10.000      228.4322     4055.0742
 5  79  17.752  49546.566 155.588   0.085    9.668  -10.000      228.4322     4055.0742
 2  79  17.752  49558.613  39.897   0.034   14.636  -10.000      229.1108     4067.1211
 3  79  17.752  49558.613  39.897   0.004   12.159  -10.000      229.1108     4067.1211
 4  79  17.752  49558.613  39.897  -0.011   10.775  -10.000      229.1108     4067.1211
 5  79  17.752  49558.613  39.897   0.066    9.580  -10.000      229.1108     4067.1211
 2  79  17.752  49560.590  79.980  -0.058   14.669  -10.000      229.2222     4069.0977
 3  79  17.752  49560.590  79.980  -0.081   12.197  -10.000      229.2222     4069.0977
 4  79  17.752  49560.590  79.980  -0.124   10.785  -10.000      229.2222     4069.0977
 5  79  17.752  49560.590  79.980  -0.119    9.517  -10.000      229.2222     4069.0977
 2  79  17.752  49563.582 140.663   0.028   14.324  -10.000      229.3907     4072.0898
 3  79  17.752  49563.582 140.663   0.024   12.080  -10.000      229.3907     4072.0898
 2  79  17.752  49564.566 160.626   0.009   14.217  -10.000      229.4462     4073.0742
 3  79  17.752  49564.566 160.626   0.038   12.054  -10.000      229.4462     4073.0742
 0  42  17.752  46870.891 253.754  -3.421  -84.230    0.670       77.7049     1379.3984
 0  42  17.752  46871.902 274.271   1.991  -78.850    0.620       77.7619     1380.4102
 0  42  17.752  46873.871 314.195   1.929  -69.150    0.590       77.8728     1382.3789
 0  42  17.752  46874.887 334.792  -0.197  -64.900    0.600       77.9300     1383.3945
 0  42  17.752  46875.891 355.152  -0.058  -59.210    0.580       77.9865     1384.3984
 0  42  17.752  46876.828  14.164   0.012  -54.940    0.590       78.0393     1385.3359
 0  42  17.752  46925.699 285.255   1.134  -77.280    0.680       80.7924     1434.2070
 0  55  17.752  45518.559 188.898  -3.598  -62.110    1.150        1.5247       27.0664
 0  55  17.752  45760.836  62.204  -1.924  -44.030    0.930       15.1728      269.3438
 0  55  17.752  45763.836 123.043   3.554  -32.300    1.240       15.3418      272.3438
 0  55  17.752  45769.844 244.879  -1.705  -87.130    1.070       15.6802      278.3516
 3 150  17.752  50568.500   0.077  -0.064   11.885  -10.000      286.0002     5077.0078
 5 150  17.752  50568.500   0.077  -0.033    9.331  -10.000      286.0002     5077.0078
 3 150  17.752  50570.422  39.045  -0.063   12.088  -10.000      286.1085     5078.9297
 5 150  17.752  50570.422  39.045  -0.024    9.487  -10.000      286.1085     5078.9297
 3 150  17.752  50572.383  78.816  -0.032   12.245  -10.000      286.2189     5080.8906
 5 150  17.752  50572.383  78.816  -0.017    9.617  -10.000      286.2189     5080.8906
 3 150  17.752  50572.512  81.431  -0.035   12.243  -10.000      286.2262     5081.0195
 5 150  17.752  50572.512  81.431  -0.004    9.633  -10.000      286.2262     5081.0195
 3 150  17.752  50573.371  98.855  -0.001   12.259  -10.000      286.2746     5081.8789
 5 150  17.752  50573.371  98.855  -0.011    9.639  -10.000      286.2746     5081.8789
 3 150  17.752  50573.461 100.679  -0.008   12.248  -10.000      286.2797     5081.9688
 5 150  17.752  50573.461 100.679   0.005    9.655  -10.000      286.2797     5081.9688
 3 150  17.752  50574.488 121.509   0.022   12.175  -10.000      286.3375     5082.9961
 5 150  17.752  50574.488 121.509  -0.013    9.603  -10.000      286.3375     5082.9961
 3 150  17.752  50575.348 138.944  -0.018   12.046  -10.000      286.3860     5083.8555
 5 150  17.752  50575.348 138.944  -0.074    9.511  -10.000      286.3860     5083.8555
 3 150  17.752  50575.449 140.999  -0.019   12.036  -10.000      286.3917     5083.9570
 5 150  17.752  50575.449 140.999  -0.057    9.524  -10.000      286.3917     5083.9570
 3 150  17.752  50575.543 142.899  -0.027   12.020  -10.000      286.3969     5084.0508
 5 150  17.752  50575.543 142.899  -0.078    9.500  -10.000      286.3969     5084.0508
 3 150  17.752  50576.359 159.456   0.003   12.023  -10.000      286.4429     5084.8672
 5 150  17.752  50576.359 159.456  -0.039    9.542  -10.000      286.4429     5084.8672
 3 150  17.752  50576.441 161.125   0.033   12.047  -10.000      286.4476     5084.9492
 5 150  17.752  50576.441 161.125  -0.033    9.545  -10.000      286.4476     5084.9492
 3 150  17.752  50576.504 162.389   0.054   12.061  -10.000      286.4511     5085.0117
 5 150  17.752  50576.504 162.389  -0.023    9.551  -10.000      286.4511     5085.0117
 3 150  17.752  50576.566 163.652   0.056   12.054  -10.000      286.4546     5085.0742
 5 150  17.752  50576.566 163.652  -0.015    9.555  -10.000      286.4546     5085.0742
 3 150  17.752  50577.512 182.823   0.094   11.692  -10.000      286.5078     5086.0195
 5 150  17.752  50577.512 182.823   0.011    9.323  -10.000      286.5078     5086.0195
 3 150  17.752  50577.574 184.098   0.081   11.641  -10.000      286.5114     5086.0820
 5 150  17.752  50577.574 184.098   0.010    9.297  -10.000      286.5114     5086.0820
 3 150  17.752  50578.391 200.654   0.036   11.299  -10.000      286.5574     5086.8984
 5 150  17.752  50578.391 200.654  -0.033    9.055  -10.000      286.5574     5086.8984
 3 150  17.752  50578.461 202.083   0.032   11.289  -10.000      286.5613     5086.9688
 5 150  17.752  50578.461 202.083  -0.044    9.040  -10.000      286.5613     5086.9688
 3 150  17.752  50578.555 203.983   0.038   11.291  -10.000      286.5666     5087.0625
 5 150  17.752  50578.555 203.983  -0.041    9.039  -10.000      286.5666     5087.0625
 3 150  17.752  50579.512 223.385  -0.011   11.289  -10.000      286.6205     5088.0195
 5 150  17.752  50579.512 223.385  -0.078    9.005  -10.000      286.6205     5088.0195
 3 150  17.752  50579.547 224.099  -0.010   11.292  -10.000      286.6225     5088.0547
 5 150  17.752  50579.547 224.099  -0.073    9.010  -10.000      286.6225     5088.0547
 3 150  17.752  50580.430 242.007   0.007   11.376  -10.000      286.6722     5088.9375
 5 150  17.752  50580.430 242.007  -0.048    9.044  -10.000      286.6722     5088.9375
 3 150  17.752  50580.512 243.666   0.009   11.385  -10.000      286.6768     5089.0195
 5 150  17.752  50580.512 243.666  -0.058    9.036  -10.000      286.6768     5089.0195
 3 150  17.752  50582.453 283.041  -0.005   11.550  -10.000      286.7862     5090.9609
 5 150  17.752  50582.453 283.041  -0.041    9.112  -10.000      286.7862     5090.9609
 3 150  17.752  50582.488 283.755  -0.021   11.538  -10.000      286.7882     5090.9961
 5 150  17.752  50582.488 283.755  -0.037    9.117  -10.000      286.7882     5090.9961
 3 150  17.752  50583.461 303.475   0.006   11.663  -10.000      286.8430     5091.9688
 5 150  17.752  50583.461 303.475  -0.023    9.173  -10.000      286.8430     5091.9688
 3 150  17.752  50584.414 322.800  -0.038   11.716  -10.000      286.8967     5092.9219
 5 150  17.752  50584.414 322.800  -0.020    9.225  -10.000      286.8967     5092.9219
 3 150  17.752  50584.492 324.393  -0.037   11.725  -10.000      286.9011     5093.0000
 5 150  17.752  50584.492 324.393  -0.035    9.214  -10.000      286.9011     5093.0000
 3 150  17.752  50891.477  69.928   0.001   12.264  -10.000      304.1942     5399.9844
 4 150  17.752  50891.477  69.928   0.047   10.937  -10.000      304.1942     5399.9844
 3 150  17.752  50891.570  71.840  -0.031   12.236  -10.000      304.1996     5400.0781
 4 150  17.752  50891.570  71.840  -0.010   10.885  -10.000      304.1996     5400.0781
 3 150  17.752  50892.473  90.132   0.010   12.283  -10.000      304.2504     5400.9805
 4 150  17.752  50892.473  90.132  -0.009   10.902  -10.000      304.2504     5400.9805
 3 150  17.752  50893.383 108.589  -0.011   12.216  -10.000      304.3016     5401.8906
 4 150  17.752  50893.383 108.589   0.024   10.912  -10.000      304.3016     5401.8906
 3 150  17.752  50893.488 110.731   0.003   12.219  -10.000      304.3076     5401.9961
 4 150  17.752  50893.488 110.731   0.009   10.890  -10.000      304.3076     5401.9961
 3 150  17.752  50896.508 171.969   0.080   11.969  -10.000      304.4777     5405.0156
 4 150  17.752  50896.508 171.969   0.050   10.702  -10.000      304.4777     5405.0156
 3 150  17.752  50897.418 190.426   0.014   11.405  -10.000      304.5290     5405.9258
 4 150  17.752  50897.418 190.426   0.023   10.268  -10.000      304.5290     5405.9258
 3 150  17.752  50901.547 274.153   0.007   11.523  -10.000      304.7615     5410.0547
 4 150  17.752  50901.547 274.153   0.000   10.285  -10.000      304.7615     5410.0547
 3 150  17.752  50902.430 292.061   0.000   11.600  -10.000      304.8113     5410.9375
 4 150  17.752  50902.430 292.061  -0.029   10.313  -10.000      304.8113     5410.9375
 3 150  17.752  50903.547 314.714  -0.057   11.656  -10.000      304.8742     5412.0547
 4 150  17.752  50903.547 314.714  -0.040   10.384  -10.000      304.8742     5412.0547
 3 150  17.752  50904.402 332.062  -0.072   11.728  -10.000      304.9224     5412.9102
 4 150  17.752  50904.402 332.062  -0.036   10.453  -10.000      304.9224     5412.9102
 3 150  17.752  50904.504 334.127  -0.031   11.779  -10.000      304.9281     5413.0117
 4 150  17.752  50904.504 334.127  -0.027   10.470  -10.000      304.9281     5413.0117
 3 150  17.752  50905.352 351.310  -0.029   11.869  -10.000      304.9759     5413.8594
 4 150  17.752  50905.352 351.310  -0.034   10.534  -10.000      304.9759     5413.8594
 3 150  17.752  50906.531  15.238  -0.018   12.013  -10.000      305.0423     5415.0391
 4 150  17.752  50906.531  15.238   0.027   10.705  -10.000      305.0423     5415.0391
 3 150  17.752  50907.375  32.344  -0.036   12.084  -10.000      305.0898     5415.8828
 4 150  17.752  50907.375  32.344  -0.017   10.738  -10.000      305.0898     5415.8828
 3 150  17.752  50907.430  33.453  -0.017   12.108  -10.000      305.0929     5415.9375
 4 150  17.752  50907.430  33.453  -0.022   10.737  -10.000      305.0929     5415.9375
 3 150  17.752  50908.367  52.471  -0.061   12.147  -10.000      305.1458     5416.8750
 4 150  17.752  50908.367  52.471  -0.047   10.789  -10.000      305.1458     5416.8750
 3 150  17.752  50908.516  55.481  -0.028   12.192  -10.000      305.1541     5417.0234
 4 150  17.752  50908.516  55.481   0.002   10.849  -10.000      305.1541     5417.0234
 3 150  17.752  50909.484  75.125  -0.016   12.257  -10.000      305.2087     5417.9922
 4 150  17.752  50909.484  75.125  -0.008   10.894  -10.000      305.2087     5417.9922
 3 150  17.752  50909.578  77.025  -0.035   12.241  -10.000      305.2140     5418.0859
 4 150  17.752  50909.578  77.025  -0.030   10.875  -10.000      305.2140     5418.0859
 3 150  17.752  50910.312  91.923   0.009   12.280  -10.000      305.2553     5418.8203
 4 150  17.752  50910.312  91.923   0.024   10.935  -10.000      305.2553     5418.8203
 3 150  17.752  50910.484  95.405   0.010   12.277  -10.000      305.2650     5418.9922
 4 150  17.752  50910.484  95.405   0.005   10.915  -10.000      305.2650     5418.9922
 3 150  17.752  50910.574  97.229   0.020   12.283  -10.000      305.2701     5419.0820
 4 150  17.752  50910.574  97.229   0.039   10.948  -10.000      305.2701     5419.0820
 3 150  17.752  50912.328 132.792  -0.012   12.083  -10.000      305.3689     5420.8359
 4 150  17.752  50912.328 132.792   0.001   10.801  -10.000      305.3689     5420.8359
 3 150  17.752  50912.406 134.385   0.035   12.122  -10.000      305.3733     5420.9141
 4 150  17.752  50912.406 134.385  -0.004   10.791  -10.000      305.3733     5420.9141
 3 150  17.752  50912.488 136.044   0.021   12.100  -10.000      305.3779     5420.9961
 4 150  17.752  50912.488 136.044  -0.020   10.770  -10.000      305.3779     5420.9961
 3 150  17.752  50912.574 137.791  -0.006   12.064  -10.000      305.3828     5421.0820
 4 150  17.752  50912.574 137.791  -0.016   10.768  -10.000      305.3828     5421.0820
 3 150  17.752  50913.328 153.073   0.013   12.042  -10.000      305.4252     5421.8359
 4 150  17.752  50913.328 153.073  -0.013   10.748  -10.000      305.4252     5421.8359
 3 150  17.752  50913.398 154.501  -0.006   12.023  -10.000      305.4292     5421.9062
 4 150  17.752  50913.398 154.501  -0.027   10.734  -10.000      305.4292     5421.9062
 3 150  17.752  50913.473 156.006  -0.016   12.012  -10.000      305.4333     5421.9805
 4 150  17.752  50913.473 156.006  -0.019   10.742  -10.000      305.4333     5421.9805
 3 150  17.752  50914.324 173.276   0.073   11.935  -10.000      305.4813     5422.8320
 4 150  17.752  50914.324 173.276   0.086   10.716  -10.000      305.4813     5422.8320
 3 150  17.752  50914.391 174.628   0.116   11.947  -10.000      305.4851     5422.8984
 4 150  17.752  50914.391 174.628   0.096   10.701  -10.000      305.4851     5422.8984
 3 150  17.752  50914.473 176.287   0.111   11.901  -10.000      305.4897     5422.9805
 4 150  17.752  50914.473 176.287   0.081   10.653  -10.000      305.4897     5422.9805
 3 150  17.752  50914.551 177.869   0.129   11.875  -10.000      305.4941     5423.0586
 4 150  17.752  50914.551 177.869   0.100   10.636  -10.000      305.4941     5423.0586
 3 150  17.752  50915.410 195.293   0.038   11.345  -10.000      305.5425     5423.9180
 4 150  17.752  50915.410 195.293   0.028   10.204  -10.000      305.5425     5423.9180
 3 150  17.752  50915.496 197.040   0.028   11.316  -10.000      305.5473     5424.0039
 4 150  17.752  50915.496 197.040   0.019   10.178  -10.000      305.5473     5424.0039
 3 150  17.752  50916.316 213.673  -0.003   11.265  -10.000      305.5935     5424.8242
 4 150  17.752  50916.316 213.673  -0.010   10.125  -10.000      305.5935     5424.8242
 3 150  17.752  50916.391 215.178  -0.013   11.260  -10.000      305.5977     5424.8984
 4 150  17.752  50916.391 215.178  -0.005   10.133  -10.000      305.5977     5424.8984
 3 150  17.752  50916.469 216.771  -0.005   11.273  -10.000      305.6021     5424.9766
 4 150  17.752  50916.469 216.771  -0.013   10.128  -10.000      305.6021     5424.9766
 3 150  17.752  50916.555 218.507  -0.025   11.259  -10.000      305.6070     5425.0625
 4 150  17.752  50916.555 218.507  -0.012   10.132  -10.000      305.6070     5425.0625
 3 150  17.752  50916.621 219.858  -0.031   11.258  -10.000      305.6107     5425.1289
 4 150  17.752  50916.621 219.858  -0.016   10.130  -10.000      305.6107     5425.1289
 3 150  17.752  50917.340 234.437  -0.001   11.336  -10.000      305.6512     5425.8477
 4 150  17.752  50917.340 234.437   0.010   10.182  -10.000      305.6512     5425.8477
 3 150  17.752  50917.406 235.778   0.021   11.363  -10.000      305.6549     5425.9141
 4 150  17.752  50917.406 235.778   0.013   10.188  -10.000      305.6549     5425.9141
 3 150  17.752  50917.477 237.206   0.026   11.374  -10.000      305.6589     5425.9844
 4 150  17.752  50917.477 237.206   0.021   10.199  -10.000      305.6589     5425.9844
11  43  17.752  48336.855 103.046   0.001    7.562  -10.000      160.2862     2845.3633
12  43  17.752  48336.855 103.046  -0.010    6.757  -10.000      160.2862     2845.3633
13  43  17.752  48336.855 103.046  -0.023    6.440  -10.000      160.2862     2845.3633
11  43  17.752  48337.797 122.135   0.019    7.588  -10.000      160.3393     2846.3047
12  43  17.752  48337.797 122.135   0.000    6.795  -10.000      160.3393     2846.3047
13  43  17.752  48337.797 122.135  -0.020    6.478  -10.000      160.3393     2846.3047
11  43  17.752  48340.797 182.977   0.046    7.475  -10.000      160.5083     2849.3047
12  43  17.752  48340.797 182.977   0.056    6.785  -10.000      160.5083     2849.3047
13  43  17.752  48340.797 182.977   0.023    6.480  -10.000      160.5083     2849.3047
11  43  17.752  48341.871 204.758  -0.013    7.257  -10.000      160.5688     2850.3789
12  43  17.752  48341.871 204.758   0.029    6.632  -10.000      160.5688     2850.3789
13  43  17.752  48341.871 204.758   0.007    6.349  -10.000      160.5688     2850.3789
11  43  17.752  48342.824 224.088  -0.002    7.244  -10.000      160.6225     2851.3320
12  43  17.752  48342.824 224.088   0.032    6.598  -10.000      160.6225     2851.3320
13  43  17.752  48342.824 224.088   0.003    6.303  -10.000      160.6225     2851.3320
 2   2  17.752  41761.770 322.432   0.046   14.080  -10.000     -210.1044    -3729.7227
 3   2  17.752  41761.770 322.432   0.038   11.790  -10.000     -210.1044    -3729.7227
 2   2  17.752  41762.824 343.823   0.043   14.240  -10.000     -210.0449    -3728.6680
 3   2  17.752  41762.824 343.823   0.051   11.910  -10.000     -210.0449    -3728.6680
 2   2  17.752  41764.844  24.780  -0.020   14.490  -10.000     -209.9312    -3726.6484
 3   2  17.752  41764.844  24.780   0.067   12.150  -10.000     -209.9312    -3726.6484
 2   2  17.752  41765.824  44.659   0.003   14.630  -10.000     -209.8759    -3725.6680
 3   2  17.752  41765.824  44.659   0.004   12.180  -10.000     -209.8759    -3725.6680
 2   2  17.752  41767.855  85.853   0.003   14.720  -10.000     -209.7615    -3723.6367
 3   2  17.752  41767.855  85.853   0.084   12.360  -10.000     -209.7615    -3723.6367
 2   2  17.752  41768.852 106.057   0.017   14.640  -10.000     -209.7054    -3722.6406
 3   2  17.752  41768.852 106.057   0.042   12.280  -10.000     -209.7054    -3722.6406
 2   2  17.752  41769.883 126.969   0.023   14.440  -10.000     -209.6473    -3721.6094
 3   2  17.752  41769.883 126.969   0.017   12.140  -10.000     -209.6473    -3721.6094
 2   2  17.752  41770.863 146.854  -0.016   14.240  -10.000     -209.5921    -3720.6289
 3   2  17.752  41770.863 146.854   0.035   12.070  -10.000     -209.5921    -3720.6289
 2   2  17.752  41771.828 166.421   0.088   14.230  -10.000     -209.5377    -3719.6641
 3   2  17.752  41771.828 166.421   0.087   12.060  -10.000     -209.5377    -3719.6641
 2   2  17.752  41772.840 186.938  -0.219   13.210  -10.000     -209.4807    -3718.6523
 3   2  17.752  41772.840 186.938  -0.108   11.370  -10.000     -209.4807    -3718.6523
 2   2  17.752  41773.832 207.059  -0.049   13.070  -10.000     -209.4248    -3717.6602
 3   2  17.752  41773.832 207.059  -0.013   11.240  -10.000     -209.4248    -3717.6602
 2   2  17.752  42214.562 144.926  -0.086   14.180  -10.000     -184.5974    -3276.9297
 3   2  17.752  42214.562 144.926  -0.030   12.010  -10.000     -184.5974    -3276.9297
 2   2  17.752  42216.555 185.328  -0.253   13.240  -10.000     -184.4852    -3274.9375
 3   2  17.752  42216.555 185.328  -0.193   11.330  -10.000     -184.4852    -3274.9375
 2   2  17.752  42219.555 246.171   0.064   13.460  -10.000     -184.3162    -3271.9375
 3   2  17.752  42219.555 246.171   0.053   11.440  -10.000     -184.3162    -3271.9375
 2   2  17.752  42220.559 266.528   0.069   13.640  -10.000     -184.2596    -3270.9336
 3   2  17.752  42220.559 266.528   0.078   11.560  -10.000     -184.2596    -3270.9336
 2   2  17.752  42221.562 286.886   0.032   13.770  -10.000     -184.2031    -3269.9297
 3   2  17.752  42221.562 286.886  -0.024   11.550  -10.000     -184.2031    -3269.9297
 2 123  17.752  41400.848 203.055   0.153   13.270  -10.000     -230.4360    -4090.6445
 3 123  17.752  41400.848 203.055   0.025   11.280  -10.000     -230.4360    -4090.6445
 2 123  17.752  41401.855 223.495   0.284   13.500  -10.000     -230.3792    -4089.6367
 3 123  17.752  41401.855 223.495   0.130   11.430  -10.000     -230.3792    -4089.6367
 2 123  17.752  41409.867  25.966  -0.078   14.440  -10.000     -229.9279    -4081.6250
 3 123  17.752  41409.867  25.966  -0.039   12.050  -10.000     -229.9279    -4081.6250
 2 123  17.752  41410.844  45.775  -0.033   14.600  -10.000     -229.8728    -4080.6484
 3 123  17.752  41410.844  45.775  -0.030   12.150  -10.000     -229.8728    -4080.6484
 1 123  17.752  41415.824 146.772   0.121   16.380  -10.000     -229.5923    -4075.6680
 2 123  17.752  41415.824 146.772  -0.036   14.220  -10.000     -229.5923    -4075.6680
 3 123  17.752  41415.824 146.772  -0.035   12.000  -10.000     -229.5923    -4075.6680
 1 123  17.752  41416.871 168.003   0.023   16.060  -10.000     -229.5333    -4074.6211
 2 123  17.752  41416.871 168.003  -0.013   14.100  -10.000     -229.5333    -4074.6211
 3 123  17.752  41416.871 168.003  -0.004   11.950  -10.000     -229.5333    -4074.6211
 3 123  17.752  41417.762 186.064  -0.042   11.460  -10.000     -229.4832    -4073.7305
 2 123  17.752  41419.816 227.736  -0.065   13.180  -10.000     -229.3674    -4071.6758
 3 123  17.752  41419.816 227.736  -0.023   11.290  -10.000     -229.3674    -4071.6758
 2 123  17.752  41773.828 206.977   0.391   13.510  -10.000     -209.4251    -3717.6641
 3 123  17.752  41773.828 206.977   0.167   11.420  -10.000     -209.4251    -3717.6641
 2 123  17.752  41779.852 329.128  -0.136   13.950  -10.000     -209.0858    -3711.6406
 3 123  17.752  41779.852 329.128  -0.005   11.780  -10.000     -209.0858    -3711.6406
 3 123  17.752  41783.863  50.488  -0.060   12.140  -10.000     -208.8598    -3707.6289
 2 123  17.752  41784.871  70.928  -0.052   14.670  -10.000     -208.8030    -3706.6211
 3 123  17.752  41784.871  70.928  -0.055   12.210  -10.000     -208.8030    -3706.6211
 3 123  17.752  41785.840  90.571  -0.062   12.210  -10.000     -208.7484    -3705.6523
