 2  22  23.175  44184.602 268.344   0.032   10.479  -10.000      -56.2546    -1303.6797
 3  22  23.175  44184.602 268.344   0.034    9.357  -10.000      -56.2546    -1303.6797
 4  22  23.175  44184.602 268.344   0.036    8.712  -10.000      -56.2546    -1303.6797
 5  22  23.175  44184.602 268.344   0.007    8.077  -10.000      -56.2546    -1303.6797
 2  22  23.175  44187.578 314.583   0.037   10.864  -10.000      -56.1262    -1300.7031
 3  22  23.175  44187.578 314.583   0.038    9.580  -10.000      -56.1262    -1300.7031
 4  22  23.175  44187.578 314.583   0.030    8.857  -10.000      -56.1262    -1300.7031
 5  22  23.175  44187.578 314.583   0.006    8.165  -10.000      -56.1262    -1300.7031
 2  22  23.175  44210.574 311.808   0.022   10.828  -10.000      -55.1339    -1277.7070
 3  22  23.175  44210.574 311.808   0.038    9.566  -10.000      -55.1339    -1277.7070
 4  22  23.175  44210.574 311.808   0.032    8.849  -10.000      -55.1339    -1277.7070
 5  22  23.175  44210.574 311.808   0.005    8.158  -10.000      -55.1339    -1277.7070
 2  22  23.175  44234.516 323.720   0.018   10.916  -10.000      -54.1008    -1253.7656
 3  22  23.175  44234.516 323.720   0.009    9.594  -10.000      -54.1008    -1253.7656
 4  22  23.175  44234.516 323.720   0.004    8.864  -10.000      -54.1008    -1253.7656
 5  22  23.175  44234.516 323.720  -0.004    8.178  -10.000      -54.1008    -1253.7656
 2  22  23.175  44238.535  26.160  -0.006   11.384  -10.000      -53.9273    -1249.7461
 3  22  23.175  44238.535  26.160  -0.010    9.915  -10.000      -53.9273    -1249.7461
 4  22  23.175  44238.535  26.160  -0.005    9.131  -10.000      -53.9273    -1249.7461
 5  22  23.175  44238.535  26.160   0.000    8.399  -10.000      -53.9273    -1249.7461
 2  22  23.175  44246.508 150.009   0.071   11.569  -10.000      -53.5833    -1241.7734
 3  22  23.175  44246.508 150.009   0.029   10.192  -10.000      -53.5833    -1241.7734
 4  22  23.175  44246.508 150.009  -0.005    9.423  -10.000      -53.5833    -1241.7734
 5  22  23.175  44246.508 150.009  -0.024    8.717  -10.000      -53.5833    -1241.7734
 2  22  23.175  44254.473 273.737   0.033   10.526  -10.000      -53.2396    -1233.8086
 3  22  23.175  44254.473 273.737   0.041    9.389  -10.000      -53.2396    -1233.8086
 4  22  23.175  44254.473 273.737   0.040    8.732  -10.000      -53.2396    -1233.8086
 5  22  23.175  44254.473 273.737   0.026    8.104  -10.000      -53.2396    -1233.8086
 2  22  23.175  44257.410 319.368   0.029   10.893  -10.000      -53.1129    -1230.8711
 3  22  23.175  44257.410 319.368   0.027    9.591  -10.000      -53.1129    -1230.8711
 4  22  23.175  44257.410 319.368   0.029    8.873  -10.000      -53.1129    -1230.8711
 5  22  23.175  44257.410 319.368   0.013    8.183  -10.000      -53.1129    -1230.8711
 2  22  23.175  44551.590 209.222  -0.013    9.877  -10.000      -40.4188     -936.6914
 3  22  23.175  44551.590 209.222  -0.003    9.042  -10.000      -40.4188     -936.6914
 4  22  23.175  44551.590 209.222   0.009    8.524  -10.000      -40.4188     -936.6914
 5  22  23.175  44551.590 209.222  -0.018    7.997  -10.000      -40.4188     -936.6914
 2  22  23.175  44553.578 240.109   0.012   10.202  -10.000      -40.3330     -934.7031
 3  22  23.175  44553.578 240.109   0.033    9.225  -10.000      -40.3330     -934.7031
 4  22  23.175  44553.578 240.109   0.034    8.631  -10.000      -40.3330     -934.7031
 5  22  23.175  44553.578 240.109   0.009    8.048  -10.000      -40.3330     -934.7031
 2  22  23.175  44564.582  51.047  -0.025   11.532  -10.000      -39.8582     -923.6992
 3  22  23.175  44564.582  51.047  -0.022   10.036  -10.000      -39.8582     -923.6992
 4  22  23.175  44564.582  51.047  -0.003    9.252  -10.000      -39.8582     -923.6992
 5  22  23.175  44564.582  51.047  -0.003    8.503  -10.000      -39.8582     -923.6992
 2  22  23.175  44646.344 241.151   0.013   10.215  -10.000      -36.3301     -841.9375
 3  22  23.175  44646.344 241.151   0.024    9.222  -10.000      -36.3301     -841.9375
 4  22  23.175  44646.344 241.151   0.029    8.630  -10.000      -36.3301     -841.9375
 5  22  23.175  44646.344 241.151   0.010    8.051  -10.000      -36.3301     -841.9375
 1  22  23.175  44647.312 256.200   0.020   11.105  -10.000      -36.2883     -840.9688
 2  22  23.175  44647.312 256.200   0.023   10.367  -10.000      -36.2883     -840.9688
 3  22  23.175  44647.312 256.200   0.028    9.298  -10.000      -36.2883     -840.9688
 4  22  23.175  44647.312 256.200   0.035    8.678  -10.000      -36.2883     -840.9688
 5  22  23.175  44647.312 256.200   0.020    8.076  -10.000      -36.2883     -840.9688
 2  22  23.175  44648.309 271.674   0.041   10.517  -10.000      -36.2453     -839.9727
 3  22  23.175  44648.309 271.674   0.042    9.381  -10.000      -36.2453     -839.9727
 4  22  23.175  44648.309 271.674   0.039    8.725  -10.000      -36.2453     -839.9727
 5  22  23.175  44648.309 271.674   0.030    8.105  -10.000      -36.2453     -839.9727
 2  22  23.175  44649.336 287.633   0.034   10.638  -10.000      -36.2010     -838.9453
 3  22  23.175  44649.336 287.633   0.031    9.440  -10.000      -36.2010     -838.9453
 4  22  23.175  44649.336 287.633   0.035    8.767  -10.000      -36.2010     -838.9453
 5  22  23.175  44649.336 287.633   0.023    8.122  -10.000      -36.2010     -838.9453
 3  22  23.175  44653.500 352.318   0.015    9.749  -10.000      -36.0213     -834.7812
 4  22  23.175  44653.500 352.318   0.003    8.979  -10.000      -36.0213     -834.7812
 5  22  23.175  44653.500 352.318  -0.013    8.256  -10.000      -36.0213     -834.7812
 2  22  23.175  44655.336  20.838   0.001   11.350  -10.000      -35.9421     -832.9453
 3  22  23.175  44655.336  20.838  -0.014    9.880  -10.000      -35.9421     -832.9453
 4  22  23.175  44655.336  20.838  -0.009    9.100  -10.000      -35.9421     -832.9453
 5  22  23.175  44655.336  20.838  -0.019    8.358  -10.000      -35.9421     -832.9453
 2  22  23.175  44656.328  36.251  -0.029   11.436  -10.000      -35.8993     -831.9531
 3  22  23.175  44656.328  36.251  -0.027    9.956  -10.000      -35.8993     -831.9531
 4  22  23.175  44656.328  36.251  -0.013    9.173  -10.000      -35.8993     -831.9531
 5  22  23.175  44656.328  36.251  -0.007    8.436  -10.000      -35.8993     -831.9531
 2  22  23.175  44657.336  51.906  -0.019   11.542  -10.000      -35.8558     -830.9453
 3  22  23.175  44657.336  51.906  -0.017   10.045  -10.000      -35.8558     -830.9453
 4  22  23.175  44657.336  51.906  -0.005    9.253  -10.000      -35.8558     -830.9453
 5  22  23.175  44657.336  51.906  -0.012    8.497  -10.000      -35.8558     -830.9453
 2  22  23.175  44676.316 346.753   0.036   11.112  -10.000      -35.0368     -811.9648
 3  22  23.175  44676.316 346.753   0.031    9.733  -10.000      -35.0368     -811.9648
 4  22  23.175  44676.316 346.753   0.035    8.986  -10.000      -35.0368     -811.9648
 5  22  23.175  44676.316 346.753   0.019    8.268  -10.000      -35.0368     -811.9648
 2  22  23.175  44677.301   2.045   0.016   11.221  -10.000      -34.9943     -810.9805
 3  22  23.175  44677.301   2.045   0.011    9.802  -10.000      -34.9943     -810.9805
 4  22  23.175  44677.301   2.045   0.013    9.036  -10.000      -34.9943     -810.9805
 5  22  23.175  44677.301   2.045  -0.012    8.294  -10.000      -34.9943     -810.9805
 2  22  23.175  44678.309  17.700   0.004   11.328  -10.000      -34.9508     -809.9727
 3  22  23.175  44678.309  17.700  -0.001    9.875  -10.000      -34.9508     -809.9727
 4  22  23.175  44678.309  17.700   0.000    9.094  -10.000      -34.9508     -809.9727
 5  22  23.175  44678.309  17.700  -0.009    8.355  -10.000      -34.9508     -809.9727
 2  22  23.175  44679.293  32.992   0.013   11.453  -10.000      -34.9084     -808.9883
 3  22  23.175  44679.293  32.992   0.015    9.978  -10.000      -34.9084     -808.9883
 4  22  23.175  44679.293  32.992   0.015    9.184  -10.000      -34.9084     -808.9883
 5  22  23.175  44679.293  32.992   0.016    8.445  -10.000      -34.9084     -808.9883
 2  22  23.175  44704.297  61.408  -0.050   11.547  -10.000      -33.8294     -783.9844
 3  22  23.175  44704.297  61.408  -0.038   10.058  -10.000      -33.8294     -783.9844
 4  22  23.175  44704.297  61.408  -0.034    9.257  -10.000      -33.8294     -783.9844
 5  22  23.175  44704.297  61.408  -0.031    8.510  -10.000      -33.8294     -783.9844
 2  22  23.175  44918.590 150.284   0.073   11.570  -10.000      -24.5825     -569.6914
 3  22  23.175  44918.590 150.284   0.028   10.191  -10.000      -24.5825     -569.6914
 2  22  23.175  44954.535 348.667   0.051   11.143  -10.000      -23.0315     -533.7461
 3  22  23.175  44954.535 348.667   0.021    9.734  -10.000      -23.0315     -533.7461
 2  22  23.175  44961.473  96.436  -0.120   11.500  -10.000      -22.7321     -526.8086
 3  22  23.175  44961.473  96.436  -0.077   10.078  -10.000      -22.7321     -526.8086
 2  22  23.175  44965.465 158.451  -0.010   11.412  -10.000      -22.5599     -522.8164
 3  22  23.175  44965.465 158.451  -0.032   10.090  -10.000      -22.5599     -522.8164
 2  22  23.175  44966.535 175.077  -0.156   10.618  -10.000      -22.5137     -521.7461
 3  22  23.175  44966.535 175.077  -0.123    9.566  -10.000      -22.5137     -521.7461
 2  22  23.175  44967.484 189.823  -0.241    9.783  -10.000      -22.4727     -520.7969
 3  22  23.175  44967.484 189.823  -0.185    8.980  -10.000      -22.4727     -520.7969
 2  22  23.175  44988.555 157.134   0.022   11.464  -10.000      -21.5635     -499.7266
 3  22  23.175  44988.555 157.134   0.006   10.140  -10.000      -21.5635     -499.7266
 4  22  23.175  44988.555 157.134  -0.011    9.399  -10.000      -21.5635     -499.7266
 5  22  23.175  44988.555 157.134  -0.050    8.684  -10.000      -21.5635     -499.7266
 2  22  23.175  44989.520 172.122  -0.104   10.833  -10.000      -21.5219     -498.7617
 3  22  23.175  44989.520 172.122  -0.082    9.718  -10.000      -21.5219     -498.7617
 4  22  23.175  44989.520 172.122  -0.091    9.056  -10.000      -21.5219     -498.7617
 5  22  23.175  44989.520 172.122  -0.107    8.429  -10.000      -21.5219     -498.7617
 2  22  23.175  44991.555 203.737  -0.049    9.819  -10.000      -21.4341     -496.7266
 3  22  23.175  44991.555 203.737  -0.041    9.000  -10.000      -21.4341     -496.7266
 4  22  23.175  44991.555 203.737  -0.016    8.501  -10.000      -21.4341     -496.7266
 5  22  23.175  44991.555 203.737  -0.048    7.976  -10.000      -21.4341     -496.7266
 2  22  23.175  44994.473 249.065  -0.012   10.272  -10.000      -21.3082     -493.8086
 3  22  23.175  44994.473 249.065   0.026    9.267  -10.000      -21.3082     -493.8086
 4  22  23.175  44994.473 249.065   0.038    8.665  -10.000      -21.3082     -493.8086
 5  22  23.175  44994.473 249.065   0.017    8.068  -10.000      -21.3082     -493.8086
 2  22  23.175  44995.504 265.085   0.013   10.431  -10.000      -21.2637     -492.7773
 3  22  23.175  44995.504 265.085   0.029    9.337  -10.000      -21.2637     -492.7773
 4  22  23.175  44995.504 265.085   0.054    8.720  -10.000      -21.2637     -492.7773
 5  22  23.175  44995.504 265.085   0.024    8.090  -10.000      -21.2637     -492.7773
 1  22  23.175  45003.355  27.052  -0.017   12.632  -10.000      -20.9249     -484.9258
 2  22  23.175  45003.355  27.052   0.006   11.402  -10.000      -20.9249     -484.9258
 3  22  23.175  45003.355  27.052   0.009    9.939  -10.000      -20.9249     -484.9258
 4  22  23.175  45003.355  27.052   0.009    9.149  -10.000      -20.9249     -484.9258
 5  22  23.175  45003.355  27.052  -0.016    8.387  -10.000      -20.9249     -484.9258
 1  22  23.175  45004.371  42.830   0.010   12.807  -10.000      -20.8810     -483.9102
 2  22  23.175  45004.371  42.830  -0.017   11.495  -10.000      -20.8810     -483.9102
 3  22  23.175  45004.371  42.830  -0.016   10.004  -10.000      -20.8810     -483.9102
 4  22  23.175  45004.371  42.830  -0.011    9.209  -10.000      -20.8810     -483.9102
 5  22  23.175  45004.371  42.830  -0.008    8.465  -10.000      -20.8810     -483.9102
 1  22  23.175  45005.355  58.121  -0.090   12.794  -10.000      -20.8386     -482.9258
 2  22  23.175  45005.355  58.121  -0.036   11.550  -10.000      -20.8386     -482.9258
 3  22  23.175  45005.355  58.121  -0.028   10.057  -10.000      -20.8386     -482.9258
 4  22  23.175  45005.355  58.121  -0.029    9.252  -10.000      -20.8386     -482.9258
 5  22  23.175  45005.355  58.121  -0.037    8.493  -10.000      -20.8386     -482.9258
 1  22  23.175  45006.328  73.231  -0.127   12.799  -10.000      -20.7966     -481.9531
 2  22  23.175  45006.328  73.231  -0.054   11.577  -10.000      -20.7966     -481.9531
 3  22  23.175  45006.328  73.231  -0.042   10.090  -10.000      -20.7966     -481.9531
 4  22  23.175  45006.328  73.231  -0.029    9.299  -10.000      -20.7966     -481.9531
 5  22  23.175  45006.328  73.231  -0.040    8.539  -10.000      -20.7966     -481.9531
 1  22  23.175  45007.445  90.585  -0.138   12.770  -10.000      -20.7484     -480.8359
 2  22  23.175  45007.445  90.585  -0.108   11.530  -10.000      -20.7484     -480.8359
 3  22  23.175  45007.445  90.585  -0.059   10.100  -10.000      -20.7484     -480.8359
 4  22  23.175  45007.445  90.585  -0.054    9.310  -10.000      -20.7484     -480.8359
 5  22  23.175  45007.445  90.585  -0.072    8.550  -10.000      -20.7484     -480.8359
 2  22  23.175  45008.422 105.755  -0.073   11.514  -10.000      -20.7062     -479.8594
 3  22  23.175  45008.422 105.755  -0.043   10.104  -10.000      -20.7062     -479.8594
 4  22  23.175  45008.422 105.755  -0.023    9.345  -10.000      -20.7062     -479.8594
 5  22  23.175  45008.422 105.755  -0.012    8.629  -10.000      -20.7062     -479.8594
 1  22  23.175  45009.355 120.258  -0.027   12.695  -10.000      -20.6659     -478.9258
 2  22  23.175  45009.355 120.258   0.047   11.599  -10.000      -20.6659     -478.9258
 3  22  23.175  45009.355 120.258   0.041   10.190  -10.000      -20.6659     -478.9258
 4  22  23.175  45009.355 120.258   0.028    9.414  -10.000      -20.6659     -478.9258
 5  22  23.175  45009.355 120.258   0.005    8.678  -10.000      -20.6659     -478.9258
 1  22  23.175  45094.246 358.969  -0.001   12.353  -10.000      -17.0029     -394.0352
 2  22  23.175  45094.246 358.969   0.012   11.192  -10.000      -17.0029     -394.0352
 3  22  23.175  45094.246 358.969   0.017    9.790  -10.000      -17.0029     -394.0352
 4  22  23.175  45094.246 358.969   0.009    9.017  -10.000      -17.0029     -394.0352
 5  22  23.175  45094.246 358.969   0.008    8.303  -10.000      -17.0029     -394.0352
 1  22  23.175  45095.293  15.230  -0.014   12.513  -10.000      -16.9577     -392.9883
 2  22  23.175  45095.293  15.230  -0.005   11.300  -10.000      -16.9577     -392.9883
 3  22  23.175  45095.293  15.230   0.002    9.864  -10.000      -16.9577     -392.9883
 4  22  23.175  45095.293  15.230  -0.001    9.081  -10.000      -16.9577     -392.9883
 5  22  23.175  45095.293  15.230  -0.002    8.352  -10.000      -16.9577     -392.9883
 1  22  23.175  45292.578 199.903   0.129   10.411  -10.000       -8.4447     -195.7031
 2  22  23.175  45292.578 199.903  -0.054    9.816  -10.000       -8.4447     -195.7031
 3  22  23.175  45292.578 199.903  -0.060    8.988  -10.000       -8.4447     -195.7031
 4  22  23.175  45292.578 199.903  -0.035    8.491  -10.000       -8.4447     -195.7031
 5  22  23.175  45292.578 199.903  -0.049    7.986  -10.000       -8.4447     -195.7031
 0  22  23.175  44177.594 159.483  -2.530   75.800  -10.000      -56.5570    -1310.6875
 0  22  23.175  44178.566 174.592 -10.073   64.900  -10.000      -56.5150    -1309.7148
 0  22  23.175  44179.570 190.187  -2.607   53.400  -10.000      -56.4717    -1308.7109
 0  22  23.175  44180.543 205.296   3.354   45.800  -10.000      -56.4297    -1307.7383
 0  22  23.175  44181.551 220.952   0.640   37.600  -10.000      -56.3862    -1306.7305
 0  22  23.175  44183.562 252.202  -7.347   31.500  -10.000      -56.2994    -1304.7188
 0  22  23.175  44236.531 355.031  -1.551   59.900  -10.000      -54.0138    -1251.7500
 0  22  23.175  44237.508  10.201   1.162   65.700  -10.000      -53.9717    -1250.7734
 0  22  23.175  44238.512  25.796  -2.019   67.100  -10.000      -53.9283    -1249.7695
 0  22  23.175  44239.523  41.512  -3.010   70.500  -10.000      -53.8847    -1248.7578
 0  22  23.175  44297.383 220.313  -3.899   33.200  -10.000      -51.3880    -1190.8984
 0  22  23.175  44299.438 252.231   0.741   39.600  -10.000      -51.2994    -1188.8438
 0  22  23.175  44301.383 282.450  -1.608   44.100  -10.000      -51.2154    -1186.8984
 0  22  23.175  44331.301  27.202   2.706   72.200  -10.000      -49.9244    -1156.9805
 0  22  23.175  44332.328  43.161   4.586   78.400  -10.000      -49.8801    -1155.9531
 0  22  23.175  44335.324  89.703   1.047   83.000  -10.000      -49.7508    -1152.9570
 0  22  23.175  44336.355 105.723   8.643   95.800  -10.000      -49.7063    -1151.9258
 0  22  23.175  44337.324 120.771  15.126  102.900  -10.000      -49.6645    -1150.9570
 0  22  23.175  44363.266 163.751  -8.997   69.000  -10.000      -48.5451    -1125.0156
 0  22  23.175  44364.277 179.469  -5.603   63.200  -10.000      -48.5015    -1124.0039
 0  22  23.175  44590.523  94.026   3.523   86.300  -10.000      -38.7388     -897.7578
 0  22  23.175  44593.504 140.326   3.271   84.300  -10.000      -38.6102     -894.7773
 0  22  23.175  44595.477 170.969   1.281   78.800  -10.000      -38.5251     -892.8047
 0  22  23.175  44596.504 186.928   5.662   64.600  -10.000      -38.4808     -891.7773
 0  22  23.175  44625.375 275.418   1.483   45.700  -10.000      -37.2350     -862.9062
 0  22  23.175  44637.375 101.830  -0.868   84.900  -10.000      -36.7171     -850.9062
 0  22  23.175  44653.359 350.134   0.396   61.200  -10.000      -36.0274     -834.9219
 0  22  23.175  44655.305  20.352  -1.655   66.400  -10.000      -35.9435     -832.9766
 0  22  23.175  44656.305  35.887   2.783   75.100  -10.000      -35.9003     -831.9766
 0  22  23.175  44692.289 234.877  -1.280   36.200  -10.000      -34.3476     -795.9922
 0  22  23.175  44693.293 250.472  -2.444   35.800  -10.000      -34.3042     -794.9883
 0  22  23.175  44694.281 265.824   0.159   42.900  -10.000      -34.2616     -794.0000
 0  22  23.175  44704.273  61.044   1.290   78.100  -10.000      -33.8304     -784.0078
 0  22  23.175  44706.320  92.841  -6.002   76.500  -10.000      -33.7421     -781.9609
 0  22  23.175  44708.309 123.728  -3.015   85.600  -10.000      -33.6563     -779.9727
 0  22  23.175  44709.363 140.111  -6.172   74.900  -10.000      -33.6108     -778.9180
 0  22  23.175  44711.266 169.663  -4.943   73.000  -10.000      -33.5287     -777.0156
 0  22  23.175  44712.277 185.379   0.642   61.300  -10.000      -33.4851     -776.0039
 0  22  23.175  44713.309 201.399  -0.624   45.800  -10.000      -33.4406     -774.9727
 0  22  23.175  44714.273 216.387  10.738   48.500  -10.000      -33.3989     -774.0078
 0  22  23.175  44715.273 231.921   1.148   37.800  -10.000      -33.3558     -773.0078
 0  22  23.175  45089.250 281.358   0.497   46.000  -10.000      -17.2185     -399.0312
 0  22  23.175  45090.270 297.195  -2.713   45.900  -10.000      -17.1745     -398.0117
 0  22  23.175  45091.238 312.245   4.177   57.000  -10.000      -17.1327     -397.0430
 0  22  23.175  45093.223 343.070   5.144   64.200  -10.000      -17.0470     -395.0586
 1  79  23.175  45676.504  43.893  -0.096   12.710  -10.000        8.1219      188.2227
 2  79  23.175  45676.504  43.893   0.005   11.524  -10.000        8.1219      188.2227
 3  79  23.175  45676.504  43.893   0.005   10.031  -10.000        8.1219      188.2227
 4  79  23.175  45676.504  43.893   0.037    9.262  -10.000        8.1219      188.2227
 2  79  23.175  45687.453 213.981  -0.004    9.921  -10.000        8.5944      199.1719
 3  79  23.175  45687.453 213.981  -0.022    9.038  -10.000        8.5944      199.1719
 4  79  23.175  45687.453 213.981  -0.079    8.442  -10.000        8.5944      199.1719
 1  79  23.175  45691.461 276.240   0.119   11.477  -10.000        8.7673      203.1797
 2  79  23.175  45691.461 276.240   0.022   10.535  -10.000        8.7673      203.1797
 3  79  23.175  45691.461 276.240  -0.008    9.351  -10.000        8.7673      203.1797
 4  79  23.175  45691.461 276.240   0.000    8.699  -10.000        8.7673      203.1797
 2  79  23.175  45692.383 290.560   0.027   10.656  -10.000        8.8071      204.1016
 3  79  23.175  45692.383 290.560   0.022    9.445  -10.000        8.8071      204.1016
 4  79  23.175  45692.383 290.560   0.013    8.755  -10.000        8.8071      204.1016
 1  79  23.175  45693.387 306.155   0.036   11.781  -10.000        8.8504      205.1055
 2  79  23.175  45693.387 306.155   0.019   10.781  -10.000        8.8504      205.1055
 3  79  23.175  45693.387 306.155  -0.012    9.489  -10.000        8.8504      205.1055
 4  79  23.175  45693.387 306.155  -0.018    8.779  -10.000        8.8504      205.1055
 1  79  23.175  45694.402 321.932   0.039   11.968  -10.000        8.8943      206.1211
 2  79  23.175  45694.402 321.932   0.044   10.928  -10.000        8.8943      206.1211
 3  79  23.175  45694.402 321.932   0.019    9.596  -10.000        8.8943      206.1211
 4  79  23.175  45694.402 321.932   0.010    8.863  -10.000        8.8943      206.1211
 2  79  23.175  45704.375 116.850   0.017   11.577  -10.000        9.3246      216.0938
 3  79  23.175  45704.375 116.850   0.010   10.158  -10.000        9.3246      216.0938
 4  79  23.175  45704.375 116.850  -0.004    9.377  -10.000        9.3246      216.0938
 2  79  23.175  45705.355 132.080   0.210   11.752  -10.000        9.3669      217.0742
 3  79  23.175  45705.355 132.080   0.144   10.310  -10.000        9.3669      217.0742
 4  79  23.175  45705.355 132.080   0.074    9.487  -10.000        9.3669      217.0742
 1  79  23.175  45706.344 147.432   0.126   12.721  -10.000        9.4095      218.0625
 2  79  23.175  45706.344 147.432   0.127   11.632  -10.000        9.4095      218.0625
 3  79  23.175  45706.344 147.432   0.074   10.238  -10.000        9.4095      218.0625
 4  79  23.175  45706.344 147.432   0.011    9.437  -10.000        9.4095      218.0625
 1  79  23.175  45707.359 163.209  -0.011   12.282  -10.000        9.4534      219.0781
 2  79  23.175  45707.359 163.209  -0.013   11.297  -10.000        9.4534      219.0781
 3  79  23.175  45707.359 163.209  -0.039   10.010  -10.000        9.4534      219.0781
 4  79  23.175  45707.359 163.209  -0.077    9.268  -10.000        9.4534      219.0781
 2  79  23.175  49803.680  76.382  -0.063   11.575  -10.000      186.2122     4315.3984
 3  79  23.175  49803.680  76.382  -0.038   10.102  -10.000      186.2122     4315.3984
 4  79  23.175  49803.680  76.382  -0.033    9.305  -10.000      186.2122     4315.3984
 5  79  23.175  49803.680  76.382  -0.063    8.526  -10.000      186.2122     4315.3984
 2  79  23.175  49805.668 107.265  -0.080   11.503  -10.000      186.2980     4317.3867
 3  79  23.175  49805.668 107.265  -0.035   10.112  -10.000      186.2980     4317.3867
 4  79  23.175  49805.668 107.265  -0.036    9.334  -10.000      186.2980     4317.3867
 5  79  23.175  49805.668 107.265  -0.054    8.591  -10.000      186.2980     4317.3867
 2  79  23.175  49807.664 138.274   0.161   11.691  -10.000      186.3841     4319.3828
 3  79  23.175  49807.664 138.274   0.107   10.274  -10.000      186.3841     4319.3828
 4  79  23.175  49807.664 138.274   0.052    9.473  -10.000      186.3841     4319.3828
 5  79  23.175  49807.664 138.274  -0.012    8.712  -10.000      186.3841     4319.3828
 2  79  23.175  49808.680 154.050   0.117   11.593  -10.000      186.4279     4320.3984
 3  79  23.175  49808.680 154.050   0.069   10.223  -10.000      186.4279     4320.3984
 4  79  23.175  49808.680 154.050   0.024    9.448  -10.000      186.4279     4320.3984
 5  79  23.175  49808.680 154.050  -0.033    8.709  -10.000      186.4279     4320.3984
 2  79  23.175  49809.625 168.734   0.147   11.250  -10.000      186.4687     4321.3438
 3  79  23.175  49809.625 168.734   0.106   10.017  -10.000      186.4687     4321.3438
 4  79  23.175  49809.625 168.734   0.067    9.303  -10.000      186.4687     4321.3438
 5  79  23.175  49809.625 168.734  -0.002    8.603  -10.000      186.4687     4321.3438
 2  79  23.175  49810.656 184.757  -0.045   10.183  -10.000      186.5132     4322.3750
 3  79  23.175  49810.656 184.757  -0.025    9.285  -10.000      186.5132     4322.3750
 4  79  23.175  49810.656 184.757  -0.018    8.730  -10.000      186.5132     4322.3750
 5  79  23.175  49810.656 184.757  -0.052    8.169  -10.000      186.5132     4322.3750
 2  79  23.175  49811.625 199.803  -0.093    9.778  -10.000      186.5550     4323.3438
 3  79  23.175  49811.625 199.803  -0.038    9.010  -10.000      186.5550     4323.3438
 4  79  23.175  49811.625 199.803  -0.011    8.515  -10.000      186.5550     4323.3438
 5  79  23.175  49811.625 199.803  -0.054    7.981  -10.000      186.5550     4323.3438
 2  79  23.175  49812.645 215.640  -0.037    9.903  -10.000      186.5990     4324.3633
 3  79  23.175  49812.645 215.640   0.002    9.069  -10.000      186.5990     4324.3633
 4  79  23.175  49812.645 215.640   0.027    8.552  -10.000      186.5990     4324.3633
 5  79  23.175  49812.645 215.640  -0.019    7.996  -10.000      186.5990     4324.3633
 2  79  23.175  49813.648 231.235  -0.020   10.071  -10.000      186.6423     4325.3672
 3  79  23.175  49813.648 231.235   0.044    9.184  -10.000      186.6423     4325.3672
 4  79  23.175  49813.648 231.235   0.054    8.619  -10.000      186.6423     4325.3672
 5  79  23.175  49813.648 231.235   0.006    8.031  -10.000      186.6423     4325.3672
 2  79  23.175  49814.660 246.951  -0.045   10.219  -10.000      186.6860     4326.3789
 3  79  23.175  49814.660 246.951   0.017    9.248  -10.000      186.6860     4326.3789
 4  79  23.175  49814.660 246.951   0.031    8.652  -10.000      186.6860     4326.3789
 5  79  23.175  49814.660 246.951  -0.003    8.046  -10.000      186.6860     4326.3789
 2  79  23.175  49815.625 261.942  -0.016   10.375  -10.000      186.7276     4327.3438
 3  79  23.175  49815.625 261.942   0.024    9.318  -10.000      186.7276     4327.3438
 4  79  23.175  49815.625 261.942   0.048    8.705  -10.000      186.7276     4327.3438
 5  79  23.175  49815.625 261.942   0.003    8.065  -10.000      186.7276     4327.3438
 2  79  23.175  49816.609 277.234  -0.014   10.507  -10.000      186.7701     4328.3281
 3  79  23.175  49816.609 277.234   0.022    9.385  -10.000      186.7701     4328.3281
 4  79  23.175  49816.609 277.234   0.038    8.740  -10.000      186.7701     4328.3281
 5  79  23.175  49816.609 277.234  -0.001    8.082  -10.000      186.7701     4328.3281
 2  79  23.175  49817.598 292.582  -0.001   10.646  -10.000      186.8127     4329.3164
 3  79  23.175  49817.598 292.582   0.030    9.463  -10.000      186.8127     4329.3164
 4  79  23.175  49817.598 292.582   0.037    8.786  -10.000      186.8127     4329.3164
 5  79  23.175  49817.598 292.582  -0.006    8.103  -10.000      186.8127     4329.3164
 2  79  23.175  49818.602 308.177  -0.012   10.766  -10.000      186.8560     4330.3203
 3  79  23.175  49818.602 308.177   0.012    9.523  -10.000      186.8560     4330.3203
 4  79  23.175  49818.602 308.177   0.006    8.811  -10.000      186.8560     4330.3203
 5  79  23.175  49818.602 308.177  -0.010    8.134  -10.000      186.8560     4330.3203
 2  79  23.175  49819.582 323.410   0.022   10.917  -10.000      186.8984     4331.3008
 3  79  23.175  49819.582 323.410   0.025    9.609  -10.000      186.8984     4331.3008
 4  79  23.175  49819.582 323.410   0.026    8.884  -10.000      186.8984     4331.3008
 5  79  23.175  49819.582 323.410  -0.002    8.179  -10.000      186.8984     4331.3008
 2  79  23.175  49821.582 354.479   0.016   11.157  -10.000      186.9847     4333.3008
 3  79  23.175  49821.582 354.479   0.014    9.760  -10.000      186.9847     4333.3008
 4  79  23.175  49821.582 354.479   0.015    9.002  -10.000      186.9847     4333.3008
 5  79  23.175  49821.582 354.479  -0.014    8.264  -10.000      186.9847     4333.3008
 2  79  23.175  49822.586  10.074   0.016   11.282  -10.000      187.0280     4334.3047
 3  79  23.175  49822.586  10.074  -0.005    9.828  -10.000      187.0280     4334.3047
 4  79  23.175  49822.586  10.074  -0.003    9.055  -10.000      187.0280     4334.3047
 5  79  23.175  49822.586  10.074  -0.015    8.319  -10.000      187.0280     4334.3047
 2  79  23.175  49823.578  25.488   0.007   11.392  -10.000      187.0708     4335.2969
 3  79  23.175  49823.578  25.488   0.020    9.941  -10.000      187.0708     4335.2969
 4  79  23.175  49823.578  25.488   0.037    9.169  -10.000      187.0708     4335.2969
 5  79  23.175  49823.578  25.488   0.015    8.412  -10.000      187.0708     4335.2969
 2  79  23.175  49824.574  40.963  -0.011   11.488  -10.000      187.1138     4336.2930
 3  79  23.175  49824.574  40.963  -0.012    9.998  -10.000      187.1138     4336.2930
 4  79  23.175  49824.574  40.963  -0.010    9.201  -10.000      187.1138     4336.2930
 5  79  23.175  49824.574  40.963  -0.026    8.439  -10.000      187.1138     4336.2930
 2  79  23.175  49825.570  56.431  -0.044   11.536  -10.000      187.1568     4337.2891
 3  79  23.175  49825.570  56.431  -0.029   10.050  -10.000      187.1568     4337.2891
 4  79  23.175  49825.570  56.431  -0.028    9.247  -10.000      187.1568     4337.2891
 5  79  23.175  49825.570  56.431  -0.032    8.493  -10.000      187.1568     4337.2891
 2  79  23.175  49826.582  72.153  -0.073   11.555  -10.000      187.2004     4338.3008
 3  79  23.175  49826.582  72.153  -0.048   10.080  -10.000      187.2004     4338.3008
 4  79  23.175  49826.582  72.153  -0.034    9.291  -10.000      187.2004     4338.3008
 5  79  23.175  49826.582  72.153  -0.051    8.524  -10.000      187.2004     4338.3008
 2  79  23.175  49827.578  87.621  -0.083   11.560  -10.000      187.2434     4339.2969
 3  79  23.175  49827.578  87.621  -0.056   10.103  -10.000      187.2434     4339.2969
 4  79  23.175  49827.578  87.621  -0.051    9.310  -10.000      187.2434     4339.2969
 5  79  23.175  49827.578  87.621  -0.057    8.560  -10.000      187.2434     4339.2969
23   4  23.175  40665.352 319.515  -0.017    2.775  -10.000     -208.1125    -4822.9297
24   4  23.175  40665.352 319.515  -0.014    4.148  -10.000     -208.1125    -4822.9297
25   4  23.175  40665.352 319.515  -0.055    5.790  -10.000     -208.1125    -4822.9297
27   4  23.175  40665.352 319.515   0.006    5.330  -10.000     -208.1125    -4822.9297
23   4  23.175  40675.336 114.615  -0.041    3.340  -10.000     -207.6816    -4812.9453
24   4  23.175  40675.336 114.615  -0.042    4.852  -10.000     -207.6816    -4812.9453
25   4  23.175  40675.336 114.615  -0.107    6.543  -10.000     -207.6816    -4812.9453
27   4  23.175  40675.336 114.615  -0.135    6.055  -10.000     -207.6816    -4812.9453
23   4  23.175  40676.309 129.721   0.047    3.440  -10.000     -207.6397    -4811.9727
24   4  23.175  40676.309 129.721   0.108    4.970  -10.000     -207.6397    -4811.9727
25   4  23.175  40676.309 129.721   0.069    6.665  -10.000     -207.6397    -4811.9727
27   4  23.175  40676.309 129.721   0.136    6.253  -10.000     -207.6397    -4811.9727
23   4  23.175  40677.316 145.377   0.056    3.450  -10.000     -207.5962    -4810.9648
24   4  23.175  40677.316 145.377   0.121    4.940  -10.000     -207.5962    -4810.9648
25   4  23.175  40677.316 145.377  -0.028    6.503  -10.000     -207.5962    -4810.9648
27   4  23.175  40677.316 145.377   0.097    6.130  -10.000     -207.5962    -4810.9648
23   4  23.175  40682.320 223.110  -0.029    2.283  -10.000     -207.3802    -4805.9609
24   4  23.175  40682.320 223.110  -0.021    3.183  -10.000     -207.3802    -4805.9609
25   4  23.175  40682.320 223.110   0.112    4.760  -10.000     -207.3802    -4805.9609
27   4  23.175  40682.320 223.110  -0.028    3.895  -10.000     -207.3802    -4805.9609
23   4  23.175  40684.297 253.817  -0.032    2.445  -10.000     -207.2950    -4803.9844
24   4  23.175  40684.297 253.817  -0.053    3.505  -10.000     -207.2950    -4803.9844
25   4  23.175  40684.297 253.817  -0.008    5.090  -10.000     -207.2950    -4803.9844
27   4  23.175  40684.297 253.817  -0.108    4.345  -10.000     -207.2950    -4803.9844
23   4  23.175  40689.293 331.425  -0.016    2.838  -10.000     -207.0794    -4798.9883
24   4  23.175  40689.293 331.425  -0.004    4.260  -10.000     -207.0794    -4798.9883
25   4  23.175  40689.293 331.425  -0.086    5.883  -10.000     -207.0794    -4798.9883
27   4  23.175  40689.293 331.425   0.000    5.465  -10.000     -207.0794    -4798.9883
23   4  23.175  40702.289 173.309   0.065    3.040  -10.000     -206.5186    -4785.9922
24   4  23.175  40702.289 173.309   0.152    4.273  -10.000     -206.5186    -4785.9922
25   4  23.175  40702.289 173.309   0.136    5.827  -10.000     -206.5186    -4785.9922
27   4  23.175  40702.289 173.309   0.140    5.215  -10.000     -206.5186    -4785.9922
23   4  23.175  40706.277 235.267  -0.019    2.355  -10.000     -206.3465    -4782.0039
24   4  23.175  40706.277 235.267  -0.018    3.325  -10.000     -206.3465    -4782.0039
25   4  23.175  40706.277 235.267   0.079    4.905  -10.000     -206.3465    -4782.0039
27   4  23.175  40706.277 235.267  -0.046    4.088  -10.000     -206.3465    -4782.0039
23   4  23.175  40707.262 250.554  -0.013    2.450  -10.000     -206.3040    -4781.0195
24   4  23.175  40707.262 250.554  -0.039    3.488  -10.000     -206.3040    -4781.0195
25   4  23.175  40707.262 250.554   0.005    5.062  -10.000     -206.3040    -4781.0195
27   4  23.175  40707.262 250.554  -0.101    4.305  -10.000     -206.3040    -4781.0195
23   4  23.175  40709.258 281.563  -0.023    2.580  -10.000     -206.2179    -4779.0234
24   4  23.175  40709.258 281.563  -0.025    3.793  -10.000     -206.2179    -4779.0234
25   4  23.175  40709.258 281.563  -0.063    5.360  -10.000     -206.2179    -4779.0234
27   4  23.175  40709.258 281.563  -0.076    4.760  -10.000     -206.2179    -4779.0234
23   4  23.175  40710.254 297.037  -0.015    2.665  -10.000     -206.1749    -4778.0273
24   4  23.175  40710.254 297.037  -0.013    3.950  -10.000     -206.1749    -4778.0273
25   4  23.175  40710.254 297.037  -0.041    5.562  -10.000     -206.1749    -4778.0273
27   4  23.175  40710.254 297.037  -0.053    4.992  -10.000     -206.1749    -4778.0273
23   4  23.175  40714.242 358.995  -0.013    2.993  -10.000     -206.0028    -4774.0391
24   4  23.175  40714.242 358.995  -0.020    4.485  -10.000     -206.0028    -4774.0391
25   4  23.175  40714.242 358.995  -0.034    6.220  -10.000     -206.0028    -4774.0391
27   4  23.175  40714.242 358.995   0.035    5.823  -10.000     -206.0028    -4774.0391
23   4  23.175  40716.246  30.119  -0.027    3.155  -10.000     -205.9163    -4772.0352
24   4  23.175  40716.246  30.119  -0.027    4.735  -10.000     -205.9163    -4772.0352
25   4  23.175  40716.246  30.119  -0.076    6.475  -10.000     -205.9163    -4772.0352
27   4  23.175  40716.246  30.119   0.021    6.140  -10.000     -205.9163    -4772.0352
23   4  23.175  40717.238  45.533  -0.048    3.223  -10.000     -205.8735    -4771.0430
24   4  23.175  40717.238  45.533  -0.043    4.835  -10.000     -205.8735    -4771.0430
25   4  23.175  40717.238  45.533  -0.041    6.640  -10.000     -205.8735    -4771.0430
27   4  23.175  40717.238  45.533   0.007    6.267  -10.000     -205.8735    -4771.0430
23   4  23.175  40718.238  61.068  -0.051    3.280  -10.000     -205.8304    -4770.0430
24   4  23.175  40718.238  61.068  -0.052    4.895  -10.000     -205.8304    -4770.0430
25   4  23.175  40718.238  61.068  -0.079    6.675  -10.000     -205.8304    -4770.0430
27   4  23.175  40718.238  61.068  -0.085    6.253  -10.000     -205.8304    -4770.0430
23   4  23.175  40728.219 216.107  -0.044    2.233  -10.000     -205.3997    -4760.0625
24   4  23.175  40728.219 216.107  -0.021    3.105  -10.000     -205.3997    -4760.0625
25   4  23.175  40728.219 216.107   0.149    4.698  -10.000     -205.3997    -4760.0625
27   4  23.175  40728.219 216.107  -0.008    3.798  -10.000     -205.3997    -4760.0625
23   4  23.175  40729.230 231.823  -0.017    2.338  -10.000     -205.3560    -4759.0508
24   4  23.175  40729.230 231.823  -0.035    3.265  -10.000     -205.3560    -4759.0508
25   4  23.175  40729.230 231.823   0.103    4.875  -10.000     -205.3560    -4759.0508
27   4  23.175  40729.230 231.823  -0.028    4.043  -10.000     -205.3560    -4759.0508
23   4  23.175  40734.188 308.826  -0.008    2.733  -10.000     -205.1422    -4754.0938
24   4  23.175  40734.188 308.826  -0.021    4.050  -10.000     -205.1422    -4754.0938
25   4  23.175  40734.188 308.826  -0.078    5.658  -10.000     -205.1422    -4754.0938
27   4  23.175  40734.188 308.826  -0.045    5.153  -10.000     -205.1422    -4754.0938
23   4  23.175  40735.191 324.421  -0.007    2.810  -10.000     -205.0988    -4753.0898
24   4  23.175  40735.191 324.421  -0.009    4.195  -10.000     -205.0988    -4753.0898
25   4  23.175  40735.191 324.421  -0.054    5.842  -10.000     -205.0988    -4753.0898
27   4  23.175  40735.191 324.421  -0.015    5.367  -10.000     -205.0988    -4753.0898
23   4  23.175  40736.191 339.955  -0.022    2.875  -10.000     -205.0557    -4752.0898
24   4  23.175  40736.191 339.955  -0.023    4.312  -10.000     -205.0557    -4752.0898
25   4  23.175  40736.191 339.955  -0.059    5.995  -10.000     -205.0557    -4752.0898
27   4  23.175  40736.191 339.955  -0.002    5.560  -10.000     -205.0557    -4752.0898
23   4  23.175  40737.191 355.490  -0.035    2.950  -10.000     -205.0125    -4751.0898
24   4  23.175  40737.191 355.490  -0.015    4.457  -10.000     -205.0125    -4751.0898
25   4  23.175  40737.191 355.490  -0.060    6.155  -10.000     -205.0125    -4751.0898
27   4  23.175  40737.191 355.490   0.010    5.755  -10.000     -205.0125    -4751.0898
23   4  23.175  40738.191  11.025  -0.030    3.043  -10.000     -204.9694    -4750.0898
24   4  23.175  40738.191  11.025  -0.015    4.590  -10.000     -204.9694    -4750.0898
25   4  23.175  40738.191  11.025  -0.051    6.320  -10.000     -204.9694    -4750.0898
27   4  23.175  40738.191  11.025   0.005    5.925  -10.000     -204.9694    -4750.0898
23   4  23.175  40740.199  42.215  -0.063    3.190  -10.000     -204.8827    -4748.0820
24   4  23.175  40740.199  42.215  -0.061    4.795  -10.000     -204.8827    -4748.0820
25   4  23.175  40740.199  42.215  -0.041    6.615  -10.000     -204.8827    -4748.0820
27   4  23.175  40740.199  42.215  -0.022    6.213  -10.000     -204.8827    -4748.0820
23   4  23.175  40741.188  57.568  -0.070    3.250  -10.000     -204.8401    -4747.0938
24   4  23.175  40741.188  57.568  -0.065    4.870  -10.000     -204.8401    -4747.0938
25   4  23.175  40741.188  57.568  -0.062    6.680  -10.000     -204.8401    -4747.0938
27   4  23.175  40741.188  57.568  -0.075    6.250  -10.000     -204.8401    -4747.0938
23   4  23.175  40850.625 317.593  -0.008    2.775  -10.000     -200.1178    -4637.6562
24   4  23.175  40850.625 317.593  -0.010    4.135  -10.000     -200.1178    -4637.6562
25   4  23.175  40850.625 317.593  -0.106    5.720  -10.000     -200.1178    -4637.6562
27   4  23.175  40850.625 317.593   0.051    5.352  -10.000     -200.1178    -4637.6562
23   4  23.175  40861.613 128.287   0.029    3.420  -10.000     -199.6436    -4626.6680
24   4  23.175  40861.613 128.287   0.117    4.980  -10.000     -199.6436    -4626.6680
25   4  23.175  40861.613 128.287   0.116    6.715  -10.000     -199.6436    -4626.6680
27   4  23.175  40861.613 128.287   0.163    6.285  -10.000     -199.6436    -4626.6680
23   4  23.175  40862.605 143.701   0.081    3.475  -10.000     -199.6008    -4625.6758
24   4  23.175  40862.605 143.701   0.151    4.975  -10.000     -199.6008    -4625.6758
25   4  23.175  40862.605 143.701   0.129    6.668  -10.000     -199.6008    -4625.6758
27   4  23.175  40862.605 143.701   0.150    6.193  -10.000     -199.6008    -4625.6758
23   4  23.175  40864.598 174.650   0.052    2.975  -10.000     -199.5149    -4623.6836
24   4  23.175  40864.598 174.650   0.128    4.168  -10.000     -199.5149    -4623.6836
25   4  23.175  40864.598 174.650   0.121    5.718  -10.000     -199.5149    -4623.6836
27   4  23.175  40864.598 174.650   0.170    5.138  -10.000     -199.5149    -4623.6836
23   4  23.175  40873.578 314.154  -0.006    2.760  -10.000     -199.1273    -4614.7031
24   4  23.175  40873.578 314.154  -0.014    4.102  -10.000     -199.1273    -4614.7031
25   4  23.175  40873.578 314.154  -0.125    5.665  -10.000     -199.1273    -4614.7031
27   4  23.175  40873.578 314.154  -0.016    5.245  -10.000     -199.1273    -4614.7031
23   4  23.175  40928.469  86.836  -0.082    3.312  -10.000     -196.7588    -4559.8125
24   4  23.175  40928.469  86.836  -0.096    4.895  -10.000     -196.7588    -4559.8125
25   4  23.175  40928.469  86.836  -0.196    6.592  -10.000     -196.7588    -4559.8125
27   4  23.175  40928.469  86.836  -0.109    6.255  -10.000     -196.7588    -4559.8125
23   4  23.175  40929.422 101.640  -0.066    3.318  -10.000     -196.7177    -4558.8594
24   4  23.175  40929.422 101.640  -0.103    4.835  -10.000     -196.7177    -4558.8594
25   4  23.175  40929.422 101.640  -0.117    6.597  -10.000     -196.7177    -4558.8594
27   4  23.175  40929.422 101.640  -0.167    6.105  -10.000     -196.7177    -4558.8594
23   4  23.175  40931.516 134.165   0.042    3.440  -10.000     -196.6273    -4556.7656
24   4  23.175  40931.516 134.165   0.122    4.977  -10.000     -196.6273    -4556.7656
25   4  23.175  40931.516 134.165   0.069    6.653  -10.000     -196.6273    -4556.7656
27   4  23.175  40931.516 134.165   0.213    6.312  -10.000     -196.6273    -4556.7656
23   4  23.175  41089.207  63.781  -0.055    3.285  -10.000     -189.8228    -4399.0742
24   4  23.175  41089.207  63.781  -0.055    4.900  -10.000     -189.8228    -4399.0742
25   4  23.175  41089.207  63.781  -0.115    6.648  -10.000     -189.8228    -4399.0742
27   4  23.175  41089.207  63.781  -0.064    6.283  -10.000     -189.8228    -4399.0742
23   4  23.175  41092.219 110.566  -0.039    3.342  -10.000     -189.6929    -4396.0625
24   4  23.175  41092.219 110.566  -0.062    4.845  -10.000     -189.6929    -4396.0625
25   4  23.175  41092.219 110.566  -0.111    6.557  -10.000     -189.6929    -4396.0625
27   4  23.175  41092.219 110.566  -0.096    6.118  -10.000     -189.6929    -4396.0625
23   4  23.175  41096.199 172.397   0.073    3.082  -10.000     -189.5211    -4392.0820
24   4  23.175  41096.199 172.397   0.161    4.335  -10.000     -189.5211    -4392.0820
25   4  23.175  41096.199 172.397   0.142    5.898  -10.000     -189.5211    -4392.0820
27   4  23.175  41096.199 172.397   0.206    5.352  -10.000     -189.5211    -4392.0820
23   4  23.175  41115.195 107.490  -0.056    3.325  -10.000     -188.7014    -4373.0859
24   4  23.175  41115.195 107.490  -0.071    4.845  -10.000     -188.7014    -4373.0859
25   4  23.175  41115.195 107.490  -0.160    6.523  -10.000     -188.7014    -4373.0859
27   4  23.175  41115.195 107.490  -0.107    6.125  -10.000     -188.7014    -4373.0859
23   4  23.175  41116.195 123.025   0.007    3.390  -10.000     -188.6583    -4372.0859
24   4  23.175  41116.195 123.025   0.023    4.892  -10.000     -188.6583    -4372.0859
25   4  23.175  41116.195 123.025  -0.088    6.525  -10.000     -188.6583    -4372.0859
27   4  23.175  41116.195 123.025  -0.049    6.092  -10.000     -188.6583    -4372.0859
23   4  23.175  41117.188 138.439   0.047    3.445  -10.000     -188.6154    -4371.0938
24   4  23.175  41117.188 138.439   0.117    4.960  -10.000     -188.6154    -4371.0938
25   4  23.175  41117.188 138.439  -0.082    6.483  -10.000     -188.6154    -4371.0938
27   4  23.175  41117.188 138.439   0.107    6.182  -10.000     -188.6154    -4371.0938
23   4  23.175  41118.188 153.968   0.035    3.418  -10.000     -188.5723    -4370.0938
24   4  23.175  41118.188 153.968   0.088    4.867  -10.000     -188.5723    -4370.0938
25   4  23.175  41118.188 153.968  -0.032    6.445  -10.000     -188.5723    -4370.0938
27   4  23.175  41118.188 153.968   0.025    5.992  -10.000     -188.5723    -4370.0938
23   4  23.175  41119.195 169.623   0.082    3.188  -10.000     -188.5288    -4369.0859
24   4  23.175  41119.195 169.623   0.162    4.488  -10.000     -188.5288    -4369.0859
25   4  23.175  41119.195 169.623   0.196    6.130  -10.000     -188.5288    -4369.0859
27   4  23.175  41119.195 169.623   0.211    5.560  -10.000     -188.5288    -4369.0859
23   4  23.175  41120.188 185.037  -0.032    2.477  -10.000     -188.4860    -4368.0938
24   4  23.175  41120.188 185.037  -0.016    3.390  -10.000     -188.4860    -4368.0938
25   4  23.175  41120.188 185.037   0.081    4.935  -10.000     -188.4860    -4368.0938
27   4  23.175  41120.188 185.037  -0.023    4.108  -10.000     -188.4860    -4368.0938
23   4  23.175  41121.188 200.572  -0.088    2.162  -10.000     -188.4429    -4367.0938
24   4  23.175  41121.188 200.572  -0.066    2.970  -10.000     -188.4429    -4367.0938
25   4  23.175  41121.188 200.572   0.095    4.523  -10.000     -188.4429    -4367.0938
27   4  23.175  41121.188 200.572  -0.040    3.617  -10.000     -188.4429    -4367.0938
 3 150  23.175  50543.262  45.214   0.001   10.033  -10.000      218.1256     5054.9805
 5 150  23.175  50543.262  45.214  -0.030    8.453  -10.000      218.1256     5054.9805
 3 150  23.175  50568.250  73.389  -0.029   10.103  -10.000      219.2039     5079.9688
 5 150  23.175  50568.250  73.389  -0.030    8.549  -10.000      219.2039     5079.9688
 3 150  23.175  50570.234 104.216  -0.054   10.094  -10.000      219.2895     5081.9531
 5 150  23.175  50570.234 104.216  -0.063    8.576  -10.000      219.2895     5081.9531
 3 150  23.175  50571.219 119.504  -0.013   10.136  -10.000      219.3320     5082.9375
 5 150  23.175  50571.219 119.504  -0.059    8.612  -10.000      219.3320     5082.9375
 3 150  23.175  50572.219 135.038   0.081   10.249  -10.000      219.3751     5083.9375
 5 150  23.175  50572.219 135.038  -0.014    8.704  -10.000      219.3751     5083.9375
 3 150  23.175  50573.230 150.754   0.053   10.215  -10.000      219.4188     5084.9492
 5 150  23.175  50573.230 150.754  -0.041    8.701  -10.000      219.4188     5084.9492
 3 150  23.175  50575.219 181.642   0.064    9.489  -10.000      219.5046     5086.9375
 5 150  23.175  50575.219 181.642  -0.024    8.273  -10.000      219.5046     5086.9375
 3 150  23.175  50575.242 182.005   0.067    9.478  -10.000      219.5056     5086.9609
 5 150  23.175  50575.242 182.005  -0.011    8.276  -10.000      219.5056     5086.9609
 3 150  23.175  50576.215 197.117  -0.073    8.989  -10.000      219.5475     5087.9336
 5 150  23.175  50576.215 197.117  -0.089    7.959  -10.000      219.5475     5087.9336
 3 150  23.175  50576.246 197.600  -0.071    8.988  -10.000      219.5489     5087.9648
 5 150  23.175  50576.246 197.600  -0.092    7.953  -10.000      219.5489     5087.9648
 3 150  23.175  50578.219 228.246   0.007    9.132  -10.000      219.6340     5089.9375
 5 150  23.175  50578.219 228.246  -0.017    8.005  -10.000      219.6340     5089.9375
 3 150  23.175  50578.242 228.609   0.021    9.148  -10.000      219.6350     5089.9609
 5 150  23.175  50578.242 228.609   0.002    8.025  -10.000      219.6350     5089.9609
 3 150  23.175  50580.215 259.255   0.021    9.303  -10.000      219.7202     5091.9336
 5 150  23.175  50580.215 259.255  -0.004    8.055  -10.000      219.7202     5091.9336
 3 150  23.175  50580.250 259.799   0.042    9.327  -10.000      219.7217     5091.9688
 5 150  23.175  50580.250 259.799   0.017    8.076  -10.000      219.7217     5091.9688
 3 150  23.175  50581.223 274.911   0.051    9.404  -10.000      219.7636     5092.9414
 5 150  23.175  50581.223 274.911   0.015    8.095  -10.000      219.7636     5092.9414
 3 150  23.175  50581.246 275.273   0.046    9.401  -10.000      219.7646     5092.9648
 5 150  23.175  50581.246 275.273   0.017    8.097  -10.000      219.7646     5092.9648
 3 150  23.175  50581.277 275.757   0.043    9.400  -10.000      219.7660     5092.9961
 5 150  23.175  50581.277 275.757   0.027    8.108  -10.000      219.7660     5092.9961
 3 150  23.175  50582.207 290.198   0.032    9.453  -10.000      219.8061     5093.9258
 5 150  23.175  50582.207 290.198   0.002    8.106  -10.000      219.8061     5093.9258
 3 150  23.175  50582.262 291.050   0.019    9.445  -10.000      219.8085     5093.9805
 5 150  23.175  50582.262 291.050   0.007    8.112  -10.000      219.8085     5093.9805
 3 150  23.175  50583.227 306.041   0.008    9.509  -10.000      219.8501     5094.9453
 5 150  23.175  50583.227 306.041  -0.018    8.121  -10.000      219.8501     5094.9453
 3 150  23.175  50583.262 306.584   0.013    9.516  -10.000      219.8516     5094.9805
 5 150  23.175  50583.262 306.584  -0.003    8.137  -10.000      219.8516     5094.9805
 3 150  23.175  50584.215 321.389   0.012    9.586  -10.000      219.8927     5095.9336
 5 150  23.175  50584.215 321.389  -0.007    8.168  -10.000      219.8927     5095.9336
 3 150  23.175  50584.246 321.877   0.014    9.590  -10.000      219.8941     5095.9648
 5 150  23.175  50584.246 321.877  -0.017    8.160  -10.000      219.8941     5095.9648
18 163  23.175  47856.738  72.150  -0.012   10.247  -10.000      102.2004     2368.4570
18 163  23.175  47856.754  72.392  -0.043   10.216  -10.000      102.2011     2368.4727
18 163  23.175  47856.828  73.545   0.030   10.293  -10.000      102.2043     2368.5469
18 163  23.175  47898.504   0.948   0.007    9.924  -10.000      104.0026     2410.2227
18 163  23.175  47898.516   1.129   0.021    9.939  -10.000      104.0031     2410.2344
18 163  23.175  47898.594   2.343   0.022    9.947  -10.000      104.0065     2410.3125
18 163  23.175  47898.605   2.524   0.024    9.950  -10.000      104.0070     2410.3242
18 163  23.175  47909.523 172.126   0.113   10.053  -10.000      104.4781     2421.2422
18 163  23.175  47909.539 172.370   0.131   10.062  -10.000      104.4788     2421.2578
18 163  23.175  47909.613 173.521   0.176   10.066  -10.000      104.4820     2421.3320
18 163  23.175  47909.629 173.765   0.109    9.989  -10.000      104.4827     2421.3477
18 163  23.175  47909.703 174.919   0.193   10.030  -10.000      104.4859     2421.4219
18 163  23.175  47909.719 175.161   0.112    9.939  -10.000      104.4866     2421.4375
18 163  23.175  47981.059 203.371  -0.071    9.118  -10.000      107.5649     2492.7773
18 163  23.175  48044.754 112.827  -0.051   10.230  -10.000      110.3134     2556.4727
18 163  23.175  48044.934 115.617  -0.036   10.245  -10.000      110.3212     2556.6523
18 163  23.175  48059.773 346.143  -0.024    9.809  -10.000      110.9615     2571.4922
18 163  23.175  48059.789 346.388   0.023    9.858  -10.000      110.9622     2571.5078
18 163  23.175  48059.863 347.539  -0.031    9.810  -10.000      110.9654     2571.5820
18 163  23.175  48103.734 309.043   0.085    9.737  -10.000      112.8585     2615.4531
18 163  23.175  48103.750 309.287   0.032    9.686  -10.000      112.8591     2615.4688
18 163  23.175  48104.016 313.412   0.037    9.710  -10.000      112.8706     2615.7344
18 163  23.175  48104.180 315.961   0.037    9.721  -10.000      112.8777     2615.8984
18 163  23.175  48104.191 316.143   0.017    9.702  -10.000      112.8782     2615.9102
18 163  23.175  48109.793  43.160   0.018   10.170  -10.000      113.1199     2621.5117
18 163  23.175  48109.867  44.311  -0.027   10.131  -10.000      113.1231     2621.5859
18 163  23.175  48109.883  44.555   0.027   10.186  -10.000      113.1238     2621.6016
18 163  23.175  48109.957  45.709  -0.007   10.158  -10.000      113.1270     2621.6758
18 163  23.175  48109.969  45.890  -0.003   10.163  -10.000      113.1275     2621.6875
18 163  23.175  48110.043  47.043   0.079   10.250  -10.000      113.1307     2621.7617
18 163  23.175  48151.973 338.387   0.030    9.824  -10.000      114.9400     2663.6914
18 163  23.175  48151.988 338.632   0.021    9.816  -10.000      114.9406     2663.7070
18 163  23.175  48152.062 339.782   0.028    9.829  -10.000      114.9438     2663.7812
18 163  23.175  48152.078 340.027   0.028    9.830  -10.000      114.9445     2663.7969
18 163  23.175  48152.164 341.362  -0.039    9.769  -10.000      114.9482     2663.8828
18 163  23.175  48170.371 264.194   0.066    9.511  -10.000      115.7339     2682.0898
18 163  23.175  48170.383 264.375   0.055    9.501  -10.000      115.7344     2682.1016
18 163  23.175  48201.645  30.001   0.033   10.111  -10.000      117.0833     2713.3633
18 163  23.175  48201.660  30.245  -0.019   10.059  -10.000      117.0840     2713.3789
18 163  23.175  48201.734  31.396   0.023   10.109  -10.000      117.0872     2713.4531
18 163  23.175  48234.180 175.410   0.088    9.906  -10.000      118.4873     2745.8984
18 163  23.175  48234.258 176.624   0.076    9.846  -10.000      118.4906     2745.9766
18 163  23.175  48234.270 176.806   0.066    9.828  -10.000      118.4911     2745.9883
18 163  23.175  48252.832 105.161  -0.044   10.235  -10.000      119.2921     2764.5508
18 163  23.175  48252.844 105.342  -0.014   10.265  -10.000      119.2926     2764.5625
18 163  23.175  48252.922 106.556  -0.013   10.266  -10.000      119.2960     2764.6406
18 163  23.175  48252.934 106.738   0.019   10.298  -10.000      119.2965     2764.6523
18 163  23.175  48301.719 144.577   0.077   10.376  -10.000      121.4016     2813.4375
18 163  23.175  48301.809 145.973   0.068   10.367  -10.000      121.4055     2813.5273
18 163  23.175  48301.973 148.521   0.113   10.412  -10.000      121.4126     2813.6914
18 163  23.175  48301.984 148.703   0.234   10.533  -10.000      121.4131     2813.7031
18 163  23.175  48302.062 149.917   0.171   10.469  -10.000      121.4164     2813.7812
18 163  23.175  48302.074 150.101   0.176   10.474  -10.000      121.4169     2813.7930
18 163  23.175  48302.148 151.252   0.030   10.327  -10.000      121.4201     2813.8672
18 163  23.175  48302.164 151.496   0.082   10.378  -10.000      121.4208     2813.8828
18 163  23.175  48302.238 152.647   0.112   10.405  -10.000      121.4240     2813.9570
18 163  23.175  48318.340  42.773  -0.026   10.124  -10.000      122.1188     2830.0586
18 163  23.175  48318.414  43.926   0.038   10.194  -10.000      122.1220     2830.1328
18 163  23.175  48318.430  44.168   0.001   10.159  -10.000      122.1227     2830.1484
18 163  23.175  48354.398 242.916   0.006    9.359  -10.000      123.6748     2866.1172
18 163  23.175  48354.414 243.158   0.007    9.360  -10.000      123.6754     2866.1328
18 163  23.175  48354.484 244.251   0.020    9.380  -10.000      123.6785     2866.2031
18 163  23.175  48354.500 244.492   0.017    9.378  -10.000      123.6791     2866.2188
18 163  23.175  48384.961 357.682   0.041    9.940  -10.000      124.9936     2896.6797
18 163  23.175  48405.398 315.162   0.040    9.721  -10.000      125.8755     2917.1172
18 163  23.175  48405.410 315.343   0.015    9.696  -10.000      125.8760     2917.1289
18 163  23.175  48405.484 316.497   0.031    9.718  -10.000      125.8792     2917.2031
18 163  23.175  48405.500 316.739   0.049    9.737  -10.000      125.8798     2917.2188
18 163  23.175  48405.574 317.892   0.023    9.716  -10.000      125.8830     2917.2930
18 163  23.175  48446.789 238.131   0.026    9.350  -10.000      127.6615     2958.5078
18 163  23.175  48446.805 238.376   0.052    9.377  -10.000      127.6622     2958.5234
18 163  23.175  48446.879 239.529   0.025    9.358  -10.000      127.6654     2958.5977
18 163  23.175  48446.895 239.771   0.078    9.413  -10.000      127.6660     2958.6133
18 163  23.175  48447.059 242.320   0.005    9.354  -10.000      127.6731     2958.7773
18 163  23.175  48447.070 242.501  -0.021    9.329  -10.000      127.6736     2958.7891
18 163  23.175  48447.234 245.050   0.042    9.406  -10.000      127.6807     2958.9531
18 163  23.175  48453.812 347.237   0.055    9.894  -10.000      127.9645     2965.5312
18 163  23.175  48453.828 347.478   0.035    9.875  -10.000      127.9652     2965.5469
18 163  23.175  48453.902 348.632   0.003    9.849  -10.000      127.9684     2965.6211
18 163  23.175  48453.914 348.813   0.063    9.910  -10.000      127.9689     2965.6328
18 163  23.175  48454.258 354.155   0.023    9.901  -10.000      127.9838     2965.9766
18 163  23.175  48498.137 315.780   0.043    9.726  -10.000      129.8772     3009.8555
18 163  23.175  48498.152 316.022  -0.007    9.677  -10.000      129.8778     3009.8711
18 163  23.175  48498.227 317.175  -0.007    9.683  -10.000      129.8810     3009.9453
18 163  23.175  48511.023 155.962   0.047   10.326  -10.000      130.4332     3022.7422
18 163  23.175  48511.039 156.209   0.074   10.351  -10.000      130.4339     3022.7578
18 163  23.175  48511.113 157.357   0.073   10.341  -10.000      130.4371     3022.8320
18 163  23.175  48511.129 157.604  -0.017   10.249  -10.000      130.4378     3022.8477
18 163  23.175  48511.203 158.758   0.107   10.361  -10.000      130.4410     3022.9219
18 163  23.175  48511.219 159.000   0.006   10.257  -10.000      130.4417     3022.9375
18 163  23.175  48573.086  40.056   0.038   10.174  -10.000      133.1113     3084.8047
18 163  23.175  48573.160  41.210   0.014   10.156  -10.000      133.1145     3084.8789
18 163  23.175  48573.176  41.451   0.031   10.174  -10.000      133.1151     3084.8945
18 163  23.175  48573.250  42.605   0.032   10.182  -10.000      133.1183     3084.9688
18 163  23.175  48597.512  59.491   0.005   10.225  -10.000      134.1653     3109.2305
18 163  23.175  48597.523  59.672  -0.012   10.209  -10.000      134.1658     3109.2422
18 163  23.175  48597.602  60.886   0.013   10.237  -10.000      134.1691     3109.3203
18 163  23.175  48643.289  50.609   0.000   10.187  -10.000      136.1406     3155.0078
18 163  23.175  48643.363  51.762   0.034   10.225  -10.000      136.1438     3155.0820
18 163  23.175  48643.379  52.004  -0.090   10.103  -10.000      136.1445     3155.0977
18 163  23.175  48643.453  53.157   0.038   10.235  -10.000      136.1477     3155.1719
18 163  23.175  48643.469  53.399  -0.062   10.136  -10.000      136.1483     3155.1875
18 163  23.175  48643.633  55.948   0.033   10.240  -10.000      136.1554     3155.3516
18 163  23.175  48643.645  56.129  -0.025   10.184  -10.000      136.1559     3155.3633
18 163  23.175  48643.734  57.524  -0.036   10.177  -10.000      136.1598     3155.4531
18 163  23.175  48643.809  58.678   0.004   10.221  -10.000      136.1630     3155.5273
18 163  23.175  48644.074  62.803   0.007   10.238  -10.000      136.1745     3155.7930
18 163  23.175  48644.090  63.051  -0.055   10.176  -10.000      136.1751     3155.8086
18 163  23.175  48644.164  64.199   0.023   10.258  -10.000      136.1783     3155.8828
18 163  23.175  48644.266  65.781  -0.032   10.208  -10.000      136.1827     3155.9844
18 163  23.175  48652.785 198.122  -0.095    9.110  -10.000      136.5503     3164.5039
18 163  23.175  48652.801 198.364  -0.060    9.143  -10.000      136.5510     3164.5195
18 163  23.175  48652.891 199.759  -0.068    9.129  -10.000      136.5549     3164.6094
18 163  23.175  48652.965 200.912  -0.087    9.107  -10.000      136.5581     3164.6836
18 163  23.175  48652.977 201.094  -0.085    9.109  -10.000      136.5586     3164.6953
18 163  23.175  48653.055 202.308  -0.120    9.071  -10.000      136.5620     3164.7734
18 163  23.175  48653.066 202.495  -0.133    9.058  -10.000      136.5625     3164.7852
18 163  23.175  48653.141 203.643  -0.038    9.151  -10.000      136.5657     3164.8594
18 163  23.175  48653.156 203.890  -0.092    9.098  -10.000      136.5664     3164.8750
18 163  23.175  48653.230 205.038  -0.105    9.085  -10.000      136.5695     3164.9492
18 163  23.175  48653.242 205.225  -0.009    9.180  -10.000      136.5701     3164.9609
18 163  23.175  48653.406 207.773  -0.022    9.169  -10.000      136.5771     3165.1250
18 163  23.175  48653.422 208.015  -0.073    9.119  -10.000      136.5778     3165.1406
18 163  23.175  48653.496 209.169  -0.067    9.127  -10.000      136.5810     3165.2148
18 163  23.175  48653.512 209.410   0.009    9.203  -10.000      136.5817     3165.2305
18 163  23.175  48653.586 210.564  -0.093    9.104  -10.000      136.5849     3165.3047
18 163  23.175  48653.602 210.806  -0.041    9.156  -10.000      136.5856     3165.3203
18 163  23.175  48698.812 193.123  -0.168    9.084  -10.000      138.5365     3210.5312
18 163  23.175  48698.828 193.365  -0.116    9.133  -10.000      138.5371     3210.5469
18 163  23.175  48698.902 194.518  -0.104    9.130  -10.000      138.5403     3210.6211
18 163  23.175  48724.508 232.278   0.002    9.293  -10.000      139.6452     3236.2266
18 163  23.175  48724.582 233.432   0.004    9.301  -10.000      139.6484     3236.3008
18 163  23.175  48724.594 233.613  -0.015    9.283  -10.000      139.6489     3236.3125
18 163  23.175  48787.758 134.819   0.106   10.408  -10.000      142.3745     3299.4766
18 163  23.175  48787.836 136.033   0.123   10.425  -10.000      142.3779     3299.5547
18 163  23.175  48787.848 136.214   0.091   10.393  -10.000      142.3784     3299.5664
18 163  23.175  48787.922 137.368   0.145   10.447  -10.000      142.3816     3299.6406
18 163  23.175  48787.938 137.609   0.173   10.474  -10.000      142.3822     3299.6562
18 163  23.175  49048.695 228.279   0.005    9.276  -10.000      153.6341     3560.4141
18 163  23.175  49048.711 228.527  -0.011    9.262  -10.000      153.6348     3560.4297
18 163  23.175  49048.785 229.675   0.020    9.298  -10.000      153.6380     3560.5039
18 163  23.175  49048.969 232.531   0.034    9.326  -10.000      153.6459     3560.6875
18 163  23.175  49048.980 232.712   0.013    9.306  -10.000      153.6464     3560.6992
18 163  23.175  49049.055 233.866   0.025    9.324  -10.000      153.6496     3560.7734
18 163  23.175  49049.070 234.108   0.016    9.317  -10.000      153.6503     3560.7891
11  43  23.175  48341.574  43.701  -0.018    7.326  -10.000      123.1214     2853.2930
12  43  23.175  48341.574  43.701  -0.020    6.784  -10.000      123.1214     2853.2930
13  43  23.175  48341.574  43.701  -0.036    6.596  -10.000      123.1214     2853.2930
11  43  23.175  48342.531  58.568  -0.029    7.365  -10.000      123.1627     2854.2500
12  43  23.175  48342.531  58.568  -0.037    6.816  -10.000      123.1627     2854.2500
13  43  23.175  48342.531  58.568  -0.046    6.633  -10.000      123.1627     2854.2500
 2   2  23.175  41579.910 126.475   0.125   11.670  -10.000     -168.6487    -3908.3711
 3   2  23.175  41579.910 126.475  -0.116   10.040  -10.000     -168.6487    -3908.3711
 1   2  23.175  41583.914 188.674   0.065   10.600  -10.000     -168.4759    -3904.3672
 2   2  23.175  41583.914 188.674  -0.102    9.960  -10.000     -168.4759    -3904.3672
 3   2  23.175  41583.914 188.674  -0.092    9.100  -10.000     -168.4759    -3904.3672
 1   2  23.175  41647.805 101.162  -0.157   12.680  -10.000     -165.7190    -3840.4766
 2   2  23.175  41647.805 101.162  -0.102   11.500  -10.000     -165.7190    -3840.4766
 3   2  23.175  41647.805 101.162  -0.110   10.040  -10.000     -165.7190    -3840.4766
 1   2  23.175  41649.809 132.292   0.013   12.690  -10.000     -165.6325    -3838.4727
 2   2  23.175  41649.809 132.292   0.078   11.620  -10.000     -165.6325    -3838.4727
 3   2  23.175  41649.809 132.292   0.184   10.350  -10.000     -165.6325    -3838.4727
 1   2  23.175  41651.828 163.663   0.137   12.410  -10.000     -165.5454    -3836.4531
 2   2  23.175  41651.828 163.663   0.144   11.440  -10.000     -165.5454    -3836.4531
 3   2  23.175  41651.828 163.663   0.040   10.080  -10.000     -165.5454    -3836.4531
 1   2  23.175  41653.801 194.310   0.108   10.450  -10.000     -165.4603    -3834.4805
 2   2  23.175  41653.801 194.310  -0.099    9.820  -10.000     -165.4603    -3834.4805
 3   2  23.175  41653.801 194.310  -0.108    8.980  -10.000     -165.4603    -3834.4805
 1   2  23.175  41655.754 224.648   0.087   10.650  -10.000     -165.3760    -3832.5273
 2   2  23.175  41655.754 224.648  -0.057    9.970  -10.000     -165.3760    -3832.5273
 3   2  23.175  41655.754 224.648  -0.029    9.080  -10.000     -165.3760    -3832.5273
 1   2  23.175  41658.777 271.615  -0.037   11.260  -10.000     -165.2455    -3829.5039
 2   2  23.175  41658.777 271.615  -0.035   10.440  -10.000     -165.2455    -3829.5039
 3   2  23.175  41658.777 271.615  -0.019    9.320  -10.000     -165.2455    -3829.5039
 1   2  23.175  41760.617  53.619  -0.115   12.750  -10.000     -160.8511    -3727.6641
 2   2  23.175  41760.617  53.619  -0.079   11.490  -10.000     -160.8511    -3727.6641
 3   2  23.175  41760.617  53.619  -0.069   10.000  -10.000     -160.8511    -3727.6641
 1   2  23.175  41772.570 239.304   0.013   10.830  -10.000     -160.3353    -3715.7109
 2   2  23.175  41772.570 239.304  -0.061   10.120  -10.000     -160.3353    -3715.7109
 3   2  23.175  41772.570 239.304  -0.007    9.180  -10.000     -160.3353    -3715.7109
 6  36  23.175  45371.543 346.561  -0.011    7.240  -10.000       -5.0373     -116.7383
 7  36  23.175  45371.543 346.561   0.005    6.660  -10.000       -5.0373     -116.7383
 8  36  23.175  45371.543 346.561   0.005    6.494  -10.000       -5.0373     -116.7383
 6  36  23.175  45372.445   0.578  -0.020    7.266  -10.000       -4.9984     -115.8359
 7  36  23.175  45372.445   0.578  -0.010    6.668  -10.000       -4.9984     -115.8359
 8  36  23.175  45372.445   0.578   0.007    6.516  -10.000       -4.9984     -115.8359
 6  36  23.175  45373.520  17.265   0.010    7.342  -10.000       -4.9520     -114.7617
 7  36  23.175  45373.520  17.265  -0.007    6.705  -10.000       -4.9520     -114.7617
 8  36  23.175  45373.520  17.265   0.015    6.555  -10.000       -4.9520     -114.7617
 6  36  23.175  45432.328 210.811  -0.030    7.219  -10.000       -2.4144      -55.9531
 7  36  23.175  45432.328 210.811   0.041    6.862  -10.000       -2.4144      -55.9531
 8  36  23.175  45432.328 210.811   0.043    6.738  -10.000       -2.4144      -55.9531
 6  36  23.175  45435.363 257.960   0.003    7.192  -10.000       -2.2834      -52.9180
 7  36  23.175  45435.363 257.960   0.037    6.724  -10.000       -2.2834      -52.9180
 8  36  23.175  45435.363 257.960   0.014    6.558  -10.000       -2.2834      -52.9180
 6  36  23.175  45436.316 272.766   0.009    7.191  -10.000       -2.2423      -51.9648
 7  36  23.175  45436.316 272.766   0.036    6.697  -10.000       -2.2423      -51.9648
 8  36  23.175  45436.316 272.766   0.044    6.557  -10.000       -2.2423      -51.9648
 6  36  23.175  45473.258 126.623  -0.006    7.682  -10.000       -0.6483      -15.0234
 7  36  23.175  45473.258 126.623  -0.025    7.063  -10.000       -0.6483      -15.0234
 8  36  23.175  45473.258 126.623  -0.033    6.887  -10.000       -0.6483      -15.0234
 6  36  23.175  45702.559  88.633  -0.052    7.521  -10.000        9.2462      214.2773
 7  36  23.175  45702.559  88.633  -0.036    6.906  -10.000        9.2462      214.2773
 8  36  23.175  45702.559  88.633  -0.022    6.745  -10.000        9.2462      214.2773
 6  36  23.175  45768.492  32.860   0.013    7.398  -10.000       12.0913      280.2109
 7  36  23.175  45768.492  32.860   0.006    6.762  -10.000       12.0913      280.2109
 8  36  23.175  45768.492  32.860   0.005    6.586  -10.000       12.0913      280.2109
 6  36  23.175  45796.359 105.756  -0.026    7.588  -10.000       13.2938      308.0781
 7  36  23.175  45796.359 105.756  -0.026    6.971  -10.000       13.2938      308.0781
 8  36  23.175  45796.359 105.756  -0.026    6.799  -10.000       13.2938      308.0781
 6  36  23.175  45798.387 137.249   0.002    7.730  -10.000       13.3812      310.1055
 7  36  23.175  45798.387 137.249  -0.021    7.114  -10.000       13.3812      310.1055
 8  36  23.175  45798.387 137.249  -0.035    6.935  -10.000       13.3812      310.1055
 6  36  23.175  45829.277 257.111   0.013    7.203  -10.000       14.7142      340.9961
 7  36  23.175  45829.277 257.111   0.042    6.731  -10.000       14.7142      340.9961
 8  36  23.175  45829.277 257.111   0.028    6.574  -10.000       14.7142      340.9961
 6  36  23.175  45839.254  52.089  -0.021    7.435  -10.000       15.1447      350.9727
 7  36  23.175  45839.254  52.089  -0.021    6.798  -10.000       15.1447      350.9727
 8  36  23.175  45839.254  52.089  -0.025    6.618  -10.000       15.1447      350.9727
 6  36  23.175  46070.555  45.168  -0.027    7.405  -10.000       25.1255      582.2734
 7  36  23.175  46070.555  45.168  -0.019    6.778  -10.000       25.1255      582.2734
 8  36  23.175  46070.555  45.168  -0.003    6.618  -10.000       25.1255      582.2734
 6  36  23.175  46073.574  92.074  -0.042    7.539  -10.000       25.2558      585.2930
 7  36  23.175  46073.574  92.074  -0.024    6.928  -10.000       25.2558      585.2930
 8  36  23.175  46073.574  92.074  -0.030    6.748  -10.000       25.2558      585.2930
 6  36  23.175  46095.438  71.703  -0.023    7.497  -10.000       26.1992      607.1562
 7  36  23.175  46095.438  71.703  -0.013    6.871  -10.000       26.1992      607.1562
 8  36  23.175  46095.438  71.703  -0.022    6.685  -10.000       26.1992      607.1562
 6  36  23.175  46100.348 147.979  -0.032    7.723  -10.000       26.4111      612.0664
 7  36  23.175  46100.348 147.979  -0.043    7.127  -10.000       26.4111      612.0664
 8  36  23.175  46100.348 147.979  -0.040    6.966  -10.000       26.4111      612.0664
 6  36  23.175  46101.531 166.365  -0.030    7.683  -10.000       26.4621      613.2500
 7  36  23.175  46101.531 166.365  -0.020    7.145  -10.000       26.4621      613.2500
 8  36  23.175  46101.531 166.365  -0.035    6.976  -10.000       26.4621      613.2500
 6  36  23.175  46201.254 275.479   0.022    7.203  -10.000       30.7652      712.9727
 7  36  23.175  46201.254 275.479   0.052    6.709  -10.000       30.7652      712.9727
 8  36  23.175  46201.254 275.479   0.039    6.547  -10.000       30.7652      712.9727
 6  36  23.175  46202.230 290.649   0.009    7.190  -10.000       30.8074      713.9492
 7  36  23.175  46202.230 290.649   0.045    6.684  -10.000       30.8074      713.9492
 8  36  23.175  46202.230 290.649   0.042    6.528  -10.000       30.8074      713.9492
 6  36  23.175  46203.234 306.245  -0.005    7.187  -10.000       30.8507      714.9531
 7  36  23.175  46203.234 306.245   0.032    6.664  -10.000       30.8507      714.9531
 8  36  23.175  46203.234 306.245   0.024    6.499  -10.000       30.8507      714.9531
 6  36  23.175  46223.223 256.747   0.002    7.193  -10.000       31.7132      734.9414
 7  36  23.175  46223.223 256.747   0.019    6.709  -10.000       31.7132      734.9414
 8  36  23.175  46223.223 256.747   0.032    6.579  -10.000       31.7132      734.9414
 6  36  23.175  46226.211 303.168   0.030    7.219  -10.000       31.8421      737.9297
 7  36  23.175  46226.211 303.168   0.048    6.681  -10.000       31.8421      737.9297
 8  36  23.175  46226.211 303.168   0.043    6.519  -10.000       31.8421      737.9297
 6  36  23.175  46227.184 318.277  -0.008    7.196  -10.000       31.8841      738.9023
 7  36  23.175  46227.184 318.277   0.027    6.660  -10.000       31.8841      738.9023
 8  36  23.175  46227.184 318.277   0.028    6.501  -10.000       31.8841      738.9023
 6  36  23.175  46574.234 309.442   0.010    7.205  -10.000       46.8596     1085.9531
 7  36  23.175  46574.234 309.442   0.036    6.668  -10.000       46.8596     1085.9531
 8  36  23.175  46574.234 309.442   0.039    6.513  -10.000       46.8596     1085.9531
 6  36  23.175  46575.199 324.430   0.009    7.221  -10.000       46.9012     1086.9180
 7  36  23.175  46575.199 324.430   0.028    6.663  -10.000       46.9012     1086.9180
 8  36  23.175  46575.199 324.430   0.020    6.493  -10.000       46.9012     1086.9180
 6  36  23.175  46597.188 306.002  -0.009    7.183  -10.000       47.8500     1108.9062
 7  36  23.175  46597.188 306.002   0.015    6.647  -10.000       47.8500     1108.9062
 8  36  23.175  46597.188 306.002   0.020    6.495  -10.000       47.8500     1108.9062
 6  36  23.175  46751.562 184.098  -0.010    7.426  -10.000       54.5114     1263.2812
 7  36  23.175  46751.562 184.098   0.014    6.998  -10.000       54.5114     1263.2812
 8  36  23.175  46751.562 184.098  -0.001    6.851  -10.000       54.5114     1263.2812
 6  36  23.175  46777.508 227.138   0.001    7.222  -10.000       55.6309     1289.2266
 7  36  23.175  46777.508 227.138   0.047    6.814  -10.000       55.6309     1289.2266
 8  36  23.175  46777.508 227.138   0.039    6.674  -10.000       55.6309     1289.2266
 6  36  23.175  46778.441 241.642   0.004    7.211  -10.000       55.6712     1290.1602
 7  36  23.175  46778.441 241.642   0.052    6.780  -10.000       55.6712     1290.1602
 8  36  23.175  46778.441 241.642   0.038    6.629  -10.000       55.6712     1290.1602
 6  36  23.175  46846.324 216.148  -0.002    7.237  -10.000       58.6004     1358.0430
 7  36  23.175  46846.324 216.148   0.050    6.853  -10.000       58.6004     1358.0430
 8  36  23.175  46846.324 216.148   0.040    6.715  -10.000       58.6004     1358.0430
 6  36  23.175  48043.230  89.162  -0.033    7.541  -10.000      110.2477     2554.9492
 7  36  23.175  48043.230  89.162  -0.041    6.902  -10.000      110.2477     2554.9492
 8  36  23.175  48043.230  89.162  -0.038    6.731  -10.000      110.2477     2554.9492
 6  36  23.175  48049.191 181.761  -0.020    7.457  -10.000      110.5049     2560.9102
 7  36  23.175  48049.191 181.761  -0.013    6.999  -10.000      110.5049     2560.9102
 8  36  23.175  48049.191 181.761  -0.026    6.852  -10.000      110.5049     2560.9102
 0 170  23.175  50500.594 102.404  -1.837   84.180    0.380      216.2845     5012.3125
 0 170  23.175  50503.551 148.337  -2.128   79.500    0.510      216.4120     5015.2695
 3   9  23.175  44019.480 223.315   0.007    9.110  -10.000      -63.3797    -1468.8008
14   9  23.175  44019.480 223.315   0.011   10.310  -10.000      -63.3797    -1468.8008
15   9  23.175  44019.480 223.315   0.008    9.370  -10.000      -63.3797    -1468.8008
16   9  23.175  44019.480 223.315   0.007    8.590  -10.000      -63.3797    -1468.8008
17   9  23.175  44019.480 223.315  -0.031    7.980  -10.000      -63.3797    -1468.8008
 3   9  23.175  44024.500 301.289  -0.007    9.470  -10.000      -63.1631    -1463.7812
14   9  23.175  44024.500 301.289  -0.023   11.200  -10.000      -63.1631    -1463.7812
15   9  23.175  44024.500 301.289   0.006    9.820  -10.000      -63.1631    -1463.7812
16   9  23.175  44024.500 301.289   0.012    8.820  -10.000      -63.1631    -1463.7812
17   9  23.175  44024.500 301.289  -0.004    8.110  -10.000      -63.1631    -1463.7812
 3   9  23.175  44027.500 347.892   0.002    9.710  -10.000      -63.0336    -1460.7812
14   9  23.175  44027.500 347.892   0.008   11.680  -10.000      -63.0336    -1460.7812
15   9  23.175  44027.500 347.892   0.024   10.100  -10.000      -63.0336    -1460.7812
16   9  23.175  44027.500 347.892   0.021    9.000  -10.000      -63.0336    -1460.7812
17   9  23.175  44027.500 347.892  -0.017    8.220  -10.000      -63.0336    -1460.7812
 3   9  23.175  44145.891  26.999  -0.019    9.910  -10.000      -57.9250    -1342.3906
14   9  23.175  44145.891  26.999  -0.010   12.030  -10.000      -57.9250    -1342.3906
15   9  23.175  44145.891  26.999   0.003   10.320  -10.000      -57.9250    -1342.3906
16   9  23.175  44145.891  26.999   0.010    9.170  -10.000      -57.9250    -1342.3906
17   9  23.175  44145.891  26.999  -0.005    8.380  -10.000      -57.9250    -1342.3906
 3   9  23.175  44173.828 100.986  -0.070   10.080  -10.000      -56.7195    -1314.4531
14   9  23.175  44173.828 100.986  -0.139   12.100  -10.000      -56.7195    -1314.4531
15   9  23.175  44173.828 100.986  -0.054   10.480  -10.000      -56.7195    -1314.4531
16   9  23.175  44173.828 100.986  -0.036    9.350  -10.000      -56.7195    -1314.4531
17   9  23.175  44173.828 100.986  -0.056    8.560  -10.000      -56.7195    -1314.4531
 3   9  23.175  44015.488 161.300  -0.024   10.060  -10.000      -63.5519    -1472.7930
14   9  23.175  44015.488 161.300  -0.005   11.880  -10.000      -63.5519    -1472.7930
15   9  23.175  44015.488 161.300   0.002   10.430  -10.000      -63.5519    -1472.7930
16   9  23.175  44015.488 161.300  -0.028    9.370  -10.000      -63.5519    -1472.7930
17   9  23.175  44015.488 161.300  -0.072    8.620  -10.000      -63.5519    -1472.7930
 3   9  23.175  44017.480 192.247  -0.137    8.980  -10.000      -63.4660    -1470.8008
14   9  23.175  44017.480 192.247  -0.148   10.050  -10.000      -63.4660    -1470.8008
15   9  23.175  44017.480 192.247  -0.130    9.230  -10.000      -63.4660    -1470.8008
16   9  23.175  44017.480 192.247  -0.109    8.520  -10.000      -63.4660    -1470.8008
17   9  23.175  44017.480 192.247  -0.113    7.970  -10.000      -63.4660    -1470.8008
