 2  22  20.399  43969.391 300.517  -0.010    8.199  -10.000      -75.1652    -1533.3047
 3  22  20.399  43969.391 300.517   0.004    6.965  -10.000      -75.1652    -1533.3047
 4  22  20.399  43969.391 300.517   0.011    6.305  -10.000      -75.1652    -1533.3047
 5  22  20.399  43969.391 300.517   0.028    5.698  -10.000      -75.1652    -1533.3047
 2  22  20.399  44032.211 329.159  -0.003    8.454  -10.000      -72.0857    -1470.4844
 3  22  20.399  44032.211 329.159   0.003    7.115  -10.000      -72.0857    -1470.4844
 4  22  20.399  44032.211 329.159   0.009    6.413  -10.000      -72.0857    -1470.4844
 5  22  20.399  44032.211 329.159   0.037    5.781  -10.000      -72.0857    -1470.4844
 2  22  20.399  44185.605 156.237   0.065    8.833  -10.000      -64.5660    -1317.0898
 3  22  20.399  44185.605 156.237   0.057    7.553  -10.000      -64.5660    -1317.0898
 4  22  20.399  44185.605 156.237   0.022    6.841  -10.000      -64.5660    -1317.0898
 5  22  20.399  44185.605 156.237   0.018    6.204  -10.000      -64.5660    -1317.0898
 2  22  20.399  44210.598 237.294   0.014    7.614  -10.000      -63.3409    -1292.0977
 3  22  20.399  44210.598 237.294   0.037    6.666  -10.000      -63.3409    -1292.0977
 4  22  20.399  44210.598 237.294   0.042    6.119  -10.000      -63.3409    -1292.0977
 5  22  20.399  44210.598 237.294   0.037    5.596  -10.000      -63.3409    -1292.0977
 2  22  20.399  44238.543  10.469  -0.020    8.780  -10.000      -61.9709    -1264.1523
 3  22  20.399  44238.543  10.469  -0.016    7.333  -10.000      -61.9709    -1264.1523
 4  22  20.399  44238.543  10.469   0.004    6.601  -10.000      -61.9709    -1264.1523
 5  22  20.399  44238.543  10.469   0.037    5.933  -10.000      -61.9709    -1264.1523
 2  22  20.399  44246.605 152.754   0.093    8.891  -10.000      -61.5757    -1256.0898
 3  22  20.399  44246.605 152.754   0.058    7.572  -10.000      -61.5757    -1256.0898
 4  22  20.399  44246.605 152.754   0.028    6.859  -10.000      -61.5757    -1256.0898
 5  22  20.399  44246.605 152.754   0.032    6.226  -10.000      -61.5757    -1256.0898
 2  22  20.399  44255.516 309.998   0.015    8.305  -10.000      -61.1389    -1247.1797
 3  22  20.399  44255.516 309.998   0.014    7.022  -10.000      -61.1389    -1247.1797
 4  22  20.399  44255.516 309.998   0.018    6.345  -10.000      -61.1389    -1247.1797
 5  22  20.399  44255.516 309.998   0.045    5.735  -10.000      -61.1389    -1247.1797
 2  22  20.399  44257.488 344.811   0.005    8.593  -10.000      -61.0422    -1245.2070
 3  22  20.399  44257.488 344.811   0.009    7.208  -10.000      -61.0422    -1245.2070
 4  22  20.399  44257.488 344.811   0.014    6.488  -10.000      -61.0422    -1245.2070
 5  22  20.399  44257.488 344.811   0.054    5.850  -10.000      -61.0422    -1245.2070
 2  22  20.399  44646.391   8.090  -0.007    8.774  -10.000      -41.9775     -856.3047
 3  22  20.399  44646.391   8.090   0.003    7.338  -10.000      -41.9775     -856.3047
 4  22  20.399  44646.391   8.090   0.013    6.599  -10.000      -41.9775     -856.3047
 5  22  20.399  44646.391   8.090   0.057    5.944  -10.000      -41.9775     -856.3047
 1  22  20.399  44647.383  25.600   0.012   10.265  -10.000      -41.9289     -855.3125
 2  22  20.399  44647.383  25.600  -0.034    8.898  -10.000      -41.9289     -855.3125
 3  22  20.399  44647.383  25.600  -0.014    7.432  -10.000      -41.9289     -855.3125
 4  22  20.399  44647.383  25.600  -0.001    6.679  -10.000      -41.9289     -855.3125
 5  22  20.399  44647.383  25.600   0.047    6.012  -10.000      -41.9289     -855.3125
 2  22  20.399  44648.402  43.592  -0.048    9.004  -10.000      -41.8789     -854.2930
 3  22  20.399  44648.402  43.592  -0.022    7.518  -10.000      -41.8789     -854.2930
 4  22  20.399  44648.402  43.592  -0.005    6.758  -10.000      -41.8789     -854.2930
 5  22  20.399  44648.402  43.592   0.046    6.085  -10.000      -41.8789     -854.2930
 2  22  20.399  44649.395  61.102  -0.057    9.076  -10.000      -41.8303     -853.3008
 3  22  20.399  44649.395  61.102  -0.037    7.576  -10.000      -41.8303     -853.3008
 4  22  20.399  44649.395  61.102  -0.018    6.814  -10.000      -41.8303     -853.3008
 5  22  20.399  44649.395  61.102   0.033    6.138  -10.000      -41.8303     -853.3008
 2  22  20.399  44650.383  78.543  -0.088    9.076  -10.000      -41.7818     -852.3125
 3  22  20.399  44650.383  78.543  -0.053    7.603  -10.000      -41.7818     -852.3125
 4  22  20.399  44650.383  78.543  -0.034    6.846  -10.000      -41.7818     -852.3125
 5  22  20.399  44650.383  78.543   0.016    6.173  -10.000      -41.7818     -852.3125
 3  22  20.399  44653.523 133.969   0.049    7.604  -10.000      -41.6279     -849.1719
 4  22  20.399  44653.523 133.969   0.018    6.868  -10.000      -41.6279     -849.1719
 5  22  20.399  44653.523 133.969   0.024    6.216  -10.000      -41.6279     -849.1719
 2  22  20.399  44655.414 167.334  -0.100    8.414  -10.000      -41.5352     -847.2812
 3  22  20.399  44655.414 167.334  -0.053    7.276  -10.000      -41.5352     -847.2812
 4  22  20.399  44655.414 167.334  -0.061    6.627  -10.000      -41.5352     -847.2812
 5  22  20.399  44655.414 167.334  -0.038    6.050  -10.000      -41.5352     -847.2812
 3  22  20.399  44661.273 270.739   0.032    6.835  -10.000      -41.2479     -841.4219
 4  22  20.399  44661.273 270.739   0.030    6.215  -10.000      -41.2479     -841.4219
 5  22  20.399  44661.273 270.739   0.029    5.637  -10.000      -41.2479     -841.4219
 1  22  20.399  44662.375 290.179   0.042    9.109  -10.000      -41.1939     -840.3203
 2  22  20.399  44662.375 290.179   0.013    8.123  -10.000      -41.1939     -840.3203
 3  22  20.399  44662.375 290.179   0.017    6.920  -10.000      -41.1939     -840.3203
 2  22  20.399  44914.555  60.601  -0.063    9.069  -10.000      -28.8317     -588.1406
 3  22  20.399  44914.555  60.601  -0.036    7.575  -10.000      -28.8317     -588.1406
 2  22  20.399  44954.586  47.065  -0.038    9.033  -10.000      -26.8693     -548.1094
 3  22  20.399  44954.586  47.065  -0.023    7.533  -10.000      -26.8693     -548.1094
 2  22  20.399  44955.523  63.609  -0.037    9.102  -10.000      -26.8233     -547.1719
 3  22  20.399  44955.523  63.609  -0.024    7.596  -10.000      -26.8233     -547.1719
 2  22  20.399  44956.559  81.878  -0.096    9.069  -10.000      -26.7726     -546.1367
 3  22  20.399  44956.559  81.878  -0.056    7.605  -10.000      -26.7726     -546.1367
 2  22  20.399  44959.516 134.063   0.079    8.972  -10.000      -26.6276     -543.1797
 3  22  20.399  44959.516 134.063   0.043    7.598  -10.000      -26.6276     -543.1797
 2  22  20.399  44960.516 151.711   0.064    8.869  -10.000      -26.5786     -542.1797
 3  22  20.399  44960.516 151.711   0.031    7.548  -10.000      -26.5786     -542.1797
 2  22  20.399  44961.555 170.048  -0.217    8.189  -10.000      -26.5276     -541.1406
 3  22  20.399  44961.555 170.048  -0.142    7.113  -10.000      -26.5276     -541.1406
 2  22  20.399  44966.574 258.632   0.047    7.859  -10.000      -26.2816     -536.1211
 3  22  20.399  44966.574 258.632   0.052    6.790  -10.000      -26.2816     -536.1211
 2  22  20.399  44967.555 275.935   0.057    8.036  -10.000      -26.2335     -535.1406
 3  22  20.399  44967.555 275.935   0.040    6.869  -10.000      -26.2335     -535.1406
 2  22  20.399  44968.586 294.134   0.029    8.179  -10.000      -26.1830     -534.1094
 3  22  20.399  44968.586 294.134   0.020    6.947  -10.000      -26.1830     -534.1094
 2  22  20.399  44994.594  33.116  -0.037    8.950  -10.000      -24.9080     -508.1016
 3  22  20.399  44994.594  33.116  -0.013    7.475  -10.000      -24.9080     -508.1016
 4  22  20.399  44994.594  33.116  -0.003    6.714  -10.000      -24.9080     -508.1016
 5  22  20.399  44994.594  33.116   0.054    6.051  -10.000      -24.9080     -508.1016
 2  22  20.399  44995.613  51.108  -0.052    9.040  -10.000      -24.8580     -507.0820
 3  22  20.399  44995.613  51.108  -0.026    7.548  -10.000      -24.8580     -507.0820
 4  22  20.399  44995.613  51.108   0.001    6.795  -10.000      -24.8580     -507.0820
 5  22  20.399  44995.613  51.108   0.049    6.116  -10.000      -24.8580     -507.0820
 1  22  20.399  45003.461 189.602  -0.143    7.797  -10.000      -24.4733     -499.2344
 2  22  20.399  45003.461 189.602  -0.253    7.187  -10.000      -24.4733     -499.2344
 3  22  20.399  45003.461 189.602  -0.150    6.433  -10.000      -24.4733     -499.2344
 4  22  20.399  45003.461 189.602  -0.108    5.970  -10.000      -24.4733     -499.2344
 5  22  20.399  45003.461 189.602  -0.062    5.541  -10.000      -24.4733     -499.2344
 1  22  20.399  45004.441 206.905   0.201    7.973  -10.000      -24.4253     -498.2539
 2  22  20.399  45004.441 206.905   0.015    7.325  -10.000      -24.4253     -498.2539
 3  22  20.399  45004.441 206.905   0.035    6.517  -10.000      -24.4253     -498.2539
 4  22  20.399  45004.441 206.905   0.036    6.025  -10.000      -24.4253     -498.2539
 5  22  20.399  45004.441 206.905   0.041    5.567  -10.000      -24.4253     -498.2539
 1  22  20.399  45005.434 224.415   0.145    8.175  -10.000      -24.3766     -497.2617
 2  22  20.399  45005.434 224.415   0.009    7.475  -10.000      -24.3766     -497.2617
 3  22  20.399  45005.434 224.415   0.033    6.594  -10.000      -24.3766     -497.2617
 4  22  20.399  45005.434 224.415   0.042    6.078  -10.000      -24.3766     -497.2617
 5  22  20.399  45005.434 224.415   0.045    5.588  -10.000      -24.3766     -497.2617
 1  22  20.399  45006.398 241.442   0.102    8.427  -10.000      -24.3293     -496.2969
 2  22  20.399  45006.398 241.442   0.014    7.661  -10.000      -24.3293     -496.2969
 3  22  20.399  45006.398 241.442   0.033    6.686  -10.000      -24.3293     -496.2969
 4  22  20.399  45006.398 241.442   0.036    6.128  -10.000      -24.3293     -496.2969
 5  22  20.399  45006.398 241.442   0.052    5.617  -10.000      -24.3293     -496.2969
 1  22  20.399  45007.492 260.745   0.082    8.710  -10.000      -24.2757     -495.2031
 2  22  20.399  45007.492 260.745   0.028    7.860  -10.000      -24.2757     -495.2031
 3  22  20.399  45007.492 260.745   0.042    6.791  -10.000      -24.2757     -495.2031
 4  22  20.399  45007.492 260.745   0.031    6.181  -10.000      -24.2757     -495.2031
 5  22  20.399  45007.492 260.745   0.042    5.631  -10.000      -24.2757     -495.2031
 1  22  20.399  45008.473 278.048   0.070    8.961  -10.000      -24.2276     -494.2227
 2  22  20.399  45008.473 278.048   0.023    8.021  -10.000      -24.2276     -494.2227
 3  22  20.399  45008.473 278.048   0.031    6.870  -10.000      -24.2276     -494.2227
 4  22  20.399  45008.473 278.048   0.029    6.238  -10.000      -24.2276     -494.2227
 5  22  20.399  45008.473 278.048   0.036    5.656  -10.000      -24.2276     -494.2227
 1  22  20.399  45009.453 295.351   0.048    9.195  -10.000      -24.1796     -493.2422
 2  22  20.399  45009.453 295.351   0.016    8.178  -10.000      -24.1796     -493.2422
 3  22  20.399  45009.453 295.351   0.025    6.959  -10.000      -24.1796     -493.2422
 4  22  20.399  45009.453 295.351   0.020    6.295  -10.000      -24.1796     -493.2422
 5  22  20.399  45009.453 295.351   0.031    5.690  -10.000      -24.1796     -493.2422
 2  22  20.399  45102.230 132.669   0.065    8.964  -10.000      -19.6315     -400.4648
 3  22  20.399  45102.230 132.669   0.054    7.610  -10.000      -19.6315     -400.4648
 4  22  20.399  45102.230 132.669   0.024    6.874  -10.000      -19.6315     -400.4648
 5  22  20.399  45102.230 132.669   0.037    6.227  -10.000      -19.6315     -400.4648
 1  22  20.399  45349.488 176.230  -0.673    8.183  -10.000       -7.5105     -153.2070
 2  22  20.399  45349.488 176.230  -0.558    7.540  -10.000       -7.5105     -153.2070
 3  22  20.399  45349.488 176.230  -0.345    6.698  -10.000       -7.5105     -153.2070
 4  22  20.399  45349.488 176.230  -0.269    6.188  -10.000       -7.5105     -153.2070
 5  22  20.399  45349.488 176.230  -0.203    5.704  -10.000       -7.5105     -153.2070
 0  22  20.399  41701.410 235.607  -4.632   -9.200  -10.000     -186.3455    -3801.2852
 0  22  20.399  41701.422 235.816  -1.460   -6.000  -10.000     -186.3450    -3801.2734
 0  22  20.399  41702.555 255.806  -0.984   -1.700  -10.000     -186.2894    -3800.1406
 0  22  20.399  42032.555 319.587  -4.391    8.000  -10.000     -170.1123    -3470.1406
 0  22  20.399  42056.496  22.099   1.946   34.200  -10.000     -168.9386    -3446.1992
 0  22  20.399  42057.488  39.611   9.236   45.000  -10.000     -168.8900    -3445.2070
 0  22  20.399  42058.504  57.530   5.613   49.200  -10.000     -168.8402    -3444.1914
 0  22  20.399  42059.488  74.905   3.414   48.700  -10.000     -168.7919    -3443.2070
 0  22  20.399  42061.449 109.512   3.561   55.200  -10.000     -168.6958    -3441.2461
 0  22  20.399  42112.371 288.171  -2.186    3.900  -10.000     -166.1995    -3390.3242
 0  22  20.399  42113.383 306.024  -1.822    5.900  -10.000     -166.1499    -3389.3125
 0  22  20.399  42114.375 323.536 -10.109    3.100  -10.000     -166.1013    -3388.3203
 0  22  20.399  42115.367 341.043  -9.927   10.200  -10.000     -166.0527    -3387.3281
 0  22  20.399  42177.332 354.589   2.964   28.700  -10.000     -163.0150    -3325.3633
 0  22  20.399  42178.352  12.585  -6.312   21.200  -10.000     -162.9650    -3324.3438
 0  22  20.399  42179.355  30.300  -7.762   25.200  -10.000     -162.9158    -3323.3398
 0  22  20.399  42441.574 337.890   9.250   29.400  -10.000     -150.0614    -3061.1211
 0  22  20.399  42444.547  30.350  13.032   46.000  -10.000     -149.9157    -3058.1484
 0  22  20.399  42446.527  65.303  13.699   57.500  -10.000     -149.8186    -3056.1680
 0  22  20.399  42474.395 197.095   6.737   26.800  -10.000     -148.4525    -3028.3008
 0  22  20.399  42507.367  58.991   1.247   45.500  -10.000     -146.8361    -2995.3281
 0  22  20.399  42564.289 343.537   0.054   20.900  -10.000     -144.0457    -2938.4062
 0  22  20.399  42565.289   1.187   0.772   26.500  -10.000     -143.9967    -2937.4062
 0  22  20.399  42593.203 133.808  14.170   64.000  -10.000     -142.6283    -2909.4922
 0  22  20.399  43970.320 316.923  -0.972   11.900  -10.000      -75.1197    -1532.3750
 0  22  20.399  43971.406 336.088   0.564   20.900  -10.000      -75.0664    -1531.2891
 0  22  20.399  43972.406 353.735   0.766   26.400  -10.000      -75.0174    -1530.2891
 0  22  20.399  43976.387  63.982  -2.513   41.600  -10.000      -74.8223    -1526.3086
 0  22  20.399  43977.363  81.216   1.522   46.200  -10.000      -74.7744    -1525.3320
 0  22  20.399  43978.371  99.001   0.153   49.600  -10.000      -74.7250    -1524.3242
 0  22  20.399  43979.352 116.304   0.259   51.300  -10.000      -74.6769    -1523.3438
 0  22  20.399  43980.359 134.091  -2.420   47.200  -10.000      -74.6275    -1522.3359
 0  22  20.399  44179.598  50.213   3.184   40.800  -10.000      -64.8605    -1323.0977
 0  22  20.399  44180.609  68.066  -3.795   39.700  -10.000      -64.8109    -1322.0859
 0  22  20.399  44181.609  85.715  -3.938   40.000  -10.000      -64.7619    -1321.0859
 0  22  20.399  44234.609 301.049   3.848    9.600  -10.000      -62.1638    -1268.0859
 0  22  20.399  44236.586 335.930  -3.447   16.900  -10.000      -62.0669    -1266.1094
 0  22  20.399  44237.547 352.889   0.722   26.200  -10.000      -62.0198    -1265.1484
 0  22  20.399  44238.539  10.399   3.043   29.800  -10.000      -61.9711    -1264.1562
 0  22  20.399  44239.543  28.115  -5.232   27.600  -10.000      -61.9219    -1263.1523
 0  22  20.399  44240.531  45.556   0.018   36.100  -10.000      -61.8735    -1262.1641
 0  22  20.399  44241.508  62.791  -2.080   42.300  -10.000      -61.8256    -1261.1875
 0  22  20.399  44246.508 151.030  -3.291   37.900  -10.000      -61.5805    -1256.1875
 0  22  20.399  44297.461 330.242  -2.195   16.500  -10.000      -59.0827    -1205.2344
 0  22  20.399  44299.453   5.400  -2.614   23.300  -10.000      -58.9850    -1203.2422
 0  22  20.399  44301.406  39.868  -0.314   35.500  -10.000      -58.8893    -1201.2891
 0  22  20.399  44331.363 208.544  -5.582   -1.700  -10.000      -57.4207    -1171.3320
 0  22  20.399  44333.398 244.460   0.136   -2.900  -10.000      -57.3209    -1169.2969
 0  22  20.399  44335.426 280.238  -0.913    2.600  -10.000      -57.2216    -1167.2695
 0  22  20.399  44336.418 297.749   2.041    8.600  -10.000      -57.1729    -1166.2773
 0  22  20.399  44337.402 315.121   2.287   15.400  -10.000      -57.1247    -1165.2930
 0  22  20.399  44363.312  52.379  -1.996   37.300  -10.000      -55.8545    -1139.3828
 0  22  20.399  44590.562 102.844  -1.067   48.300  -10.000      -44.7143     -912.1328
 0  22  20.399  44591.520 119.734   0.491   49.600  -10.000      -44.6674     -911.1758
 0  22  20.399  44625.434 358.244  -2.381   23.400  -10.000      -43.0049     -877.2617
 0  22  20.399  44637.414 209.673   1.282    3.900  -10.000      -42.4176     -865.2812
 0  22  20.399  44638.410 227.252   0.822   -0.300  -10.000      -42.3687     -864.2852
 0  22  20.399  44653.449 132.659  -6.314   44.200  -10.000      -41.6315     -849.2461
 0  22  20.399  44654.367 148.859   0.516   42.100  -10.000      -41.5865     -848.3281
 0  22  20.399  44655.379 166.713   2.690   40.600  -10.000      -41.5369     -847.3164
 0  22  20.399  44656.387 184.499  -7.834   16.800  -10.000      -41.4875     -846.3086
 0  22  20.399  44658.445 220.828  -2.253   -1.000  -10.000      -41.3866     -844.2500
 0  22  20.399  44659.539 240.131   2.354   -1.100  -10.000      -41.3330     -843.1562
 0  22  20.399  44691.316  80.932  -4.969   39.800  -10.000      -39.7752     -811.3789
 0  22  20.399  44692.402 100.096  -0.092   49.300  -10.000      -39.7220     -810.2930
 0  22  20.399  44693.375 117.261  -3.188   47.300  -10.000      -39.6743     -809.3203
 0  22  20.399  44694.371 134.841  -0.489   48.500  -10.000      -39.6254     -808.3242
 0  22  20.399  44703.375 293.740   1.326    8.900  -10.000      -39.1841     -799.3203
 0  22  20.399  44704.375 311.387   1.668   13.800  -10.000      -39.1350     -798.3203
 0  22  20.399  44705.320 328.070   9.110   26.000  -10.000      -39.0887     -797.3750
 0  22  20.399  44706.285 345.097   4.375   26.000  -10.000      -39.0414     -796.4102
 0  22  20.399  44707.348   3.848  -2.003   23.800  -10.000      -38.9893     -795.3477
 0  22  20.399  44709.328  38.800  -2.376   33.200  -10.000      -38.8922     -793.3672
 0  22  20.399  44711.320  73.957  -2.326   42.700  -10.000      -38.7946     -791.3750
 0  22  20.399  44712.379  92.639  -1.397   46.200  -10.000      -38.7427     -790.3164
 0  22  20.399  44713.285 108.633  -3.075   48.200  -10.000      -38.6982     -789.4102
 0  22  20.399  44714.359 127.590  -2.825   47.300  -10.000      -38.6456     -788.3359
 0  22  20.399  44715.355 145.169  -2.151   39.400  -10.000      -38.5968     -787.3398
 0  22  20.399  44776.184 138.653  -0.399   44.600  -10.000      -35.6149     -726.5117
 0  22  20.399  44777.188 156.370   0.620   39.000  -10.000      -35.5656     -725.5078
 0  22  20.399  44778.184 173.948  -4.638   27.300  -10.000      -35.5168     -724.5117
 0  22  20.399  45089.273 264.006   3.888    5.700  -10.000      -20.2667     -413.4219
 0  22  20.399  45090.297 282.067   3.210    7.000  -10.000      -20.2165     -412.3984
 0  22  20.399  45091.297 299.715   6.650   12.600  -10.000      -20.1675     -411.3984
 0  22  20.399  45093.281 334.735  -0.267   20.100  -10.000      -20.0702     -409.4141
 2  79  20.399  49802.742 286.452   0.013    8.086  -10.000      210.7957     4300.0469
 3  79  20.399  49802.742 286.452   0.020    6.901  -10.000      210.7957     4300.0469
 4  79  20.399  49802.742 286.452   0.033    6.270  -10.000      210.7957     4300.0469
 5  79  20.399  49802.742 286.452   0.066    5.701  -10.000      210.7957     4300.0469
 2  79  20.399  49803.719 303.684  -0.028    8.208  -10.000      210.8436     4301.0234
 3  79  20.399  49803.719 303.684   0.021    6.997  -10.000      210.8436     4301.0234
 4  79  20.399  49803.719 303.684   0.017    6.321  -10.000      210.8436     4301.0234
 5  79  20.399  49803.719 303.684   0.032    5.708  -10.000      210.8436     4301.0234
 2  79  20.399  49804.730 321.537  -0.026    8.366  -10.000      210.8932     4302.0352
 3  79  20.399  49804.730 321.537  -0.015    7.056  -10.000      210.8932     4302.0352
 4  79  20.399  49804.730 321.537   0.000    6.374  -10.000      210.8932     4302.0352
 5  79  20.399  49804.730 321.537   0.041    5.763  -10.000      210.8932     4302.0352
 2  79  20.399  49805.707 338.774  -0.052    8.489  -10.000      210.9410     4303.0117
 3  79  20.399  49805.707 338.774  -0.020    7.148  -10.000      210.9410     4303.0117
 4  79  20.399  49805.707 338.774  -0.006    6.443  -10.000      210.9410     4303.0117
 5  79  20.399  49805.707 338.774   0.031    5.808  -10.000      210.9410     4303.0117
 2  79  20.399  49806.727 356.765  -0.024    8.662  -10.000      210.9910     4304.0312
 3  79  20.399  49806.727 356.765  -0.011    7.257  -10.000      210.9910     4304.0312
 4  79  20.399  49806.727 356.765   0.001    6.531  -10.000      210.9910     4304.0312
 5  79  20.399  49806.727 356.765   0.043    5.885  -10.000      210.9910     4304.0312
 2  79  20.399  49807.715  14.205  -0.021    8.811  -10.000      211.0395     4305.0195
 3  79  20.399  49807.715  14.205  -0.012    7.360  -10.000      211.0395     4305.0195
 4  79  20.399  49807.715  14.205   0.004    6.620  -10.000      211.0395     4305.0195
 5  79  20.399  49807.715  14.205   0.046    5.957  -10.000      211.0395     4305.0195
 2  79  20.399  49808.715  31.855  -0.044    8.935  -10.000      211.0885     4306.0195
 3  79  20.399  49808.715  31.855  -0.018    7.464  -10.000      211.0885     4306.0195
 4  79  20.399  49808.715  31.855  -0.012    6.699  -10.000      211.0885     4306.0195
 5  79  20.399  49808.715  31.855   0.039    6.031  -10.000      211.0885     4306.0195
 2  79  20.399  49809.656  48.466  -0.031    9.047  -10.000      211.1346     4306.9609
 3  79  20.399  49809.656  48.466  -0.020    7.542  -10.000      211.1346     4306.9609
 4  79  20.399  49809.656  48.466   0.004    6.787  -10.000      211.1346     4306.9609
 5  79  20.399  49809.656  48.466   0.036    6.093  -10.000      211.1346     4306.9609
 2  79  20.399  49810.688  66.665  -0.027    9.119  -10.000      211.1852     4307.9922
 3  79  20.399  49810.688  66.665  -0.015    7.613  -10.000      211.1852     4307.9922
 4  79  20.399  49810.688  66.665  -0.008    6.841  -10.000      211.1852     4307.9922
 5  79  20.399  49810.688  66.665   0.045    6.167  -10.000      211.1852     4307.9922
 2  79  20.399  49811.668  83.969  -0.057    9.106  -10.000      211.2332     4308.9727
 3  79  20.399  49811.668  83.969  -0.027    7.635  -10.000      211.2332     4308.9727
 4  79  20.399  49811.668  83.969  -0.019    6.870  -10.000      211.2332     4308.9727
 5  79  20.399  49811.668  83.969   0.025    6.194  -10.000      211.2332     4308.9727
 2  79  20.399  49812.680 101.827  -0.066    9.023  -10.000      211.2829     4309.9844
 3  79  20.399  49812.680 101.827  -0.035    7.601  -10.000      211.2829     4309.9844
 4  79  20.399  49812.680 101.827  -0.026    6.857  -10.000      211.2829     4309.9844
 5  79  20.399  49812.680 101.827   0.006    6.187  -10.000      211.2829     4309.9844
 2  79  20.399  49813.691 119.680  -0.030    8.938  -10.000      211.3324     4310.9961
 3  79  20.399  49813.691 119.680   0.008    7.590  -10.000      211.3324     4310.9961
 4  79  20.399  49813.691 119.680  -0.008    6.850  -10.000      211.3324     4310.9961
 5  79  20.399  49813.691 119.680   0.015    6.196  -10.000      211.3324     4310.9961
 2  79  20.399  49814.613 135.950   0.091    8.976  -10.000      211.3776     4311.9180
 3  79  20.399  49814.613 135.950   0.058    7.611  -10.000      211.3776     4311.9180
 4  79  20.399  49814.613 135.950   0.033    6.883  -10.000      211.3776     4311.9180
 5  79  20.399  49814.613 135.950   0.019    6.213  -10.000      211.3776     4311.9180
 2  79  20.399  49814.695 137.395   0.079    8.958  -10.000      211.3817     4312.0000
 3  79  20.399  49814.695 137.395   0.049    7.599  -10.000      211.3817     4312.0000
 4  79  20.399  49814.695 137.395   0.025    6.874  -10.000      211.3817     4312.0000
 5  79  20.399  49814.695 137.395   0.024    6.219  -10.000      211.3817     4312.0000
 2  79  20.399  49815.664 154.495   0.089    8.874  -10.000      211.4292     4312.9688
 3  79  20.399  49815.664 154.495   0.057    7.563  -10.000      211.4292     4312.9688
 4  79  20.399  49815.664 154.495   0.036    6.862  -10.000      211.4292     4312.9688
 5  79  20.399  49815.664 154.495   0.028    6.219  -10.000      211.4292     4312.9688
 2  79  20.399  49816.652 171.936  -0.029    8.291  -10.000      211.4776     4313.9570
 3  79  20.399  49816.652 171.936   0.016    7.213  -10.000      211.4776     4313.9570
 4  79  20.399  49816.652 171.936   0.004    6.586  -10.000      211.4776     4313.9570
 5  79  20.399  49816.652 171.936   0.001    6.007  -10.000      211.4776     4313.9570
 2  79  20.399  49817.641 189.377  -0.265    7.182  -10.000      211.5260     4314.9453
 3  79  20.399  49817.641 189.377  -0.156    6.432  -10.000      211.5260     4314.9453
 4  79  20.399  49817.641 189.377  -0.114    5.968  -10.000      211.5260     4314.9453
 5  79  20.399  49817.641 189.377  -0.089    5.518  -10.000      211.5260     4314.9453
 2  79  20.399  49818.633 206.884  -0.023    7.287  -10.000      211.5747     4315.9375
 3  79  20.399  49818.633 206.884   0.020    6.502  -10.000      211.5747     4315.9375
 4  79  20.399  49818.633 206.884   0.030    6.019  -10.000      211.5747     4315.9375
 5  79  20.399  49818.633 206.884   0.013    5.539  -10.000      211.5747     4315.9375
 2  79  20.399  49819.609 224.121  -0.022    7.441  -10.000      211.6226     4316.9141
 3  79  20.399  49819.609 224.121   0.031    6.590  -10.000      211.6226     4316.9141
 4  79  20.399  49819.609 224.121   0.042    6.077  -10.000      211.6226     4316.9141
 5  79  20.399  49819.609 224.121   0.028    5.570  -10.000      211.6226     4316.9141
 2  79  20.399  49821.621 259.623  -0.019    7.803  -10.000      211.7212     4318.9258
 3  79  20.399  49821.621 259.623   0.031    6.774  -10.000      211.7212     4318.9258
 4  79  20.399  49821.621 259.623   0.037    6.183  -10.000      211.7212     4318.9258
 5  79  20.399  49821.621 259.623   0.030    5.617  -10.000      211.7212     4318.9258
 2  79  20.399  49822.625 277.339  -0.027    7.964  -10.000      211.7704     4319.9297
 3  79  20.399  49822.625 277.339   0.013    6.849  -10.000      211.7704     4319.9297
 4  79  20.399  49822.625 277.339   0.021    6.228  -10.000      211.7704     4319.9297
 5  79  20.399  49822.625 277.339   0.025    5.644  -10.000      211.7704     4319.9297
 2  79  20.399  49823.613 294.780  -0.026    8.131  -10.000      211.8188     4320.9180
 3  79  20.399  49823.613 294.780   0.017    6.948  -10.000      211.8188     4320.9180
 4  79  20.399  49823.613 294.780   0.022    6.295  -10.000      211.8188     4320.9180
 5  79  20.399  49823.613 294.780   0.028    5.685  -10.000      211.8188     4320.9180
 2  79  20.399  49824.609 312.358  -0.037    8.275  -10.000      211.8677     4321.9141
 3  79  20.399  49824.609 312.358   0.001    7.022  -10.000      211.8677     4321.9141
 4  79  20.399  49824.609 312.358   0.000    6.337  -10.000      211.8677     4321.9141
 5  79  20.399  49824.609 312.358   0.022    5.719  -10.000      211.8677     4321.9141
 2  79  20.399  49825.605 329.936  -0.049    8.415  -10.000      211.9165     4322.9102
 3  79  20.399  49825.605 329.936  -0.011    7.105  -10.000      211.9165     4322.9102
 4  79  20.399  49825.605 329.936  -0.002    6.406  -10.000      211.9165     4322.9102
 5  79  20.399  49825.605 329.936   0.030    5.776  -10.000      211.9165     4322.9102
 2  79  20.399  49826.633 348.069  -0.027    8.586  -10.000      211.9669     4323.9375
 3  79  20.399  49826.633 348.069  -0.009    7.208  -10.000      211.9669     4323.9375
 4  79  20.399  49826.633 348.069   0.000    6.488  -10.000      211.9669     4323.9375
 5  79  20.399  49826.633 348.069   0.030    5.837  -10.000      211.9669     4323.9375
 2  79  20.399  49827.605   5.235  -0.040    8.718  -10.000      212.0145     4324.9102
 3  79  20.399  49827.605   5.235  -0.010    7.309  -10.000      212.0145     4324.9102
 4  79  20.399  49827.605   5.235  -0.012    6.560  -10.000      212.0145     4324.9102
 5  79  20.399  49827.605   5.235   0.035    5.911  -10.000      212.0145     4324.9102
23   4  20.399  40675.402 128.804   0.034    0.815  -10.000     -236.6422    -4827.2930
23   4  20.399  40677.379 163.691   0.143    0.765  -10.000     -236.5453    -4825.3164
23   4  20.399  40682.383 251.999  -0.014   -0.100  -10.000     -236.3000    -4820.3125
24   4  20.399  40682.383 251.999  -0.071    0.915  -10.000     -236.3000    -4820.3125
25   4  20.399  40682.383 251.999  -0.028    2.470  -10.000     -236.3000    -4820.3125
26   4  20.399  40682.383 251.999  -0.013    3.483  -10.000     -236.3000    -4820.3125
27   4  20.399  40682.383 251.999  -0.093    1.857  -10.000     -236.3000    -4820.3125
23   4  20.399  40684.344 286.600  -0.029    0.068  -10.000     -236.2039    -4818.3516
24   4  20.399  40684.344 286.600  -0.066    1.283  -10.000     -236.2039    -4818.3516
25   4  20.399  40684.344 286.600  -0.074    2.878  -10.000     -236.2039    -4818.3516
26   4  20.399  40684.344 286.600  -0.036    3.938  -10.000     -236.2039    -4818.3516
27   4  20.399  40684.344 286.600  -0.053    2.428  -10.000     -236.2039    -4818.3516
23   4  20.399  40689.340  14.771  -0.047    0.555  -10.000     -235.9590    -4813.3555
24   4  20.399  40689.340  14.771  -0.071    2.113  -10.000     -235.9590    -4813.3555
25   4  20.399  40689.340  14.771  -0.026    3.925  -10.000     -235.9590    -4813.3555
26   4  20.399  40689.340  14.771   0.021    5.043  -10.000     -235.9590    -4813.3555
27   4  20.399  40689.340  14.771  -0.005    3.615  -10.000     -235.9590    -4813.3555
23   4  20.399  40711.270  41.786  -0.053    0.707  -10.000     -234.8839    -4791.4258
24   4  20.399  40711.270  41.786  -0.087    2.315  -10.000     -234.8839    -4791.4258
25   4  20.399  40711.270  41.786   0.001    4.200  -10.000     -234.8839    -4791.4258
26   4  20.399  40711.270  41.786   0.003    5.280  -10.000     -234.8839    -4791.4258
27   4  20.399  40711.270  41.786  -0.021    3.873  -10.000     -234.8839    -4791.4258
23   4  20.399  40728.262 341.658  -0.036    0.370  -10.000     -234.0509    -4774.4336
24   4  20.399  40728.262 341.658  -0.093    1.795  -10.000     -234.0509    -4774.4336
25   4  20.399  40728.262 341.658  -0.061    3.545  -10.000     -234.0509    -4774.4336
26   4  20.399  40728.262 341.658  -0.034    4.628  -10.000     -234.0509    -4774.4336
27   4  20.399  40728.262 341.658  -0.001    3.233  -10.000     -234.0509    -4774.4336
23   4  20.399  40729.270 359.445  -0.032    0.477  -10.000     -234.0015    -4773.4258
24   4  20.399  40729.270 359.445  -0.092    1.955  -10.000     -234.0015    -4773.4258
25   4  20.399  40729.270 359.445  -0.039    3.753  -10.000     -234.0015    -4773.4258
26   4  20.399  40729.270 359.445   0.090    4.945  -10.000     -234.0015    -4773.4258
27   4  20.399  40729.270 359.445   0.028    3.470  -10.000     -234.0015    -4773.4258
23   4  20.399  40733.289  70.378  -0.064    0.803  -10.000     -233.8045    -4769.4062
24   4  20.399  40733.289  70.378  -0.061    2.453  -10.000     -233.8045    -4769.4062
25   4  20.399  40733.289  70.378   0.031    4.345  -10.000     -233.8045    -4769.4062
26   4  20.399  40733.289  70.378   0.065    5.457  -10.000     -233.8045    -4769.4062
27   4  20.399  40733.289  70.378  -0.006    4.005  -10.000     -233.8045    -4769.4062
23   4  20.399  40734.230  86.995  -0.047    0.843  -10.000     -233.7583    -4768.4648
24   4  20.399  40734.230  86.995  -0.063    2.450  -10.000     -233.7583    -4768.4648
25   4  20.399  40734.230  86.995   0.021    4.323  -10.000     -233.7583    -4768.4648
26   4  20.399  40734.230  86.995   0.170    5.548  -10.000     -233.7583    -4768.4648
27   4  20.399  40734.230  86.995   0.022    4.010  -10.000     -233.7583    -4768.4648
23   4  20.399  40735.227 104.573  -0.032    0.822  -10.000     -233.7095    -4767.4688
24   4  20.399  40735.227 104.573  -0.060    2.355  -10.000     -233.7095    -4767.4688
25   4  20.399  40735.227 104.573  -0.002    4.170  -10.000     -233.7095    -4767.4688
26   4  20.399  40735.227 104.573   0.049    5.287  -10.000     -233.7095    -4767.4688
27   4  20.399  40735.227 104.573  -0.004    3.827  -10.000     -233.7095    -4767.4688
23   4  20.399  40736.227 122.223  -0.004    0.793  -10.000     -233.6605    -4766.4688
24   4  20.399  40736.227 122.223  -0.004    2.270  -10.000     -233.6605    -4766.4688
25   4  20.399  40736.227 122.223   0.031    4.020  -10.000     -233.6605    -4766.4688
26   4  20.399  40736.227 122.223   0.061    5.105  -10.000     -233.6605    -4766.4688
27   4  20.399  40736.227 122.223   0.041    3.655  -10.000     -233.6605    -4766.4688
23   4  20.399  40737.227 139.867   0.059    0.825  -10.000     -233.6115    -4765.4688
24   4  20.399  40737.227 139.867   0.115    2.290  -10.000     -233.6115    -4765.4688
25   4  20.399  40737.227 139.867   0.104    3.960  -10.000     -233.6115    -4765.4688
26   4  20.399  40737.227 139.867   0.103    5.005  -10.000     -233.6115    -4765.4688
27   4  20.399  40737.227 139.867   0.130    3.582  -10.000     -233.6115    -4765.4688
23   4  20.399  40738.227 157.516   0.106    0.810  -10.000     -233.5625    -4764.4688
24   4  20.399  40738.227 157.516   0.171    2.217  -10.000     -233.5625    -4764.4688
25   4  20.399  40738.227 157.516   0.141    3.835  -10.000     -233.5625    -4764.4688
26   4  20.399  40738.227 157.516   0.211    4.940  -10.000     -233.5625    -4764.4688
27   4  20.399  40738.227 157.516   0.172    3.433  -10.000     -233.5625    -4764.4688
23   4  20.399  40740.238 193.019  -0.102   -0.382  -10.000     -233.4638    -4762.4570
24   4  20.399  40740.238 193.019  -0.146    0.385  -10.000     -233.4638    -4762.4570
25   4  20.399  40740.238 193.019   0.010    1.923  -10.000     -233.4638    -4762.4570
26   4  20.399  40740.238 193.019   0.011    2.883  -10.000     -233.4638    -4762.4570
27   4  20.399  40740.238 193.019  -0.173    1.080  -10.000     -233.4638    -4762.4570
23   4  20.399  40741.230 210.531  -0.013   -0.322  -10.000     -233.4152    -4761.4648
24   4  20.399  40741.230 210.531  -0.030    0.483  -10.000     -233.4152    -4761.4648
25   4  20.399  40741.230 210.531   0.123    2.023  -10.000     -233.4152    -4761.4648
26   4  20.399  40741.230 210.531   0.164    3.025  -10.000     -233.4152    -4761.4648
27   4  20.399  40741.230 210.531  -0.003    1.243  -10.000     -233.4152    -4761.4648
23   4  20.399  40746.215 298.493  -0.010    0.157  -10.000     -233.1709    -4756.4805
24   4  20.399  40746.215 298.493  -0.056    1.423  -10.000     -233.1709    -4756.4805
25   4  20.399  40746.215 298.493  -0.066    3.045  -10.000     -233.1709    -4756.4805
26   4  20.399  40746.215 298.493  -0.022    4.120  -10.000     -233.1709    -4756.4805
27   4  20.399  40746.215 298.493  -0.010    2.655  -10.000     -233.1709    -4756.4805
23   4  20.399  40752.195  44.033  -0.069    0.702  -10.000     -232.8777    -4750.5000
24   4  20.399  40752.195  44.033  -0.093    2.322  -10.000     -232.8777    -4750.5000
25   4  20.399  40752.195  44.033  -0.006    4.207  -10.000     -232.8777    -4750.5000
26   4  20.399  40752.195  44.033   0.037    5.330  -10.000     -232.8777    -4750.5000
27   4  20.399  40752.195  44.033  -0.032    3.878  -10.000     -232.8777    -4750.5000
23   4  20.399  40753.191  61.611  -0.054    0.790  -10.000     -232.8289    -4749.5039
24   4  20.399  40753.191  61.611  -0.060    2.438  -10.000     -232.8289    -4749.5039
25   4  20.399  40753.191  61.611   0.027    4.327  -10.000     -232.8289    -4749.5039
26   4  20.399  40753.191  61.611   0.109    5.490  -10.000     -232.8289    -4749.5039
27   4  20.399  40753.191  61.611   0.030    4.030  -10.000     -232.8289    -4749.5039
23   4  20.399  40754.191  79.261  -0.054    0.832  -10.000     -232.7798    -4748.5039
24   4  20.399  40754.191  79.261  -0.057    2.467  -10.000     -232.7798    -4748.5039
25   4  20.399  40754.191  79.261   0.045    4.365  -10.000     -232.7798    -4748.5039
26   4  20.399  40754.191  79.261   0.072    5.470  -10.000     -232.7798    -4748.5039
27   4  20.399  40754.191  79.261  -0.006    4.007  -10.000     -232.7798    -4748.5039
23   4  20.399  40759.188 167.432   0.157    0.698  -10.000     -232.5349    -4743.5078
24   4  20.399  40759.188 167.432   0.253    2.035  -10.000     -232.5349    -4743.5078
25   4  20.399  40759.188 167.432   0.268    3.648  -10.000     -232.5349    -4743.5078
26   4  20.399  40759.188 167.432   0.264    4.665  -10.000     -232.5349    -4743.5078
27   4  20.399  40759.188 167.432   0.334    3.238  -10.000     -232.5349    -4743.5078
23   4  20.399  40760.188 185.081  -0.017   -0.108  -10.000     -232.4859    -4742.5078
24   4  20.399  40760.188 185.081  -0.070    0.748  -10.000     -232.4859    -4742.5078
25   4  20.399  40760.188 185.081   0.012    2.260  -10.000     -232.4859    -4742.5078
26   4  20.399  40760.188 185.081   0.001    3.223  -10.000     -232.4859    -4742.5078
27   4  20.399  40760.188 185.081  -0.108    1.523  -10.000     -232.4859    -4742.5078
23   4  20.399  40761.188 202.725  -0.052   -0.380  -10.000     -232.4369    -4741.5078
24   4  20.399  40761.188 202.725  -0.072    0.395  -10.000     -232.4369    -4741.5078
25   4  20.399  40761.188 202.725   0.095    1.935  -10.000     -232.4369    -4741.5078
26   4  20.399  40761.188 202.725   0.143    2.940  -10.000     -232.4369    -4741.5078
27   4  20.399  40761.188 202.725  -0.054    1.120  -10.000     -232.4369    -4741.5078
23   4  20.399  40762.184 220.309  -0.020   -0.282  -10.000     -232.3880    -4740.5117
24   4  20.399  40762.184 220.309  -0.058    0.558  -10.000     -232.3880    -4740.5117
25   4  20.399  40762.184 220.309   0.075    2.105  -10.000     -232.3880    -4740.5117
26   4  20.399  40762.184 220.309   0.102    3.100  -10.000     -232.3880    -4740.5117
27   4  20.399  40762.184 220.309  -0.054    1.345  -10.000     -232.3880    -4740.5117
23   4  20.399  40763.184 237.953  -0.017   -0.180  -10.000     -232.3390    -4739.5117
24   4  20.399  40763.184 237.953  -0.068    0.755  -10.000     -232.3390    -4739.5117
25   4  20.399  40763.184 237.953   0.002    2.295  -10.000     -232.3390    -4739.5117
26   4  20.399  40763.184 237.953   0.021    3.297  -10.000     -232.3390    -4739.5117
27   4  20.399  40763.184 237.953  -0.090    1.618  -10.000     -232.3390    -4739.5117
23   4  20.399  40767.195 308.754  -0.027    0.192  -10.000     -232.1423    -4735.5000
24   4  20.399  40767.195 308.754  -0.069    1.508  -10.000     -232.1423    -4735.5000
25   4  20.399  40767.195 308.754  -0.069    3.162  -10.000     -232.1423    -4735.5000
26   4  20.399  40767.195 308.754  -0.069    4.200  -10.000     -232.1423    -4735.5000
27   4  20.399  40767.195 308.754  -0.025    2.780  -10.000     -232.1423    -4735.5000
23   4  20.399  40768.188 326.261  -0.039    0.278  -10.000     -232.0937    -4734.5078
24   4  20.399  40768.188 326.261  -0.077    1.668  -10.000     -232.0937    -4734.5078
25   4  20.399  40768.188 326.261  -0.068    3.368  -10.000     -232.0937    -4734.5078
26   4  20.399  40768.188 326.261  -0.060    4.423  -10.000     -232.0937    -4734.5078
27   4  20.399  40768.188 326.261  -0.006    3.033  -10.000     -232.0937    -4734.5078
23   4  20.399  40771.184  19.138  -0.059    0.572  -10.000     -231.9468    -4731.5117
24   4  20.399  40771.184  19.138  -0.083    2.142  -10.000     -231.9468    -4731.5117
25   4  20.399  40771.184  19.138  -0.007    3.993  -10.000     -231.9468    -4731.5117
26   4  20.399  40771.184  19.138  -0.008    5.062  -10.000     -231.9468    -4731.5117
27   4  20.399  40771.184  19.138  -0.019    3.655  -10.000     -231.9468    -4731.5117
23   4  20.399  40875.574  61.403  -0.053    0.790  -10.000     -226.8294    -4627.1211
24   4  20.399  40875.574  61.403  -0.084    2.412  -10.000     -226.8294    -4627.1211
25   4  20.399  40875.574  61.403   0.035    4.335  -10.000     -226.8294    -4627.1211
26   4  20.399  40875.574  61.403   0.022    5.403  -10.000     -226.8294    -4627.1211
27   4  20.399  40875.574  61.403  -0.020    3.980  -10.000     -226.8294    -4627.1211
23   4  20.399  40896.566  71.867  -0.045    0.825  -10.000     -225.8004    -4606.1289
24   4  20.399  40896.566  71.867  -0.058    2.457  -10.000     -225.8004    -4606.1289
25   4  20.399  40896.566  71.867   0.042    4.358  -10.000     -225.8004    -4606.1289
26   4  20.399  40896.566  71.867   0.118    5.512  -10.000     -225.8004    -4606.1289
27   4  20.399  40896.566  71.867  -0.004    4.007  -10.000     -225.8004    -4606.1289
23   4  20.399  40929.465 292.456  -0.027    0.105  -10.000     -224.1876    -4573.2305
24   4  20.399  40929.465 292.456  -0.074    1.340  -10.000     -224.1876    -4573.2305
25   4  20.399  40929.465 292.456  -0.077    2.955  -10.000     -224.1876    -4573.2305
26   4  20.399  40929.465 292.456  -0.041    4.017  -10.000     -224.1876    -4573.2305
27   4  20.399  40929.465 292.456  -0.058    2.515  -10.000     -224.1876    -4573.2305
23   4  20.399  40935.438  37.859  -0.059    0.683  -10.000     -223.8948    -4567.2578
24   4  20.399  40935.438  37.859  -0.089    2.287  -10.000     -223.8948    -4567.2578
25   4  20.399  40935.438  37.859  -0.006    4.165  -10.000     -223.8948    -4567.2578
26   4  20.399  40935.438  37.859   0.116    5.365  -10.000     -223.8948    -4567.2578
27   4  20.399  40935.438  37.859  -0.028    3.835  -10.000     -223.8948    -4567.2578
23   4  20.399  41082.234 108.506  -0.024    0.820  -10.000     -216.6986    -4420.4609
24   4  20.399  41082.234 108.506  -0.072    2.315  -10.000     -216.6986    -4420.4609
25   4  20.399  41082.234 108.506  -0.037    4.097  -10.000     -216.6986    -4420.4609
26   4  20.399  41082.234 108.506   0.058    5.258  -10.000     -216.6986    -4420.4609
27   4  20.399  41082.234 108.506  -0.060    3.727  -10.000     -216.6986    -4420.4609
23   4  20.399  41103.207 118.625  -0.025    0.785  -10.000     -215.6705    -4399.4883
24   4  20.399  41103.207 118.625  -0.051    2.253  -10.000     -215.6705    -4399.4883
25   4  20.399  41103.207 118.625  -0.027    4.000  -10.000     -215.6705    -4399.4883
26   4  20.399  41103.207 118.625  -0.047    5.037  -10.000     -215.6705    -4399.4883
27   4  20.399  41103.207 118.625  -0.012    3.648  -10.000     -215.6705    -4399.4883
23   4  20.399  41104.207 136.274   0.052    0.825  -10.000     -215.6215    -4398.4883
24   4  20.399  41104.207 136.274   0.087    2.283  -10.000     -215.6215    -4398.4883
25   4  20.399  41104.207 136.274   0.101    3.985  -10.000     -215.6215    -4398.4883
26   4  20.399  41104.207 136.274   0.134    5.065  -10.000     -215.6215    -4398.4883
27   4  20.399  41104.207 136.274   0.105    3.590  -10.000     -215.6215    -4398.4883
23   4  20.399  41106.219 171.777   0.092    0.505  -10.000     -215.5228    -4396.4766
24   4  20.399  41106.219 171.777   0.126    1.710  -10.000     -215.5228    -4396.4766
25   4  20.399  41106.219 171.777   0.152    3.297  -10.000     -215.5228    -4396.4766
26   4  20.399  41106.219 171.777   0.079    4.235  -10.000     -215.5228    -4396.4766
27   4  20.399  41106.219 171.777   0.161    2.800  -10.000     -215.5228    -4396.4766
23   4  20.399  41123.180 111.099  -0.038    0.798  -10.000     -214.6914    -4379.5156
24   4  20.399  41123.180 111.099  -0.082    2.285  -10.000     -214.6914    -4379.5156
25   4  20.399  41123.180 111.099  -0.049    4.060  -10.000     -214.6914    -4379.5156
26   4  20.399  41123.180 111.099  -0.029    5.142  -10.000     -214.6914    -4379.5156
27   4  20.399  41123.180 111.099  -0.089    3.668  -10.000     -214.6914    -4379.5156
23   4  20.399  41124.180 128.749   0.011    0.793  -10.000     -214.6424    -4378.5156
24   4  20.399  41124.180 128.749   0.008    2.240  -10.000     -214.6424    -4378.5156
25   4  20.399  41124.180 128.749   0.014    3.948  -10.000     -214.6424    -4378.5156
26   4  20.399  41124.180 128.749  -0.055    4.930  -10.000     -214.6424    -4378.5156
27   4  20.399  41124.180 128.749   0.030    3.578  -10.000     -214.6424    -4378.5156
23   4  20.399  41126.211 164.597   0.113    0.717  -10.000     -214.5428    -4376.4844
24   4  20.399  41126.211 164.597   0.164    2.048  -10.000     -214.5428    -4376.4844
25   4  20.399  41126.211 164.597   0.167    3.668  -10.000     -214.5428    -4376.4844
26   4  20.399  41126.211 164.597   0.123    4.650  -10.000     -214.5428    -4376.4844
27   4  20.399  41126.211 164.597   0.209    3.250  -10.000     -214.5428    -4376.4844
 0 126  20.399  33986.602 166.069   7.385   45.300  -10.000     -564.5387   -11516.0938
 0 126  20.399  33988.602 201.357   1.659   16.000  -10.000     -564.4407   -11514.0938
 0 126  20.399  33998.559  17.073  -2.459   27.400  -10.000     -563.9526   -11504.1367
 0 126  20.399  34000.570  52.581  -3.874   35.600  -10.000     -563.8539   -11502.1250
 0 126  20.399  34027.602 169.629   3.473   40.300  -10.000     -562.5288   -11475.0938
 0 126  20.399  34029.570 204.368   4.207   14.000  -10.000     -562.4323   -11473.1250
 0 126  20.399  34031.539 239.106   0.921   -2.800  -10.000     -562.3358   -11471.1562
 0 169  20.399  53204.441 199.028  -5.624   12.010    1.500      377.5529     7701.7461
 0 169  20.399  53205.441 216.672  -1.572   -1.310    0.670      377.6019     7702.7461
 0 169  20.399  53206.441 234.316   1.012   -3.620    0.810      377.6509     7703.7461
 0 169  20.399  53150.488 326.865   2.247   18.030    0.420      374.9080     7647.7930
 0 169  20.399  53152.512   2.582   2.960   28.710    0.320      375.0072     7649.8164
 0 169  20.399  53156.488  72.751   0.016   44.640    0.510      375.2021     7653.7930
 0 169  20.399  53201.441 146.074   2.170   43.720    0.770      377.4058     7698.7461
 0 169  20.399  53202.449 163.861   0.216   37.780    0.600      377.4552     7699.7539
 0 169  20.399  53203.441 181.373   4.546   29.140    0.550      377.5038     7700.7461
 3 150  20.399  50351.910 258.069   0.009    6.744  -10.000      237.7169     4849.2148
 5 150  20.399  50351.910 258.069   0.041    5.626  -10.000      237.7169     4849.2148
 3 150  20.399  50352.895 275.438   0.005    6.832  -10.000      237.7651     4850.1992
 5 150  20.399  50352.895 275.438   0.015    5.631  -10.000      237.7651     4850.1992
 3 150  20.399  50354.898 310.803  -0.012    7.001  -10.000      237.8633     4852.2031
 5 150  20.399  50354.898 310.803   0.023    5.715  -10.000      237.8633     4852.2031
 3 150  20.399  50355.895 328.381  -0.013    7.094  -10.000      237.9122     4853.1992
 5 150  20.399  50355.895 328.381   0.037    5.778  -10.000      237.9122     4853.1992
 3 150  20.399  50357.895   3.680  -0.036    7.274  -10.000      238.0102     4855.1992
 5 150  20.399  50357.895   3.680   0.013    5.883  -10.000      238.0102     4855.1992
 3 150  20.399  50358.895  21.324  -0.048    7.370  -10.000      238.0592     4856.1992
 5 150  20.399  50358.895  21.324   0.004    5.949  -10.000      238.0592     4856.1992
 3 150  20.399  50359.887  38.837  -0.036    7.481  -10.000      238.1079     4857.1914
 5 150  20.399  50359.887  38.837   0.011    6.031  -10.000      238.1079     4857.1914
 3 150  20.399  50361.887  74.130  -0.038    7.608  -10.000      238.2059     4859.1914
 5 150  20.399  50361.887  74.130   0.022    6.166  -10.000      238.2059     4859.1914
 3 150  20.399  50363.891 109.495  -0.032    7.583  -10.000      238.3042     4861.1953
 5 150  20.399  50363.891 109.495   0.001    6.183  -10.000      238.3042     4861.1953
 3 150  20.399  50379.801  30.278  -0.042    7.431  -10.000      239.0841     4877.1055
 5 150  20.399  50379.801  30.278   0.024    6.010  -10.000      239.0841     4877.1055
 3 150  20.399  50379.879  31.657  -0.077    7.404  -10.000      239.0879     4877.1836
 5 150  20.399  50379.879  31.657  -0.030    5.961  -10.000      239.0879     4877.1836
 3 150  20.399  50380.789  47.719  -0.042    7.517  -10.000      239.1326     4878.0938
 5 150  20.399  50380.789  47.719   0.026    6.080  -10.000      239.1326     4878.0938
 3 150  20.399  50380.828  48.406  -0.040    7.522  -10.000      239.1345     4878.1328
 5 150  20.399  50380.828  48.406   0.010    6.067  -10.000      239.1345     4878.1328
 3 150  20.399  50381.797  65.500  -0.028    7.597  -10.000      239.1819     4879.1016
 5 150  20.399  50381.797  65.500   0.011    6.130  -10.000      239.1819     4879.1016
 3 150  20.399  50381.871  66.813  -0.023    7.605  -10.000      239.1856     4879.1758
 5 150  20.399  50381.871  66.813   0.016    6.138  -10.000      239.1856     4879.1758
 3 150  20.399  50383.742  99.833  -0.029    7.611  -10.000      239.2773     4881.0469
 5 150  20.399  50383.742  99.833   0.017    6.197  -10.000      239.2773     4881.0469
 3 150  20.399  50383.828 101.349  -0.054    7.583  -10.000      239.2815     4881.1328
 5 150  20.399  50383.828 101.349  -0.012    6.168  -10.000      239.2815     4881.1328
 3 150  20.399  50383.879 102.244  -0.039    7.595  -10.000      239.2840     4881.1836
 5 150  20.399  50383.879 102.244  -0.004    6.177  -10.000      239.2840     4881.1836
 3 150  20.399  50384.781 118.169  -0.019    7.569  -10.000      239.3282     4882.0859
 5 150  20.399  50384.781 118.169  -0.009    6.173  -10.000      239.3282     4882.0859
 3 150  20.399  50384.875 119.822  -0.018    7.564  -10.000      239.3328     4882.1797
 5 150  20.399  50384.875 119.822   0.000    6.181  -10.000      239.3328     4882.1797
 3 150  20.399  50386.797 153.743   0.084    7.594  -10.000      239.4271     4884.1016
 5 150  20.399  50386.797 153.743   0.049    6.241  -10.000      239.4271     4884.1016
 3 150  20.399  50386.875 155.121   0.055    7.558  -10.000      239.4309     4884.1797
 5 150  20.399  50386.875 155.121   0.016    6.206  -10.000      239.4309     4884.1797
 3 150  20.399  50387.863 172.562   0.014    7.190  -10.000      239.4793     4885.1680
 5 150  20.399  50387.863 172.562  -0.004    5.989  -10.000      239.4793     4885.1680
 3 150  20.399  50388.812 189.311  -0.164    6.425  -10.000      239.5259     4886.1172
 5 150  20.399  50388.812 189.311  -0.087    5.521  -10.000      239.5259     4886.1172
 3 150  20.399  50388.859 190.140  -0.153    6.418  -10.000      239.5282     4886.1641
 5 150  20.399  50388.859 190.140  -0.081    5.515  -10.000      239.5282     4886.1641
 3 150  20.399  50389.723 205.373  -0.028    6.451  -10.000      239.5705     4887.0273
 5 150  20.399  50389.723 205.373  -0.006    5.520  -10.000      239.5705     4887.0273
 3 150  20.399  50390.719 222.957   0.008    6.561  -10.000      239.6193     4888.0234
 5 150  20.399  50390.719 222.957   0.013    5.553  -10.000      239.6193     4888.0234
 3 150  20.399  50390.859 225.434  -0.003    6.563  -10.000      239.6262     4888.1641
 5 150  20.399  50390.859 225.434   0.012    5.556  -10.000      239.6262     4888.1641
 3 150  20.399  50391.750 241.155   0.014    6.666  -10.000      239.6699     4889.0547
 5 150  20.399  50391.750 241.155   0.019    5.584  -10.000      239.6699     4889.0547
 3 150  20.399  50391.852 242.946   0.000    6.662  -10.000      239.6749     4889.1562
 5 150  20.399  50391.852 242.946   0.013    5.581  -10.000      239.6749     4889.1562
 3 150  20.399  50392.719 258.250   0.033    6.769  -10.000      239.7174     4890.0234
 5 150  20.399  50392.719 258.250   0.045    5.630  -10.000      239.7174     4890.0234
 3 150  20.399  50392.855 260.662   0.009    6.757  -10.000      239.7241     4890.1602
 5 150  20.399  50392.855 260.662   0.026    5.615  -10.000      239.7241     4890.1602
 3 150  20.399  50393.738 276.240   0.003    6.834  -10.000      239.7673     4891.0430
 5 150  20.399  50393.738 276.240   0.016    5.633  -10.000      239.7673     4891.0430
 3 150  20.399  50393.859 278.377   0.006    6.847  -10.000      239.7733     4891.1641
 5 150  20.399  50393.859 278.377   0.023    5.643  -10.000      239.7733     4891.1641
 3 150  20.399  50394.742 293.961  -0.016    6.910  -10.000      239.8166     4892.0469
 5 150  20.399  50394.742 293.961   0.017    5.672  -10.000      239.8166     4892.0469
 3 150  20.399  50394.848 295.818  -0.001    6.936  -10.000      239.8217     4892.1523
 5 150  20.399  50394.848 295.818   0.017    5.677  -10.000      239.8217     4892.1523
 3 150  20.399  50543.242  34.662  -0.021    7.475  -10.000      247.0963     5040.5469
 5 150  20.399  50543.242  34.662   0.034    6.037  -10.000      247.0963     5040.5469
 3 150  20.399  50568.219 115.444  -0.021    7.576  -10.000      248.3207     5065.5234
 5 150  20.399  50568.219 115.444   0.004    6.187  -10.000      248.3207     5065.5234
 3 150  20.399  50570.219 150.738   0.036    7.556  -10.000      248.4187     5067.5234
 5 150  20.399  50570.219 150.738   0.017    6.212  -10.000      248.4187     5067.5234
 3 150  20.399  50571.211 168.250   0.060    7.366  -10.000      248.4674     5068.5156
 5 150  20.399  50571.211 168.250   0.026    6.100  -10.000      248.4674     5068.5156
 3 150  20.399  50572.207 185.828  -0.160    6.524  -10.000      248.5162     5069.5117
 5 150  20.399  50572.207 185.828  -0.096    5.574  -10.000      248.5162     5069.5117
 3 150  20.399  50573.219 203.681  -0.009    6.467  -10.000      248.5658     5070.5234
 5 150  20.399  50573.219 203.681  -0.010    5.517  -10.000      248.5658     5070.5234
 3 150  20.399  50573.219 203.681  -0.017    6.459  -10.000      248.5658     5070.5234
 5 150  20.399  50573.219 203.681  -0.010    5.517  -10.000      248.5658     5070.5234
 3 150  20.399  50576.203 256.349   0.016    6.743  -10.000      248.7121     5073.5078
 5 150  20.399  50576.203 256.349   0.022    5.604  -10.000      248.7121     5073.5078
 3 150  20.399  50576.242 257.036   0.011    6.741  -10.000      248.7140     5073.5469
 5 150  20.399  50576.242 257.036   0.021    5.604  -10.000      248.7140     5073.5469
 3 150  20.399  50578.199 291.577  -0.025    6.886  -10.000      248.8099     5075.5039
 5 150  20.399  50578.199 291.577  -0.015    5.633  -10.000      248.8099     5075.5039
 3 150  20.399  50580.199 326.871   0.001    7.100  -10.000      248.9080     5077.5039
 5 150  20.399  50580.199 326.871   0.035    5.771  -10.000      248.9080     5077.5039
 3 150  20.399  50581.215 344.795   0.002    7.201  -10.000      248.9578     5078.5195
 5 150  20.399  50581.215 344.795   0.042    5.838  -10.000      248.9578     5078.5195
 3 150  20.399  50582.195   2.098  -0.006    7.295  -10.000      249.0058     5079.5000
 5 150  20.399  50582.195   2.098   0.045    5.908  -10.000      249.0058     5079.5000
 3 150  20.399  50582.285   3.686  -0.017    7.293  -10.000      249.0102     5079.5898
 5 150  20.399  50582.285   3.686   0.023    5.893  -10.000      249.0102     5079.5898
 3 150  20.399  50583.223  20.226  -0.028    7.383  -10.000      249.0562     5080.5273
 5 150  20.399  50583.223  20.226   0.026    5.965  -10.000      249.0562     5080.5273
 3 150  20.399  50583.254  20.781  -0.028    7.387  -10.000      249.0577     5080.5586
 5 150  20.399  50583.254  20.781   0.021    5.963  -10.000      249.0577     5080.5586
 3 150  20.399  50584.195  37.392  -0.029    7.481  -10.000      249.1039     5081.5000
 5 150  20.399  50584.195  37.392   0.034    6.048  -10.000      249.1039     5081.5000
 3 150  20.399  50584.258  38.496  -0.037    7.479  -10.000      249.1069     5081.5625
 5 150  20.399  50584.258  38.496   0.028    6.047  -10.000      249.1069     5081.5625
 3 150  20.399  50584.270  38.705  -0.034    7.483  -10.000      249.1075     5081.5742
 5 150  20.399  50584.270  38.705   0.028    6.048  -10.000      249.1075     5081.5742
 2 150  20.399  50890.414  41.484  -0.069    8.971  -10.000      264.1152     5387.7188
 3 150  20.399  50890.414  41.484  -0.038    7.492  -10.000      264.1152     5387.7188
 4 150  20.399  50890.414  41.484  -0.022    6.732  -10.000      264.1152     5387.7188
 5 150  20.399  50890.414  41.484   0.025    6.056  -10.000      264.1152     5387.7188
 2 150  20.399  50891.250  56.239  -0.069    9.047  -10.000      264.1562     5388.5547
 3 150  20.399  50891.250  56.239  -0.036    7.559  -10.000      264.1562     5388.5547
 4 150  20.399  50891.250  56.239  -0.013    6.801  -10.000      264.1562     5388.5547
 5 150  20.399  50891.250  56.239   0.038    6.124  -10.000      264.1562     5388.5547
 2 150  20.399  50892.246  73.817  -0.056    9.102  -10.000      264.2050     5389.5508
 3 150  20.399  50892.246  73.817  -0.025    7.620  -10.000      264.2050     5389.5508
 4 150  20.399  50892.246  73.817  -0.014    6.854  -10.000      264.2050     5389.5508
 5 150  20.399  50892.246  73.817   0.038    6.181  -10.000      264.2050     5389.5508
 2 150  20.399  50892.406  76.641  -0.060    9.102  -10.000      264.2129     5389.7109
 3 150  20.399  50892.406  76.641  -0.040    7.612  -10.000      264.2129     5389.7109
 4 150  20.399  50892.406  76.641  -0.023    6.852  -10.000      264.2129     5389.7109
 5 150  20.399  50892.406  76.641   0.025    6.177  -10.000      264.2129     5389.7109
 2 150  20.399  50893.242  91.395  -0.063    9.078  -10.000      264.2539     5390.5469
 3 150  20.399  50893.242  91.395  -0.025    7.631  -10.000      264.2539     5390.5469
 4 150  20.399  50893.242  91.395  -0.007    6.883  -10.000      264.2539     5390.5469
 5 150  20.399  50893.242  91.395   0.018    6.194  -10.000      264.2539     5390.5469
 2 150  20.399  50893.320  92.780  -0.055    9.081  -10.000      264.2577     5390.6250
 3 150  20.399  50893.320  92.780  -0.036    7.618  -10.000      264.2577     5390.6250
 4 150  20.399  50893.320  92.780  -0.017    6.872  -10.000      264.2577     5390.6250
 5 150  20.399  50893.320  92.780   0.024    6.200  -10.000      264.2577     5390.6250
 2 150  20.399  50893.430  94.702  -0.067    9.060  -10.000      264.2631     5390.7344
 3 150  20.399  50893.430  94.702  -0.032    7.619  -10.000      264.2631     5390.7344
 4 150  20.399  50893.430  94.702  -0.014    6.874  -10.000      264.2631     5390.7344
 5 150  20.399  50893.430  94.702   0.025    6.203  -10.000      264.2631     5390.7344
 2 150  20.399  50896.441 147.854   0.122    8.947  -10.000      264.4107     5393.7461
 3 150  20.399  50896.441 147.854   0.086    7.613  -10.000      264.4107     5393.7461
 4 150  20.399  50896.441 147.854   0.059    6.897  -10.000      264.4107     5393.7461
 5 150  20.399  50896.441 147.854   0.052    6.247  -10.000      264.4107     5393.7461
 2 150  20.399  50897.234 161.851   0.115    8.790  -10.000      264.4496     5394.5391
 3 150  20.399  50897.234 161.851   0.069    7.505  -10.000      264.4496     5394.5391
 4 150  20.399  50897.234 161.851   0.048    6.821  -10.000      264.4496     5394.5391
 5 150  20.399  50897.234 161.851   0.040    6.193  -10.000      264.4496     5394.5391
 2 150  20.399  50901.234 232.438  -0.022    7.526  -10.000      264.6457     5398.5391
 3 150  20.399  50901.234 232.438   0.029    6.631  -10.000      264.6457     5398.5391
 4 150  20.399  50901.234 232.438   0.039    6.100  -10.000      264.6457     5398.5391
 5 150  20.399  50901.234 232.438   0.035    5.588  -10.000      264.6457     5398.5391
 2 150  20.399  50902.230 250.016   0.004    7.738  -10.000      264.6945     5399.5352
 3 150  20.399  50902.230 250.016   0.029    6.727  -10.000      264.6945     5399.5352
 4 150  20.399  50902.230 250.016   0.040    6.159  -10.000      264.6945     5399.5352
 5 150  20.399  50902.230 250.016   0.042    5.618  -10.000      264.6945     5399.5352
 2 150  20.399  50902.395 252.916  -0.025    7.735  -10.000      264.7025     5399.6992
 3 150  20.399  50902.395 252.916   0.005    6.716  -10.000      264.7025     5399.6992
 4 150  20.399  50902.395 252.916   0.023    6.150  -10.000      264.7025     5399.6992
 5 150  20.399  50902.395 252.916   0.028    5.607  -10.000      264.7025     5399.6992
 2 150  20.399  50902.449 253.883  -0.007    7.762  -10.000      264.7052     5399.7539
 3 150  20.399  50902.449 253.883   0.020    6.735  -10.000      264.7052     5399.7539
 4 150  20.399  50902.449 253.883   0.038    6.167  -10.000      264.7052     5399.7539
 5 150  20.399  50902.449 253.883   0.028    5.608  -10.000      264.7052     5399.7539
 2 150  20.399  50904.227 285.249  -0.012    8.049  -10.000      264.7924     5401.5312
 3 150  20.399  50904.227 285.249   0.012    6.887  -10.000      264.7924     5401.5312
 4 150  20.399  50904.227 285.249   0.029    6.262  -10.000      264.7924     5401.5312
 5 150  20.399  50904.227 285.249   0.044    5.676  -10.000      264.7924     5401.5312
 2 150  20.399  50904.395 288.215  -0.027    8.063  -10.000      264.8006     5401.6992
 3 150  20.399  50904.395 288.215   0.011    6.902  -10.000      264.8006     5401.6992
 4 150  20.399  50904.395 288.215   0.021    6.265  -10.000      264.8006     5401.6992
 5 150  20.399  50904.395 288.215   0.040    5.679  -10.000      264.8006     5401.6992
 2 150  20.399  50905.227 302.893  -0.031    8.198  -10.000      264.8414     5402.5312
 3 150  20.399  50905.227 302.893  -0.015    6.957  -10.000      264.8414     5402.5312
 4 150  20.399  50905.227 302.893   0.012    6.313  -10.000      264.8414     5402.5312
 5 150  20.399  50905.227 302.893   0.025    5.699  -10.000      264.8414     5402.5312
 2 150  20.399  50905.414 306.200  -0.029    8.228  -10.000      264.8506     5402.7188
 3 150  20.399  50905.414 306.200   0.004    6.992  -10.000      264.8506     5402.7188
 4 150  20.399  50905.414 306.200   0.016    6.328  -10.000      264.8506     5402.7188
 5 150  20.399  50905.414 306.200   0.047    5.728  -10.000      264.8506     5402.7188
 2 150  20.399  50906.426 324.064   0.000    8.413  -10.000      264.9002     5403.7305
 3 150  20.399  50906.426 324.064   0.010    7.094  -10.000      264.9002     5403.7305
 4 150  20.399  50906.426 324.064   0.034    6.417  -10.000      264.9002     5403.7305
 5 150  20.399  50906.426 324.064   0.071    5.799  -10.000      264.9002     5403.7305
 2 150  20.399  50907.371 340.741  -0.022    8.534  -10.000      264.9465     5404.6758
 3 150  20.399  50907.371 340.741   0.001    7.179  -10.000      264.9465     5404.6758
 4 150  20.399  50907.371 340.741  -0.008    6.449  -10.000      264.9465     5404.6758
 5 150  20.399  50907.371 340.741   0.039    5.823  -10.000      264.9465     5404.6758
 2 150  20.399  50908.227 355.836  -0.042    8.636  -10.000      264.9884     5405.5312
 3 150  20.399  50908.227 355.836  -0.016    7.246  -10.000      264.9884     5405.5312
 4 150  20.399  50908.227 355.836  -0.001    6.524  -10.000      264.9884     5405.5312
 5 150  20.399  50908.227 355.836   0.032    5.870  -10.000      264.9884     5405.5312
 2 150  20.399  50908.383 358.594  -0.047    8.655  -10.000      264.9961     5405.6875
 3 150  20.399  50908.383 358.594  -0.035    7.245  -10.000      264.9961     5405.6875
 4 150  20.399  50908.383 358.594  -0.017    6.522  -10.000      264.9961     5405.6875
 5 150  20.399  50908.383 358.594   0.033    5.882  -10.000      264.9961     5405.6875
 2 150  20.399  50910.223  31.069  -0.051    8.922  -10.000      265.0863     5407.5273
 3 150  20.399  50910.223  31.069  -0.030    7.448  -10.000      265.0863     5407.5273
 4 150  20.399  50910.223  31.069  -0.013    6.694  -10.000      265.0863     5407.5273
 5 150  20.399  50910.223  31.069   0.042    6.031  -10.000      265.0863     5407.5273
 2 150  20.399  50911.223  48.713  -0.050    9.030  -10.000      265.1353     5408.5273
 3 150  20.399  50911.223  48.713  -0.022    7.541  -10.000      265.1353     5408.5273
 4 150  20.399  50911.223  48.713  -0.005    6.779  -10.000      265.1353     5408.5273
 5 150  20.399  50911.223  48.713   0.040    6.098  -10.000      265.1353     5408.5273
 2 150  20.399  50912.223  66.357  -0.034    9.111  -10.000      265.1843     5409.5273
 3 150  20.399  50912.223  66.357  -0.024    7.603  -10.000      265.1843     5409.5273
 4 150  20.399  50912.223  66.357  -0.017    6.831  -10.000      265.1843     5409.5273
 5 150  20.399  50912.223  66.357   0.042    6.163  -10.000      265.1843     5409.5273
 2 150  20.399  50912.352  68.632  -0.050    9.099  -10.000      265.1906     5409.6562
 3 150  20.399  50912.352  68.632  -0.019    7.614  -10.000      265.1906     5409.6562
 4 150  20.399  50912.352  68.632  -0.013    6.841  -10.000      265.1906     5409.6562
 5 150  20.399  50912.352  68.632   0.040    6.168  -10.000      265.1906     5409.6562
 2 150  20.399  50913.219  83.936  -0.053    9.110  -10.000      265.2332     5410.5234
 3 150  20.399  50913.219  83.936  -0.034    7.628  -10.000      265.2332     5410.5234
 4 150  20.399  50913.219  83.936  -0.019    6.870  -10.000      265.2332     5410.5234
 5 150  20.399  50913.219  83.936   0.031    6.199  -10.000      265.2332     5410.5234
 2 150  20.399  50913.312  85.594  -0.047    9.113  -10.000      265.2378     5410.6172
 3 150  20.399  50913.312  85.594  -0.027    7.635  -10.000      265.2378     5410.6172
 4 150  20.399  50913.312  85.594  -0.015    6.875  -10.000      265.2378     5410.6172
 5 150  20.399  50913.312  85.594   0.027    6.198  -10.000      265.2378     5410.6172
 2 150  20.399  50914.219 101.591  -0.058    9.032  -10.000      265.2822     5411.5234
 3 150  20.399  50914.219 101.591  -0.024    7.612  -10.000      265.2822     5411.5234
 4 150  20.399  50914.219 101.591  -0.019    6.864  -10.000      265.2822     5411.5234
 5 150  20.399  50914.219 101.591   0.016    6.197  -10.000      265.2822     5411.5234
 2 150  20.399  50915.219 119.235  -0.019    8.952  -10.000      265.3312     5412.5234
 3 150  20.399  50915.219 119.235  -0.016    7.568  -10.000      265.3312     5412.5234
 4 150  20.399  50915.219 119.235  -0.013    6.845  -10.000      265.3312     5412.5234
 5 150  20.399  50915.219 119.235   0.015    6.196  -10.000      265.3312     5412.5234
 2 150  20.399  50915.359 121.718  -0.002    8.951  -10.000      265.3381     5412.6641
 3 150  20.399  50915.359 121.718   0.022    7.597  -10.000      265.3381     5412.6641
 4 150  20.399  50915.359 121.718  -0.001    6.853  -10.000      265.3381     5412.6641
 5 150  20.399  50915.359 121.718   0.022    6.202  -10.000      265.3381     5412.6641
 2 150  20.399  50916.215 136.813   0.090    8.971  -10.000      265.3800     5413.5195
 3 150  20.399  50916.215 136.813   0.066    7.617  -10.000      265.3800     5413.5195
 4 150  20.399  50916.215 136.813   0.039    6.889  -10.000      265.3800     5413.5195
 5 150  20.399  50916.215 136.813   0.034    6.229  -10.000      265.3800     5413.5195
 2 150  20.399  50916.340 139.021   0.116    8.986  -10.000      265.3862     5413.6445
 3 150  20.399  50916.340 139.021   0.073    7.620  -10.000      265.3862     5413.6445
 4 150  20.399  50916.340 139.021   0.047    6.895  -10.000      265.3862     5413.6445
 5 150  20.399  50916.340 139.021   0.046    6.242  -10.000      265.3862     5413.6445
 2 150  20.399  50917.215 154.457   0.106    8.891  -10.000      265.4290     5414.5195
 3 150  20.399  50917.215 154.457   0.077    7.584  -10.000      265.4290     5414.5195
 4 150  20.399  50917.215 154.457   0.061    6.887  -10.000      265.4290     5414.5195
 5 150  20.399  50917.215 154.457   0.050    6.241  -10.000      265.4290     5414.5195
 2 150  20.399  50917.359 157.017   0.121    8.880  -10.000      265.4362     5414.6641
 3 150  20.399  50917.359 157.017   0.080    7.571  -10.000      265.4362     5414.6641
 4 150  20.399  50917.359 157.017   0.058    6.873  -10.000      265.4362     5414.6641
 5 150  20.399  50917.359 157.017   0.042    6.225  -10.000      265.4362     5414.6641
18 163  20.399  47913.695  68.893   0.027    7.805  -10.000      118.1914     2411.0000
18 163  20.399  47913.711  69.167   0.033    7.812  -10.000      118.1921     2411.0156
18 163  20.399  47975.367  77.267  -0.008    7.790  -10.000      121.2146     2472.6719
18 163  20.399  47975.383  77.542  -0.013    7.785  -10.000      121.2154     2472.6875
18 163  20.399  47975.457  78.852   0.000    7.801  -10.000      121.2190     2472.7617
18 163  20.399  47975.469  79.058   0.003    7.805  -10.000      121.2196     2472.7734
18 163  20.399  47975.648  82.230   0.015    7.821  -10.000      121.2284     2472.9531
18 163  20.399  48010.375 335.078   0.045    7.341  -10.000      122.9308     2507.6797
18 163  20.399  48010.387 335.284   0.048    7.345  -10.000      122.9313     2507.6914
18 163  20.399  48010.461 336.594   0.047    7.351  -10.000      122.9350     2507.7656
18 163  20.399  48010.477 336.871   0.061    7.367  -10.000      122.9358     2507.7812
18 163  20.399  48010.551 338.181   0.066    7.379  -10.000      122.9394     2507.8555
18 163  20.399  48010.566 338.456   0.034    7.348  -10.000      122.9402     2507.8711
18 163  20.399  48040.582 148.167   0.078    7.755  -10.000      124.4116     2537.8867
18 163  20.399  48040.598 148.442   0.062    7.737  -10.000      124.4123     2537.9023
18 163  20.399  48040.672 149.752   0.084    7.757  -10.000      124.4160     2537.9766
18 163  20.399  48040.684 149.958   0.100    7.772  -10.000      124.4165     2537.9883
18 163  20.399  48040.758 151.268   0.088    7.758  -10.000      124.4202     2538.0625
18 163  20.399  48064.039 202.132  -0.008    6.630  -10.000      125.5615     2561.3438
18 163  20.399  48064.055 202.407  -0.008    6.631  -10.000      125.5622     2561.3594
18 163  20.399  48116.004  39.199   0.024    7.688  -10.000      128.1089     2613.3086
18 163  20.399  48116.020  39.474   0.023    7.688  -10.000      128.1096     2613.3242
18 163  20.399  48116.094  40.781   0.025    7.697  -10.000      128.1133     2613.3984
18 163  20.399  48116.105  40.990   0.013    7.686  -10.000      128.1139     2613.4102
18 163  20.399  48155.723  20.149   0.035    7.591  -10.000      130.0560     2653.0273
18 163  20.399  48155.887  23.044   0.027    7.602  -10.000      130.0640     2653.1914
18 163  20.399  48155.902  23.318   0.018    7.595  -10.000      130.0648     2653.2070
18 163  20.399  48171.262 294.379   0.029    7.110  -10.000      130.8177     2668.5664
18 163  20.399  48171.277 294.653   0.032    7.114  -10.000      130.8185     2668.5820
18 163  20.399  48205.922 186.053  -0.276    6.562  -10.000      132.5168     2703.2266
18 163  20.399  48206.086 188.948  -0.205    6.555  -10.000      132.5249     2703.3906
18 163  20.399  48206.102 189.223  -0.200    6.554  -10.000      132.5256     2703.4062
18 163  20.399  48230.625 262.007   0.042    6.953  -10.000      133.7278     2727.9297
18 163  20.399  48257.551  17.194   0.020    7.556  -10.000      135.0478     2754.8555
18 163  20.399  48294.055 301.404   0.028    7.145  -10.000      136.8372     2791.3594
18 163  20.399  48294.070 301.679   0.031    7.150  -10.000      136.8380     2791.3750
18 163  20.399  48294.145 302.992   0.027    7.152  -10.000      136.8416     2791.4492
18 163  20.399  48294.160 303.267   0.044    7.170  -10.000      136.8424     2791.4648
18 163  20.399  48294.250 304.854   0.034    7.167  -10.000      136.8468     2791.5547
18 163  20.399  48314.410 300.635   0.029    7.143  -10.000      137.8351     2811.7148
18 163  20.399  48314.422 300.844   0.029    7.143  -10.000      137.8357     2811.7266
18 163  20.399  48314.500 302.223   0.030    7.151  -10.000      137.8395     2811.8047
18 163  20.399  48314.512 302.426   0.037    7.159  -10.000      137.8401     2811.8164
18 163  20.399  48314.602 304.014   0.040    7.169  -10.000      137.8445     2811.9062
18 163  20.399  48353.609 272.417   0.049    7.015  -10.000      139.7567     2850.9141
18 163  20.399  48353.684 273.724   0.040    7.013  -10.000      139.7603     2850.9883
18 163  20.399  48353.695 273.933   0.022    6.996  -10.000      139.7609     2851.0000
18 163  20.399  48407.973 151.809   0.056    7.724  -10.000      142.4217     2905.2773
18 163  20.399  48407.988 152.084   0.058    7.725  -10.000      142.4225     2905.2930
18 163  20.399  48408.062 153.397   0.055    7.717  -10.000      142.4261     2905.3672
18 163  20.399  48408.078 153.671   0.091    7.752  -10.000      142.4269     2905.3828
18 163  20.399  48408.148 154.913   0.056    7.711  -10.000      142.4303     2905.4531
18 163  20.399  48408.164 155.187   0.054    7.708  -10.000      142.4311     2905.4688
18 163  20.399  48443.062  51.070  -0.001    7.717  -10.000      144.1419     2940.3672
18 163  20.399  48443.078  51.345   0.004    7.723  -10.000      144.1426     2940.3828
18 163  20.399  48443.152  52.652   0.001    7.726  -10.000      144.1463     2940.4570
18 163  20.399  48443.164  52.861   0.003    7.728  -10.000      144.1468     2940.4688
18 163  20.399  48443.242  54.240   0.012    7.743  -10.000      144.1507     2940.5469
18 163  20.399  48443.254  54.448   0.013    7.745  -10.000      144.1512     2940.5586
18 163  20.399  48460.406 357.149   0.036    7.454  -10.000      144.9921     2957.7109
18 163  20.399  48460.480 358.456   0.019    7.445  -10.000      144.9957     2957.7852
18 163  20.399  48460.496 358.731   0.037    7.464  -10.000      144.9965     2957.8008
18 163  20.399  48500.289 340.994   0.041    7.369  -10.000      146.9472     2997.5938
18 163  20.399  48500.363 342.301   0.003    7.338  -10.000      146.9508     2997.6680
18 163  20.399  48500.379 342.576   0.020    7.356  -10.000      146.9516     2997.6836
18 163  20.399  48500.453 343.889   0.008    7.351  -10.000      146.9552     2997.7578
18 163  20.399  48500.469 344.163   0.020    7.365  -10.000      146.9560     2997.7734
18 163  20.399  48513.621 216.271   0.011    6.690  -10.000      147.6008     3010.9258
18 163  20.399  48513.695 217.584   0.015    6.700  -10.000      147.6044     3011.0000
18 163  20.399  48513.711 217.859   0.011    6.698  -10.000      147.6052     3011.0156
18 163  20.399  48513.785 219.172   0.004    6.698  -10.000      147.6088     3011.0898
18 163  20.399  48513.797 219.375   0.016    6.711  -10.000      147.6094     3011.1016
18 163  20.399  48551.125 158.137   0.050    7.682  -10.000      149.4393     3048.4297
18 163  20.399  48571.832 163.570   0.013    7.574  -10.000      150.4544     3069.1367
18 163  20.399  48571.844 163.779   0.008    7.565  -10.000      150.4549     3069.1484
18 163  20.399  48571.922 165.157  -0.025    7.506  -10.000      150.4588     3069.2266
18 163  20.399  48571.934 165.361  -0.034    7.493  -10.000      150.4593     3069.2383
18 163  20.399  48633.406 170.222  -0.107    7.299  -10.000      153.4728     3130.7109
18 163  20.399  48633.422 170.497  -0.119    7.278  -10.000      153.4736     3130.7266
18 163  20.399  48633.496 171.804  -0.138    7.218  -10.000      153.4772     3130.8008
18 163  20.399  48633.508 172.013  -0.159    7.191  -10.000      153.4778     3130.8125
18 163  20.399  48633.586 173.392  -0.191    7.113  -10.000      153.4816     3130.8906
18 163  20.399  48633.598 173.600  -0.190    7.107  -10.000      153.4822     3130.9023
18 163  20.399  48655.445 199.160  -0.055    6.586  -10.000      154.5532     3152.7500
18 163  20.399  48655.461 199.440  -0.050    6.590  -10.000      154.5540     3152.7656
18 163  20.399  48655.625 202.335  -0.038    6.601  -10.000      154.5620     3152.9297
18 163  20.399  48655.641 202.610  -0.036    6.603  -10.000      154.5628     3152.9453
18 163  20.399  48655.711 203.851  -0.026    6.614  -10.000      154.5663     3153.0156
18 163  20.399  48655.727 204.126  -0.006    6.634  -10.000      154.5670     3153.0312
18 163  20.399  48719.172 243.798   0.019    6.844  -10.000      157.6772     3216.4766
18 163  20.399  48719.250 245.176   0.021    6.853  -10.000      157.6810     3216.5547
18 163  20.399  48719.262 245.385   0.016    6.850  -10.000      157.6816     3216.5664
18 163  20.399  48751.781  99.283  -0.054    7.734  -10.000      159.2758     3249.0859
18 163  20.399  48751.855 100.591  -0.051    7.734  -10.000      159.2794     3249.1602
18 163  20.399  48751.871 100.865  -0.044    7.740  -10.000      159.2802     3249.1758
18 163  20.399  48751.945 102.178  -0.062    7.719  -10.000      159.2838     3249.2500
18 163  20.399  48804.988 318.268   0.017    7.222  -10.000      161.8841     3302.2930
18 163  20.399  48805.000 318.477   0.021    7.226  -10.000      161.8847     3302.3047
18 163  20.399  48946.652 298.334  -0.001    7.101  -10.000      168.8287     3443.9570
18 163  20.399  48946.668 298.608   0.007    7.111  -10.000      168.8295     3443.9727
18 163  20.399  48946.742 299.916   0.004    7.114  -10.000      168.8331     3444.0469
18 163  20.399  48946.758 300.190   0.000    7.111  -10.000      168.8339     3444.0625
18 163  20.399  48974.973  78.124  -0.040    7.760  -10.000      170.2170     3472.2773
18 163  20.399  48975.062  79.706  -0.038    7.765  -10.000      170.2214     3472.3672
18 163  20.399  48975.078  79.986  -0.038    7.766  -10.000      170.2222     3472.3828
18 163  20.399  49024.223 227.280   0.017    6.753  -10.000      172.6313     3521.5273
18 163  20.399  49024.297 228.587   0.012    6.755  -10.000      172.6350     3521.6016
18 163  20.399  49024.312 228.862   0.021    6.765  -10.000      172.6357     3521.6172
18 163  20.399  49044.707 228.785   0.016    6.761  -10.000      173.6355     3542.0117
18 163  20.399  49044.719 228.988   0.043    6.788  -10.000      173.6361     3542.0234
18 163  20.399  49044.969 233.399   0.032    6.800  -10.000      173.6483     3542.2734
18 163  20.399  49044.984 233.679   0.006    6.775  -10.000      173.6491     3542.2891
18 163  20.399  49045.059 234.987   0.004    6.780  -10.000      173.6527     3542.3633
 1   2  20.399  41647.820   9.860  -0.040   10.030  -10.000     -188.9726    -3854.8750
 2   2  20.399  41647.820   9.860  -0.066    8.730  -10.000     -188.9726    -3854.8750
 3   2  20.399  41647.820   9.860  -0.076    7.270  -10.000     -188.9726    -3854.8750
 1   2  20.399  41650.832  63.012  -0.034   10.470  -10.000     -188.8250    -3851.8633
 2   2  20.399  41650.832  63.012  -0.058    9.080  -10.000     -188.8250    -3851.8633
 3   2  20.399  41650.832  63.012  -0.079    7.540  -10.000     -188.8250    -3851.8633
 1   2  20.399  41651.840  80.799  -0.063   10.450  -10.000     -188.7756    -3850.8555
 2   2  20.399  41651.840  80.799  -0.065    9.100  -10.000     -188.7756    -3850.8555
 3   2  20.399  41651.840  80.799  -0.079    7.580  -10.000     -188.7756    -3850.8555
 1   2  20.399  41653.816 115.681  -0.090   10.120  -10.000     -188.6787    -3848.8789
 2   2  20.399  41653.816 115.681  -0.058    8.940  -10.000     -188.6787    -3848.8789
 3   2  20.399  41653.816 115.681  -0.056    7.540  -10.000     -188.6787    -3848.8789
 1   2  20.399  41654.770 132.501   0.066   10.100  -10.000     -188.6319    -3847.9258
 2   2  20.399  41654.770 132.501   0.061    8.960  -10.000     -188.6319    -3847.9258
 3   2  20.399  41654.770 132.501   0.014    7.570  -10.000     -188.6319    -3847.9258
 1   2  20.399  41655.766 150.079  -0.033    9.850  -10.000     -188.5831    -3846.9297
 2   2  20.399  41655.766 150.079   0.056    8.870  -10.000     -188.5831    -3846.9297
 3   2  20.399  41655.766 150.079   0.018    7.540  -10.000     -188.5831    -3846.9297
 1   2  20.399  41658.793 203.505   0.123    7.870  -10.000     -188.4347    -3843.9023
 2   2  20.399  41658.793 203.505  -0.046    7.250  -10.000     -188.4347    -3843.9023
 3   2  20.399  41658.793 203.505  -0.026    6.450  -10.000     -188.4347    -3843.9023
 1   2  20.399  41760.645 200.962   0.113    7.850  -10.000     -183.4418    -3742.0508
 2   2  20.399  41760.645 200.962  -0.061    7.230  -10.000     -183.4418    -3742.0508
 3   2  20.399  41760.645 200.962  -0.015    6.460  -10.000     -183.4418    -3742.0508
 1   2  20.399  41768.672 342.631  -0.028    9.730  -10.000     -183.0482    -3734.0234
 2   2  20.399  41768.672 342.631  -0.011    8.560  -10.000     -183.0482    -3734.0234
 3   2  20.399  41768.672 342.631  -0.008    7.180  -10.000     -183.0482    -3734.0234
 1   2  20.399  41769.668   0.209   0.009    9.970  -10.000     -182.9994    -3733.0273
 2   2  20.399  41769.668   0.209  -0.006    8.710  -10.000     -182.9994    -3733.0273
 3   2  20.399  41769.668   0.209   0.031    7.320  -10.000     -182.9994    -3733.0273
 1   2  20.399  41770.711  18.616  -0.002   10.170  -10.000     -182.9483    -3731.9844
 2   2  20.399  41770.711  18.616  -0.031    8.840  -10.000     -182.9483    -3731.9844
 3   2  20.399  41770.711  18.616  -0.010    7.390  -10.000     -182.9483    -3731.9844
 1   2  20.399  41771.676  35.640   0.023   10.370  -10.000     -182.9010    -3731.0195
 2   2  20.399  41771.676  35.640  -0.004    9.000  -10.000     -182.9010    -3731.0195
 3   2  20.399  41771.676  35.640   0.009    7.510  -10.000     -182.9010    -3731.0195
 1   2  20.399  41772.684  53.427  -0.029   10.440  -10.000     -182.8516    -3730.0117
 2   2  20.399  41772.684  53.427  -0.063    9.040  -10.000     -182.8516    -3730.0117
 3   2  20.399  41772.684  53.427  -0.043    7.540  -10.000     -182.8516    -3730.0117
 1   2  20.399  41773.684  71.076  -0.022   10.490  -10.000     -182.8026    -3729.0117
 2   2  20.399  41773.684  71.076  -0.073    9.080  -10.000     -182.8026    -3729.0117
 3   2  20.399  41773.684  71.076  -0.049    7.590  -10.000     -182.8026    -3729.0117
 0 128  20.399  39198.344 341.938  -7.101   13.200  -10.000     -309.0502    -6304.3516
 0 128  20.399  39300.246 340.302   0.247   20.300  -10.000     -304.0547    -6202.4492
 6  36  20.399  45370.594 188.696  -0.111    4.825  -10.000       -6.4758     -132.1016
 7  36  20.399  45370.594 188.696  -0.009    4.499  -10.000       -6.4758     -132.1016
 8  36  20.399  45370.594 188.696  -0.022    4.377  -10.000       -6.4758     -132.1016
 6  36  20.399  45373.590 241.570   0.005    4.833  -10.000       -6.3290     -129.1055
 7  36  20.399  45373.590 241.570   0.022    4.381  -10.000       -6.3290     -129.1055
 8  36  20.399  45373.590 241.570   0.005    4.244  -10.000       -6.3290     -129.1055
 6  36  20.399  45431.418 182.110  -0.179    4.856  -10.000       -3.4941      -71.2773
 7  36  20.399  45431.418 182.110  -0.076    4.502  -10.000       -3.4941      -71.2773
 8  36  20.399  45431.418 182.110  -0.069    4.393  -10.000       -3.4941      -71.2773
 6  36  20.399  45435.406 252.495  -0.001    4.816  -10.000       -3.2986      -67.2891
 7  36  20.399  45435.406 252.495   0.043    4.374  -10.000       -3.2986      -67.2891
 8  36  20.399  45435.406 252.495   0.032    4.239  -10.000       -3.2986      -67.2891
 6  36  20.399  45436.398 270.005  -0.004    4.806  -10.000       -3.2500      -66.2969
 7  36  20.399  45436.398 270.005   0.035    4.334  -10.000       -3.2500      -66.2969
 8  36  20.399  45436.398 270.005   0.012    4.182  -10.000       -3.2500      -66.2969
 6  36  20.399  45702.648 288.737  -0.022    4.789  -10.000        9.8020      199.9531
 7  36  20.399  45702.648 288.737   0.023    4.298  -10.000        9.8020      199.9531
 8  36  20.399  45702.648 288.737   0.016    4.156  -10.000        9.8020      199.9531
 6  36  20.399  45709.508  49.790   0.001    5.093  -10.000       10.1383      206.8125
 7  36  20.399  45709.508  49.790   0.011    4.465  -10.000       10.1383      206.8125
 8  36  20.399  45709.508  49.790   0.006    4.300  -10.000       10.1383      206.8125
 6  36  20.399  45710.414  65.783  -0.009    5.140  -10.000       10.1827      207.7188
 7  36  20.399  45710.414  65.783   0.009    4.521  -10.000       10.1827      207.7188
 8  36  20.399  45710.414  65.783   0.004    4.355  -10.000       10.1827      207.7188
 6  36  20.399  45713.367 117.899  -0.021    5.246  -10.000       10.3275      210.6719
 7  36  20.399  45713.367 117.899   0.007    4.677  -10.000       10.3275      210.6719
 8  36  20.399  45713.367 117.899  -0.010    4.509  -10.000       10.3275      210.6719
 6  36  20.399  45768.555  11.838   0.003    4.962  -10.000       13.0329      265.8594
 7  36  20.399  45768.555  11.838   0.024    4.366  -10.000       13.0329      265.8594
 8  36  20.399  45768.555  11.838   0.014    4.201  -10.000       13.0329      265.8594
 6  36  20.399  45796.406 143.358  -0.036    5.281  -10.000       14.3982      293.7109
 7  36  20.399  45796.406 143.358  -0.017    4.729  -10.000       14.3982      293.7109
 8  36  20.399  45796.406 143.358  -0.032    4.570  -10.000       14.3982      293.7109
 6  36  20.399  45797.367 160.316  -0.049    5.265  -10.000       14.4453      294.6719
 7  36  20.399  45797.367 160.316  -0.017    4.746  -10.000       14.4453      294.6719
 8  36  20.399  45797.367 160.316  -0.042    4.582  -10.000       14.4453      294.6719
 6  36  20.399  45842.250 232.400  -0.020    4.817  -10.000       16.6456      339.5547
 7  36  20.399  45842.250 232.400   0.020    4.403  -10.000       16.6456      339.5547
 8  36  20.399  45842.250 232.400  -0.003    4.265  -10.000       16.6456      339.5547
 6  36  20.399  46070.617 302.583   0.005    4.825  -10.000       27.8405      567.9219
 7  36  20.399  46070.617 302.583   0.040    4.307  -10.000       27.8405      567.9219
 8  36  20.399  46070.617 302.583   0.028    4.155  -10.000       27.8405      567.9219
 6  36  20.399  46095.602  23.503  -0.007    4.994  -10.000       29.0653      592.9062
 7  36  20.399  46095.602  23.503   0.016    4.391  -10.000       29.0653      592.9062
 8  36  20.399  46095.602  23.503   0.006    4.224  -10.000       29.0653      592.9062
 6  36  20.399  46100.426 108.639  -0.022    5.229  -10.000       29.3018      597.7305
 7  36  20.399  46100.426 108.639   0.000    4.642  -10.000       29.3018      597.7305
 8  36  20.399  46100.426 108.639  -0.016    4.472  -10.000       29.3018      597.7305
 6  36  20.399  46101.348 124.908  -0.015    5.262  -10.000       29.3470      598.6523
 7  36  20.399  46101.348 124.908   0.008    4.696  -10.000       29.3470      598.6523
 8  36  20.399  46101.348 124.908  -0.010    4.530  -10.000       29.3470      598.6523
 6  36  20.399  46200.324  71.629  -0.012    5.156  -10.000       34.1990      697.6289
 7  36  20.399  46200.324  71.629   0.002    4.534  -10.000       34.1990      697.6289
 8  36  20.399  46200.324  71.629   0.002    4.374  -10.000       34.1990      697.6289
 6  36  20.399  46201.305  88.932  -0.024    5.191  -10.000       34.2470      698.6094
 7  36  20.399  46201.305  88.932  -0.007    4.579  -10.000       34.2470      698.6094
 8  36  20.399  46201.305  88.932  -0.009    4.419  -10.000       34.2470      698.6094
 6  36  20.399  46205.309 159.592  -0.036    5.281  -10.000       34.4433      702.6133
 7  36  20.399  46205.309 159.592  -0.014    4.750  -10.000       34.4433      702.6133
 8  36  20.399  46205.309 159.592  -0.039    4.586  -10.000       34.4433      702.6133
 6  36  20.399  46227.246 186.741  -0.114    4.847  -10.000       35.5187      724.5508
 7  36  20.399  46227.246 186.741  -0.012    4.513  -10.000       35.5187      724.5508
 8  36  20.399  46227.246 186.741  -0.033    4.381  -10.000       35.5187      724.5508
 6  36  20.399  46573.301 173.852  -0.103    5.079  -10.000       52.4829     1070.6055
 7  36  20.399  46573.301 173.852  -0.041    4.640  -10.000       52.4829     1070.6055
 8  36  20.399  46573.301 173.852  -0.049    4.505  -10.000       52.4829     1070.6055
 6  36  20.399  46574.297 191.431  -0.067    4.842  -10.000       52.5318     1071.6016
 7  36  20.399  46574.297 191.431   0.010    4.499  -10.000       52.5318     1071.6016
 8  36  20.399  46574.297 191.431  -0.011    4.371  -10.000       52.5318     1071.6016
 6  36  20.399  46575.281 208.803  -0.021    4.838  -10.000       52.5800     1072.5859
 7  36  20.399  46575.281 208.803   0.022    4.463  -10.000       52.5800     1072.5859
 8  36  20.399  46575.281 208.803   0.006    4.340  -10.000       52.5800     1072.5859
 6  36  20.399  46595.223 200.726  -0.028    4.843  -10.000       53.5576     1092.5273
 7  36  20.399  46595.223 200.726   0.026    4.485  -10.000       53.5576     1092.5273
 8  36  20.399  46595.223 200.726   0.001    4.354  -10.000       53.5576     1092.5273
 6  36  20.399  46596.250 218.856  -0.004    4.843  -10.000       53.6079     1093.5547
 7  36  20.399  46596.250 218.856   0.034    4.449  -10.000       53.6079     1093.5547
 8  36  20.399  46596.250 218.856   0.014    4.319  -10.000       53.6079     1093.5547
 6  36  20.399  46601.223 306.612  -0.002    4.819  -10.000       53.8517     1098.5273
 7  36  20.399  46601.223 306.612   0.033    4.296  -10.000       53.8517     1098.5273
 8  36  20.399  46601.223 306.612   0.022    4.145  -10.000       53.8517     1098.5273
 6  36  20.399  46603.230 342.046   0.015    4.893  -10.000       53.9501     1100.5352
 7  36  20.399  46603.230 342.046   0.035    4.320  -10.000       53.9501     1100.5352
 8  36  20.399  46603.230 342.046   0.025    4.160  -10.000       53.9501     1100.5352
 6  36  20.399  46604.223 359.555   0.014    4.938  -10.000       53.9988     1101.5273
 7  36  20.399  46604.223 359.555   0.024    4.340  -10.000       53.9988     1101.5273
 8  36  20.399  46604.223 359.555   0.023    4.186  -10.000       53.9988     1101.5273
 6  36  20.399  46607.223  52.500  -0.010    5.091  -10.000       54.1458     1104.5273
 7  36  20.399  46607.223  52.500   0.007    4.470  -10.000       54.1458     1104.5273
 8  36  20.399  46607.223  52.500   0.010    4.313  -10.000       54.1458     1104.5273
 6  36  20.399  46612.207 140.462  -0.017    5.297  -10.000       54.3902     1109.5117
 7  36  20.399  46612.207 140.462   0.003    4.743  -10.000       54.3902     1109.5117
 8  36  20.399  46612.207 140.462  -0.014    4.582  -10.000       54.3902     1109.5117
 6  36  20.399  46740.609 246.484  -0.018    4.806  -10.000       60.6847     1237.9141
 7  36  20.399  46740.609 246.484   0.034    4.381  -10.000       60.6847     1237.9141
 8  36  20.399  46740.609 246.484   0.011    4.236  -10.000       60.6847     1237.9141
 6  36  20.399  46744.570 316.386   0.011    4.844  -10.000       60.8788     1241.8750
 7  36  20.399  46744.570 316.386   0.041    4.305  -10.000       60.8788     1241.8750
 8  36  20.399  46744.570 316.386   0.034    4.155  -10.000       60.8788     1241.8750
 6  36  20.399  46745.582 334.240   0.012    4.874  -10.000       60.9284     1242.8867
 7  36  20.399  46745.582 334.240   0.045    4.320  -10.000       60.9284     1242.8867
 8  36  20.399  46745.582 334.240   0.032    4.159  -10.000       60.9284     1242.8867
 6  36  20.399  46749.602  45.176   0.010    5.087  -10.000       61.1255     1246.9062
 7  36  20.399  46749.602  45.176   0.004    4.444  -10.000       61.1255     1246.9062
 8  36  20.399  46749.602  45.176   0.001    4.282  -10.000       61.1255     1246.9062
 6  36  20.399  46859.504 184.713  -0.128    4.863  -10.000       66.5131     1356.8086
 7  36  20.399  46859.504 184.713  -0.034    4.513  -10.000       66.5131     1356.8086
 8  36  20.399  46859.504 184.713  -0.043    4.391  -10.000       66.5131     1356.8086
 6  36  20.399  46860.520 202.637  -0.023    4.845  -10.000       66.5629     1357.8242
 7  36  20.399  46860.520 202.637   0.025    4.480  -10.000       66.5629     1357.8242
 8  36  20.399  46860.520 202.637   0.011    4.360  -10.000       66.5629     1357.8242
 6  36  20.399  46861.492 219.801  -0.014    4.833  -10.000       66.6106     1358.7969
 7  36  20.399  46861.492 219.801   0.023    4.436  -10.000       66.6106     1358.7969
 8  36  20.399  46861.492 219.801   0.005    4.307  -10.000       66.6106     1358.7969
 6  36  20.399  46892.426  45.711  -0.007    5.071  -10.000       68.1270     1389.7305
 7  36  20.399  46892.426  45.711   0.011    4.453  -10.000       68.1270     1389.7305
 8  36  20.399  46892.426  45.711   0.014    4.296  -10.000       68.1270     1389.7305
 6  36  20.399  46898.297 149.323  -0.019    5.305  -10.000       68.4148     1395.6016
 7  36  20.399  46898.297 149.323  -0.002    4.756  -10.000       68.4148     1395.6016
 8  36  20.399  46898.297 149.323  -0.025    4.590  -10.000       68.4148     1395.6016
 0 170  20.399  47869.859  15.285   2.297   31.130    0.310      116.0425     2367.1641
 0 170  20.399  48637.742 246.742   1.556   -1.630    0.700      153.6854     3135.0469
 0 170  20.399  50497.680 310.583   1.747   13.350    0.290      244.8627     4994.9844
 0 170  20.399  50499.816 348.289  -0.895   22.650    0.280      244.9675     4997.1211
 0 170  20.399  50501.785  23.033  -0.905   31.590    0.280      245.0640     4999.0898
 0 170  20.399  50503.559  54.333  -0.885   40.190    0.290      245.1509     5000.8633
 0 170  20.399  50526.602 100.992  -0.134   49.210    0.360      246.2805     5023.9062
 0 170  20.399  50527.637 119.257   2.427   51.770    0.350      246.3313     5024.9414
 0 170  20.399  50528.633 136.835   0.767   47.720    0.420      246.3801     5025.9375
 0 170  20.399  50530.629 172.062  -1.008   33.430    0.350      246.4780     5027.9336
 0 170  20.399  50532.625 207.290  -1.439    4.060    0.380      246.5758     5029.9297
 0 170  20.399  50533.562 223.835  -4.266   -3.390    0.370      246.6218     5030.8672
 0 170  20.399  50534.551 241.276   0.168   -3.050    0.340      246.6702     5031.8555
 0 170  20.399  50535.551 258.926  -0.921   -0.090    0.320      246.7192     5032.8555
 0 170  20.399  50536.555 276.641   1.653    4.790    0.300      246.7684     5033.8594
 0 170  20.399  50798.754 223.879  -3.156   -2.300    0.410      259.6219     5296.0586
 0 170  20.399  50801.758 276.899   2.172    5.340    0.310      259.7692     5299.0625
 0 170  20.399  50802.789 295.093   2.146    9.530    0.300      259.8197     5300.0938
 0  10  20.399  40350.242 150.441   5.846   47.200  -10.000     -252.5821    -5152.4531
 0  10  20.399  40359.246 309.337  -1.126    9.500  -10.000     -252.1407    -5143.4492
 0  10  20.399  40621.340 254.724   0.014   -1.300  -10.000     -239.2924    -4881.3555
 0  10  20.399  40650.254  44.989  -4.357   31.700  -10.000     -237.8750    -4852.4414
 0  10  20.399  40651.277  63.051 -10.926   33.400  -10.000     -237.8249    -4851.4180
 0  10  20.399  40686.207 319.488  -1.001   11.400  -10.000     -236.1125    -4816.4883
 0  10  20.399  40719.211 181.934   4.814   29.300  -10.000     -234.4946    -4783.4844
 0  10  20.399  40746.172 297.735  -4.365    2.200  -10.000     -233.1730    -4756.5234
