 1  79  11.129  45649.438  97.519  -0.227   11.080  -10.000       14.2709      158.8242
 2  79  11.129  45649.438  97.519   0.029   10.519  -10.000       14.2709      158.8242
 3  79  11.129  45649.438  97.519   0.029    9.352  -10.000       14.2709      158.8242
 4  79  11.129  45649.438  97.519   0.050    8.677  -10.000       14.2709      158.8242
 1  79  11.129  45660.395  91.948  -0.244   11.100  -10.000       15.2554      169.7812
 2  79  11.129  45660.395  91.948   0.047   10.558  -10.000       15.2554      169.7812
 3  79  11.129  45660.395  91.948   0.007    9.340  -10.000       15.2554      169.7812
 4  79  11.129  45660.395  91.948   0.001    8.632  -10.000       15.2554      169.7812
 1  79  11.129  45665.449 255.453   0.178   10.198  -10.000       15.7096      174.8359
 2  79  11.129  45665.449 255.453   0.087    9.658  -10.000       15.7096      174.8359
 3  79  11.129  45665.449 255.453  -0.015    8.670  -10.000       15.7096      174.8359
 4  79  11.129  45665.449 255.453  -0.022    8.083  -10.000       15.7096      174.8359
 1  79  11.129  45666.348 284.515   0.036   10.341  -10.000       15.7903      175.7344
 2  79  11.129  45666.348 284.515   0.037    9.791  -10.000       15.7903      175.7344
 3  79  11.129  45666.348 284.515  -0.026    8.766  -10.000       15.7903      175.7344
 4  79  11.129  45666.348 284.515  -0.024    8.156  -10.000       15.7903      175.7344
 1  79  11.129  45676.352 248.114   0.205   10.153  -10.000       16.6892      185.7383
 2  79  11.129  45676.352 248.114   0.103    9.625  -10.000       16.6892      185.7383
 3  79  11.129  45676.352 248.114   0.005    8.660  -10.000       16.6892      185.7383
 4  79  11.129  45676.352 248.114  -0.005    8.078  -10.000       16.6892      185.7383
 1  79  11.129  45679.340 344.776  -0.092   10.770  -10.000       16.9577      188.7266
 2  79  11.129  45679.340 344.776   0.041   10.166  -10.000       16.9577      188.7266
 3  79  11.129  45679.340 344.776  -0.032    8.988  -10.000       16.9577      188.7266
 4  79  11.129  45679.340 344.776  -0.009    8.340  -10.000       16.9577      188.7266
 1  79  11.129  45687.250 240.648   0.175   10.065  -10.000       17.6685      196.6367
 2  79  11.129  45687.250 240.648   0.080    9.565  -10.000       17.6685      196.6367
 3  79  11.129  45687.250 240.648   0.000    8.633  -10.000       17.6685      196.6367
 4  79  11.129  45687.250 240.648   0.007    8.074  -10.000       17.6685      196.6367
 2  79  11.129  45688.270 273.627   0.064    9.757  -10.000       17.7601      197.6562
 3  79  11.129  45688.270 273.627  -0.028    8.730  -10.000       17.7601      197.6562
 4  79  11.129  45688.270 273.627  -0.010    8.147  -10.000       17.7601      197.6562
 1  79  11.129  45689.367 309.133   0.026   10.563  -10.000       17.8587      198.7539
 2  79  11.129  45689.367 309.133   0.043    9.949  -10.000       17.8587      198.7539
 3  79  11.129  45689.367 309.133  -0.029    8.852  -10.000       17.8587      198.7539
 4  79  11.129  45689.367 309.133  -0.027    8.216  -10.000       17.8587      198.7539
 1  79  11.129  45690.270 338.321  -0.030   10.773  -10.000       17.9398      199.6562
 2  79  11.129  45690.270 338.321   0.041   10.125  -10.000       17.9398      199.6562
 3  79  11.129  45690.270 338.321  -0.017    8.976  -10.000       17.9398      199.6562
 4  79  11.129  45690.270 338.321  -0.016    8.312  -10.000       17.9398      199.6562
 1  79  11.129  45691.266  10.542  -0.140   10.939  -10.000       18.0293      200.6523
 2  79  11.129  45691.266  10.542   0.016   10.295  -10.000       18.0293      200.6523
 3  79  11.129  45691.266  10.542  -0.007    9.118  -10.000       18.0293      200.6523
 4  79  11.129  45691.266  10.542  -0.006    8.428  -10.000       18.0293      200.6523
 1  79  11.129  45692.262  42.763  -0.220   11.086  -10.000       18.1188      201.6484
 2  79  11.129  45692.262  42.763   0.004   10.455  -10.000       18.1188      201.6484
 3  79  11.129  45692.262  42.763  -0.003    9.252  -10.000       18.1188      201.6484
 4  79  11.129  45692.262  42.763   0.004    8.550  -10.000       18.1188      201.6484
 1  79  11.129  45693.238  74.352  -0.246   11.155  -10.000       18.2065      202.6250
 2  79  11.129  45693.238  74.352   0.000   10.537  -10.000       18.2065      202.6250
 3  79  11.129  45693.238  74.352   0.019    9.354  -10.000       18.2065      202.6250
 4  79  11.129  45693.238  74.352   0.030    8.653  -10.000       18.2065      202.6250
 1  79  11.129  45694.234 106.573  -0.163   11.060  -10.000       18.2960      203.6211
 2  79  11.129  45694.234 106.573   0.057   10.494  -10.000       18.2960      203.6211
 3  79  11.129  45694.234 106.573   0.039    9.334  -10.000       18.2960      203.6211
 4  79  11.129  45694.234 106.573   0.047    8.655  -10.000       18.2960      203.6211
 1  79  11.129  45695.250 139.425  -0.056   10.731  -10.000       18.3873      204.6367
 2  79  11.129  45695.250 139.425   0.046   10.196  -10.000       18.3873      204.6367
 3  79  11.129  45695.250 139.425  -0.008    9.113  -10.000       18.3873      204.6367
 4  79  11.129  45695.250 139.425  -0.011    8.470  -10.000       18.3873      204.6367
 1  79  11.129  45705.160  99.991  -0.198   11.089  -10.000       19.2778      214.5469
 2  79  11.129  45705.160  99.991   0.044   10.522  -10.000       19.2778      214.5469
 3  79  11.129  45705.160  99.991   0.039    9.356  -10.000       19.2778      214.5469
 4  79  11.129  45705.160  99.991   0.046    8.669  -10.000       19.2778      214.5469
 1  79  11.129  45706.180 132.970  -0.098   10.769  -10.000       19.3694      215.5664
 2  79  11.129  45706.180 132.970   0.023   10.226  -10.000       19.3694      215.5664
 3  79  11.129  45706.180 132.970  -0.016    9.137  -10.000       19.3694      215.5664
 4  79  11.129  45706.180 132.970  -0.008    8.497  -10.000       19.3694      215.5664
 1  79  11.129  45707.180 165.317   0.053   10.604  -10.000       19.4592      216.5664
 2  79  11.129  45707.180 165.317   0.085   10.070  -10.000       19.4592      216.5664
 3  79  11.129  45707.180 165.317   0.024    9.035  -10.000       19.4592      216.5664
 4  79  11.129  45707.180 165.317   0.026    8.420  -10.000       19.4592      216.5664
 2  79  11.129  47401.480 251.208   0.098    9.640  -10.000      171.6978     1910.8672
 3  79  11.129  47401.480 251.208   0.012    8.679  -10.000      171.6978     1910.8672
 4  79  11.129  47401.480 251.208   0.017    8.108  -10.000      171.6978     1910.8672
 2  79  11.129  47402.453 282.667   0.068    9.812  -10.000      171.7852     1911.8398
 3  79  11.129  47402.453 282.667  -0.009    8.777  -10.000      171.7852     1911.8398
 4  79  11.129  47402.453 282.667  -0.004    8.172  -10.000      171.7852     1911.8398
 2  79  11.129  47403.484 316.027   0.048    9.996  -10.000      171.8779     1912.8711
 3  79  11.129  47403.484 316.027  -0.029    8.878  -10.000      171.8779     1912.8711
 4  79  11.129  47403.484 316.027  -0.024    8.239  -10.000      171.8779     1912.8711
 2  79  11.129  47404.473 347.997   0.032   10.176  -10.000      171.9667     1913.8594
 3  79  11.129  47404.473 347.997  -0.016    9.016  -10.000      171.9667     1913.8594
 4  79  11.129  47404.473 347.997   0.000    8.358  -10.000      171.9667     1913.8594
 2  79  11.129  47407.453  84.408  -0.016   10.511  -10.000      172.2345     1916.8398
 3  79  11.129  47407.453  84.408   0.006    9.342  -10.000      172.2345     1916.8398
 4  79  11.129  47407.453  84.408   0.024    8.653  -10.000      172.2345     1916.8398
 2  79  11.129  47408.449 116.625   0.071   10.425  -10.000      172.3240     1917.8359
 3  79  11.129  47408.449 116.625   0.034    9.279  -10.000      172.3240     1917.8359
 4  79  11.129  47408.449 116.625   0.030    8.603  -10.000      172.3240     1917.8359
 2  79  11.129  47409.426 148.217   0.056   10.140  -10.000      172.4117     1918.8125
 3  79  11.129  47409.426 148.217   0.005    9.082  -10.000      172.4117     1918.8125
 4  79  11.129  47409.426 148.217   0.009    8.456  -10.000      172.4117     1918.8125
 2  79  11.129  47410.441 181.066   0.134   10.032  -10.000      172.5030     1919.8281
 3  79  11.129  47410.441 181.066   0.062    9.009  -10.000      172.5030     1919.8281
 4  79  11.129  47410.441 181.066   0.040    8.380  -10.000      172.5030     1919.8281
 1  79  11.129  47411.453 213.794  -0.061    9.952  -10.000      172.5939     1920.8398
 2  79  11.129  47411.453 213.794  -0.035    9.550  -10.000      172.5939     1920.8398
 3  79  11.129  47411.453 213.794  -0.065    8.650  -10.000      172.5939     1920.8398
 4  79  11.129  47411.453 213.794  -0.045    8.097  -10.000      172.5939     1920.8398
 1  79  11.129  47413.391 276.465   0.070   10.303  -10.000      172.7680     1922.7773
 2  79  11.129  47413.391 276.465   0.025    9.735  -10.000      172.7680     1922.7773
 3  79  11.129  47413.391 276.465  -0.001    8.766  -10.000      172.7680     1922.7773
 4  79  11.129  47413.391 276.465  -0.019    8.145  -10.000      172.7680     1922.7773
 2  79  11.129  47413.461 278.740   0.049    9.772  -10.000      172.7743     1922.8477
 3  79  11.129  47413.461 278.740   0.006    8.780  -10.000      172.7743     1922.8477
 4  79  11.129  47413.461 278.740  -0.012    8.156  -10.000      172.7743     1922.8477
 1  79  11.129  47414.457 310.963   0.042   10.596  -10.000      172.8638     1923.8438
 2  79  11.129  47414.457 310.963   0.036    9.953  -10.000      172.8638     1923.8438
 3  79  11.129  47414.457 310.963  -0.038    8.850  -10.000      172.8638     1923.8438
 4  79  11.129  47414.457 310.963  -0.025    8.224  -10.000      172.8638     1923.8438
 1  79  11.129  47415.453 343.185  -0.085   10.763  -10.000      172.9533     1924.8398
 2  79  11.129  47415.453 343.185   0.031   10.147  -10.000      172.9533     1924.8398
 3  79  11.129  47415.453 343.185  -0.009    9.005  -10.000      172.9533     1924.8398
 4  79  11.129  47415.453 343.185  -0.009    8.335  -10.000      172.9533     1924.8398
 2  79  11.129  47416.395  13.634   0.023   10.322  -10.000      173.0379     1925.7812
 3  79  11.129  47416.395  13.634  -0.017    9.123  -10.000      173.0379     1925.7812
 4  79  11.129  47416.395  13.634  -0.010    8.436  -10.000      173.0379     1925.7812
 2  79  11.129  47417.395  45.983   0.007   10.472  -10.000      173.1277     1926.7812
 3  79  11.129  47417.395  45.983   0.004    9.270  -10.000      173.1277     1926.7812
 4  79  11.129  47417.395  45.983   0.017    8.573  -10.000      173.1277     1926.7812
 2  79  11.129  47418.398  78.453   0.021   10.556  -10.000      173.2179     1927.7852
 3  79  11.129  47418.398  78.453   0.039    9.375  -10.000      173.2179     1927.7852
 4  79  11.129  47418.398  78.453   0.039    8.665  -10.000      173.2179     1927.7852
 2  79  11.129  47419.383 110.297   0.112   10.522  -10.000      173.3064     1928.7695
 3  79  11.129  47419.383 110.297   0.066    9.345  -10.000      173.3064     1928.7695
 4  79  11.129  47419.383 110.297   0.064    8.661  -10.000      173.3064     1928.7695
 2  79  11.129  47420.383 142.646   0.042   10.167  -10.000      173.3962     1929.7695
 3  79  11.129  47420.383 142.646  -0.012    9.093  -10.000      173.3962     1929.7695
 4  79  11.129  47420.383 142.646  -0.012    8.457  -10.000      173.3962     1929.7695
 2  79  11.129  47421.379 174.864   0.118   10.051  -10.000      173.4857     1930.7656
 3  79  11.129  47421.379 174.864   0.030    9.003  -10.000      173.4857     1930.7656
 4  79  11.129  47421.379 174.864   0.031    8.393  -10.000      173.4857     1930.7656
 2  79  11.129  47422.363 206.708   0.007    9.676  -10.000      173.5742     1931.7500
 3  79  11.129  47422.363 206.708  -0.057    8.720  -10.000      173.5742     1931.7500
 4  79  11.129  47422.363 206.708  -0.028    8.167  -10.000      173.5742     1931.7500
 2  79  11.129  47423.473 242.595   0.067    9.560  -10.000      173.6739     1932.8594
 3  79  11.129  47423.473 242.595   0.002    8.639  -10.000      173.6739     1932.8594
 4  79  11.129  47423.473 242.595  -0.003    8.067  -10.000      173.6739     1932.8594
 1  79  11.129  47424.391 272.285   0.063   10.257  -10.000      173.7563     1933.7773
 2  79  11.129  47424.391 272.285   0.008    9.693  -10.000      173.7563     1933.7773
 3  79  11.129  47424.391 272.285  -0.037    8.716  -10.000      173.7563     1933.7773
 4  79  11.129  47424.391 272.285  -0.029    8.125  -10.000      173.7563     1933.7773
 1  79  11.129  47425.441 306.277  -0.012   10.497  -10.000      173.8508     1934.8281
 2  79  11.129  47425.441 306.277   0.036    9.923  -10.000      173.8508     1934.8281
 3  79  11.129  47425.441 306.277  -0.015    8.855  -10.000      173.8508     1934.8281
 4  79  11.129  47425.441 306.277  -0.011    8.224  -10.000      173.8508     1934.8281
 1  79  11.129  47427.438  10.844  -0.152   10.930  -10.000      174.0301     1936.8242
 2  79  11.129  47427.438  10.844   0.046   10.327  -10.000      174.0301     1936.8242
 3  79  11.129  47427.438  10.844  -0.023    9.104  -10.000      174.0301     1936.8242
 4  79  11.129  47427.438  10.844   0.003    8.438  -10.000      174.0301     1936.8242
 2  79  11.129  47428.355  40.540   0.014   10.454  -10.000      174.1126     1937.7422
 3  79  11.129  47428.355  40.540  -0.011    9.236  -10.000      174.1126     1937.7422
 4  79  11.129  47428.355  40.540   0.008    8.546  -10.000      174.1126     1937.7422
 2  79  11.129  47428.453  43.698   0.029   10.484  -10.000      174.1214     1937.8398
 3  79  11.129  47428.453  43.698   0.011    9.269  -10.000      174.1214     1937.8398
 4  79  11.129  47428.453  43.698   0.037    8.586  -10.000      174.1214     1937.8398
 2  79  11.129  47430.367 105.612   0.063   10.507  -10.000      174.2934     1939.7539
 3  79  11.129  47430.367 105.612   0.048    9.346  -10.000      174.2934     1939.7539
 4  79  11.129  47430.367 105.612   0.052    8.662  -10.000      174.2934     1939.7539
 2  79  11.129  47431.418 139.603   0.050   10.199  -10.000      174.3878     1940.8047
 3  79  11.129  47431.418 139.603  -0.003    9.117  -10.000      174.3878     1940.8047
 4  79  11.129  47431.418 139.603  -0.001    8.479  -10.000      174.3878     1940.8047
 2  79  11.129  47432.418 171.947   0.082   10.031  -10.000      174.4776     1941.8047
 3  79  11.129  47432.418 171.947   0.020    9.005  -10.000      174.4776     1941.8047
 4  79  11.129  47432.418 171.947   0.012    8.384  -10.000      174.4776     1941.8047
 1  79  11.129  47433.383 203.159   0.135   10.321  -10.000      174.5643     1942.7695
 2  79  11.129  47433.383 203.159   0.123    9.837  -10.000      174.5643     1942.7695
 3  79  11.129  47433.383 203.159   0.050    8.861  -10.000      174.5643     1942.7695
 4  79  11.129  47433.383 203.159   0.041    8.265  -10.000      174.5643     1942.7695
 1  79  11.129  47434.402 236.135   0.059    9.927  -10.000      174.6559     1943.7891
 2  79  11.129  47434.402 236.135  -0.006    9.465  -10.000      174.6559     1943.7891
 3  79  11.129  47434.402 236.135  -0.046    8.579  -10.000      174.6559     1943.7891
 4  79  11.129  47434.402 236.135  -0.037    8.025  -10.000      174.6559     1943.7891
 0 156  11.129  49639.617 288.666  -0.623  -26.180    0.300      372.8018     4149.0039
 0 156  11.129  49656.543 116.169   6.072   19.710    0.440      374.3227     4165.9297
 0 156  11.129  49663.594 344.246   0.577  -12.370    0.390      374.9562     4172.9805
 0 156  11.129  49681.316 197.523   2.975  -11.560    0.270      376.5487     4190.7031
 0 156  11.129  49682.355 231.130  -0.465  -16.750    0.600      376.6420     4191.7422
 0 156  11.129  49768.270 130.210   0.001   14.540    0.440      384.3617     4277.6562
 0 156  11.129  49769.289 163.191  -0.070   -6.050    0.460      384.4533     4278.6758
 0 156  11.129  49776.359  31.893  -2.623    2.580    0.270      385.0886     4285.7461
 0 156  11.129  49777.289  61.963   0.191   11.270    0.420      385.1721     4286.6758
 2  18  11.129  44985.699 227.443  -0.151    9.325  -10.000      -45.3682     -504.9141
 3  18  11.129  44985.699 227.443  -0.116    8.517  -10.000      -45.3682     -504.9141
 9  18  11.129  44985.699 227.443  -0.089    7.738  -10.000      -45.3682     -504.9141
10  18  11.129  44985.699 227.443  -0.020    7.148  -10.000      -45.3682     -504.9141
 2  18  11.129  44985.852 232.370  -0.073    9.393  -10.000      -45.3545     -504.7617
 3  18  11.129  44985.852 232.370  -0.065    8.559  -10.000      -45.3545     -504.7617
 9  18  11.129  44985.852 232.370  -0.068    7.750  -10.000      -45.3545     -504.7617
10  18  11.129  44985.852 232.370  -0.009    7.150  -10.000      -45.3545     -504.7617
 2  18  11.129  44562.941 232.410  -0.075    9.391  -10.000      -83.3544     -927.6719
 3  18  11.129  44562.941 232.410  -0.074    8.550  -10.000      -83.3544     -927.6719
 9  18  11.129  44562.941 232.410  -0.057    7.761  -10.000      -83.3544     -927.6719
10  18  11.129  44562.941 232.410  -0.008    7.151  -10.000      -83.3544     -927.6719
 2  18  11.129  44941.676 243.408   0.066    9.563  -10.000      -49.3239     -548.9375
 3  18  11.129  44941.676 243.408   0.019    8.659  -10.000      -49.3239     -548.9375
 9  18  11.129  44941.676 243.408  -0.005    7.819  -10.000      -49.3239     -548.9375
10  18  11.129  44941.676 243.408   0.039    7.199  -10.000      -49.3239     -548.9375
 2  18  11.129  44941.840 248.715   0.063    9.589  -10.000      -49.3091     -548.7734
 3  18  11.129  44941.840 248.715   0.019    8.676  -10.000      -49.3091     -548.7734
 9  18  11.129  44941.840 248.715  -0.007    7.828  -10.000      -49.3091     -548.7734
10  18  11.129  44941.840 248.715   0.043    7.208  -10.000      -49.3091     -548.7734
 2  18  11.129  44941.941 252.000   0.061    9.608  -10.000      -49.3000     -548.6719
 3  18  11.129  44941.941 252.000   0.010    8.680  -10.000      -49.3000     -548.6719
 9  18  11.129  44941.941 252.000  -0.011    7.831  -10.000      -49.3000     -548.6719
10  18  11.129  44941.941 252.000   0.021    7.191  -10.000      -49.3000     -548.6719
 2  18  11.129  44908.867 262.142   0.021    9.638  -10.000      -52.2718     -581.7461
 3  18  11.129  44908.867 262.142  -0.011    8.702  -10.000      -52.2718     -581.7461
 9  18  11.129  44908.867 262.142  -0.029    7.840  -10.000      -52.2718     -581.7461
10  18  11.129  44908.867 262.142   0.024    7.210  -10.000      -52.2718     -581.7461
 2  18  11.129  44563.914 263.872   0.021    9.650  -10.000      -83.2670     -926.6992
 3  18  11.129  44563.914 263.872  -0.016    8.705  -10.000      -83.2670     -926.6992
 9  18  11.129  44563.914 263.872  -0.043    7.830  -10.000      -83.2670     -926.6992
10  18  11.129  44563.914 263.872  -0.008    7.180  -10.000      -83.2670     -926.6992
 2  18  11.129  44886.895 271.387   0.000    9.679  -10.000      -54.2461     -603.7188
 3  18  11.129  44886.895 271.387  -0.030    8.720  -10.000      -54.2461     -603.7188
 9  18  11.129  44886.895 271.387  -0.044    7.845  -10.000      -54.2461     -603.7188
10  18  11.129  44886.895 271.387  -0.022    7.175  -10.000      -54.2461     -603.7188
 2  18  11.129  45042.727 272.118   0.001    9.685  -10.000      -40.2441     -447.8867
 3  18  11.129  45042.727 272.118  -0.024    8.728  -10.000      -40.2441     -447.8867
 9  18  11.129  45042.727 272.118  -0.060    7.830  -10.000      -40.2441     -447.8867
10  18  11.129  45042.727 272.118  -0.037    7.160  -10.000      -40.2441     -447.8867
 2  18  11.129  44909.895 295.373   0.018    9.834  -10.000      -52.1795     -580.7188
 3  18  11.129  44909.895 295.373  -0.019    8.808  -10.000      -52.1795     -580.7188
 9  18  11.129  44909.895 295.373  -0.021    7.906  -10.000      -52.1795     -580.7188
10  18  11.129  44909.895 295.373   0.014    7.226  -10.000      -52.1795     -580.7188
 2  18  11.129  44910.895 327.721   0.012   10.028  -10.000      -52.0897     -579.7188
 3  18  11.129  44910.895 327.721  -0.015    8.935  -10.000      -52.0897     -579.7188
 9  18  11.129  44910.895 327.721  -0.018    7.984  -10.000      -52.0897     -579.7188
10  18  11.129  44910.895 327.721   0.028    7.284  -10.000      -52.0897     -579.7188
 2  18  11.129  45011.707 348.723  -0.006   10.142  -10.000      -43.0313     -478.9062
 3  18  11.129  45011.707 348.723  -0.025    9.010  -10.000      -43.0313     -478.9062
 9  18  11.129  45011.707 348.723  -0.027    8.030  -10.000      -43.0313     -478.9062
10  18  11.129  45011.707 348.723   0.006    7.300  -10.000      -43.0313     -478.9062
 2  18  11.129  44911.895   0.067   0.003   10.217  -10.000      -51.9998     -578.7188
 3  18  11.129  44911.895   0.067  -0.003    9.077  -10.000      -51.9998     -578.7188
 9  18  11.129  44911.895   0.067  -0.007    8.083  -10.000      -51.9998     -578.7188
10  18  11.129  44911.895   0.067   0.015    7.333  -10.000      -51.9998     -578.7188
 2  18  11.129  44555.863   3.452  -0.016   10.219  -10.000      -83.9904     -934.7500
 3  18  11.129  44555.863   3.452  -0.012    9.083  -10.000      -83.9904     -934.7500
 9  18  11.129  44555.863   3.452  -0.014    8.086  -10.000      -83.9904     -934.7500
10  18  11.129  44555.863   3.452   0.020    7.346  -10.000      -83.9904     -934.7500
 2  18  11.129  44945.820  17.472  -0.035   10.289  -10.000      -48.9515     -544.7930
 3  18  11.129  44945.820  17.472  -0.016    9.141  -10.000      -48.9515     -544.7930
 9  18  11.129  44945.820  17.472  -0.004    8.141  -10.000      -48.9515     -544.7930
10  18  11.129  44945.820  17.472   0.040    7.401  -10.000      -48.9515     -544.7930
 2  18  11.129  44912.707  26.349  -0.032   10.341  -10.000      -51.9268     -577.9062
 3  18  11.129  44912.707  26.349  -0.010    9.183  -10.000      -51.9268     -577.9062
 9  18  11.129  44912.707  26.349  -0.001    8.172  -10.000      -51.9268     -577.9062
10  18  11.129  44912.707  26.349   0.038    7.422  -10.000      -51.9268     -577.9062
 2  18  11.129  44222.840  31.078  -0.040   10.355  -10.000     -113.9137    -1267.7734
 3  18  11.129  44222.840  31.078  -0.024    9.187  -10.000     -113.9137    -1267.7734
 9  18  11.129  44222.840  31.078  -0.022    8.166  -10.000     -113.9137    -1267.7734
10  18  11.129  44222.840  31.078   0.019    7.416  -10.000     -113.9137    -1267.7734
 2  18  11.129  44913.855  63.498  -0.037   10.490  -10.000      -51.8236     -576.7578
 3  18  11.129  44913.855  63.498   0.009    9.329  -10.000      -51.8236     -576.7578
 9  18  11.129  44913.855  63.498   0.020    8.302  -10.000      -51.8236     -576.7578
10  18  11.129  44913.855  63.498   0.060    7.542  -10.000      -51.8236     -576.7578
 2  18  11.129  45014.672  84.628  -0.005   10.522  -10.000      -42.7649     -475.9414
 3  18  11.129  45014.672  84.628   0.038    9.374  -10.000      -42.7649     -475.9414
 9  18  11.129  45014.672  84.628   0.026    8.335  -10.000      -42.7649     -475.9414
10  18  11.129  45014.672  84.628   0.080    7.595  -10.000      -42.7649     -475.9414
 2  18  11.129  44614.695 106.504   0.015   10.453  -10.000      -78.7042     -875.9180
 3  18  11.129  44614.695 106.504   0.047    9.342  -10.000      -78.7042     -875.9180
 9  18  11.129  44614.695 106.504   0.030    8.328  -10.000      -78.7042     -875.9180
10  18  11.129  44614.695 106.504   0.085    7.608  -10.000      -78.7042     -875.9180
 2  18  11.129  45261.910 162.094   0.068   10.071  -10.000      -20.5497     -228.7031
 3  18  11.129  45261.910 162.094   0.056    9.079  -10.000      -20.5497     -228.7031
 9  18  11.129  45261.910 162.094   0.039    8.169  -10.000      -20.5497     -228.7031
10  18  11.129  45261.910 162.094   0.051    7.469  -10.000      -20.5497     -228.7031
 2  18  11.129  44215.875 165.784   0.055   10.038  -10.000     -114.5395    -1274.7383
 3  18  11.129  44215.875 165.784   0.038    9.047  -10.000     -114.5395    -1274.7383
 9  18  11.129  44215.875 165.784   0.005    8.125  -10.000     -114.5395    -1274.7383
10  18  11.129  44215.875 165.784   0.045    7.455  -10.000     -114.5395    -1274.7383
 2  18  11.129  44939.797 182.630   0.100    9.988  -10.000      -49.4927     -550.8164
 3  18  11.129  44939.797 182.630   0.072    9.012  -10.000      -49.4927     -550.8164
 9  18  11.129  44939.797 182.630   0.050    8.117  -10.000      -49.4927     -550.8164
10  18  11.129  44939.797 182.630   0.090    7.457  -10.000      -49.4927     -550.8164
 2  18  11.129  44984.688 194.716   0.101    9.906  -10.000      -45.4591     -505.9258
 3  18  11.129  44984.688 194.716   0.074    8.952  -10.000      -45.4591     -505.9258
 9  18  11.129  44984.688 194.716   0.053    8.072  -10.000      -45.4591     -505.9258
10  18  11.129  44984.688 194.716   0.085    7.412  -10.000      -45.4591     -505.9258
 2  18  11.129  44984.688 194.716   0.101    9.906  -10.000      -45.4591     -505.9258
 3  18  11.129  44984.688 194.716   0.074    8.952  -10.000      -45.4591     -505.9258
 9  18  11.129  44984.688 194.716   0.052    8.071  -10.000      -45.4591     -505.9258
10  18  11.129  44984.688 194.716   0.084    7.411  -10.000      -45.4591     -505.9258
 2  18  11.129  44561.852 197.158   0.067    9.849  -10.000      -83.4523     -928.7617
 3  18  11.129  44561.852 197.158   0.070    8.931  -10.000      -83.4523     -928.7617
 9  18  11.129  44561.852 197.158   0.044    8.050  -10.000      -83.4523     -928.7617
10  18  11.129  44561.852 197.158   0.073    7.390  -10.000      -83.4523     -928.7617
 2  18  11.129  44940.641 209.924  -0.037    9.592  -10.000      -49.4169     -549.9727
 3  18  11.129  44940.641 209.924  -0.036    8.712  -10.000      -49.4169     -549.9727
 9  18  11.129  44940.641 209.924  -0.010    7.907  -10.000      -49.4169     -549.9727
10  18  11.129  44940.641 209.924   0.044    7.287  -10.000      -49.4169     -549.9727
 2  18  11.129  44940.824 215.862  -0.125    9.438  -10.000      -49.4004     -549.7891
 3  18  11.129  44940.824 215.862  -0.091    8.608  -10.000      -49.4004     -549.7891
 9  18  11.129  44940.824 215.862  -0.063    7.817  -10.000      -49.4004     -549.7891
10  18  11.129  44940.824 215.862  -0.016    7.197  -10.000      -49.4004     -549.7891
 2  18  11.129  44940.867 217.252  -0.129    9.420  -10.000      -49.3965     -549.7461
 3  18  11.129  44940.867 217.252  -0.098    8.591  -10.000      -49.3965     -549.7461
 9  18  11.129  44940.867 217.252  -0.060    7.812  -10.000      -49.3965     -549.7461
10  18  11.129  44940.867 217.252   0.016    7.222  -10.000      -49.3965     -549.7461
 2  18  11.129  44940.945 219.779  -0.161    9.365  -10.000      -49.3895     -549.6680
 3  18  11.129  44940.945 219.779  -0.123    8.549  -10.000      -49.3895     -549.6680
 9  18  11.129  44940.945 219.779  -0.087    7.772  -10.000      -49.3895     -549.6680
10  18  11.129  44940.945 219.779  -0.023    7.172  -10.000      -49.3895     -549.6680
 2  18  11.129  44985.574 223.400  -0.170    9.328  -10.000      -45.3794     -505.0391
 3  18  11.129  44985.574 223.400  -0.131    8.519  -10.000      -45.3794     -505.0391
 9  18  11.129  44985.574 223.400  -0.112    7.729  -10.000      -45.3794     -505.0391
10  18  11.129  44985.574 223.400  -0.031    7.149  -10.000      -45.3794     -505.0391
 2 150  11.129  50327.461 218.485  -0.092    9.446  -10.000      434.6069     4836.8477
 3 150  11.129  50327.461 218.485  -0.131    8.549  -10.000      434.6069     4836.8477
 4 150  11.129  50327.461 218.485  -0.073    8.039  -10.000      434.6069     4836.8477
 2 150  11.129  50328.484 251.598   0.111    9.655  -10.000      434.6989     4837.8711
 3 150  11.129  50328.484 251.598  -0.022    8.646  -10.000      434.6989     4837.8711
 4 150  11.129  50328.484 251.598  -0.015    8.078  -10.000      434.6989     4837.8711
 2 150  11.129  50332.395  18.073  -0.007   10.321  -10.000      435.0502     4841.7812
 3 150  11.129  50332.395  18.073  -0.041    9.119  -10.000      435.0502     4841.7812
 4 150  11.129  50332.395  18.073  -0.077    8.386  -10.000      435.0502     4841.7812
 2 150  11.129  50333.402  50.680  -0.047   10.439  -10.000      435.1408     4842.7891
 3 150  11.129  50333.402  50.680  -0.013    9.270  -10.000      435.1408     4842.7891
 4 150  11.129  50333.402  50.680  -0.079    8.492  -10.000      435.1408     4842.7891
 2 150  11.129  50334.410  83.276   0.013   10.542  -10.000      435.2313     4843.7969
 3 150  11.129  50334.410  83.276   0.006    9.342  -10.000      435.2313     4843.7969
 4 150  11.129  50334.410  83.276   0.020    8.648  -10.000      435.2313     4843.7969
 2 150  11.129  50335.414 115.752   0.106   10.468  -10.000      435.3215     4844.8008
 3 150  11.129  50335.414 115.752   0.054    9.304  -10.000      435.3215     4844.8008
 4 150  11.129  50335.414 115.752   0.010    8.586  -10.000      435.3215     4844.8008
 2 150  11.129  50337.383 179.429   0.162   10.069  -10.000      435.4984     4846.7695
 3 150  11.129  50337.383 179.429   0.063    9.017  -10.000      435.4984     4846.7695
 4 150  11.129  50337.383 179.429   0.034    8.380  -10.000      435.4984     4846.7695
 2 150  11.129  50338.457 214.178  -0.004    9.576  -10.000      435.5949     4847.8438
 3 150  11.129  50338.457 214.178  -0.057    8.655  -10.000      435.5949     4847.8438
 4 150  11.129  50338.457 214.178  -0.048    8.091  -10.000      435.5949     4847.8438
 2 150  11.129  50340.383 276.471   0.026    9.736  -10.000      435.7680     4849.7695
 3 150  11.129  50340.383 276.471  -0.057    8.710  -10.000      435.7680     4849.7695
 4 150  11.129  50340.383 276.471  -0.070    8.094  -10.000      435.7680     4849.7695
 2 150  11.129  50341.391 309.078   0.019    9.924  -10.000      435.8586     4850.7773
 3 150  11.129  50341.391 309.078  -0.041    8.840  -10.000      435.8586     4850.7773
 4 150  11.129  50341.391 309.078  -0.051    8.192  -10.000      435.8586     4850.7773
 2 150  11.129  50342.398 341.675  -0.011   10.095  -10.000      435.9491     4851.7852
 3 150  11.129  50342.398 341.675  -0.060    8.948  -10.000      435.9491     4851.7852
 4 150  11.129  50342.398 341.675  -0.056    8.283  -10.000      435.9491     4851.7852
 2 150  11.129  50344.391  46.121   0.009   10.475  -10.000      436.1281     4853.7773
 3 150  11.129  50344.391  46.121  -0.030    9.237  -10.000      436.1281     4853.7773
 4 150  11.129  50344.391  46.121  -0.057    8.500  -10.000      436.1281     4853.7773
 2 150  11.129  50347.398 143.416   0.033   10.152  -10.000      436.3984     4856.7852
 3 150  11.129  50347.398 143.416  -0.053    9.048  -10.000      436.3984     4856.7852
 4 150  11.129  50347.398 143.416  -0.026    8.440  -10.000      436.3984     4856.7852
 0 119  11.129  50898.270 322.548  -0.728  -18.400    0.280      485.8960     5407.6562
 0 119  11.129  50900.258  26.862  -2.355    0.590    0.540      486.0746     5409.6445
18 163  11.129  47919.324  82.002   0.053    9.513  -10.000      218.2278     2428.7109
18 163  11.129  47919.336  82.381   0.041    9.501  -10.000      218.2288     2428.7227
18 163  11.129  47919.414  84.908   0.054    9.514  -10.000      218.2359     2428.8008
18 163  11.129  47919.426  85.287   0.055    9.515  -10.000      218.2369     2428.8125
18 163  11.129  47919.500  87.687   0.028    9.488  -10.000      218.2436     2428.8867
18 163  11.129  47919.516  88.193   0.063    9.523  -10.000      218.2450     2428.9023
18 163  11.129  47933.469 179.539   0.063    9.148  -10.000      219.4987     2442.8555
18 163  11.129  47933.543 181.939   0.065    9.139  -10.000      219.5054     2442.9297
18 163  11.129  47933.555 182.318   0.086    9.158  -10.000      219.5064     2442.9414
18 163  11.129  47964.383  99.525   0.070    9.514  -10.000      222.2765     2473.7695
18 163  11.129  47964.547 104.832   0.005    9.431  -10.000      222.2912     2473.9336
18 163  11.129  47964.562 105.337   0.096    9.521  -10.000      222.2926     2473.9492
18 163  11.129  48165.910 138.367  -0.028    9.226  -10.000      240.3844     2675.2969
18 163  11.129  48166.086 144.053   0.014    9.240  -10.000      240.4001     2675.4727
18 163  11.129  48166.102 144.558   0.019    9.243  -10.000      240.4016     2675.4883
18 163  11.129  48181.285 275.707  -0.047    8.849  -10.000      241.7659     2690.6719
18 163  11.129  48181.301 276.213  -0.026    8.872  -10.000      241.7673     2690.6875
18 163  11.129  48310.805 145.300   0.011    9.232  -10.000      253.4036     2820.1914
18 163  11.129  48310.875 147.574   0.003    9.212  -10.000      253.4099     2820.2617
18 163  11.129  48310.891 148.079   0.026    9.233  -10.000      253.4113     2820.2773
18 163  11.129  48337.887 301.328   0.001    8.980  -10.000      255.8370     2847.2734
18 163  11.129  48337.898 301.707  -0.020    8.960  -10.000      255.8381     2847.2852
18 163  11.129  48357.895 228.527  -0.107    8.656  -10.000      257.6348     2867.2812
18 163  11.129  48357.969 230.922  -0.061    8.699  -10.000      257.6414     2867.3555
18 163  11.129  48357.984 231.427  -0.099    8.660  -10.000      257.6429     2867.3711
18 163  11.129  48358.059 233.833  -0.072    8.686  -10.000      257.6495     2867.4453
18 163  11.129  48480.348 229.537  -0.125    8.637  -10.000      268.6376     2989.7344
18 163  11.129  48480.359 229.922  -0.104    8.656  -10.000      268.6387     2989.7461
18 163  11.129  48480.438 232.449  -0.098    8.660  -10.000      268.6457     2989.8242
18 163  11.129  48480.449 232.822  -0.086    8.672  -10.000      268.6467     2989.8359
18 163  11.129  48480.523 235.228  -0.043    8.715  -10.000      268.6534     2989.9102
18 163  11.129  48504.520 291.434  -0.017    8.927  -10.000      270.8095     3013.9062
18 163  11.129  48504.531 291.808   0.014    8.958  -10.000      270.8106     3013.9180
18 163  11.129  48504.609 294.346   0.005    8.958  -10.000      270.8176     3013.9961
18 163  11.129  48528.883 359.517   0.015    9.219  -10.000      272.9987     3038.2695
18 163  11.129  48528.957   1.923   0.007    9.221  -10.000      273.0053     3038.3438
18 163  11.129  48528.973   2.428   0.008    9.224  -10.000      273.0067     3038.3594
18 163  11.129  48658.051 217.738  -0.105    8.714  -10.000      284.6048     3167.4375
18 163  11.129  48658.062 218.123  -0.095    8.722  -10.000      284.6059     3167.4492
18 163  11.129  48658.227 223.429  -0.117    8.667  -10.000      284.6206     3167.6133
18 163  11.129  48658.242 223.934  -0.146    8.635  -10.000      284.6220     3167.6289
18 163  11.129  48676.977 109.940   0.046    9.452  -10.000      286.3054     3186.3633
18 163  11.129  48676.992 110.446   0.043    9.447  -10.000      286.3068     3186.3789
18 163  11.129  48704.516 280.745  -0.011    8.901  -10.000      288.7798     3213.9023
18 163  11.129  48704.531 281.250  -0.012    8.901  -10.000      288.7812     3213.9180
18 163  11.129  48704.605 283.656  -0.014    8.906  -10.000      288.7879     3213.9922
18 163  11.129  48704.621 284.161  -0.035    8.886  -10.000      288.7893     3214.0078
18 163  11.129  48828.168 320.559  -0.022    9.030  -10.000      299.8904     3337.5547
18 163  11.129  48828.184 321.064  -0.017    9.037  -10.000      299.8918     3337.5703
18 163  11.129  48828.258 323.459  -0.006    9.057  -10.000      299.8985     3337.6445
18 163  11.129  48828.273 323.965  -0.004    9.061  -10.000      299.8999     3337.6602
18 163  11.129  48828.344 326.239   0.001    9.073  -10.000      299.9062     3337.7305
18 163  11.129  48828.359 326.744  -0.012    9.062  -10.000      299.9076     3337.7461
 0  29  11.129  44217.812 228.455   1.374  -15.400    3.800     -114.3654    -1272.8008
 0  29  11.129  44543.871 335.539   6.395   -8.400    3.800      -85.0679     -946.7422
 0  29  11.129  44177.871  16.463   2.453   -1.000    3.800     -117.9543    -1312.7422
 0  29  11.129  44200.848  39.691  -2.489    2.800    3.800     -115.8897    -1289.7656
 0  29  11.129  44890.988  43.809  -5.923   -0.500    3.800      -53.8783     -599.6250
 0  29  11.129  44178.852  48.178   7.025   13.100    3.800     -117.8662    -1311.7617
 0  29  11.129  44512.879  53.028   3.717   10.600    3.800      -87.8527     -977.7344
 0  29  11.129  44891.871  72.366   5.532   18.000    3.800      -53.7990     -598.7422
 0  29  11.129  44947.773  80.651  -0.504   15.500    3.800      -48.7760     -542.8398
 0  29  11.129  44179.891  81.790   7.970   25.100    3.800     -117.7728    -1310.7227
 0  29  11.129  44513.902  86.133  -3.944   16.500    3.800      -87.7607     -976.7109
 0  29  11.129  45003.684  89.187  -5.008   15.600    3.800      -43.7523     -486.9297
 0  29  11.129  44948.801 113.882   6.848   21.200    3.800      -48.6837     -541.8125
 0  29  11.129  45004.672 121.156   6.729   20.000    3.800      -43.6635     -485.9414
 0  29  11.129  44570.840 127.903  -0.955   13.600    3.800      -82.6447     -919.7734
 0  29  11.129  44626.699 134.797   3.461   15.800    3.800      -77.6256     -863.9141
 0  29  11.129  44537.828 140.067   1.455    7.800    3.800      -85.6109     -952.7852
 0  29  11.129  44571.781 158.354  -3.123   -5.500    3.800      -82.5601     -918.8320
 0  29  11.129  44627.645 165.374   3.739   -3.500    3.800      -77.5406     -862.9688
 0  29  11.129  44573.816 224.187   1.016  -16.300    3.800      -82.3773     -916.7969
 0 151  11.129  50898.270 322.548  -0.728  -18.400    0.280      485.8960     5407.6562
 0 151  11.129  50900.258  26.862  -2.355    0.590    0.540      486.0746     5409.6445
 2  14  11.129  43438.570 222.149  -0.107    9.400  -10.000     -184.3829    -2052.0430
 3  14  11.129  43438.570 222.149  -0.167    8.490  -10.000     -184.3829    -2052.0430
 2  14  11.129  43490.508 102.184   0.025   10.490  -10.000     -179.7162    -2000.1055
 3  14  11.129  43490.508 102.184   0.040    9.350  -10.000     -179.7162    -2000.1055
 2  14  11.129  43599.297  21.204   0.033   10.380  -10.000     -169.9411    -1891.3164
 3  14  11.129  43599.297  21.204  -0.034    9.140  -10.000     -169.9411    -1891.3164
 2  14  11.129  43607.281 279.481   0.113    9.840  -10.000     -169.2237    -1883.3320
 3  14  11.129  43607.281 279.481  -0.016    8.760  -10.000     -169.2237    -1883.3320
 2  14  11.129  43789.527  54.630  -0.001   10.500  -10.000     -152.8483    -1701.0859
 3  14  11.129  43789.527  54.630  -0.066    9.230  -10.000     -152.8483    -1701.0859
 2  14  11.129  43791.543 119.828   0.036   10.360  -10.000     -152.6671    -1699.0703
 3  14  11.129  43791.543 119.828  -0.007    9.220  -10.000     -152.6671    -1699.0703
 2  14  11.129  43830.387 296.318   0.108    9.930  -10.000     -149.1769    -1660.2266
 3  14  11.129  43830.387 296.318   0.020    8.850  -10.000     -149.1769    -1660.2266
 2  14  11.129  43837.477 165.652   0.097   10.080  -10.000     -148.5399    -1653.1367
 3  14  11.129  43837.477 165.652   0.020    9.030  -10.000     -148.5399    -1653.1367
 2  14  11.129  43878.297  46.077   0.024   10.490  -10.000     -144.8720    -1612.3164
 3  14  11.129  43878.297  46.077  -0.037    9.230  -10.000     -144.8720    -1612.3164
 2  14  11.129  43931.293 320.350   0.056   10.030  -10.000     -140.1101    -1559.3203
 3  14  11.129  43931.293 320.350   0.007    8.930  -10.000     -140.1101    -1559.3203
 2  14  11.129  43935.312  90.374   0.014   10.530  -10.000     -139.7490    -1555.3008
 3  14  11.129  43935.312  90.374   0.015    9.350  -10.000     -139.7490    -1555.3008
 2  14  11.129  43957.285  81.123  -0.012   10.520  -10.000     -137.7747    -1533.3281
 3  14  11.129  43957.285  81.123   0.014    9.350  -10.000     -137.7747    -1533.3281
 2  14  11.129  44132.590 351.741   0.035   10.200  -10.000     -122.0229    -1358.0234
 3  14  11.129  44132.590 351.741  -0.026    9.020  -10.000     -122.0229    -1358.0234
 2  14  11.129  44143.457 343.265   0.044   10.160  -10.000     -121.0465    -1347.1562
 3  14  11.129  44143.457 343.265  -0.044    8.970  -10.000     -121.0465    -1347.1562
 2  14  11.129  44162.414 236.472   0.059    9.530  -10.000     -119.3431    -1328.1992
 3  14  11.129  44162.414 236.472  -0.036    8.590  -10.000     -119.3431    -1328.1992
 2  14  11.129  44166.422   6.114   0.019   10.270  -10.000     -118.9830    -1324.1914
 3  14  11.129  44166.422   6.114  -0.056    9.050  -10.000     -118.9830    -1324.1914
 2  14  11.129  44167.430  38.713  -0.052   10.380  -10.000     -118.8925    -1323.1836
 3  14  11.129  44167.430  38.713  -0.040    9.200  -10.000     -118.8925    -1323.1836
 2  14  11.129  44215.418 150.999   0.105   10.170  -10.000     -114.5806    -1275.1953
 3  14  11.129  44215.418 150.999  -0.015    9.050  -10.000     -114.5806    -1275.1953
 3   9  11.129  44086.941 315.143  -0.024    8.880  -10.000     -126.1246    -1403.6719
14   9  11.129  44086.941 315.143   0.077   10.360  -10.000     -126.1246    -1403.6719
15   9  11.129  44086.941 315.143   0.005    9.210  -10.000     -126.1246    -1403.6719
16   9  11.129  44086.941 315.143  -0.046    8.260  -10.000     -126.1246    -1403.6719
17   9  11.129  44086.941 315.143  -0.031    7.610  -10.000     -126.1246    -1403.6719
 3   9  11.129  44087.941 347.489  -0.030    9.000  -10.000     -126.0348    -1402.6719
14   9  11.129  44087.941 347.489   0.002   10.530  -10.000     -126.0348    -1402.6719
15   9  11.129  44087.941 347.489  -0.008    9.340  -10.000     -126.0348    -1402.6719
16   9  11.129  44087.941 347.489  -0.030    8.370  -10.000     -126.0348    -1402.6719
17   9  11.129  44087.941 347.489  -0.009    7.700  -10.000     -126.0348    -1402.6719
 3   9  11.129  43866.949  39.012  -0.051    9.190  -10.000     -145.8916    -1623.6641
14   9  11.129  43866.949  39.012  -0.103   10.770  -10.000     -145.8916    -1623.6641
15   9  11.129  43866.949  39.012  -0.027    9.550  -10.000     -145.8916    -1623.6641
16   9  11.129  43866.949  39.012  -0.044    8.530  -10.000     -145.8916    -1623.6641
17   9  11.129  43866.949  39.012   0.007    7.860  -10.000     -145.8916    -1623.6641
 3   9  11.129  43867.941  71.104  -0.002    9.330  -10.000     -145.8025    -1622.6719
14   9  11.129  43867.941  71.104  -0.095   10.890  -10.000     -145.8025    -1622.6719
15   9  11.129  43867.941  71.104   0.019    9.690  -10.000     -145.8025    -1622.6719
16   9  11.129  43867.941  71.104   0.011    8.670  -10.000     -145.8025    -1622.6719
17   9  11.129  43867.941  71.104   0.046    7.980  -10.000     -145.8025    -1622.6719
 3   9  11.129  43868.961 104.084   0.006    9.310  -10.000     -145.7109    -1621.6523
14   9  11.129  43868.961 104.084  -0.056   10.810  -10.000     -145.7109    -1621.6523
15   9  11.129  43868.961 104.084   0.040    9.670  -10.000     -145.7109    -1621.6523
16   9  11.129  43868.961 104.084   0.014    8.670  -10.000     -145.7109    -1621.6523
17   9  11.129  43868.961 104.084   0.049    8.000  -10.000     -145.7109    -1621.6523
 3   9  11.129  43869.980 137.065   0.028    9.160  -10.000     -145.6193    -1620.6328
14   9  11.129  43869.980 137.065   0.053   10.560  -10.000     -145.6193    -1620.6328
15   9  11.129  43869.980 137.065   0.057    9.490  -10.000     -145.6193    -1620.6328
16   9  11.129  43869.980 137.065   0.014    8.550  -10.000     -145.6193    -1620.6328
17   9  11.129  43869.980 137.065   0.048    7.920  -10.000     -145.6193    -1620.6328
