 0  55  20.809  45518.648  74.258   0.078  -64.150    0.620        1.2063       25.1016
 0  55  20.809  45876.680 148.208   1.227  -65.150    1.140       18.4117      383.1328
 0  55  20.809  45880.625 216.462  -2.276 -110.470    0.950       18.6013      387.0781
 0  55  20.809  45905.602 288.557   2.129  -98.790    0.650       19.8015      412.0547
 0  55  20.809  46304.543 350.252  -0.626  -84.300    0.370       38.9729      810.9961
 0  55  20.809  46314.504 162.577  -0.069  -70.800    0.610       39.4516      820.9570
 3 150  20.809  50568.543 317.560   0.069   10.205  -10.000      243.8821     5074.9961
 4 150  20.809  50568.543 317.560   0.054    9.304  -10.000      243.8821     5074.9961
 5 150  20.809  50568.543 317.560   0.082    8.508  -10.000      243.8821     5074.9961
 3 150  20.809  50570.488 351.216   0.032   10.337  -10.000      243.9756     5076.9414
 4 150  20.809  50570.488 351.216   0.026    9.409  -10.000      243.9756     5076.9414
 5 150  20.809  50570.488 351.216   0.063    8.587  -10.000      243.9756     5076.9414
 3 150  20.809  50572.430  24.802   0.022   10.516  -10.000      244.0689     5078.8828
 4 150  20.809  50572.430  24.802   0.020    9.561  -10.000      244.0689     5078.8828
 5 150  20.809  50572.430  24.802   0.058    8.712  -10.000      244.0689     5078.8828
 3 150  20.809  50572.539  26.691   0.013   10.518  -10.000      244.0741     5078.9922
 4 150  20.809  50572.539  26.691   0.014    9.564  -10.000      244.0741     5078.9922
 5 150  20.809  50572.539  26.691   0.052    8.714  -10.000      244.0741     5078.9922
 3 150  20.809  50573.402  41.627  -0.010   10.569  -10.000      244.1156     5079.8555
 4 150  20.809  50573.402  41.627  -0.002    9.613  -10.000      244.1156     5079.8555
 5 150  20.809  50573.402  41.627   0.065    8.785  -10.000      244.1156     5079.8555
 3 150  20.809  50573.480  42.979  -0.006   10.579  -10.000      244.1194     5079.9336
 4 150  20.809  50573.480  42.979   0.003    9.624  -10.000      244.1194     5079.9336
 5 150  20.809  50573.480  42.979   0.051    8.776  -10.000      244.1194     5079.9336
 3 150  20.809  50573.578  44.670  -0.002   10.590  -10.000      244.1241     5080.0312
 4 150  20.809  50573.578  44.670   0.002    9.630  -10.000      244.1241     5080.0312
 5 150  20.809  50573.578  44.670   0.063    8.794  -10.000      244.1241     5080.0312
 3 150  20.809  50574.512  60.820   0.032   10.686  -10.000      244.1689     5080.9648
 4 150  20.809  50574.512  60.820   0.020    9.706  -10.000      244.1689     5080.9648
 5 150  20.809  50574.512  60.820   0.067    8.854  -10.000      244.1689     5080.9648
 3 150  20.809  50575.379  75.822   0.023   10.714  -10.000      244.2106     5081.8320
 4 150  20.809  50575.379  75.822   0.026    9.752  -10.000      244.2106     5081.8320
 5 150  20.809  50575.379  75.822   0.059    8.888  -10.000      244.2106     5081.8320
 3 150  20.809  50575.477  77.514   0.028   10.722  -10.000      244.2153     5081.9297
 4 150  20.809  50575.477  77.514   0.022    9.752  -10.000      244.2153     5081.9297
 5 150  20.809  50575.477  77.514   0.088    8.922  -10.000      244.2153     5081.9297
 3 150  20.809  50575.562  78.997   0.012   10.709  -10.000      244.2194     5082.0156
 4 150  20.809  50575.562  78.997   0.009    9.743  -10.000      244.2194     5082.0156
 5 150  20.809  50575.562  78.997   0.059    8.897  -10.000      244.2194     5082.0156
 3 150  20.809  50575.625  80.079   0.019   10.718  -10.000      244.2224     5082.0781
 4 150  20.809  50575.625  80.079   0.018    9.754  -10.000      244.2224     5082.0781
 5 150  20.809  50575.625  80.079   0.059    8.899  -10.000      244.2224     5082.0781
 3 150  20.809  50576.469  94.680   0.003   10.697  -10.000      244.2630     5082.9219
 4 150  20.809  50576.469  94.680  -0.010    9.733  -10.000      244.2630     5082.9219
 5 150  20.809  50576.469  94.680   0.027    8.885  -10.000      244.2630     5082.9219
 3 150  20.809  50576.523  95.625   0.004   10.697  -10.000      244.2656     5082.9766
 4 150  20.809  50576.523  95.625  -0.009    9.733  -10.000      244.2656     5082.9766
 5 150  20.809  50576.523  95.625   0.032    8.890  -10.000      244.2656     5082.9766
 3 150  20.809  50576.586  96.707   0.025   10.716  -10.000      244.2686     5083.0391
 4 150  20.809  50576.586  96.707   0.018    9.760  -10.000      244.2686     5083.0391
 5 150  20.809  50576.586  96.707   0.051    8.910  -10.000      244.2686     5083.0391
 3 150  20.809  50576.645  97.718  -0.005   10.684  -10.000      244.2714     5083.0977
 4 150  20.809  50576.645  97.718  -0.015    9.726  -10.000      244.2714     5083.0977
 5 150  20.809  50576.645  97.718   0.026    8.885  -10.000      244.2714     5083.0977
 3 150  20.809  50577.535 113.126  -0.006   10.651  -10.000      244.3142     5083.9883
 4 150  20.809  50577.535 113.126  -0.032    9.697  -10.000      244.3142     5083.9883
 5 150  20.809  50577.535 113.126   0.012    8.878  -10.000      244.3142     5083.9883
 3 150  20.809  50577.594 114.142   0.001   10.655  -10.000      244.3171     5084.0469
 4 150  20.809  50577.594 114.142  -0.022    9.706  -10.000      244.3171     5084.0469
 5 150  20.809  50577.594 114.142   0.018    8.884  -10.000      244.3171     5084.0469
 3 150  20.809  50577.637 114.884   0.005   10.657  -10.000      244.3191     5084.0898
 4 150  20.809  50577.637 114.884  -0.019    9.708  -10.000      244.3191     5084.0898
 5 150  20.809  50577.637 114.884   0.004    8.870  -10.000      244.3191     5084.0898
 3 150  20.809  50578.484 129.545  -0.063   10.560  -10.000      244.3598     5084.9375
 4 150  20.809  50578.484 129.545  -0.093    9.624  -10.000      244.3598     5084.9375
 5 150  20.809  50578.484 129.545  -0.062    8.812  -10.000      244.3598     5084.9375
 3 150  20.809  50578.578 131.171  -0.057   10.565  -10.000      244.3644     5085.0312
 4 150  20.809  50578.578 131.171  -0.088    9.630  -10.000      244.3644     5085.0312
 5 150  20.809  50578.578 131.171  -0.070    8.807  -10.000      244.3644     5085.0312
 3 150  20.809  50578.633 132.116  -0.067   10.555  -10.000      244.3670     5085.0859
 4 150  20.809  50578.633 132.116  -0.103    9.616  -10.000      244.3670     5085.0859
 5 150  20.809  50578.633 132.116  -0.071    8.808  -10.000      244.3670     5085.0859
 3 150  20.809  50579.535 147.728  -0.120   10.478  -10.000      244.4104     5085.9883
 4 150  20.809  50579.535 147.728  -0.141    9.571  -10.000      244.4104     5085.9883
 5 150  20.809  50579.535 147.728  -0.116    8.771  -10.000      244.4104     5085.9883
 3 150  20.809  50580.457 163.674  -0.043   10.446  -10.000      244.4547     5086.9102
 4 150  20.809  50580.457 163.674  -0.067    9.565  -10.000      244.4547     5086.9102
 5 150  20.809  50580.457 163.674  -0.065    8.769  -10.000      244.4547     5086.9102
 3 150  20.809  50580.570 165.635  -0.011   10.442  -10.000      244.4601     5087.0234
 4 150  20.809  50580.570 165.635  -0.056    9.548  -10.000      244.4601     5087.0234
 5 150  20.809  50580.570 165.635  -0.049    8.763  -10.000      244.4601     5087.0234
 3 150  20.809  50580.621 166.514  -0.008   10.426  -10.000      244.4625     5087.0742
 4 150  20.809  50580.621 166.514  -0.042    9.547  -10.000      244.4625     5087.0742
 5 150  20.809  50580.621 166.514  -0.049    8.752  -10.000      244.4625     5087.0742
 3 150  20.809  50582.473 198.545   0.023    9.643  -10.000      244.5515     5088.9258
 4 150  20.809  50582.473 198.545  -0.007    8.916  -10.000      244.5515     5088.9258
 5 150  20.809  50582.473 198.545  -0.045    8.226  -10.000      244.5515     5088.9258
 3 150  20.809  50582.594 200.638   0.060    9.675  -10.000      244.5573     5089.0469
 4 150  20.809  50582.594 200.638   0.030    8.948  -10.000      244.5573     5089.0469
 5 150  20.809  50582.594 200.638  -0.009    8.257  -10.000      244.5573     5089.0469
 3 150  20.809  50582.645 201.517   0.017    9.632  -10.000      244.5598     5089.0977
 4 150  20.809  50582.645 201.517  -0.011    8.906  -10.000      244.5598     5089.0977
 5 150  20.809  50582.645 201.517  -0.034    8.231  -10.000      244.5598     5089.0977
 3 150  20.809  50583.477 215.914   0.016    9.663  -10.000      244.5998     5089.9297
 4 150  20.809  50583.477 215.914  -0.002    8.929  -10.000      244.5998     5089.9297
 5 150  20.809  50583.477 215.914  -0.032    8.230  -10.000      244.5998     5089.9297
 3 150  20.809  50583.594 217.941   0.023    9.679  -10.000      244.6054     5090.0469
 4 150  20.809  50583.594 217.941   0.000    8.936  -10.000      244.6054     5090.0469
 5 150  20.809  50583.594 217.941  -0.022    8.242  -10.000      244.6054     5090.0469
 3 150  20.809  50584.434 232.471   0.014    9.740  -10.000      244.6458     5090.8867
 4 150  20.809  50584.434 232.471   0.002    8.980  -10.000      244.6458     5090.8867
 5 150  20.809  50584.434 232.471  -0.028    8.252  -10.000      244.6458     5090.8867
 3 150  20.809  50584.586 235.107   0.024    9.763  -10.000      244.6531     5091.0391
 4 150  20.809  50584.586 235.107  -0.002    8.984  -10.000      244.6531     5091.0391
 5 150  20.809  50584.586 235.107  -0.019    8.264  -10.000      244.6531     5091.0391
 3 150  20.809  50584.637 235.986   0.030    9.774  -10.000      244.6555     5091.0898
 4 150  20.809  50584.637 235.986  -0.006    8.983  -10.000      244.6555     5091.0898
 5 150  20.809  50584.637 235.986  -0.015    8.269  -10.000      244.6555     5091.0898
 3 150  20.809  50891.492 144.591  -0.130   10.473  -10.000      259.4016     5397.9453
 5 150  20.809  50891.492 144.591  -0.105    8.781  -10.000      259.4016     5397.9453
 3 150  20.809  50891.590 146.283  -0.144   10.456  -10.000      259.4063     5398.0430
 5 150  20.809  50891.590 146.283  -0.116    8.771  -10.000      259.4063     5398.0430
 3 150  20.809  50892.484 161.752  -0.063   10.456  -10.000      259.4493     5398.9375
 5 150  20.809  50892.484 161.752  -0.055    8.797  -10.000      259.4493     5398.9375
 3 150  20.809  50892.602 163.784  -0.048   10.439  -10.000      259.4550     5399.0547
 5 150  20.809  50892.602 163.784  -0.050    8.783  -10.000      259.4550     5399.0547
 3 150  20.809  50893.500 179.330   0.030   10.065  -10.000      259.4981     5399.9531
 5 150  20.809  50893.500 179.330  -0.012    8.535  -10.000      259.4981     5399.9531
 3 150  20.809  50893.594 180.945   0.042   10.018  -10.000      259.5026     5400.0469
 5 150  20.809  50893.594 180.945  -0.009    8.499  -10.000      259.5026     5400.0469
 3 150  20.809  50901.574 319.010   0.018   10.161  -10.000      259.8861     5408.0273
 5 150  20.809  50901.574 319.010   0.047    8.476  -10.000      259.8861     5408.0273
 3 150  20.809  50901.641 320.164   0.016   10.165  -10.000      259.8893     5408.0938
 5 150  20.809  50901.641 320.164   0.048    8.480  -10.000      259.8893     5408.0938
 3 150  20.809  50902.633 337.324   0.016   10.252  -10.000      259.9370     5409.0859
 5 150  20.809  50902.633 337.324   0.062    8.544  -10.000      259.9370     5409.0859
 3 150  20.809  50903.578 353.683   0.011   10.330  -10.000      259.9825     5410.0312
 5 150  20.809  50903.578 353.683   0.073    8.606  -10.000      259.9825     5410.0312
 3 150  20.809  50904.441   8.613   0.018   10.419  -10.000      260.0239     5410.8945
 5 150  20.809  50904.441   8.613   0.067    8.655  -10.000      260.0239     5410.8945
 3 150  20.809  50904.523  10.031   0.012   10.420  -10.000      260.0279     5410.9766
 5 150  20.809  50904.523  10.031   0.067    8.660  -10.000      260.0279     5410.9766
 3 150  20.809  50905.629  29.158  -0.037   10.481  -10.000      260.0810     5412.0820
 5 150  20.809  50905.629  29.158   0.050    8.722  -10.000      260.0810     5412.0820
 3 150  20.809  50907.621  63.622   0.004   10.666  -10.000      260.1767     5414.0742
 5 150  20.809  50907.621  63.622   0.105    8.900  -10.000      260.1767     5414.0742
 3 150  20.809  50908.453  78.014  -0.025   10.670  -10.000      260.2167     5414.9062
 5 150  20.809  50908.453  78.014   0.062    8.897  -10.000      260.2167     5414.9062
 3 150  20.809  50908.539  79.497  -0.032   10.666  -10.000      260.2208     5414.9922
 5 150  20.809  50908.539  79.497   0.038    8.877  -10.000      260.2208     5414.9922
 3 150  20.809  50909.508  96.262  -0.023   10.669  -10.000      260.2674     5415.9609
 5 150  20.809  50909.508  96.262   0.049    8.908  -10.000      260.2674     5415.9609
 3 150  20.809  50909.602  97.888  -0.010   10.679  -10.000      260.2719     5416.0547
 5 150  20.809  50909.602  97.888   0.045    8.904  -10.000      260.2719     5416.0547
 3 150  20.809  50909.637  98.492  -0.013   10.674  -10.000      260.2736     5416.0898
 5 150  20.809  50909.637  98.492   0.042    8.902  -10.000      260.2736     5416.0898
 3 150  20.809  50910.414 111.940  -0.022   10.637  -10.000      260.3109     5416.8672
 5 150  20.809  50910.414 111.940   0.024    8.889  -10.000      260.3109     5416.8672
 3 150  20.809  50910.512 113.632  -0.025   10.630  -10.000      260.3156     5416.9648
 5 150  20.809  50910.512 113.632   0.014    8.880  -10.000      260.3156     5416.9648
 3 150  20.809  50910.594 115.049  -0.006   10.646  -10.000      260.3196     5417.0469
 5 150  20.809  50910.594 115.049   0.029    8.895  -10.000      260.3196     5417.0469
 3 150  20.809  50910.641 115.862  -0.022   10.628  -10.000      260.3218     5417.0938
 5 150  20.809  50910.641 115.862   0.015    8.881  -10.000      260.3218     5417.0938
 3 150  20.809  50912.434 146.876  -0.150   10.449  -10.000      260.4080     5418.8867
 5 150  20.809  50912.434 146.876  -0.114    8.773  -10.000      260.4080     5418.8867
 3 150  20.809  50912.512 148.228  -0.102   10.495  -10.000      260.4117     5418.9648
 5 150  20.809  50912.512 148.228  -0.078    8.809  -10.000      260.4117     5418.9648
 3 150  20.809  50912.602 149.788  -0.112   10.483  -10.000      260.4161     5419.0547
 5 150  20.809  50912.602 149.788  -0.094    8.794  -10.000      260.4161     5419.0547
 3 150  20.809  50912.637 150.392  -0.100   10.493  -10.000      260.4178     5419.0898
 5 150  20.809  50912.637 150.392  -0.083    8.805  -10.000      260.4178     5419.0898
 3 150  20.809  50913.422 163.971  -0.014   10.470  -10.000      260.4555     5419.8750
 5 150  20.809  50913.422 163.971  -0.032    8.799  -10.000      260.4555     5419.8750
 3 150  20.809  50913.496 165.256   0.010   10.470  -10.000      260.4590     5419.9492
 5 150  20.809  50913.496 165.256  -0.026    8.791  -10.000      260.4590     5419.9492
 3 150  20.809  50914.418 181.208   0.063   10.029  -10.000      260.5034     5420.8711
 5 150  20.809  50914.418 181.208   0.011    8.513  -10.000      260.5034     5420.8711
 3 150  20.809  50914.504 182.692   0.056    9.970  -10.000      260.5075     5420.9570
 5 150  20.809  50914.504 182.692   0.004    8.472  -10.000      260.5075     5420.9570
 3 150  20.809  50914.574 183.911   0.062    9.935  -10.000      260.5109     5421.0273
 5 150  20.809  50914.574 183.911   0.005    8.446  -10.000      260.5109     5421.0273
 3 150  20.809  50915.441 198.918   0.048    9.667  -10.000      260.5526     5421.8945
 5 150  20.809  50915.441 198.918  -0.016    8.254  -10.000      260.5526     5421.8945
 3 150  20.809  50915.527 200.402   0.038    9.654  -10.000      260.5567     5421.9805
 5 150  20.809  50915.527 200.402  -0.010    8.257  -10.000      260.5567     5421.9805
 3 150  20.809  50916.418 215.804   0.002    9.648  -10.000      260.5995     5422.8711
 5 150  20.809  50916.418 215.804  -0.023    8.239  -10.000      260.5995     5422.8711
 3 150  20.809  50916.496 217.156   0.007    9.659  -10.000      260.6032     5422.9492
 5 150  20.809  50916.496 217.156  -0.042    8.221  -10.000      260.6032     5422.9492
 3 150  20.809  50916.578 218.573   0.004    9.663  -10.000      260.6071     5423.0312
 5 150  20.809  50916.578 218.573  -0.037    8.228  -10.000      260.6071     5423.0312
 3 150  20.809  50916.629 219.452  -0.008    9.655  -10.000      260.6096     5423.0820
 5 150  20.809  50916.629 219.452  -0.049    8.217  -10.000      260.6096     5423.0820
 3 150  20.809  50917.434 233.383   0.014    9.744  -10.000      260.6483     5423.8867
 5 150  20.809  50917.434 233.383  -0.016    8.265  -10.000      260.6483     5423.8867
18 163  20.809  47935.273 121.932  -0.041   10.720  -10.000      117.3387     2441.7266
18 163  20.809  47935.289 122.201  -0.026   10.734  -10.000      117.3394     2441.7422
18 163  20.809  47966.105 295.326   0.033   10.195  -10.000      118.8204     2472.5586
18 163  20.809  47966.117 295.529   0.036   10.199  -10.000      118.8209     2472.5703
18 163  20.809  48004.508 239.689  -0.012    9.890  -10.000      120.6658     2510.9609
18 163  20.809  48004.594 241.175  -0.041    9.869  -10.000      120.6699     2511.0469
18 163  20.809  48004.672 242.526   0.020    9.937  -10.000      120.6737     2511.1250
18 163  20.809  48004.684 242.729  -0.007    9.911  -10.000      120.6742     2511.1367
18 163  20.809  48004.758 244.012   0.028    9.953  -10.000      120.6778     2511.2109
18 163  20.809  48004.773 244.284  -0.001    9.925  -10.000      120.6786     2511.2266
18 163  20.809  48004.938 247.121   0.028    9.968  -10.000      120.6864     2511.3906
18 163  20.809  48004.949 247.324   0.010    9.951  -10.000      120.6870     2511.4023
18 163  20.809  48005.023 248.610  -0.010    9.937  -10.000      120.6906     2511.4766
18 163  20.809  48005.039 248.879   0.006    9.954  -10.000      120.6913     2511.4922
18 163  20.809  48005.113 250.161   0.055   10.009  -10.000      120.6949     2511.5664
18 163  20.809  48005.129 250.433   0.024    9.978  -10.000      120.6956     2511.5820
18 163  20.809  48005.203 251.716   0.045   10.004  -10.000      120.6992     2511.6562
18 163  20.809  48005.219 251.988   0.025    9.986  -10.000      120.7000     2511.6719
18 163  20.809  48005.469 256.311   0.018    9.997  -10.000      120.7120     2511.9219
18 163  20.809  48005.484 256.583  -0.016    9.964  -10.000      120.7127     2511.9375
18 163  20.809  48005.559 257.866  -0.001    9.984  -10.000      120.7163     2512.0117
18 163  20.809  48005.574 258.138   0.063   10.049  -10.000      120.7170     2512.0273
18 163  20.809  48005.648 259.420   0.033   10.024  -10.000      120.7206     2512.1016
18 163  20.809  48005.664 259.692   0.011   10.003  -10.000      120.7214     2512.1172
18 163  20.809  48008.582 310.172   0.016   10.245  -10.000      120.8616     2515.0352
18 163  20.809  48008.758 313.212   0.063   10.307  -10.000      120.8700     2515.2109
18 163  20.809  48008.953 316.593   0.001   10.262  -10.000      120.8794     2515.4062
18 163  20.809  48009.039 318.079   0.019   10.287  -10.000      120.8836     2515.4922
18 163  20.809  48009.129 319.633   0.030   10.306  -10.000      120.8879     2515.5820
18 163  20.809  48009.203 320.916   0.041   10.323  -10.000      120.8914     2515.6562
18 163  20.809  48009.395 324.229   0.058   10.355  -10.000      120.9006     2515.8477
18 163  20.809  48009.469 325.511   0.025   10.328  -10.000      120.9042     2515.9219
18 163  20.809  48009.559 327.066   0.026   10.337  -10.000      120.9085     2516.0117
18 163  20.809  48009.574 327.338   0.077   10.389  -10.000      120.9093     2516.0273
18 163  20.809  48009.648 328.620   0.050   10.369  -10.000      120.9128     2516.1016
18 163  20.809  48009.664 328.892   0.029   10.349  -10.000      120.9136     2516.1172
18 163  20.809  48010.094 336.324   0.063   10.422  -10.000      120.9342     2516.5469
18 163  20.809  48010.105 336.528  -0.001   10.359  -10.000      120.9348     2516.5586
18 163  20.809  48010.359 340.919   0.051   10.433  -10.000      120.9470     2516.8125
18 163  20.809  48010.375 341.191   0.056   10.439  -10.000      120.9478     2516.8281
18 163  20.809  48164.082 120.328  -0.043   10.721  -10.000      128.3342     2670.5352
18 163  20.809  48164.098 120.597  -0.029   10.735  -10.000      128.3350     2670.5508
18 163  20.809  48164.172 121.882   0.000   10.761  -10.000      128.3386     2670.6250
18 163  20.809  48180.789  49.356   0.011   10.746  -10.000      129.1371     2687.2422
18 163  20.809  48180.805  49.631  -0.031   10.705  -10.000      129.1379     2687.2578
18 163  20.809  48180.879  50.911   0.043   10.785  -10.000      129.1414     2687.3320
18 163  20.809  48180.891  51.114  -0.006   10.736  -10.000      129.1420     2687.3438
18 163  20.809  48180.965  52.399  -0.014   10.734  -10.000      129.1456     2687.4180
18 163  20.809  48180.980  52.668  -0.019   10.729  -10.000      129.1463     2687.4336
18 163  20.809  48312.180 162.422  -0.033   10.607  -10.000      135.4512     2818.6328
18 163  20.809  48339.000 266.413   0.034   10.058  -10.000      136.7400     2845.4531
18 163  20.809  48360.156 272.417   0.049   10.102  -10.000      137.7567     2866.6094
18 163  20.809  48360.168 272.620   0.002   10.056  -10.000      137.7573     2866.6211
18 163  20.809  48360.242 273.900   0.032   10.092  -10.000      137.7608     2866.6953
18 163  20.809  48360.258 274.169   0.013   10.074  -10.000      137.7616     2866.7109
18 163  20.809  48360.332 275.455   0.040   10.107  -10.000      137.7652     2866.7852
18 163  20.809  48360.344 275.658   0.018   10.085  -10.000      137.7657     2866.7969
18 163  20.809  48478.617 161.790  -0.077   10.572  -10.000      143.4494     2985.0703
18 163  20.809  48503.051 224.495  -0.023    9.805  -10.000      144.6236     3009.5039
18 163  20.809  48503.066 224.764  -0.019    9.810  -10.000      144.6243     3009.5195
18 163  20.809  48503.141 226.049   0.009    9.844  -10.000      144.6279     3009.5938
18 163  20.809  48503.156 226.318  -0.032    9.804  -10.000      144.6287     3009.6094
18 163  20.809  48527.930 294.901   0.025   10.184  -10.000      145.8192     3034.3828
18 163  20.809  48528.020 296.455   0.016   10.184  -10.000      145.8235     3034.4727
18 163  20.809  48658.980  42.083  -0.098   10.607  -10.000      152.1169     3165.4336
18 163  20.809  48659.172  45.396  -0.029   10.691  -10.000      152.1261     3165.6250
18 163  20.809  48678.352  17.205  -0.005   10.570  -10.000      153.0478     3184.8047
18 163  20.809  48678.367  17.474  -0.032   10.544  -10.000      153.0485     3184.8203
18 163  20.809  48678.441  18.754  -0.076   10.507  -10.000      153.0521     3184.8945
18 163  20.809  48706.180 138.631  -0.174   10.569  -10.000      154.3851     3212.6328
18 163  20.809  48706.270 140.186  -0.066   10.674  -10.000      154.3894     3212.7227
18 163  20.809  48706.344 141.465  -0.113   10.625  -10.000      154.3930     3212.7969
18 163  20.809  48706.359 141.740  -0.092   10.646  -10.000      154.3937     3212.8125
18 163  20.809  48825.125  36.387   0.043   10.721  -10.000      160.1011     3331.5781
18 163  20.809  49042.465 196.370   0.003    9.776  -10.000      170.5455     3548.9180
18 163  20.809  49042.477 196.573  -0.041    9.730  -10.000      170.5460     3548.9297
 1   2  20.809  41583.551  36.969   0.224   14.530  -10.000     -187.8973    -3909.9961
 2   2  20.809  41583.551  36.969  -0.063   12.400  -10.000     -187.8973    -3909.9961
 3   2  20.809  41583.551  36.969  -0.017   10.540  -10.000     -187.8973    -3909.9961
 1   2  20.809  41596.531 261.530  -0.246   12.490  -10.000     -187.2735    -3897.0156
 2   2  20.809  41596.531 261.530  -0.101   11.290  -10.000     -187.2735    -3897.0156
 3   2  20.809  41596.531 261.530  -0.036    9.830  -10.000     -187.2735    -3897.0156
 1   2  20.809  41597.516 278.558  -0.221   12.750  -10.000     -187.2262    -3896.0312
 2   2  20.809  41597.516 278.558  -0.078   11.460  -10.000     -187.2262    -3896.0312
 3   2  20.809  41597.516 278.558  -0.017    9.930  -10.000     -187.2262    -3896.0312
 1   2  20.809  41760.852 224.275  -0.107   12.060  -10.000     -179.3770    -3732.6953
 2   2  20.809  41760.852 224.275  -0.073   10.970  -10.000     -179.3770    -3732.6953
 3   2  20.809  41760.852 224.275  -0.017    9.670  -10.000     -179.3770    -3732.6953
 1   2  20.809  41762.859 259.014  -0.021   12.680  -10.000     -179.2805    -3730.6875
 2   2  20.809  41762.859 259.014  -0.009   11.360  -10.000     -179.2805    -3730.6875
 3   2  20.809  41762.859 259.014   0.026    9.880  -10.000     -179.2805    -3730.6875
 1   2  20.809  41763.812 275.499   0.098   13.030  -10.000     -179.2347    -3729.7344
 2   2  20.809  41763.812 275.499   0.016   11.530  -10.000     -179.2347    -3729.7344
 3   2  20.809  41763.812 275.499   0.047    9.980  -10.000     -179.2347    -3729.7344
 1   2  20.809  41768.887   3.285   0.096   14.070  -10.000     -178.9909    -3724.6602
 2   2  20.809  41768.887   3.285   0.036   12.250  -10.000     -178.9909    -3724.6602
 3   2  20.809  41768.887   3.285   0.077   10.450  -10.000     -178.9909    -3724.6602
 1   2  20.809  41770.898  38.090   0.075   14.390  -10.000     -178.8942    -3722.6484
 2   2  20.809  41770.898  38.090   0.041   12.510  -10.000     -178.8942    -3722.6484
 3   2  20.809  41770.898  38.090   0.058   10.620  -10.000     -178.8942    -3722.6484
 1   2  20.809  41771.863  54.778   0.283   14.700  -10.000     -178.8478    -3721.6836
 2   2  20.809  41771.863  54.778   0.026   12.580  -10.000     -178.8478    -3721.6836
 3   2  20.809  41771.863  54.778   0.057   10.690  -10.000     -178.8478    -3721.6836
 1   2  20.809  41772.875  72.285   0.134   14.590  -10.000     -178.7992    -3720.6719
 2   2  20.809  41772.875  72.285   0.011   12.610  -10.000     -178.7992    -3720.6719
 3   2  20.809  41772.875  72.285   0.038   10.720  -10.000     -178.7992    -3720.6719
 1   2  20.809  41773.656  85.798   0.175   14.620  -10.000     -178.7617    -3719.8906
 2   2  20.809  41773.656  85.798  -0.016   12.590  -10.000     -178.7617    -3719.8906
 3   2  20.809  41773.656  85.798   0.027   10.730  -10.000     -178.7617    -3719.8906
 1   2  20.809  41924.527 175.869   0.192   13.170  -10.000     -171.5115    -3569.0195
 2   2  20.809  41924.527 175.869   0.127   11.790  -10.000     -171.5115    -3569.0195
 3   2  20.809  41924.527 175.869   0.139   10.300  -10.000     -171.5115    -3569.0195
 1   2  20.809  41925.539 193.376  -0.047   11.930  -10.000     -171.4628    -3568.0078
 2   2  20.809  41925.539 193.376  -0.003   10.940  -10.000     -171.4628    -3568.0078
 3   2  20.809  41925.539 193.376   0.013    9.670  -10.000     -171.4628    -3568.0078
 1   2  20.809  41926.551 210.877  -0.073   11.900  -10.000     -171.4142    -3566.9961
 2   2  20.809  41926.551 210.877  -0.046   10.880  -10.000     -171.4142    -3566.9961
 3   2  20.809  41926.551 210.877   0.002    9.630  -10.000     -171.4142    -3566.9961
 1   2  20.809  41927.535 227.906  -0.142   12.080  -10.000     -171.3669    -3566.0117
 2   2  20.809  41927.535 227.906  -0.066   11.010  -10.000     -171.3669    -3566.0117
 3   2  20.809  41927.535 227.906  -0.004    9.700  -10.000     -171.3669    -3566.0117
 1   2  20.809  41928.551 245.479  -0.130   12.380  -10.000     -171.3181    -3564.9961
 2   2  20.809  41928.551 245.479  -0.053   11.200  -10.000     -171.3181    -3564.9961
 3   2  20.809  41928.551 245.479   0.005    9.800  -10.000     -171.3181    -3564.9961
 1   2  20.809  41929.547 262.711  -0.082   12.670  -10.000     -171.2702    -3564.0000
 2   2  20.809  41929.547 262.711  -0.031   11.370  -10.000     -171.2702    -3564.0000
 3   2  20.809  41929.547 262.711   0.008    9.880  -10.000     -171.2702    -3564.0000
 1   2  20.809  42216.578 188.355   0.149   12.300  -10.000     -157.4768    -3276.9688
 2   2  20.809  42216.578 188.355   0.140   11.210  -10.000     -157.4768    -3276.9688
 3   2  20.809  42216.578 188.355   0.084    9.830  -10.000     -157.4768    -3276.9688
 1   2  20.809  42219.590 240.458   0.003   12.430  -10.000     -157.3321    -3273.9570
 2   2  20.809  42219.590 240.458  -0.002   11.200  -10.000     -157.3321    -3273.9570
 3   2  20.809  42219.590 240.458   0.032    9.800  -10.000     -157.3321    -3273.9570
 1   2  20.809  42221.582 274.927  -0.044   12.880  -10.000     -157.2363    -3271.9648
 2   2  20.809  42221.582 274.927  -0.009   11.500  -10.000     -157.2363    -3271.9648
 3   2  20.809  42221.582 274.927  -0.021    9.910  -10.000     -157.2363    -3271.9648
 3   9  20.809  43698.609 267.536  -0.015    9.880  -10.000      -86.2568    -1794.9375
14   9  20.809  43698.609 267.536  -0.123   12.030  -10.000      -86.2568    -1794.9375
15   9  20.809  43698.609 267.536   0.002   10.300  -10.000      -86.2568    -1794.9375
16   9  20.809  43698.609 267.536   0.004    9.100  -10.000      -86.2568    -1794.9375
17   9  20.809  43698.609 267.536  -0.008    8.300  -10.000      -86.2568    -1794.9375
 3   9  20.809  43701.500 317.543  -0.036   10.100  -10.000      -86.1179    -1792.0469
14   9  20.809  43701.500 317.543  -0.094   12.590  -10.000      -86.1179    -1792.0469
15   9  20.809  43701.500 317.543  -0.009   10.570  -10.000      -86.1179    -1792.0469
16   9  20.809  43701.500 317.543  -0.007    9.250  -10.000      -86.1179    -1792.0469
17   9  20.809  43701.500 317.543   0.004    8.410  -10.000      -86.1179    -1792.0469
 3   9  20.809  44141.551  10.434  -0.010   10.400  -10.000      -64.9710    -1351.9961
14   9  20.809  44141.551  10.434  -0.046   13.130  -10.000      -64.9710    -1351.9961
15   9  20.809  44141.551  10.434   0.026   10.910  -10.000      -64.9710    -1351.9961
16   9  20.809  44141.551  10.434   0.028    9.500  -10.000      -64.9710    -1351.9961
17   9  20.809  44141.551  10.434   0.048    8.620  -10.000      -64.9710    -1351.9961
 3   9  20.809  44145.500  78.755   0.013   10.710  -10.000      -64.7812    -1348.0469
14   9  20.809  44145.500  78.755  -0.052   13.500  -10.000      -64.7812    -1348.0469
15   9  20.809  44145.500  78.755   0.067   11.250  -10.000      -64.7812    -1348.0469
16   9  20.809  44145.500  78.755   0.066    9.800  -10.000      -64.7812    -1348.0469
17   9  20.809  44145.500  78.755   0.076    8.890  -10.000      -64.7812    -1348.0469
 3   9  20.809  44023.781 133.017  -0.071   10.550  -10.000      -70.6305    -1469.7656
14   9  20.809  44023.781 133.017  -0.122   13.110  -10.000      -70.6305    -1469.7656
15   9  20.809  44023.781 133.017  -0.023   11.050  -10.000      -70.6305    -1469.7656
16   9  20.809  44023.781 133.017  -0.055    9.670  -10.000      -70.6305    -1469.7656
17   9  20.809  44023.781 133.017  -0.069    8.790  -10.000      -70.6305    -1469.7656
 3   9  20.809  43694.559 197.457   0.056    9.680  -10.000      -86.4515    -1798.9883
14   9  20.809  43694.559 197.457   0.022   11.450  -10.000      -86.4515    -1798.9883
15   9  20.809  43694.559 197.457   0.087   10.050  -10.000      -86.4515    -1798.9883
16   9  20.809  43694.559 197.457   0.031    8.980  -10.000      -86.4515    -1798.9883
17   9  20.809  43694.559 197.457  -0.002    8.260  -10.000      -86.4515    -1798.9883
 3   9  20.809  44027.699 200.797   0.055    9.670  -10.000      -70.4422    -1465.8477
14   9  20.809  44027.699 200.797   0.042   11.460  -10.000      -70.4422    -1465.8477
15   9  20.809  44027.699 200.797   0.096   10.050  -10.000      -70.4422    -1465.8477
16   9  20.809  44027.699 200.797   0.030    8.970  -10.000      -70.4422    -1465.8477
17   9  20.809  44027.699 200.797  -0.004    8.250  -10.000      -70.4422    -1465.8477
