 1  79  13.637  45644.418 200.347   0.192   12.166  -10.000      597.5565     8148.8945
 2  79  13.637  45644.418 200.347   0.067   11.079  -10.000      597.5565     8148.8945
 3  79  13.637  45644.418 200.347   0.047    9.705  -10.000      597.5565     8148.8945
 4  79  13.637  45644.418 200.347   0.029    8.841  -10.000      597.5565     8148.8945
 1  79  13.637  45649.375 331.216  -0.075   12.432  -10.000      597.9200     8153.8516
 2  79  13.637  45649.375 331.216   0.026   11.369  -10.000      597.9200     8153.8516
 3  79  13.637  45649.375 331.216  -0.012    9.823  -10.000      597.9200     8153.8516
 4  79  13.637  45649.375 331.216  -0.016    8.909  -10.000      597.9200     8153.8516
 2  79  13.637  45665.363  33.289   0.041   11.583  -10.000      599.0925     8169.8398
 3  79  13.637  45665.363  33.289  -0.001    9.976  -10.000      599.0925     8169.8398
 4  79  13.637  45665.363  33.289  -0.012    9.030  -10.000      599.0925     8169.8398
 2  79  13.637  45666.281  57.502   0.009   11.612  -10.000      599.1597     8170.7578
 3  79  13.637  45666.281  57.502  -0.016   10.010  -10.000      599.1597     8170.7578
 4  79  13.637  45666.281  57.502  -0.018    9.069  -10.000      599.1597     8170.7578
 2  79  13.637  45668.297 110.720  -0.013   11.547  -10.000      599.3076     8172.7734
 3  79  13.637  45668.297 110.720  -0.022    9.999  -10.000      599.3076     8172.7734
 4  79  13.637  45668.297 110.720  -0.034    9.063  -10.000      599.3076     8172.7734
 1  79  13.637  45676.273 321.284  -0.049   12.410  -10.000      599.8925     8180.7500
 2  79  13.637  45676.273 321.284   0.023   11.334  -10.000      599.8925     8180.7500
 3  79  13.637  45676.273 321.284  -0.017    9.798  -10.000      599.8925     8180.7500
 4  79  13.637  45676.273 321.284  -0.022    8.887  -10.000      599.8925     8180.7500
 2  79  13.637  45679.234  39.463   0.034   11.593  -10.000      600.1096     8183.7109
 3  79  13.637  45679.234  39.463   0.007    9.997  -10.000      600.1096     8183.7109
 4  79  13.637  45679.234  39.463  -0.003    9.051  -10.000      600.1096     8183.7109
 2  79  13.637  45688.211 276.438   0.005   11.170  -10.000      600.7679     8192.6875
 3  79  13.637  45688.211 276.438  -0.010    9.719  -10.000      600.7679     8192.6875
 4  79  13.637  45688.211 276.438  -0.010    8.839  -10.000      600.7679     8192.6875
 1  79  13.637  45695.211 101.228  -0.041   12.780  -10.000      601.2812     8199.6875
 2  79  13.637  45695.211 101.228  -0.025   11.570  -10.000      601.2812     8199.6875
 3  79  13.637  45695.211 101.228  -0.028   10.012  -10.000      601.2812     8199.6875
 4  79  13.637  45695.211 101.228  -0.030    9.080  -10.000      601.2812     8199.6875
 1  79  13.637  45701.195 259.189  -0.051   12.087  -10.000      601.7200     8205.6719
 2  79  13.637  45701.195 259.189  -0.057   11.048  -10.000      601.7200     8205.6719
 3  79  13.637  45701.195 259.189  -0.063    9.633  -10.000      601.7200     8205.6719
 4  79  13.637  45701.195 259.189  -0.052    8.775  -10.000      601.7200     8205.6719
 1  79  13.637  45707.145  56.250  -0.001   12.853  -10.000      602.1562     8211.6211
 2  79  13.637  45707.145  56.250  -0.003   11.597  -10.000      602.1562     8211.6211
 3  79  13.637  45707.145  56.250  -0.023   10.001  -10.000      602.1562     8211.6211
 4  79  13.637  45707.145  56.250  -0.021    9.064  -10.000      602.1562     8211.6211
 2  79  13.637  47401.449 143.723   0.067   11.459  -10.000      726.3992     9905.9258
 3  79  13.637  47401.449 143.723   0.026    9.946  -10.000      726.3992     9905.9258
 4  79  13.637  47401.449 143.723   0.038    9.063  -10.000      726.3992     9905.9258
 2  79  13.637  47402.422 169.387  -0.013   11.344  -10.000      726.4705     9906.8984
 3  79  13.637  47402.422 169.387  -0.035    9.866  -10.000      726.4705     9906.8984
 4  79  13.637  47402.422 169.387  -0.015    8.997  -10.000      726.4705     9906.8984
 2  79  13.637  47403.445 196.414   0.063   11.129  -10.000      726.5456     9907.9219
 3  79  13.637  47403.445 196.414   0.025    9.722  -10.000      726.5456     9907.9219
 4  79  13.637  47403.445 196.414   0.031    8.875  -10.000      726.5456     9907.9219
 2  79  13.637  47404.449 222.913   0.011   10.981  -10.000      726.6192     9908.9258
 3  79  13.637  47404.449 222.913  -0.021    9.602  -10.000      726.6192     9908.9258
 4  79  13.637  47404.449 222.913  -0.003    8.776  -10.000      726.6192     9908.9258
 2  79  13.637  47407.426 301.487  -0.033   11.215  -10.000      726.8375     9911.9023
 3  79  13.637  47407.426 301.487  -0.049    9.727  -10.000      726.8375     9911.9023
 4  79  13.637  47407.426 301.487  -0.023    8.857  -10.000      726.8375     9911.9023
 2  79  13.637  47408.422 327.788   0.030   11.362  -10.000      726.9105     9912.8984
 3  79  13.637  47408.422 327.788  -0.008    9.820  -10.000      726.9105     9912.8984
 4  79  13.637  47408.422 327.788   0.009    8.928  -10.000      726.9105     9912.8984
 2  79  13.637  47409.406 353.782   0.030   11.443  -10.000      726.9827     9913.8828
 3  79  13.637  47409.406 353.782   0.018    9.901  -10.000      726.9827     9913.8828
 4  79  13.637  47409.406 353.782   0.017    8.980  -10.000      726.9827     9913.8828
 2  79  13.637  47410.418  20.479   0.011   11.512  -10.000      727.0569     9914.8945
 3  79  13.637  47410.418  20.479  -0.013    9.933  -10.000      727.0569     9914.8945
 4  79  13.637  47410.418  20.479   0.001    9.016  -10.000      727.0569     9914.8945
 2  79  13.637  47411.430  47.197   0.004   11.584  -10.000      727.1311     9915.9062
 3  79  13.637  47411.430  47.197  -0.020    9.987  -10.000      727.1311     9915.9062
 4  79  13.637  47411.430  47.197  -0.014    9.055  -10.000      727.1311     9915.9062
 2  79  13.637  47413.363  98.240  -0.043   11.561  -10.000      727.2729     9917.8398
 3  79  13.637  47413.363  98.240  -0.027   10.018  -10.000      727.2729     9917.8398
 4  79  13.637  47413.363  98.240  -0.024    9.088  -10.000      727.2729     9917.8398
 2  79  13.637  47413.453 100.613  -0.037   11.560  -10.000      727.2795     9917.9297
 3  79  13.637  47413.453 100.613  -0.007   10.034  -10.000      727.2795     9917.9297
 4  79  13.637  47413.453 100.613  -0.013    9.097  -10.000      727.2795     9917.9297
 2  79  13.637  47414.379 125.046   0.022   11.504  -10.000      727.3474     9918.8555
 3  79  13.637  47414.379 125.046   0.001    9.975  -10.000      727.3474     9918.8555
 4  79  13.637  47414.379 125.046   0.007    9.070  -10.000      727.3474     9918.8555
 2  79  13.637  47415.340 150.425   0.057   11.432  -10.000      727.4178     9919.8164
 3  79  13.637  47415.340 150.425   0.024    9.935  -10.000      727.4178     9919.8164
 4  79  13.637  47415.340 150.425   0.025    9.043  -10.000      727.4178     9919.8164
 2  79  13.637  47416.336 176.704  -0.025   11.298  -10.000      727.4908     9920.8125
 3  79  13.637  47416.336 176.704  -0.041    9.837  -10.000      727.4908     9920.8125
 4  79  13.637  47416.336 176.704  -0.018    8.975  -10.000      727.4908     9920.8125
 2  79  13.637  47417.328 202.896   0.094   11.078  -10.000      727.5636     9921.8047
 3  79  13.637  47417.328 202.896   0.052    9.690  -10.000      727.5636     9921.8047
 4  79  13.637  47417.328 202.896   0.057    8.852  -10.000      727.5636     9921.8047
 2  79  13.637  47418.324 229.197   0.002   10.996  -10.000      727.6367     9922.8008
 3  79  13.637  47418.324 229.197  -0.010    9.627  -10.000      727.6367     9922.8008
 4  79  13.637  47418.324 229.197  -0.001    8.788  -10.000      727.6367     9922.8008
 2  79  13.637  47419.309 255.190  -0.158   10.933  -10.000      727.7089     9923.7852
 3  79  13.637  47419.309 255.190  -0.113    9.576  -10.000      727.7089     9923.7852
 4  79  13.637  47419.309 255.190  -0.083    8.740  -10.000      727.7089     9923.7852
 2  79  13.637  47420.297 281.272  -0.063   11.119  -10.000      727.7813     9924.7734
 3  79  13.637  47420.297 281.272  -0.064    9.674  -10.000      727.7813     9924.7734
 4  79  13.637  47420.297 281.272  -0.045    8.809  -10.000      727.7813     9924.7734
 2  79  13.637  47421.293 307.573  -0.002   11.266  -10.000      727.8544     9925.7695
 3  79  13.637  47421.293 307.573  -0.021    9.767  -10.000      727.8544     9925.7695
 4  79  13.637  47421.293 307.573  -0.008    8.881  -10.000      727.8544     9925.7695
 2  79  13.637  47422.305 334.270  -0.006   11.347  -10.000      727.9285     9926.7812
 3  79  13.637  47422.305 334.270   0.011    9.853  -10.000      727.9285     9926.7812
 4  79  13.637  47422.305 334.270   0.029    8.959  -10.000      727.9285     9926.7812
 2  79  13.637  47423.434   4.087  -0.013   11.435  -10.000      728.0114     9927.9102
 3  79  13.637  47423.434   4.087  -0.020    9.887  -10.000      728.0114     9927.9102
 4  79  13.637  47423.434   4.087  -0.015    8.968  -10.000      728.0114     9927.9102
 2  79  13.637  47424.371  28.828  -0.009   11.520  -10.000      728.0801     9928.8477
 3  79  13.637  47424.371  28.828   0.003    9.970  -10.000      728.0801     9928.8477
 4  79  13.637  47424.371  28.828   0.006    9.039  -10.000      728.0801     9928.8477
 2  79  13.637  47425.348  54.602   0.005   11.602  -10.000      728.1517     9929.8242
 3  79  13.637  47425.348  54.602   0.020   10.041  -10.000      728.1517     9929.8242
 4  79  13.637  47425.348  54.602   0.030    9.112  -10.000      728.1517     9929.8242
 2  79  13.637  47427.418 109.270   0.044   11.610  -10.000      728.3035     9931.8945
 3  79  13.637  47427.418 109.270  -0.006   10.018  -10.000      728.3035     9931.8945
 4  79  13.637  47427.418 109.270   0.016    9.115  -10.000      728.3035     9931.8945
 2  79  13.637  47427.520 111.951   0.025   11.580  -10.000      728.3110     9931.9961
 3  79  13.637  47427.520 111.951  -0.008   10.009  -10.000      728.3110     9931.9961
 4  79  13.637  47427.520 111.951   0.001    9.095  -10.000      728.3110     9931.9961
 2  79  13.637  47428.320 133.088   0.078   11.515  -10.000      728.3697     9932.7969
 3  79  13.637  47428.320 133.088   0.017    9.964  -10.000      728.3697     9932.7969
 4  79  13.637  47428.320 133.088   0.021    9.065  -10.000      728.3697     9932.7969
 2  79  13.637  47428.445 136.384   0.103   11.524  -10.000      728.3788     9932.9219
 3  79  13.637  47428.445 136.384   0.049    9.986  -10.000      728.3788     9932.9219
 4  79  13.637  47428.445 136.384   0.052    9.089  -10.000      728.3788     9932.9219
 2  79  13.637  47430.328 186.086  -0.017   11.209  -10.000      728.5169     9934.8047
 3  79  13.637  47430.328 186.086  -0.034    9.776  -10.000      728.5169     9934.8047
 4  79  13.637  47430.328 186.086  -0.022    8.915  -10.000      728.5169     9934.8047
 2  79  13.637  47430.469 189.800   0.039   11.210  -10.000      728.5272     9934.9453
 3  79  13.637  47430.469 189.800   0.019    9.790  -10.000      728.5272     9934.9453
 4  79  13.637  47430.469 189.800   0.020    8.926  -10.000      728.5272     9934.9453
 2  79  13.637  47431.383 213.926   0.089   11.032  -10.000      728.5942     9935.8594
 3  79  13.637  47431.383 213.926   0.043    9.650  -10.000      728.5942     9935.8594
 4  79  13.637  47431.383 213.926   0.048    8.816  -10.000      728.5942     9935.8594
 2  79  13.637  47432.383 240.337  -0.047   10.990  -10.000      728.6676     9936.8594
 3  79  13.637  47432.383 240.337  -0.071    9.589  -10.000      728.6676     9936.8594
 4  79  13.637  47432.383 240.337  -0.061    8.743  -10.000      728.6676     9936.8594
 2  79  13.637  47433.359 266.111   0.003   11.132  -10.000      728.7392     9937.8359
 3  79  13.637  47433.359 266.111  -0.026    9.683  -10.000      728.7392     9937.8359
 4  79  13.637  47433.359 266.111  -0.017    8.818  -10.000      728.7392     9937.8359
 2  79  13.637  47434.363 292.610  -0.056   11.163  -10.000      728.8128     9938.8398
 3  79  13.637  47434.363 292.610  -0.044    9.715  -10.000      728.8128     9938.8398
 4  79  13.637  47434.363 292.610  -0.024    8.844  -10.000      728.8128     9938.8398
 2  79  13.637  47434.512 296.521  -0.052   11.179  -10.000      728.8237     9938.9883
 3  79  13.637  47434.512 296.521  -0.014    9.752  -10.000      728.8237     9938.9883
 4  79  13.637  47434.512 296.521  -0.007    8.866  -10.000      728.8237     9938.9883
 2  79  13.637  48503.438  74.795  -0.028   11.597  -10.000      807.2078    11007.9141
 3  79  13.637  48503.438  74.795  -0.040   10.008  -10.000      807.2078    11007.9141
 4  79  13.637  48503.438  74.795  -0.025    9.084  -10.000      807.2078    11007.9141
 2  79  13.637  48505.359 125.530   0.042   11.521  -10.000      807.3487    11009.8359
 3  79  13.637  48505.359 125.530  -0.004    9.968  -10.000      807.3487    11009.8359
 4  79  13.637  48505.359 125.530  -0.001    9.061  -10.000      807.3487    11009.8359
 2  79  13.637  48506.363 152.029   0.062   11.434  -10.000      807.4223    11010.8398
 3  79  13.637  48506.363 152.029   0.023    9.932  -10.000      807.4223    11010.8398
 4  79  13.637  48506.363 152.029   0.018    9.035  -10.000      807.4223    11010.8398
 1  79  13.637  48507.363 178.440  -0.125   12.262  -10.000      807.4957    11011.8398
 2  79  13.637  48507.363 178.440  -0.029   11.281  -10.000      807.4957    11011.8398
 3  79  13.637  48507.363 178.440  -0.036    9.833  -10.000      807.4957    11011.8398
 4  79  13.637  48507.363 178.440  -0.032    8.954  -10.000      807.4957    11011.8398
 2  79  13.637  48508.320 203.687   0.105   11.082  -10.000      807.5658    11012.7969
 3  79  13.637  48508.320 203.687   0.070    9.703  -10.000      807.5658    11012.7969
 4  79  13.637  48508.320 203.687   0.056    8.847  -10.000      807.5658    11012.7969
 2  79  13.637  48509.355 231.021   0.007   11.008  -10.000      807.6417    11013.8320
 3  79  13.637  48509.355 231.021  -0.021    9.620  -10.000      807.6417    11013.8320
 4  79  13.637  48509.355 231.021  -0.010    8.782  -10.000      807.6417    11013.8320
 2  79  13.637  48510.348 257.212  -0.040   11.058  -10.000      807.7145    11014.8242
 3  79  13.637  48510.348 257.212  -0.064    9.629  -10.000      807.7145    11014.8242
 4  79  13.637  48510.348 257.212  -0.038    8.787  -10.000      807.7145    11014.8242
 2  79  13.637  48511.348 283.623  -0.024   11.165  -10.000      807.7878    11015.8242
 3  79  13.637  48511.348 283.623  -0.044    9.698  -10.000      807.7878    11015.8242
 4  79  13.637  48511.348 283.623  -0.021    8.836  -10.000      807.7878    11015.8242
 2  79  13.637  48512.332 309.595  -0.005   11.270  -10.000      807.8600    11016.8086
 3  79  13.637  48512.332 309.595  -0.003    9.789  -10.000      807.8600    11016.8086
 4  79  13.637  48512.332 309.595  -0.012    8.880  -10.000      807.8600    11016.8086
 2  79  13.637  48513.344 336.313   0.037   11.397  -10.000      807.9342    11017.8203
 3  79  13.637  48513.344 336.313   0.000    9.846  -10.000      807.9342    11017.8203
 4  79  13.637  48513.344 336.313  -0.011    8.922  -10.000      807.9342    11017.8203
 2  79  13.637  48514.348   2.812   0.013   11.456  -10.000      808.0078    11018.8242
 3  79  13.637  48514.348   2.812  -0.005    9.899  -10.000      808.0078    11018.8242
 4  79  13.637  48514.348   2.812  -0.008    8.972  -10.000      808.0078    11018.8242
 2  79  13.637  48515.344  29.114   0.038   11.568  -10.000      808.0809    11019.8203
 3  79  13.637  48515.344  29.114   0.017    9.984  -10.000      808.0809    11019.8203
 4  79  13.637  48515.344  29.114   0.003    9.037  -10.000      808.0809    11019.8203
 2  79  13.637  48516.352  55.701   0.007   11.606  -10.000      808.1547    11020.8281
 3  79  13.637  48516.352  55.701  -0.013   10.010  -10.000      808.1547    11020.8281
 4  79  13.637  48516.352  55.701   0.005    9.089  -10.000      808.1547    11020.8281
 2  79  13.637  48517.352  82.112  -0.036   11.590  -10.000      808.2281    11021.8281
 3  79  13.637  48517.352  82.112  -0.026   10.027  -10.000      808.2281    11021.8281
 4  79  13.637  48517.352  82.112  -0.030    9.085  -10.000      808.2281    11021.8281
 2  79  13.637  48518.352 108.501   0.000   11.570  -10.000      808.3014    11022.8281
 3  79  13.637  48518.352 108.501  -0.025   10.001  -10.000      808.3014    11022.8281
 4  79  13.637  48518.352 108.501  -0.016    9.084  -10.000      808.3014    11022.8281
 2  79  13.637  48520.320 160.488   0.034   11.400  -10.000      808.4458    11024.7969
 3  79  13.637  48520.320 160.488   0.000    9.907  -10.000      808.4458    11024.7969
 4  79  13.637  48520.320 160.488  -0.007    9.009  -10.000      808.4458    11024.7969
 2  79  13.637  48521.379 188.416  -0.002   11.190  -10.000      808.5234    11025.8555
 3  79  13.637  48521.379 188.416  -0.026    9.760  -10.000      808.5234    11025.8555
 4  79  13.637  48521.379 188.416  -0.017    8.901  -10.000      808.5234    11025.8555
 2  79  13.637  48522.336 213.684   0.112   11.055  -10.000      808.5936    11026.8125
 3  79  13.637  48522.336 213.684   0.054    9.661  -10.000      808.5936    11026.8125
 4  79  13.637  48522.336 213.684   0.037    8.805  -10.000      808.5936    11026.8125
 2  79  13.637  48523.332 239.985  -0.023   11.012  -10.000      808.6666    11027.8086
 3  79  13.637  48523.332 239.985  -0.038    9.622  -10.000      808.6666    11027.8086
 4  79  13.637  48523.332 239.985  -0.029    8.775  -10.000      808.6666    11027.8086
 2  79  13.637  48852.469 288.765  -0.029   11.177  -10.000      832.8021    11356.9453
 3  79  13.637  48852.469 288.765  -0.033    9.719  -10.000      832.8021    11356.9453
 4  79  13.637  48852.469 288.765  -0.009    8.854  -10.000      832.8021    11356.9453
 2  79  13.637  48854.473 341.675   0.035   11.411  -10.000      832.9491    11358.9492
 3  79  13.637  48854.473 341.675   0.009    9.867  -10.000      832.9491    11358.9492
 4  79  13.637  48854.473 341.675   0.010    8.952  -10.000      832.9491    11358.9492
 2  79  13.637  48856.473  34.475   0.037   11.583  -10.000      833.0958    11360.9492
 3  79  13.637  48856.473  34.475  -0.010    9.970  -10.000      833.0958    11360.9492
 4  79  13.637  48856.473  34.475  -0.002    9.043  -10.000      833.0958    11360.9492
 2  79  13.637  48858.395  85.210  -0.010   11.615  -10.000      833.2367    11362.8711
 3  79  13.637  48858.395  85.210  -0.046   10.007  -10.000      833.2367    11362.8711
 4  79  13.637  48858.395  85.210  -0.041    9.075  -10.000      833.2367    11362.8711
 2  79  13.637  48860.395 138.010   0.114   11.528  -10.000      833.3834    11364.8711
 3  79  13.637  48860.395 138.010   0.043    9.976  -10.000      833.3834    11364.8711
 4  79  13.637  48860.395 138.010   0.018    9.052  -10.000      833.3834    11364.8711
 2  79  13.637  48862.449 192.239   0.072   11.204  -10.000      833.5340    11366.9258
 3  79  13.637  48862.449 192.239   0.012    9.756  -10.000      833.5340    11366.9258
 4  79  13.637  48862.449 192.239   0.020    8.903  -10.000      833.5340    11366.9258
 2  79  13.637  48870.367  41.265   0.042   11.606  -10.000      834.1146    11374.8438
 3  79  13.637  48870.367  41.265  -0.012    9.982  -10.000      834.1146    11374.8438
 4  79  13.637  48870.367  41.265  -0.008    9.050  -10.000      834.1146    11374.8438
 2  79  13.637  48872.344  93.450  -0.018   11.597  -10.000      834.2596    11376.8203
 3  79  13.637  48872.344  93.450  -0.023   10.027  -10.000      834.2596    11376.8203
 4  79  13.637  48872.344  93.450  -0.029    9.087  -10.000      834.2596    11376.8203
 2  79  13.637  48874.383 147.283   0.115   11.496  -10.000      834.4091    11378.8594
 3  79  13.637  48874.383 147.283   0.040    9.954  -10.000      834.4091    11378.8594
 4  79  13.637  48874.383 147.283   0.029    9.050  -10.000      834.4091    11378.8594
 2  79  13.637  48875.410 174.397   0.010   11.347  -10.000      834.4844    11379.8867
 3  79  13.637  48875.410 174.397  -0.044    9.844  -10.000      834.4844    11379.8867
 4  79  13.637  48875.410 174.397  -0.033    8.968  -10.000      834.4844    11379.8867
 2  79  13.637  48876.422 201.094   0.143   11.146  -10.000      834.5586    11380.8984
 3  79  13.637  48876.422 201.094   0.064    9.716  -10.000      834.5586    11380.8984
 4  79  13.637  48876.422 201.094   0.046    8.853  -10.000      834.5586    11380.8984
 2  79  13.637  48877.332 225.132   0.044   11.022  -10.000      834.6254    11381.8086
 3  79  13.637  48877.332 225.132   0.012    9.640  -10.000      834.6254    11381.8086
 4  79  13.637  48877.332 225.132   0.013    8.796  -10.000      834.6254    11381.8086
 2  79  13.637  48879.402 279.778  -0.039   11.138  -10.000      834.7772    11383.8789
 3  79  13.637  48879.402 279.778  -0.049    9.686  -10.000      834.7772    11383.8789
 4  79  13.637  48879.402 279.778  -0.028    8.825  -10.000      834.7772    11383.8789
 2  79  13.637  48880.336 304.431  -0.007   11.251  -10.000      834.8456    11384.8125
 3  79  13.637  48880.336 304.431  -0.038    9.744  -10.000      834.8456    11384.8125
 4  79  13.637  48880.336 304.431  -0.025    8.860  -10.000      834.8456    11384.8125
 2  79  13.637  48881.355 331.348   0.038   11.382  -10.000      834.9204    11385.8320
 3  79  13.637  48881.355 331.348   0.001    9.837  -10.000      834.9204    11385.8320
 4  79  13.637  48881.355 331.348  -0.006    8.919  -10.000      834.9204    11385.8320
 2  79  13.637  48882.352 357.649   0.032   11.458  -10.000      834.9935    11386.8281
 3  79  13.637  48882.352 357.649  -0.008    9.884  -10.000      834.9935    11386.8281
 4  79  13.637  48882.352 357.649  -0.010    8.960  -10.000      834.9935    11386.8281
 2  79  13.637  48883.363  24.346   0.072   11.586  -10.000      835.0676    11387.8398
 3  79  13.637  48883.363  24.346   0.003    9.958  -10.000      835.0676    11387.8398
 4  79  13.637  48883.363  24.346   0.002    9.026  -10.000      835.0676    11387.8398
 2  79  13.637  48885.359  77.036  -0.015   11.611  -10.000      835.2140    11389.8359
 3  79  13.637  48885.359  77.036  -0.031   10.019  -10.000      835.2140    11389.8359
 4  79  13.637  48885.359  77.036  -0.017    9.094  -10.000      835.2140    11389.8359
 2  79  13.637  48886.348 103.140   0.007   11.596  -10.000      835.2865    11390.8242
 3  79  13.637  48886.348 103.140  -0.032   10.005  -10.000      835.2865    11390.8242
 4  79  13.637  48886.348 103.140  -0.025    9.082  -10.000      835.2865    11390.8242
 2  79  13.637  48887.352 129.639   0.067   11.522  -10.000      835.3601    11391.8281
 3  79  13.637  48887.352 129.639   0.031    9.989  -10.000      835.3601    11391.8281
 4  79  13.637  48887.352 129.639   0.006    9.057  -10.000      835.3601    11391.8281
 2  79  13.637  48888.320 155.215   0.054   11.423  -10.000      835.4312    11392.7969
 3  79  13.637  48888.320 155.215   0.019    9.927  -10.000      835.4312    11392.7969
 4  79  13.637  48888.320 155.215   0.007    9.023  -10.000      835.4312    11392.7969
 2  79  13.637  48889.328 181.802   0.000   11.279  -10.000      835.5050    11393.8047
 3  79  13.637  48889.328 181.802  -0.037    9.810  -10.000      835.5050    11393.8047
 4  79  13.637  48889.328 181.802  -0.032    8.936  -10.000      835.5050    11393.8047
 2  79  13.637  48890.293 207.290   0.145   11.098  -10.000      835.5758    11394.7695
 3  79  13.637  48890.293 207.290   0.037    9.653  -10.000      835.5758    11394.7695
 4  79  13.637  48890.293 207.290   0.054    8.830  -10.000      835.5758    11394.7695
 2  79  13.637  48891.312 234.207  -0.010   11.003  -10.000      835.6506    11395.7891
 3  79  13.637  48891.312 234.207  -0.040    9.607  -10.000      835.6506    11395.7891
 4  79  13.637  48891.312 234.207  -0.025    8.771  -10.000      835.6506    11395.7891
 2  79  13.637  48892.312 260.596   0.023   11.132  -10.000      835.7239    11396.7891
 3  79  13.637  48892.312 260.596  -0.003    9.696  -10.000      835.7239    11396.7891
 4  79  13.637  48892.312 260.596  -0.002    8.827  -10.000      835.7239    11396.7891
 2  79  13.637  48893.379 288.743  -0.019   11.187  -10.000      835.8021    11397.8555
 3  79  13.637  48893.379 288.743  -0.043    9.709  -10.000      835.8021    11397.8555
 4  79  13.637  48893.379 288.743  -0.034    8.829  -10.000      835.8021    11397.8555
 2  79  13.637  49617.336 320.273   0.001   11.309  -10.000      888.8896    12121.8125
 3  79  13.637  49617.336 320.273  -0.029    9.784  -10.000      888.8896    12121.8125
 4  79  13.637  49617.336 320.273  -0.008    8.899  -10.000      888.8896    12121.8125
 2  79  13.637  49620.391  40.913   0.008   11.571  -10.000      889.1136    12124.8672
 3  79  13.637  49620.391  40.913   0.013   10.007  -10.000      889.1136    12124.8672
 4  79  13.637  49620.391  40.913   0.033    9.090  -10.000      889.1136    12124.8672
 2  79  13.637  49621.457  69.082   0.023   11.643  -10.000      889.1919    12125.9336
 3  79  13.637  49621.457  69.082   0.027   10.070  -10.000      889.1919    12125.9336
 4  79  13.637  49621.457  69.082   0.019    9.122  -10.000      889.1919    12125.9336
 2  79  13.637  49622.441  95.054   0.017   11.629  -10.000      889.2640    12126.9180
 3  79  13.637  49622.441  95.054   0.006   10.055  -10.000      889.2640    12126.9180
 4  79  13.637  49622.441  95.054   0.002    9.117  -10.000      889.2640    12126.9180
 2  79  13.637  49622.480  96.086  -0.045   11.564  -10.000      889.2669    12126.9570
 3  79  13.637  49622.480  96.086  -0.030   10.017  -10.000      889.2669    12126.9570
 4  79  13.637  49622.480  96.086   0.015    9.129  -10.000      889.2669    12126.9570
 2  79  13.637  49623.395 120.212   0.045   11.556  -10.000      889.3339    12127.8711
 3  79  13.637  49623.395 120.212   0.021   10.012  -10.000      889.3339    12127.8711
 4  79  13.637  49623.395 120.212   0.032    9.108  -10.000      889.3339    12127.8711
 2  79  13.637  49623.465 122.080   0.078   11.578  -10.000      889.3391    12127.9414
 3  79  13.637  49623.465 122.080   0.052   10.037  -10.000      889.3391    12127.9414
 4  79  13.637  49623.465 122.080   0.046    9.117  -10.000      889.3391    12127.9414
 2  79  13.637  49624.344 145.283   0.133   11.520  -10.000      889.4036    12128.8203
 3  79  13.637  49624.344 145.283   0.091   10.008  -10.000      889.4036    12128.8203
 4  79  13.637  49624.344 145.283   0.067    9.090  -10.000      889.4036    12128.8203
 2  79  13.637  49624.453 148.162   0.119   11.498  -10.000      889.4116    12128.9297
 3  79  13.637  49624.453 148.162   0.089   10.002  -10.000      889.4116    12128.9297
 4  79  13.637  49624.453 148.162   0.073    9.093  -10.000      889.4116    12128.9297
 2  79  13.637  49624.480 148.887   0.085   11.463  -10.000      889.4136    12128.9570
 3  79  13.637  49624.480 148.887   0.065    9.977  -10.000      889.4136    12128.9570
 4  79  13.637  49624.480 148.887   0.056    9.075  -10.000      889.4136    12128.9570
 2  79  13.637  49625.465 174.880  -0.015   11.320  -10.000      889.4858    12129.9414
 3  79  13.637  49625.465 174.880  -0.008    9.878  -10.000      889.4858    12129.9414
 4  79  13.637  49625.465 174.880   0.002    9.002  -10.000      889.4858    12129.9414
 2  79  13.637  49625.484 175.386  -0.024   11.308  -10.000      889.4872    12129.9609
 3  79  13.637  49625.484 175.386   0.005    9.889  -10.000      889.4872    12129.9609
 4  79  13.637  49625.484 175.386  -0.004    8.994  -10.000      889.4872    12129.9609
 2  79  13.637  49631.352 330.271  -0.006   11.334  -10.000      889.9174    12135.8281
 3  79  13.637  49631.352 330.271   0.008    9.841  -10.000      889.9174    12135.8281
 4  79  13.637  49631.352 330.271   0.007    8.930  -10.000      889.9174    12135.8281
 2  79  13.637  49632.359 356.880   0.029   11.452  -10.000      889.9913    12136.8359
 3  79  13.637  49632.359 356.880   0.014    9.904  -10.000      889.9913    12136.8359
 4  79  13.637  49632.359 356.880   0.020    8.989  -10.000      889.9913    12136.8359
 2  79  13.637  49632.445 359.143   0.014   11.445  -10.000      889.9976    12136.9219
 3  79  13.637  49632.445 359.143   0.021    9.916  -10.000      889.9976    12136.9219
 4  79  13.637  49632.445 359.143   0.021    8.994  -10.000      889.9976    12136.9219
 2  79  13.637  49632.480   0.088   0.067   11.501  -10.000      890.0002    12136.9570
 3  79  13.637  49632.480   0.088   0.036    9.934  -10.000      890.0002    12136.9570
 4  79  13.637  49632.480   0.088   0.045    9.020  -10.000      890.0002    12136.9570
 2  79  13.637  49633.328  22.456   0.047   11.554  -10.000      890.0624    12137.8047
 3  79  13.637  49633.328  22.456   0.041    9.992  -10.000      890.0624    12137.8047
 4  79  13.637  49633.328  22.456   0.059    9.078  -10.000      890.0624    12137.8047
 2  79  13.637  49633.406  24.521   0.053   11.568  -10.000      890.0681    12137.8828
 3  79  13.637  49633.406  24.521   0.029    9.985  -10.000      890.0681    12137.8828
 4  79  13.637  49633.406  24.521   0.029    9.053  -10.000      890.0681    12137.8828
 2  79  13.637  49633.457  25.862   0.034   11.553  -10.000      890.0718    12137.9336
 3  79  13.637  49633.457  25.862   0.017    9.976  -10.000      890.0718    12137.9336
 4  79  13.637  49633.457  25.862   0.007    9.034  -10.000      890.0718    12137.9336
 2  79  13.637  49634.340  49.175   0.036   11.620  -10.000      890.1366    12138.8164
 3  79  13.637  49634.340  49.175   0.020   10.031  -10.000      890.1366    12138.8164
 4  79  13.637  49634.340  49.175   0.025    9.097  -10.000      890.1366    12138.8164
 2  79  13.637  49635.395  77.014   0.020   11.646  -10.000      890.2139    12139.8711
 3  79  13.637  49635.395  77.014   0.017   10.067  -10.000      890.2139    12139.8711
 4  79  13.637  49635.395  77.014   0.021    9.132  -10.000      890.2139    12139.8711
 2  79  13.637  49635.465  78.860  -0.019   11.607  -10.000      890.2191    12139.9414
 3  79  13.637  49635.465  78.860   0.012   10.063  -10.000      890.2191    12139.9414
 4  79  13.637  49635.465  78.860   0.013    9.125  -10.000      890.2191    12139.9414
 3  79  13.637  49943.477 289.973  -0.033    9.721  -10.000      912.8055    12447.9531
 4  79  13.637  49943.477 289.973  -0.048    8.817  -10.000      912.8055    12447.9531
 3  79  13.637  49944.469 316.165   0.017    9.822  -10.000      912.8782    12448.9453
 3  79  13.637  49947.477  35.574   0.015    9.997  -10.000      913.0988    12451.9531
 5  79  13.637  49947.477  35.574  -0.016    8.158  -10.000      913.0988    12451.9531
 3  79  13.637  49948.426  60.623   0.015   10.046  -10.000      913.1684    12452.9023
 5  79  13.637  49948.426  60.623  -0.016    8.199  -10.000      913.1684    12452.9023
 3  79  13.637  49952.484 167.761  -0.005    9.898  -10.000      913.4660    12456.9609
 5  79  13.637  49952.484 167.761  -0.034    8.149  -10.000      913.4660    12456.9609
 3  79  13.637  49954.480 220.474   0.057    9.674  -10.000      913.6124    12458.9570
 5  79  13.637  49954.480 220.474   0.013    8.001  -10.000      913.6124    12458.9570
 3  79  13.637  49955.402 244.797  -0.035    9.635  -10.000      913.6800    12459.8789
 5  79  13.637  49955.402 244.797  -0.039    7.968  -10.000      913.6800    12459.8789
 3  79  13.637  49986.422 343.674   0.022    9.884  -10.000      915.9547    12490.8984
 5  79  13.637  49986.422 343.674   0.041    8.131  -10.000      915.9547    12490.8984
 3  79  13.637  49987.457  11.008   0.025    9.948  -10.000      916.0306    12491.9336
 5  79  13.637  49987.457  11.008   0.011    8.141  -10.000      916.0306    12491.9336
 3  79  13.637  49992.480 143.613   0.014    9.934  -10.000      916.3989    12496.9570
 3  79  13.637  50007.449 178.770  -0.023    9.844  -10.000      917.4966    12511.9258
 5  79  13.637  50007.449 178.770  -0.031    8.129  -10.000      917.4966    12511.9258
 3  79  13.637  50008.480 205.994   0.098    9.719  -10.000      917.5722    12512.9570
 5  79  13.637  50008.480 205.994   0.057    8.052  -10.000      917.5722    12512.9570
 3  79  13.637  50009.402 230.339   0.013    9.652  -10.000      917.6398    12513.8789
 5  79  13.637  50009.402 230.339   0.000    7.997  -10.000      917.6398    12513.8789
 3  79  13.637  50010.398 256.619  -0.066    9.626  -10.000      917.7128    12514.8750
 5  79  13.637  50010.398 256.619  -0.044    7.970  -10.000      917.7128    12514.8750
 3  79  13.637  50011.371 282.305  -0.052    9.688  -10.000      917.7842    12515.8477
 5  79  13.637  50011.371 282.305  -0.053    7.976  -10.000      917.7842    12515.8477
 3  79  13.637  50017.375  80.793   0.040   10.092  -10.000      918.2244    12521.8516
 5  79  13.637  50017.375  80.793   0.003    8.241  -10.000      918.2244    12521.8516
 3  79  13.637  50018.383 107.402   0.000   10.028  -10.000      918.2983    12522.8594
 5  79  13.637  50018.383 107.402  -0.005    8.232  -10.000      918.2983    12522.8594
 3  79  13.637  50019.348 132.869   0.040    9.987  -10.000      918.3691    12523.8242
 5  79  13.637  50019.348 132.869   0.018    8.218  -10.000      918.3691    12523.8242
 3  79  13.637  50020.316 158.445  -0.008    9.899  -10.000      918.4401    12524.7930
 5  79  13.637  50020.316 158.445  -0.029    8.155  -10.000      918.4401    12524.7930
 2  18  13.637  44909.859 248.950  -0.108   10.961  -10.000      543.6915     7414.3359
 3  18  13.637  44909.859 248.950  -0.039    9.639  -10.000      543.6915     7414.3359
 9  18  13.637  44909.859 248.950  -0.015    8.410  -10.000      543.6915     7414.3359
10  18  13.637  44909.859 248.950  -0.003    7.430  -10.000      543.6915     7414.3359
 2  18  13.637  44910.852 275.142  -0.080   11.081  -10.000      543.7643     7415.3281
 3  18  13.637  44910.852 275.142  -0.015    9.712  -10.000      543.7643     7415.3281
 9  18  13.637  44910.852 275.142  -0.006    8.441  -10.000      543.7643     7415.3281
10  18  13.637  44910.852 275.142  -0.018    7.421  -10.000      543.7643     7415.3281
 2  18  13.637  44215.719 284.524  -0.087   11.105  -10.000      492.7903     6720.1953
 3  18  13.637  44215.719 284.524  -0.021    9.723  -10.000      492.7903     6720.1953
 9  18  13.637  44215.719 284.524  -0.002    8.453  -10.000      492.7903     6720.1953
10  18  13.637  44215.719 284.524  -0.018    7.423  -10.000      492.7903     6720.1953
 2  18  13.637  44216.887 315.363  -0.028   11.264  -10.000      492.8760     6721.3633
 3  18  13.637  44216.887 315.363  -0.002    9.801  -10.000      492.8760     6721.3633
 9  18  13.637  44216.887 315.363   0.009    8.497  -10.000      492.8760     6721.3633
10  18  13.637  44216.887 315.363   0.009    7.467  -10.000      492.8760     6721.3633
 2  18  13.637  44912.773 325.876  -0.035   11.291  -10.000      543.9052     7417.2500
 3  18  13.637  44912.773 325.876   0.014    9.838  -10.000      543.9052     7417.2500
 9  18  13.637  44912.773 325.876   0.032    8.533  -10.000      543.9052     7417.2500
10  18  13.637  44912.773 325.876   0.006    7.473  -10.000      543.9052     7417.2500
 2  18  13.637  44913.820 353.518  -0.004   11.408  -10.000      543.9820     7418.2969
 3  18  13.637  44913.820 353.518   0.036    9.918  -10.000      543.9820     7418.2969
 9  18  13.637  44913.820 353.518   0.038    8.579  -10.000      543.9820     7418.2969
10  18  13.637  44913.820 353.518   0.023    7.519  -10.000      543.9820     7418.2969
 2  18  13.637  44886.871   2.087  -0.011   11.430  -10.000      542.0058     7391.3477
 3  18  13.637  44886.871   2.087   0.028    9.930  -10.000      542.0058     7391.3477
 9  18  13.637  44886.871   2.087   0.035    8.591  -10.000      542.0058     7391.3477
10  18  13.637  44886.871   2.087   0.044    7.551  -10.000      542.0058     7391.3477
 2  18  13.637  44614.613  14.832  -0.004   11.478  -10.000      522.0412     7119.0898
 3  18  13.637  44614.613  14.832   0.027    9.959  -10.000      522.0412     7119.0898
 9  18  13.637  44614.613  14.832   0.023    8.601  -10.000      522.0412     7119.0898
10  18  13.637  44614.613  14.832   0.016    7.541  -10.000      522.0412     7119.0898
 2  18  13.637  45038.598  47.483  -0.068   11.512  -10.000      553.1319     7543.0742
 3  18  13.637  45038.598  47.483  -0.012    9.995  -10.000      553.1319     7543.0742
 9  18  13.637  45038.598  47.483   0.009    8.648  -10.000      553.1319     7543.0742
10  18  13.637  45038.598  47.483   0.021    7.598  -10.000      553.1319     7543.0742
 2  18  13.637  44984.668  63.809  -0.031   11.583  -10.000      549.1772     7489.1445
 3  18  13.637  44984.668  63.809   0.004   10.040  -10.000      549.1772     7489.1445
 9  18  13.637  44984.668  63.809   0.019    8.684  -10.000      549.1772     7489.1445
10  18  13.637  44984.668  63.809   0.013    7.614  -10.000      549.1772     7489.1445
 2  18  13.637  45012.617  81.628  -0.050   11.576  -10.000      551.2267     7517.0938
 3  18  13.637  45012.617  81.628  -0.026   10.026  -10.000      551.2267     7517.0938
 9  18  13.637  45012.617  81.628  -0.001    8.683  -10.000      551.2267     7517.0938
10  18  13.637  45012.617  81.628   0.002    7.623  -10.000      551.2267     7517.0938
 2  18  13.637  44985.582  87.935  -0.053   11.570  -10.000      549.2443     7490.0586
 3  18  13.637  44985.582  87.935  -0.019   10.034  -10.000      549.2443     7490.0586
 9  18  13.637  44985.582  87.935   0.019    8.706  -10.000      549.2443     7490.0586
10  18  13.637  44985.582  87.935   0.010    7.636  -10.000      549.2443     7490.0586
 2  18  13.637  44222.719 109.314  -0.048   11.518  -10.000      493.3036     6727.1953
 3  18  13.637  44222.719 109.314   0.008   10.032  -10.000      493.3036     6727.1953
 9  18  13.637  44222.719 109.314   0.014    8.689  -10.000      493.3036     6727.1953
10  18  13.637  44222.719 109.314   0.004    7.629  -10.000      493.3036     6727.1953
 2  18  13.637  44945.594 112.280  -0.025   11.528  -10.000      546.3119     7450.0703
 3  18  13.637  44945.594 112.280   0.010   10.026  -10.000      546.3119     7450.0703
 9  18  13.637  44945.594 112.280   0.035    8.706  -10.000      546.3119     7450.0703
10  18  13.637  44945.594 112.280   0.003    7.626  -10.000      546.3119     7450.0703
 2  18  13.637  44945.652 113.840  -0.023   11.523  -10.000      546.3162     7450.1289
 3  18  13.637  44945.652 113.840   0.027   10.039  -10.000      546.3162     7450.1289
 9  18  13.637  44945.652 113.840   0.035    8.704  -10.000      546.3162     7450.1289
10  18  13.637  44945.652 113.840   0.012    7.634  -10.000      546.3162     7450.1289
 2  18  13.637  44563.816 113.862  -0.021   11.524  -10.000      518.3163     7068.2930
 3  18  13.637  44563.816 113.862   0.019   10.031  -10.000      518.3163     7068.2930
 9  18  13.637  44563.816 113.862   0.023    8.692  -10.000      518.3163     7068.2930
10  18  13.637  44563.816 113.862   0.030    7.652  -10.000      518.3163     7068.2930
 2  18  13.637  44604.723 113.730  -0.048   11.498  -10.000      521.3159     7109.1992
 3  18  13.637  44604.723 113.730   0.008   10.020  -10.000      521.3159     7109.1992
 9  18  13.637  44604.723 113.730   0.032    8.701  -10.000      521.3159     7109.1992
10  18  13.637  44604.723 113.730   0.009    7.631  -10.000      521.3159     7109.1992
 2  18  13.637  44945.699 115.071  -0.017   11.522  -10.000      546.3196     7450.1758
 3  18  13.637  44945.699 115.071   0.017   10.025  -10.000      546.3196     7450.1758
 9  18  13.637  44945.699 115.071   0.032    8.699  -10.000      546.3196     7450.1758
10  18  13.637  44945.699 115.071   0.008    7.629  -10.000      546.3196     7450.1758
 2  18  13.637  44945.750 116.411  -0.003   11.529  -10.000      546.3234     7450.2266
 3  18  13.637  44945.750 116.411   0.032   10.036  -10.000      546.3234     7450.2266
 9  18  13.637  44945.750 116.411   0.038    8.702  -10.000      546.3234     7450.2266
10  18  13.637  44945.750 116.411   0.012    7.632  -10.000      546.3234     7450.2266
 2  18  13.637  44945.785 117.334  -0.004   11.523  -10.000      546.3259     7450.2617
 3  18  13.637  44945.785 117.334   0.023   10.024  -10.000      546.3259     7450.2617
 9  18  13.637  44945.785 117.334   0.045    8.708  -10.000      546.3259     7450.2617
10  18  13.637  44945.785 117.334   0.009    7.628  -10.000      546.3259     7450.2617
 2  18  13.637  44945.844 118.894  -0.012   11.506  -10.000      546.3303     7450.3203
 3  18  13.637  44945.844 118.894   0.022   10.018  -10.000      546.3303     7450.3203
 9  18  13.637  44945.844 118.894   0.027    8.687  -10.000      546.3303     7450.3203
10  18  13.637  44945.844 118.894   0.040    7.657  -10.000      546.3303     7450.3203
 2  18  13.637  44945.883 119.927   0.017   11.530  -10.000      546.3331     7450.3594
 3  18  13.637  44945.883 119.927   0.040   10.032  -10.000      546.3331     7450.3594
 9  18  13.637  44945.883 119.927   0.049    8.707  -10.000      546.3331     7450.3594
10  18  13.637  44945.883 119.927   0.021    7.637  -10.000      546.3331     7450.3594
 2  18  13.637  45014.621 134.517   0.020   11.450  -10.000      551.3737     7519.0977
 3  18  13.637  45014.621 134.517   0.057   10.000  -10.000      551.3737     7519.0977
 9  18  13.637  45014.621 134.517   0.046    8.675  -10.000      551.3737     7519.0977
10  18  13.637  45014.621 134.517   0.025    7.625  -10.000      551.3737     7519.0977
 2  18  13.637  44987.664 142.888   0.031   11.425  -10.000      549.3969     7492.1406
 3  18  13.637  44987.664 142.888   0.043    9.965  -10.000      549.3969     7492.1406
 9  18  13.637  44987.664 142.888   0.046    8.664  -10.000      549.3969     7492.1406
10  18  13.637  44987.664 142.888   0.020    7.614  -10.000      549.3969     7492.1406
 2  18  13.637  44606.629 164.048  -0.116   11.249  -10.000      521.4557     7111.1055
 3  18  13.637  44606.629 164.048  -0.034    9.872  -10.000      521.4557     7111.1055
 9  18  13.637  44606.629 164.048  -0.005    8.606  -10.000      521.4557     7111.1055
10  18  13.637  44606.629 164.048  -0.017    7.576  -10.000      521.4557     7111.1055
 2  18  13.637  44142.988 164.531  -0.070   11.294  -10.000      487.4570     6647.4648
 3  18  13.637  44142.988 164.531  -0.013    9.893  -10.000      487.4570     6647.4648
 9  18  13.637  44142.988 164.531   0.004    8.615  -10.000      487.4570     6647.4648
10  18  13.637  44142.988 164.531  -0.028    7.565  -10.000      487.4570     6647.4648
 2  18  13.637  45261.844 180.879  -0.121   11.167  -10.000      569.5024     7766.3203
 3  18  13.637  45261.844 180.879  -0.033    9.820  -10.000      569.5024     7766.3203
 9  18  13.637  45261.844 180.879   0.000    8.573  -10.000      569.5024     7766.3203
10  18  13.637  45261.844 180.879  -0.031    7.533  -10.000      569.5024     7766.3203
 2  18  13.637  44908.809 221.199  -0.041   10.922  -10.000      543.6144     7413.2852
 3  18  13.637  44908.809 221.199   0.012    9.631  -10.000      543.6144     7413.2852
 9  18  13.637  44908.809 221.199   0.015    8.411  -10.000      543.6144     7413.2852
10  18  13.637  44908.809 221.199  -0.001    7.421  -10.000      543.6144     7413.2852
 2 150  13.637  50305.398 124.255   0.076   11.563  -10.000      939.3452    12809.8750
 3 150  13.637  50305.398 124.255   0.027   10.004  -10.000      939.3452    12809.8750
 4 150  13.637  50305.398 124.255   0.002    9.067  -10.000      939.3452    12809.8750
 2 150  13.637  50306.449 151.985   0.124   11.496  -10.000      939.4222    12810.9258
 3 150  13.637  50306.449 151.985   0.047    9.956  -10.000      939.4222    12810.9258
 4 150  13.637  50306.449 151.985   0.099    9.116  -10.000      939.4222    12810.9258
 2 150  13.637  50307.383 176.638  -0.029   11.295  -10.000      939.4907    12811.8594
 3 150  13.637  50307.383 176.638  -0.047    9.831  -10.000      939.4907    12811.8594
 4 150  13.637  50307.383 176.638  -0.067    8.927  -10.000      939.4907    12811.8594
 2 150  13.637  50314.473   3.801   0.017   11.464  -10.000      940.0106    12818.9492
 3 150  13.637  50314.473   3.801   0.015    9.921  -10.000      940.0106    12818.9492
 4 150  13.637  50314.473   3.801  -0.019    8.963  -10.000      940.0106    12818.9492
 2 150  13.637  50315.426  28.960  -0.006   11.523  -10.000      940.0804    12819.9023
 3 150  13.637  50315.426  28.960  -0.047    9.920  -10.000      940.0804    12819.9023
 4 150  13.637  50315.426  28.960  -0.047    8.987  -10.000      940.0804    12819.9023
 2 150  13.637  50316.422  55.261  -0.011   11.587  -10.000      940.1535    12820.8984
 3 150  13.637  50316.422  55.261  -0.024    9.998  -10.000      940.1535    12820.8984
 4 150  13.637  50316.422  55.261  -0.045    9.038  -10.000      940.1535    12820.8984
 2 150  13.637  50317.469  82.881  -0.034   11.592  -10.000      940.2302    12821.9453
 3 150  13.637  50317.469  82.881  -0.053   10.000  -10.000      940.2302    12821.9453
 4 150  13.637  50317.469  82.881  -0.057    9.058  -10.000      940.2302    12821.9453
 2 150  13.637  50318.453 108.875  -0.018   11.550  -10.000      940.3024    12822.9297
 3 150  13.637  50318.453 108.875  -0.020   10.005  -10.000      940.3024    12822.9297
 4 150  13.637  50318.453 108.875  -0.034    9.066  -10.000      940.3024    12822.9297
 2 150  13.637  50319.457 135.374   0.064   11.489  -10.000      940.3760    12823.9336
 3 150  13.637  50319.457 135.374   0.029    9.969  -10.000      940.3760    12823.9336
 4 150  13.637  50319.457 135.374   0.009    9.048  -10.000      940.3760    12823.9336
 2 150  13.637  50320.453 161.675   0.024   11.390  -10.000      940.4491    12824.9297
 3 150  13.637  50320.453 161.675   0.005    9.912  -10.000      940.4491    12824.9297
 4 150  13.637  50320.453 161.675  -0.009    9.007  -10.000      940.4491    12824.9297
 2 150  13.637  50321.461 188.284   0.033   11.227  -10.000      940.5230    12825.9375
 3 150  13.637  50321.461 188.284  -0.013    9.775  -10.000      940.5230    12825.9375
 4 150  13.637  50321.461 188.284  -0.005    8.914  -10.000      940.5230    12825.9375
 2 150  13.637  50322.418 213.552   0.126   11.069  -10.000      940.5932    12826.8945
 3 150  13.637  50322.418 213.552   0.061    9.668  -10.000      940.5932    12826.8945
 4 150  13.637  50322.418 213.552   0.039    8.807  -10.000      940.5932    12826.8945
 2 150  13.637  50323.418 239.941  -0.006   11.029  -10.000      940.6665    12827.8945
 3 150  13.637  50323.418 239.941  -0.040    9.619  -10.000      940.6665    12827.8945
 4 150  13.637  50323.418 239.941  -0.052    8.752  -10.000      940.6665    12827.8945
 2 150  13.637  50324.391 265.627  -0.063   11.064  -10.000      940.7379    12828.8672
 3 150  13.637  50324.391 265.627  -0.076    9.632  -10.000      940.7379    12828.8672
 4 150  13.637  50324.391 265.627  -0.070    8.765  -10.000      940.7379    12828.8672
 2 150  13.637  50325.371 291.511  -0.052   11.163  -10.000      940.8098    12829.8477
 3 150  13.637  50325.371 291.511  -0.058    9.699  -10.000      940.8098    12829.8477
 4 150  13.637  50325.371 291.511  -0.051    8.816  -10.000      940.8098    12829.8477
 2 150  13.637  50326.320 316.560  -0.003   11.293  -10.000      940.8793    12830.7969
 3 150  13.637  50326.320 316.560  -0.004    9.801  -10.000      940.8793    12830.7969
 4 150  13.637  50326.320 316.560  -0.005    8.897  -10.000      940.8793    12830.7969
 2 150  13.637  50327.379 344.509  -0.002   11.383  -10.000      940.9570    12831.8555
 3 150  13.637  50327.379 344.509  -0.029    9.834  -10.000      940.9570    12831.8555
 4 150  13.637  50327.379 344.509  -0.026    8.921  -10.000      940.9570    12831.8555
 2 150  13.637  50330.336  62.578  -0.103   11.509  -10.000      941.1738    12834.8125
 3 150  13.637  50330.336  62.578  -0.093    9.941  -10.000      941.1738    12834.8125
 4 150  13.637  50330.336  62.578  -0.087    9.008  -10.000      941.1738    12834.8125
 2 150  13.637  50332.316 114.851   0.024   11.564  -10.000      941.3190    12836.7930
 3 150  13.637  50332.316 114.851  -0.021    9.988  -10.000      941.3190    12836.7930
 4 150  13.637  50332.316 114.851  -0.063    9.025  -10.000      941.3190    12836.7930
 2 150  13.637  50333.316 141.240   0.084   11.484  -10.000      941.3923    12837.7930
 3 150  13.637  50333.316 141.240   0.025    9.950  -10.000      941.3923    12837.7930
 4 150  13.637  50333.316 141.240   0.012    9.040  -10.000      941.3923    12837.7930
 2 150  13.637  50334.332 168.069   0.019   11.379  -10.000      941.4669    12838.8086
 3 150  13.637  50334.332 168.069  -0.009    9.894  -10.000      941.4669    12838.8086
 4 150  13.637  50334.332 168.069  -0.052    8.962  -10.000      941.4669    12838.8086
 2 150  13.637  50335.344 194.766   0.115   11.207  -10.000      941.5410    12839.8203
 3 150  13.637  50335.344 194.766   0.052    9.767  -10.000      941.5410    12839.8203
 4 150  13.637  50335.344 194.766  -0.003    8.856  -10.000      941.5410    12839.8203
 2 150  13.637  50336.375 221.990   0.018   10.984  -10.000      941.6166    12840.8516
 3 150  13.637  50336.375 221.990   0.005    9.626  -10.000      941.6166    12840.8516
 4 150  13.637  50336.375 221.990   0.007    8.785  -10.000      941.6166    12840.8516
 2 150  13.637  50337.281 245.918   0.006   11.064  -10.000      941.6831    12841.7578
 3 150  13.637  50337.281 245.918  -0.017    9.655  -10.000      941.6831    12841.7578
 4 150  13.637  50337.281 245.918  -0.002    8.810  -10.000      941.6831    12841.7578
 2 150  13.637  50338.406 275.603  -0.052   11.110  -10.000      941.7656    12842.8828
 3 150  13.637  50338.406 275.603  -0.056    9.672  -10.000      941.7656    12842.8828
 4 150  13.637  50338.406 275.603  -0.038    8.809  -10.000      941.7656    12842.8828
 2 150  13.637  50340.293 325.415  -0.054   11.270  -10.000      941.9039    12844.7695
 3 150  13.637  50340.293 325.415  -0.012    9.811  -10.000      941.9039    12844.7695
 4 150  13.637  50340.293 325.415  -0.019    8.896  -10.000      941.9039    12844.7695
 2 150  13.637  50341.297 351.914   0.046   11.453  -10.000      941.9775    12845.7734
 3 150  13.637  50341.297 351.914   0.002    9.881  -10.000      941.9775    12845.7734
 4 150  13.637  50341.297 351.914  -0.028    8.932  -10.000      941.9775    12845.7734
 2 150  13.637  50342.312  18.743   0.003   11.498  -10.000      942.0521    12846.7891
 3 150  13.637  50342.312  18.743  -0.033    9.908  -10.000      942.0521    12846.7891
 4 150  13.637  50342.312  18.743  -0.042    8.969  -10.000      942.0521    12846.7891
 2 150  13.637  50344.316  71.631  -0.023   11.600  -10.000      942.1990    12848.7930
 3 150  13.637  50344.316  71.631  -0.048    9.997  -10.000      942.1990    12848.7930
 4 150  13.637  50344.316  71.631  -0.094    9.012  -10.000      942.1990    12848.7930
 2 150  13.637  50347.316 150.820   0.082   11.456  -10.000      942.4189    12851.7930
 3 150  13.637  50347.316 150.820   0.037    9.947  -10.000      942.4189    12851.7930
 4 150  13.637  50347.316 150.820   0.009    9.027  -10.000      942.4189    12851.7930
 2 150  13.637  50349.273 202.500   0.134   11.122  -10.000      942.5625    12853.7500
 3 150  13.637  50349.273 202.500   0.056    9.697  -10.000      942.5625    12853.7500
 4 150  13.637  50349.273 202.500   0.043    8.841  -10.000      942.5625    12853.7500
 0 119  13.637  50700.559 115.972  -2.122  -40.160    0.700      968.3221    13205.0352
 0 119  13.637  50730.602 189.075   1.477  -45.640    0.560      970.5252    13235.0781
18 163  13.637  47873.770  12.371   0.040   10.047  -10.000      761.0344    10378.2461
18 163  13.637  47877.949 122.717   0.056   10.120  -10.000      761.3409    10382.4258
18 163  13.637  47878.023 124.673   0.112   10.170  -10.000      761.3463    10382.5000
18 163  13.637  47878.035 124.980   0.047   10.104  -10.000      761.3472    10382.5117
18 163  13.637  47878.469 136.428   0.063   10.083  -10.000      761.3790    10382.9453
18 163  13.637  47878.480 136.736   0.071   10.090  -10.000      761.3798    10382.9570
18 163  13.637  47917.195  78.750   0.046   10.178  -10.000      764.2188    10421.6719
18 163  13.637  47917.211  79.167   0.038   10.170  -10.000      764.2199    10421.6875
18 163  13.637  47917.285  81.123  -0.027   10.106  -10.000      764.2253    10421.7617
18 163  13.637  47939.867 317.263   0.035    9.924  -10.000      765.8813    10444.3438
18 163  13.637  47939.953 319.526   0.022    9.916  -10.000      765.8876    10444.4297
18 163  13.637  47966.152 291.160   0.000    9.840  -10.000      767.8088    10470.6289
18 163  13.637  48076.066 312.737   0.023    9.905  -10.000      775.8687    10580.5430
18 163  13.637  48076.082 313.154   0.068    9.950  -10.000      775.8699    10580.5586
18 163  13.637  48076.156 315.110   0.024    9.909  -10.000      775.8753    10580.6328
18 163  13.637  48076.172 315.527   0.008    9.894  -10.000      775.8765    10580.6484
18 163  13.637  48076.246 317.483  -0.010    9.880  -10.000      775.8819    10580.7227
18 163  13.637  48076.258 317.791   0.008    9.898  -10.000      775.8828    10580.7344
18 163  13.637  48098.375 181.670  -0.008    9.925  -10.000      777.5046    10602.8516
18 163  13.637  48098.465 184.043  -0.023    9.891  -10.000      777.5112    10602.9414
18 163  13.637  48098.477 184.351  -0.040    9.871  -10.000      777.5121    10602.9531
18 163  13.637  48128.246 250.225  -0.010    9.756  -10.000      779.6951    10632.7227
18 163  13.637  48163.594 103.359  -0.025   10.093  -10.000      782.2871    10668.0703
18 163  13.637  48163.605 103.667   0.007   10.124  -10.000      782.2880    10668.0820
18 163  13.637  48163.680 105.623   0.037   10.150  -10.000      782.2934    10668.1562
18 163  13.637  48163.695 106.040  -0.014   10.099  -10.000      782.2946    10668.1719
18 163  13.637  48163.770 107.996   0.019   10.128  -10.000      782.3000    10668.2461
18 163  13.637  48175.945  69.412   0.001   10.124  -10.000      783.1928    10680.4219
18 163  13.637  48176.035  71.785   0.001   10.127  -10.000      783.1994    10680.5117
18 163  13.637  48176.051  72.202   0.033   10.159  -10.000      783.2006    10680.5273
18 163  13.637  48176.125  74.158   0.006   10.134  -10.000      783.2060    10680.6016
18 163  13.637  48176.141  74.575   0.019   10.147  -10.000      783.2072    10680.6172
18 163  13.637  48264.062 235.613  -0.013    9.723  -10.000      789.6545    10768.5391
18 163  13.637  48280.500 309.529   0.010    9.885  -10.000      790.8598    10784.9766
18 163  13.637  48280.516 309.946   0.015    9.891  -10.000      790.8610    10784.9922
18 163  13.637  48280.590 311.902   0.013    9.893  -10.000      790.8664    10785.0664
18 163  13.637  48280.602 312.209   0.013    9.893  -10.000      790.8672    10785.0781
18 163  13.637  48311.340  43.660   0.080   10.160  -10.000      793.1213    10815.8164
18 163  13.637  48311.414  45.615  -0.055   10.029  -10.000      793.1267    10815.8906
18 163  13.637  48311.430  46.033   0.037   10.122  -10.000      793.1279    10815.9062
18 163  13.637  48311.504  47.988  -0.026   10.063  -10.000      793.1333    10815.9805
18 163  13.637  48345.531 226.274  -0.016    9.701  -10.000      795.6285    10850.0078
18 163  13.637  48345.547 226.692   0.086    9.804  -10.000      795.6297    10850.0234
18 163  13.637  48361.176 279.272  -0.061    9.758  -10.000      796.7758    10865.6523
18 163  13.637  48361.188 279.580   0.005    9.825  -10.000      796.7766    10865.6641
18 163  13.637  48361.441 286.282  -0.026    9.805  -10.000      796.7952    10865.9180
18 163  13.637  48361.453 286.589  -0.017    9.814  -10.000      796.7961    10865.9297
18 163  13.637  48361.531 288.655  -0.024    9.812  -10.000      796.8018    10866.0078
18 163  13.637  48361.547 289.072   0.014    9.850  -10.000      796.8030    10866.0234
18 163  13.637  48361.617 290.918  -0.039    9.800  -10.000      796.8081    10866.0938
18 163  13.637  48361.633 291.335   0.010    9.850  -10.000      796.8093    10866.1094
18 163  13.637  48421.426  69.785  -0.059   10.065  -10.000      801.1938    10925.9023
18 163  13.637  48421.441  70.203  -0.026   10.098  -10.000      801.1950    10925.9180
18 163  13.637  48421.516  72.158   0.008   10.134  -10.000      801.2004    10925.9922
18 163  13.637  48421.531  72.576  -0.007   10.120  -10.000      801.2016    10926.0078
18 163  13.637  48421.781  79.167  -0.034   10.098  -10.000      801.2199    10926.2578
18 163  13.637  48421.797  79.585   0.009   10.141  -10.000      801.2211    10926.2734
18 163  13.637  48421.871  81.541  -0.013   10.120  -10.000      801.2265    10926.3477
18 163  13.637  48421.887  81.958  -0.023   10.111  -10.000      801.2277    10926.3633
18 163  13.637  48421.961  83.914  -0.025   10.109  -10.000      801.2331    10926.4375
18 163  13.637  48421.977  84.331  -0.059   10.075  -10.000      801.2343    10926.4531
18 163  13.637  48432.449   0.791   0.008    9.989  -10.000      802.0022    10936.9258
18 163  13.637  48432.461   1.099   0.040   10.022  -10.000      802.0031    10936.9375
18 163  13.637  48432.539   3.164   0.025   10.012  -10.000      802.0088    10937.0156
18 163  13.637  48432.551   3.472   0.024   10.011  -10.000      802.0096    10937.0273
18 163  13.637  48432.625   5.427   0.052   10.044  -10.000      802.0151    10937.1016
18 163  13.637  48432.641   5.845   0.049   10.042  -10.000      802.0162    10937.1172
18 163  13.637  48432.895  12.546   0.049   10.056  -10.000      802.0349    10937.3711
18 163  13.637  48432.906  12.854   0.032   10.040  -10.000      802.0357    10937.3828
18 163  13.637  48432.984  14.919   0.028   10.041  -10.000      802.0414    10937.4609
18 163  13.637  48432.996  15.227   0.061   10.075  -10.000      802.0423    10937.4727
18 163  13.637  48433.070  17.183   0.044   10.062  -10.000      802.0477    10937.5469
18 163  13.637  48433.086  17.600   0.042   10.061  -10.000      802.0489    10937.5625
18 163  13.637  48472.793 345.828   0.038    9.986  -10.000      804.9606    10977.2695
18 163  13.637  48472.805 346.135   0.039    9.988  -10.000      804.9615    10977.2812
18 163  13.637  48472.883 348.201   0.028    9.981  -10.000      804.9672    10977.3594
18 163  13.637  48472.895 348.508   0.035    9.989  -10.000      804.9681    10977.3711
18 163  13.637  48472.969 350.464   0.022    9.980  -10.000      804.9735    10977.4453
18 163  13.637  48472.984 350.881   0.054   10.013  -10.000      804.9747    10977.4609
18 163  13.637  48503.535  77.366  -0.037   10.094  -10.000      807.2149    11008.0117
18 163  13.637  48503.551  77.783  -0.066   10.064  -10.000      807.2161    11008.0273
18 163  13.637  48503.625  79.739  -0.076   10.056  -10.000      807.2215    11008.1016
18 163  13.637  48503.641  80.156  -0.020   10.113  -10.000      807.2227    11008.1172
18 163  13.637  48523.000 231.218  -0.026    9.702  -10.000      808.6423    11027.4766
18 163  13.637  48523.012 231.526   0.023    9.752  -10.000      808.6431    11027.4883
18 163  13.637  48523.086 233.481  -0.013    9.720  -10.000      808.6486    11027.5625
18 163  13.637  48523.102 233.899   0.012    9.745  -10.000      808.6497    11027.5781
18 163  13.637  48523.176 235.854  -0.050    9.687  -10.000      808.6552    11027.6523
18 163  13.637  48612.125  64.006  -0.001   10.116  -10.000      815.1778    11116.6016
18 163  13.637  48612.141  64.424   0.010   10.127  -10.000      815.1790    11116.6172
18 163  13.637  48612.215  66.379   0.037   10.157  -10.000      815.1844    11116.6914
18 163  13.637  48612.227  66.687   0.016   10.136  -10.000      815.1852    11116.7031
18 163  13.637  48612.305  68.752  -0.003   10.120  -10.000      815.1910    11116.7812
18 163  13.637  48612.316  69.060   0.043   10.166  -10.000      815.1918    11116.7930
18 163  13.637  48612.391  71.016   0.001   10.126  -10.000      815.1973    11116.8672
18 163  13.637  48612.406  71.433  -0.041   10.085  -10.000      815.1984    11116.8828
18 163  13.637  48621.457 310.364  -0.026    9.851  -10.000      815.8621    11125.9336
18 163  13.637  48621.469 310.671  -0.006    9.871  -10.000      815.8630    11125.9453
18 163  13.637  48621.547 312.737   0.027    9.908  -10.000      815.8687    11126.0234
18 163  13.637  48621.559 313.044   0.020    9.902  -10.000      815.8696    11126.0352
18 163  13.637  48657.078 170.706  -0.006    9.976  -10.000      818.4742    11161.5547
18 163  13.637  48657.164 172.969  -0.025    9.951  -10.000      818.4805    11161.6406
18 163  13.637  48657.180 173.386  -0.008    9.967  -10.000      818.4816    11161.6562
18 163  13.637  48683.195 140.164   0.073   10.084  -10.000      820.3893    11187.6719
18 163  13.637  48683.211 140.581   0.053   10.063  -10.000      820.3905    11187.6875
18 163  13.637  48706.656  39.507   0.039   10.110  -10.000      822.1097    11211.1328
18 163  13.637  48706.672  39.924  -0.006   10.066  -10.000      822.1109    11211.1484
18 163  13.637  49010.508 140.801   0.031   10.040  -10.000      844.3911    11514.9844
18 163  13.637  49010.582 142.756   0.062   10.068  -10.000      844.3965    11515.0586
18 163  13.637  49010.594 143.064   0.012   10.017  -10.000      844.3974    11515.0703
 0 151  13.637  50700.559 115.972  -2.122  -40.160    0.700      968.3221    13205.0352
 0 151  13.637  50730.602 189.075   1.477  -45.640    0.560      970.5252    13235.0781
 2  14  13.637  43420.559 173.320  -0.093   11.250  -10.000      434.4814     5925.0352
 3  14  13.637  43420.559 173.320  -0.082    9.810  -10.000      434.4814     5925.0352
 2  14  13.637  43423.625 254.268  -0.118   10.970  -10.000      434.7063     5928.1016
 3  14  13.637  43423.625 254.268  -0.078    9.610  -10.000      434.7063     5928.1016
 2  14  13.637  43424.523 277.987  -0.081   11.090  -10.000      434.7722     5929.0000
 3  14  13.637  43424.523 277.987  -0.052    9.680  -10.000      434.7722     5929.0000
 2  14  13.637  43483.395  32.102   0.001   11.540  -10.000      439.0892     5987.8711
 3  14  13.637  43483.395  32.102  -0.004    9.970  -10.000      439.0892     5987.8711
 2  14  13.637  43489.395 190.503  -0.060   11.100  -10.000      439.5292     5993.8711
 3  14  13.637  43489.395 190.503  -0.014    9.750  -10.000      439.5292     5993.8711
 2  14  13.637  43743.574  60.513  -0.028   11.580  -10.000      458.1681     6248.0508
 3  14  13.637  43743.574  60.513  -0.041    9.990  -10.000      458.1681     6248.0508
 2  14  13.637  43777.383 233.020  -0.068   10.940  -10.000      460.6473     6281.8594
 3  14  13.637  43777.383 233.020  -0.035    9.610  -10.000      460.6473     6281.8594
 2  14  13.637  43789.566 194.656  -0.074   11.020  -10.000      461.5407     6294.0430
 3  14  13.637  43789.566 194.656  -0.037    9.680  -10.000      461.5407     6294.0430
 2  14  13.637  43793.566 300.245  -0.034   11.210  -10.000      461.8340     6298.0430
 3  14  13.637  43793.566 300.245  -0.034    9.740  -10.000      461.8340     6298.0430
 2  14  13.637  43849.422 334.764   0.005   11.360  -10.000      465.9299     6353.8984
 3  14  13.637  43849.422 334.764   0.027    9.870  -10.000      465.9299     6353.8984
 3  14  13.637  43935.246  80.409  -0.022   10.030  -10.000      472.2234     6439.7227
 2  14  13.637  44066.527 306.068   0.017   11.280  -10.000      481.8502     6571.0039
 3  14  13.637  44066.527 306.068  -0.005    9.780  -10.000      481.8502     6571.0039
 2  14  13.637  44166.438  63.567  -0.003   11.610  -10.000      489.1766     6670.9141
 3  14  13.637  44166.438  63.567  -0.016   10.020  -10.000      489.1766     6670.9141
 2  14  13.637  44167.508  91.824  -0.068   11.550  -10.000      489.2551     6671.9844
 3  14  13.637  44167.508  91.824  -0.022   10.030  -10.000      489.2551     6671.9844
 3   9  13.637  43463.750 233.514  -0.046    9.600  -10.000      437.6487     5968.2266
14   9  13.637  43463.750 233.514  -0.039   11.460  -10.000      437.6487     5968.2266
15   9  13.637  43463.750 233.514  -0.039   10.010  -10.000      437.6487     5968.2266
16   9  13.637  43463.750 233.514  -0.025    8.830  -10.000      437.6487     5968.2266
17   9  13.637  43463.750 233.514  -0.027    7.940  -10.000      437.6487     5968.2266
 3   9  13.637  43790.859 228.779  -0.026    9.610  -10.000      461.6355     6295.3359
14   9  13.637  43790.859 228.779  -0.007   11.470  -10.000      461.6355     6295.3359
15   9  13.637  43790.859 228.779  -0.007   10.030  -10.000      461.6355     6295.3359
16   9  13.637  43790.859 228.779   0.001    8.850  -10.000      461.6355     6295.3359
17   9  13.637  43790.859 228.779  -0.024    7.940  -10.000      461.6355     6295.3359
 3   9  13.637  43464.789 260.947  -0.069    9.630  -10.000      437.7249     5969.2656
14   9  13.637  43464.789 260.947  -0.090   11.540  -10.000      437.7249     5969.2656
15   9  13.637  43464.789 260.947  -0.073   10.040  -10.000      437.7249     5969.2656
16   9  13.637  43464.789 260.947  -0.048    8.840  -10.000      437.7249     5969.2656
17   9  13.637  43464.789 260.947  -0.052    7.930  -10.000      437.7249     5969.2656
 3   9  13.637  43806.852 290.962  -0.036    9.720  -10.000      462.8082     6311.3281
14   9  13.637  43806.852 290.962  -0.053   11.710  -10.000      462.8082     6311.3281
15   9  13.637  43806.852 290.962  -0.020   10.160  -10.000      462.8082     6311.3281
16   9  13.637  43806.852 290.962  -0.003    8.920  -10.000      462.8082     6311.3281
17   9  13.637  43806.852 290.962  -0.021    7.980  -10.000      462.8082     6311.3281
 3   9  13.637  43358.930 346.399   0.053    9.920  -10.000      429.9622     5863.4062
14   9  13.637  43358.930 346.399   0.087   12.070  -10.000      429.9622     5863.4062
15   9  13.637  43358.930 346.399   0.063   10.370  -10.000      429.9622     5863.4062
16   9  13.637  43358.930 346.399   0.075    9.080  -10.000      429.9622     5863.4062
17   9  13.637  43358.930 346.399   0.041    8.100  -10.000      429.9622     5863.4062
 3   9  13.637  43427.949   8.427  -0.017    9.900  -10.000      435.0234     5932.4258
14   9  13.637  43427.949   8.427   0.022   12.090  -10.000      435.0234     5932.4258
15   9  13.637  43427.949   8.427   0.008   10.370  -10.000      435.0234     5932.4258
16   9  13.637  43427.949   8.427   0.015    9.060  -10.000      435.0234     5932.4258
17   9  13.637  43427.949   8.427  -0.011    8.080  -10.000      435.0234     5932.4258
 3   9  13.637  43428.879  32.970   0.004    9.980  -10.000      435.0916     5933.3555
14   9  13.637  43428.879  32.970   0.019   12.180  -10.000      435.0916     5933.3555
15   9  13.637  43428.879  32.970   0.024   10.450  -10.000      435.0916     5933.3555
16   9  13.637  43428.879  32.970   0.035    9.130  -10.000      435.0916     5933.3555
17   9  13.637  43428.879  32.970   0.016    8.150  -10.000      435.0916     5933.3555
 3   9  13.637  43456.719  47.900  -0.048    9.960  -10.000      437.1331     5961.1953
14   9  13.637  43456.719  47.900  -0.016   12.190  -10.000      437.1331     5961.1953
15   9  13.637  43456.719  47.900  -0.029   10.430  -10.000      437.1331     5961.1953
16   9  13.637  43456.719  47.900  -0.023    9.100  -10.000      437.1331     5961.1953
17   9  13.637  43456.719  47.900  -0.039    8.120  -10.000      437.1331     5961.1953
 3   9  13.637  43457.750  75.125  -0.058    9.990  -10.000      437.2087     5962.2266
14   9  13.637  43457.750  75.125  -0.072   12.180  -10.000      437.2087     5962.2266
15   9  13.637  43457.750  75.125  -0.041   10.460  -10.000      437.2087     5962.2266
16   9  13.637  43457.750  75.125  -0.022    9.140  -10.000      437.2087     5962.2266
17   9  13.637  43457.750  75.125  -0.037    8.160  -10.000      437.2087     5962.2266
 3   9  13.637  43717.941 103.843  -0.015   10.020  -10.000      456.2885     6222.4180
14   9  13.637  43717.941 103.843  -0.017   12.180  -10.000      456.2885     6222.4180
15   9  13.637  43717.941 103.843  -0.002   10.480  -10.000      456.2885     6222.4180
16   9  13.637  43717.941 103.843   0.000    9.160  -10.000      456.2885     6222.4180
17   9  13.637  43717.941 103.843  -0.024    8.180  -10.000      456.2885     6222.4180
 3   9  13.637  43460.691 152.776   0.021    9.930  -10.000      437.4244     5965.1680
14   9  13.637  43460.691 152.776   0.046   11.970  -10.000      437.4244     5965.1680
15   9  13.637  43460.691 152.776   0.035   10.370  -10.000      437.4244     5965.1680
16   9  13.637  43460.691 152.776   0.036    9.110  -10.000      437.4244     5965.1680
17   9  13.637  43460.691 152.776   0.030    8.180  -10.000      437.4244     5965.1680
 3   9  13.637  43787.898 150.623   0.010    9.920  -10.000      461.4184     6292.3750
14   9  13.637  43787.898 150.623   0.031   11.960  -10.000      461.4184     6292.3750
15   9  13.637  43787.898 150.623   0.033   10.370  -10.000      461.4184     6292.3750
16   9  13.637  43787.898 150.623   0.015    9.090  -10.000      461.4184     6292.3750
17   9  13.637  43787.898 150.623   0.000    8.150  -10.000      461.4184     6292.3750
 3   9  13.637  43392.930 163.949  -0.056    9.850  -10.000      432.4554     5897.4062
14   9  13.637  43392.930 163.949  -0.065   11.850  -10.000      432.4554     5897.4062
15   9  13.637  43392.930 163.949  -0.031   10.300  -10.000      432.4554     5897.4062
16   9  13.637  43392.930 163.949  -0.023    9.050  -10.000      432.4554     5897.4062
17   9  13.637  43392.930 163.949  -0.051    8.100  -10.000      432.4554     5897.4062
 3   9  13.637  43788.750 173.101  -0.082    9.810  -10.000      461.4808     6293.2266
14   9  13.637  43788.750 173.101  -0.180   11.710  -10.000      461.4808     6293.2266
15   9  13.637  43788.750 173.101  -0.085   10.230  -10.000      461.4808     6293.2266
16   9  13.637  43788.750 173.101  -0.042    9.020  -10.000      461.4808     6293.2266
17   9  13.637  43788.750 173.101  -0.052    8.090  -10.000      461.4808     6293.2266
 3   9  13.637  43393.969 191.382  -0.054    9.700  -10.000      432.5316     5898.4453
14   9  13.637  43393.969 191.382  -0.074   11.580  -10.000      432.5316     5898.4453
15   9  13.637  43393.969 191.382  -0.043   10.120  -10.000      432.5316     5898.4453
16   9  13.637  43393.969 191.382  -0.040    8.910  -10.000      432.5316     5898.4453
17   9  13.637  43393.969 191.382  -0.062    7.990  -10.000      432.5316     5898.4453
