11  17  10.954  45107.684 189.163  -0.062    5.950  -10.000      544.5255     5964.5117
12  17  10.954  45107.684 189.163  -0.011    5.610  -10.000      544.5255     5964.5117
13  17  10.954  45107.684 189.163  -0.040    5.470  -10.000      544.5255     5964.5117
11  17  10.954  45108.617 219.836  -0.044    5.830  -10.000      544.6107     5965.4453
12  17  10.954  45108.617 219.836   0.016    5.520  -10.000      544.6107     5965.4453
13  17  10.954  45108.617 219.836   0.000    5.400  -10.000      544.6107     5965.4453
11  17  10.954  45110.582 284.414  -0.026    5.810  -10.000      544.7900     5967.4102
12  17  10.954  45110.582 284.414   0.022    5.460  -10.000      544.7900     5967.4102
13  17  10.954  45110.582 284.414   0.046    5.370  -10.000      544.7900     5967.4102
11  17  10.954  45112.672 353.101  -0.019    5.880  -10.000      544.9808     5969.5000
12  17  10.954  45112.672 353.101   0.026    5.480  -10.000      544.9808     5969.5000
13  17  10.954  45112.672 353.101   0.035    5.360  -10.000      544.9808     5969.5000
 0 126  10.954  33825.180 179.297  -2.327  -24.700  -10.000     -485.5020    -5317.9922
 0 126  10.954  33826.211 213.190   0.715  -23.300  -10.000     -485.4078    -5316.9609
 0 126  10.954  33827.180 245.028   3.122  -25.100  -10.000     -485.3194    -5315.9922
 0 126  10.954  33828.191 278.284   3.444  -30.300  -10.000     -485.2270    -5314.9805
 0 126  10.954  33829.180 310.759  10.102  -19.100  -10.000     -485.1368    -5313.9922
 0 126  10.954  33830.180 343.630   4.372  -19.800  -10.000     -485.0455    -5312.9922
 0 126  10.954  33831.180  16.490   5.267  -11.600  -10.000     -484.9542    -5311.9922
 0 126  10.954  33832.180  49.362  11.041    2.500  -10.000     -484.8629    -5310.9922
 0 126  10.954  33833.180  82.222  11.693   11.500  -10.000     -484.7716    -5309.9922
 0 126  10.954  33834.180 115.093  -3.820   -6.800  -10.000     -484.6803    -5308.9922
 0 126  10.954  34122.211 221.506   0.414  -26.100  -10.000     -458.3847    -5020.9609
 0 126  10.954  34130.250 125.717 -14.936  -17.200  -10.000     -457.6508    -5012.9219
 0 126  10.954  34133.281 225.341  -6.269  -33.300  -10.000     -457.3741    -5009.8906
 0 126  10.954  34227.270  74.355   1.954   -2.000  -10.000     -448.7935    -4915.9023
23   1  10.954  37798.363  81.628  -0.009    1.435  -10.000     -122.7733    -1344.8086
24   1  10.954  37798.363  81.628  -0.052    2.693  -10.000     -122.7733    -1344.8086
25   1  10.954  37798.363  81.628  -0.115    4.245  -10.000     -122.7733    -1344.8086
26   1  10.954  37798.363  81.628  -0.306    5.065  -10.000     -122.7733    -1344.8086
27   1  10.954  37798.363  81.628  -0.048    3.908  -10.000     -122.7733    -1344.8086
23   1  10.954  37799.375 114.881  -0.018    1.322  -10.000     -122.6809    -1343.7969
24   1  10.954  37799.375 114.881  -0.024    2.497  -10.000     -122.6809    -1343.7969
25   1  10.954  37799.375 114.881  -0.108    3.970  -10.000     -122.6809    -1343.7969
26   1  10.954  37799.375 114.881  -0.187    4.885  -10.000     -122.6809    -1343.7969
27   1  10.954  37799.375 114.881  -0.077    3.545  -10.000     -122.6809    -1343.7969
23   1  10.954  37801.383 180.868  -0.030    0.918  -10.000     -122.4976    -1341.7891
24   1  10.954  37801.383 180.868  -0.050    1.832  -10.000     -122.4976    -1341.7891
25   1  10.954  37801.383 180.868  -0.063    3.253  -10.000     -122.4976    -1341.7891
26   1  10.954  37801.383 180.868  -0.156    4.117  -10.000     -122.4976    -1341.7891
27   1  10.954  37801.383 180.868  -0.086    2.668  -10.000     -122.4976    -1341.7891
23   1  10.954  37803.344 245.316  -0.057    0.540  -10.000     -122.3186    -1339.8281
24   1  10.954  37803.344 245.316  -0.073    1.335  -10.000     -122.3186    -1339.8281
25   1  10.954  37803.344 245.316  -0.012    2.767  -10.000     -122.3186    -1339.8281
26   1  10.954  37803.344 245.316  -0.112    3.608  -10.000     -122.3186    -1339.8281
27   1  10.954  37803.344 245.316  -0.095    2.070  -10.000     -122.3186    -1339.8281
23   1  10.954  37804.336 277.927   0.089    0.832  -10.000     -122.2280    -1338.8359
24   1  10.954  37804.336 277.927   0.137    1.810  -10.000     -122.2280    -1338.8359
25   1  10.954  37804.336 277.927   0.129    3.233  -10.000     -122.2280    -1338.8359
26   1  10.954  37804.336 277.927   0.109    4.170  -10.000     -122.2280    -1338.8359
27   1  10.954  37804.336 277.927   0.152    2.692  -10.000     -122.2280    -1338.8359
23   1  10.954  37807.344  16.782   0.047    1.273  -10.000     -121.9534    -1335.8281
24   1  10.954  37807.344  16.782   0.049    2.533  -10.000     -121.9534    -1335.8281
25   1  10.954  37807.344  16.782   0.051    4.130  -10.000     -121.9534    -1335.8281
26   1  10.954  37807.344  16.782   0.126    5.210  -10.000     -121.9534    -1335.8281
27   1  10.954  37807.344  16.782   0.119    3.775  -10.000     -121.9534    -1335.8281
23   1  10.954  37812.355 181.497  -0.030    0.915  -10.000     -121.4958    -1330.8164
24   1  10.954  37812.355 181.497  -0.063    1.815  -10.000     -121.4958    -1330.8164
25   1  10.954  37812.355 181.497  -0.080    3.230  -10.000     -121.4958    -1330.8164
26   1  10.954  37812.355 181.497  -0.141    4.128  -10.000     -121.4958    -1330.8164
27   1  10.954  37812.355 181.497  -0.088    2.660  -10.000     -121.4958    -1330.8164
23   1  10.954  37814.336 246.585  -0.029    0.572  -10.000     -121.3150    -1328.8359
24   1  10.954  37814.336 246.585  -0.046    1.370  -10.000     -121.3150    -1328.8359
25   1  10.954  37814.336 246.585   0.024    2.812  -10.000     -121.3150    -1328.8359
26   1  10.954  37814.336 246.585  -0.030    3.700  -10.000     -121.3150    -1328.8359
27   1  10.954  37814.336 246.585  -0.054    2.122  -10.000     -121.3150    -1328.8359
23   1  10.954  37815.363 280.349   0.107    0.860  -10.000     -121.2213    -1327.8086
24   1  10.954  37815.363 280.349   0.141    1.832  -10.000     -121.2213    -1327.8086
25   1  10.954  37815.363 280.349   0.118    3.245  -10.000     -121.2213    -1327.8086
26   1  10.954  37815.363 280.349   0.069    4.155  -10.000     -121.2213    -1327.8086
27   1  10.954  37815.363 280.349   0.179    2.747  -10.000     -121.2213    -1327.8086
23   1  10.954  37817.355 345.825   0.060    1.125  -10.000     -121.0394    -1325.8164
24   1  10.954  37817.355 345.825   0.060    2.298  -10.000     -121.0394    -1325.8164
25   1  10.954  37817.355 345.825   0.033    3.823  -10.000     -121.0394    -1325.8164
26   1  10.954  37817.355 345.825   0.003    4.785  -10.000     -121.0394    -1325.8164
27   1  10.954  37817.355 345.825   0.123    3.452  -10.000     -121.0394    -1325.8164
23   1  10.954  37818.344  18.306   0.069    1.303  -10.000     -120.9492    -1324.8281
24   1  10.954  37818.344  18.306   0.067    2.562  -10.000     -120.9492    -1324.8281
25   1  10.954  37818.344  18.306   0.037    4.130  -10.000     -120.9492    -1324.8281
26   1  10.954  37818.344  18.306  -0.026    5.072  -10.000     -120.9492    -1324.8281
27   1  10.954  37818.344  18.306   0.145    3.817  -10.000     -120.9492    -1324.8281
23   1  10.954  37820.363  84.680   0.012    1.455  -10.000     -120.7648    -1322.8086
24   1  10.954  37820.363  84.680  -0.032    2.705  -10.000     -120.7648    -1322.8086
25   1  10.954  37820.363  84.680  -0.093    4.258  -10.000     -120.7648    -1322.8086
26   1  10.954  37820.363  84.680  -0.153    5.207  -10.000     -120.7648    -1322.8086
27   1  10.954  37820.363  84.680  -0.035    3.908  -10.000     -120.7648    -1322.8086
23   1  10.954  37821.363 117.545   0.009    1.330  -10.000     -120.6735    -1321.8086
24   1  10.954  37821.363 117.545  -0.018    2.470  -10.000     -120.6735    -1321.8086
25   1  10.954  37821.363 117.545  -0.102    3.935  -10.000     -120.6735    -1321.8086
26   1  10.954  37821.363 117.545  -0.174    4.855  -10.000     -120.6735    -1321.8086
27   1  10.954  37821.363 117.545  -0.050    3.525  -10.000     -120.6735    -1321.8086
23   1  10.954  37822.344 149.768  -0.014    1.092  -10.000     -120.5840    -1320.8281
24   1  10.954  37822.344 149.768  -0.022    2.097  -10.000     -120.5840    -1320.8281
25   1  10.954  37822.344 149.768  -0.087    3.505  -10.000     -120.5840    -1320.8281
26   1  10.954  37822.344 149.768  -0.182    4.380  -10.000     -120.5840    -1320.8281
27   1  10.954  37822.344 149.768  -0.062    3.003  -10.000     -120.5840    -1320.8281
23   1  10.954  37825.383 249.651  -0.005    0.608  -10.000     -120.3065    -1317.7891
24   1  10.954  37825.383 249.651   0.006    1.442  -10.000     -120.3065    -1317.7891
25   1  10.954  37825.383 249.651   0.066    2.880  -10.000     -120.3065    -1317.7891
26   1  10.954  37825.383 249.651   0.091    3.847  -10.000     -120.3065    -1317.7891
27   1  10.954  37825.383 249.651   0.011    2.217  -10.000     -120.3065    -1317.7891
23   1  10.954  37826.332 280.849   0.090    0.845  -10.000     -120.2199    -1316.8398
24   1  10.954  37826.332 280.849   0.124    1.820  -10.000     -120.2199    -1316.8398
25   1  10.954  37826.332 280.849   0.128    3.260  -10.000     -120.2199    -1316.8398
26   1  10.954  37826.332 280.849   0.096    4.188  -10.000     -120.2199    -1316.8398
27   1  10.954  37826.332 280.849   0.161    2.735  -10.000     -120.2199    -1316.8398
23   1  10.954  37829.344  19.830   0.059    1.300  -10.000     -119.9449    -1313.8281
24   1  10.954  37829.344  19.830   0.087    2.595  -10.000     -119.9449    -1313.8281
25   1  10.954  37829.344  19.830   0.038    4.145  -10.000     -119.9449    -1313.8281
26   1  10.954  37829.344  19.830   0.007    5.120  -10.000     -119.9449    -1313.8281
27   1  10.954  37829.344  19.830   0.158    3.845  -10.000     -119.9449    -1313.8281
23   1  10.954  37839.332 348.105   0.064    1.140  -10.000     -119.0330    -1303.8398
24   1  10.954  37839.332 348.105   0.060    2.315  -10.000     -119.0330    -1303.8398
25   1  10.954  37839.332 348.105   0.020    3.830  -10.000     -119.0330    -1303.8398
26   1  10.954  37839.332 348.105  -0.009    4.795  -10.000     -119.0330    -1303.8398
27   1  10.954  37839.332 348.105   0.122    3.475  -10.000     -119.0330    -1303.8398
23   1  10.954  37840.305  20.072   0.062    1.305  -10.000     -118.9442    -1302.8672
24   1  10.954  37840.305  20.072   0.063    2.573  -10.000     -118.9442    -1302.8672
25   1  10.954  37840.305  20.072   0.018    4.128  -10.000     -118.9442    -1302.8672
26   1  10.954  37840.305  20.072   0.047    5.162  -10.000     -118.9442    -1302.8672
27   1  10.954  37840.305  20.072   0.133    3.823  -10.000     -118.9442    -1302.8672
23   1  10.954  37841.324  53.580   0.053    1.447  -10.000     -118.8512    -1301.8477
24   1  10.954  37841.324  53.580   0.036    2.747  -10.000     -118.8512    -1301.8477
25   1  10.954  37841.324  53.580   0.017    4.352  -10.000     -118.8512    -1301.8477
26   1  10.954  37841.324  53.580  -0.031    5.318  -10.000     -118.8512    -1301.8477
27   1  10.954  37841.324  53.580   0.078    4.015  -10.000     -118.8512    -1301.8477
23   1  10.954  37842.273  84.776   0.012    1.455  -10.000     -118.7645    -1300.8984
24   1  10.954  37842.273  84.776  -0.032    2.705  -10.000     -118.7645    -1300.8984
25   1  10.954  37842.273  84.776  -0.090    4.260  -10.000     -118.7645    -1300.8984
26   1  10.954  37842.273  84.776  -0.110    5.250  -10.000     -118.7645    -1300.8984
27   1  10.954  37842.273  84.776  -0.034    3.908  -10.000     -118.7645    -1300.8984
23   1  10.954  37844.281 150.765   0.002    1.103  -10.000     -118.5812    -1298.8906
24   1  10.954  37844.281 150.765  -0.001    2.110  -10.000     -118.5812    -1298.8906
25   1  10.954  37844.281 150.765  -0.069    3.512  -10.000     -118.5812    -1298.8906
26   1  10.954  37844.281 150.765  -0.103    4.448  -10.000     -118.5812    -1298.8906
27   1  10.954  37844.281 150.765  -0.040    3.013  -10.000     -118.5812    -1298.8906
23   1  10.954  37845.281 183.631  -0.016    0.918  -10.000     -118.4899    -1297.8906
24   1  10.954  37845.281 183.631  -0.045    1.818  -10.000     -118.4899    -1297.8906
25   1  10.954  37845.281 183.631  -0.037    3.255  -10.000     -118.4899    -1297.8906
26   1  10.954  37845.281 183.631  -0.075    4.175  -10.000     -118.4899    -1297.8906
27   1  10.954  37845.281 183.631  -0.064    2.665  -10.000     -118.4899    -1297.8906
23   1  10.954  37846.301 217.139  -0.054    0.615  -10.000     -118.3968    -1296.8711
24   1  10.954  37846.301 217.139  -0.109    1.380  -10.000     -118.3968    -1296.8711
25   1  10.954  37846.301 217.139  -0.052    2.812  -10.000     -118.3968    -1296.8711
26   1  10.954  37846.301 217.139  -0.137    3.670  -10.000     -118.3968    -1296.8711
27   1  10.954  37846.301 217.139  -0.142    2.112  -10.000     -118.3968    -1296.8711
23   1  10.954  37850.301 348.604   0.064    1.142  -10.000     -118.0317    -1292.8711
24   1  10.954  37850.301 348.604   0.069    2.327  -10.000     -118.0317    -1292.8711
25   1  10.954  37850.301 348.604   0.025    3.840  -10.000     -118.0317    -1292.8711
26   1  10.954  37850.301 348.604   0.009    4.818  -10.000     -118.0317    -1292.8711
27   1  10.954  37850.301 348.604   0.117    3.475  -10.000     -118.0317    -1292.8711
23   1  10.954  37851.273  20.569   0.070    1.315  -10.000     -117.9429    -1291.8984
24   1  10.954  37851.273  20.569   0.067    2.580  -10.000     -117.9429    -1291.8984
25   1  10.954  37851.273  20.569   0.019    4.133  -10.000     -117.9429    -1291.8984
26   1  10.954  37851.273  20.569   0.080    5.200  -10.000     -117.9429    -1291.8984
27   1  10.954  37851.273  20.569   0.143    3.838  -10.000     -117.9429    -1291.8984
23   1  10.954  37852.262  53.050   0.035    1.428  -10.000     -117.8526    -1290.9102
24   1  10.954  37852.262  53.050   0.014    2.723  -10.000     -117.8526    -1290.9102
25   1  10.954  37852.262  53.050  -0.018    4.315  -10.000     -117.8526    -1290.9102
26   1  10.954  37852.262  53.050  -0.056    5.290  -10.000     -117.8526    -1290.9102
27   1  10.954  37852.262  53.050   0.073    4.008  -10.000     -117.8526    -1290.9102
23   1  10.954  37853.254  85.660   0.019    1.462  -10.000     -117.7621    -1289.9180
24   1  10.954  37853.254  85.660  -0.020    2.715  -10.000     -117.7621    -1289.9180
25   1  10.954  37853.254  85.660  -0.072    4.275  -10.000     -117.7621    -1289.9180
26   1  10.954  37853.254  85.660  -0.119    5.238  -10.000     -117.7621    -1289.9180
27   1  10.954  37853.254  85.660   0.000    3.938  -10.000     -117.7621    -1289.9180
23   1  10.954  37854.262 118.784   0.038    1.350  -10.000     -117.6700    -1288.9102
24   1  10.954  37854.262 118.784   0.023    2.495  -10.000     -117.6700    -1288.9102
25   1  10.954  37854.262 118.784  -0.076    3.943  -10.000     -117.6700    -1288.9102
26   1  10.954  37854.262 118.784  -0.151    4.858  -10.000     -117.6700    -1288.9102
27   1  10.954  37854.262 118.784  -0.021    3.533  -10.000     -117.6700    -1288.9102
23   1  10.954  37855.262 151.650  -0.003    1.092  -10.000     -117.5788    -1287.9102
24   1  10.954  37855.262 151.650  -0.018    2.085  -10.000     -117.5788    -1287.9102
25   1  10.954  37855.262 151.650  -0.077    3.495  -10.000     -117.5788    -1287.9102
26   1  10.954  37855.262 151.650  -0.171    4.370  -10.000     -117.5788    -1287.9102
27   1  10.954  37855.262 151.650  -0.065    2.977  -10.000     -117.5788    -1287.9102
23   1  10.954  37871.250 317.118   0.076    1.000  -10.000     -116.1191    -1271.9219
24   1  10.954  37871.250 317.118   0.090    2.090  -10.000     -116.1191    -1271.9219
25   1  10.954  37871.250 317.118   0.056    3.560  -10.000     -116.1191    -1271.9219
26   1  10.954  37871.250 317.118   0.075    4.557  -10.000     -116.1191    -1271.9219
27   1  10.954  37871.250 317.118   0.130    3.132  -10.000     -116.1191    -1271.9219
23   1  10.954  37872.289 351.269   0.064    1.155  -10.000     -116.0243    -1270.8828
24   1  10.954  37872.289 351.269   0.067    2.345  -10.000     -116.0243    -1270.8828
25   1  10.954  37872.289 351.269   0.027    3.865  -10.000     -116.0243    -1270.8828
26   1  10.954  37872.289 351.269  -0.030    4.802  -10.000     -116.0243    -1270.8828
27   1  10.954  37872.289 351.269   0.125    3.510  -10.000     -116.0243    -1270.8828
23   1  10.954  37873.223  21.951   0.065    1.317  -10.000     -115.9390    -1269.9492
24   1  10.954  37873.223  21.951   0.052    2.575  -10.000     -115.9390    -1269.9492
25   1  10.954  37873.223  21.951   0.010    4.135  -10.000     -115.9390    -1269.9492
26   1  10.954  37873.223  21.951  -0.044    5.088  -10.000     -115.9390    -1269.9492
27   1  10.954  37873.223  21.951   0.118    3.825  -10.000     -115.9390    -1269.9492
23   1  10.954  37874.250  55.717   0.037    1.440  -10.000     -115.8452    -1268.9219
24   1  10.954  37874.250  55.717   0.012    2.733  -10.000     -115.8452    -1268.9219
25   1  10.954  37874.250  55.717  -0.026    4.320  -10.000     -115.8452    -1268.9219
26   1  10.954  37874.250  55.717  -0.007    5.352  -10.000     -115.8452    -1268.9219
27   1  10.954  37874.250  55.717   0.070    4.017  -10.000     -115.8452    -1268.9219
23   1  10.954  37875.270  89.225   0.011    1.452  -10.000     -115.7522    -1267.9023
24   1  10.954  37875.270  89.225  -0.034    2.690  -10.000     -115.7522    -1267.9023
25   1  10.954  37875.270  89.225  -0.077    4.255  -10.000     -115.7522    -1267.9023
26   1  10.954  37875.270  89.225  -0.085    5.255  -10.000     -115.7522    -1267.9023
27   1  10.954  37875.270  89.225  -0.026    3.892  -10.000     -115.7522    -1267.9023
23   1  10.954  37876.270 122.091  -0.007    1.280  -10.000     -115.6609    -1266.9023
24   1  10.954  37876.270 122.091  -0.034    2.395  -10.000     -115.6609    -1266.9023
25   1  10.954  37876.270 122.091  -0.129    3.838  -10.000     -115.6609    -1266.9023
26   1  10.954  37876.270 122.091  -0.177    4.778  -10.000     -115.6609    -1266.9023
27   1  10.954  37876.270 122.091  -0.081    3.413  -10.000     -115.6609    -1266.9023
23   1  10.954  37877.242 154.059  -0.016    1.067  -10.000     -115.5721    -1265.9297
24   1  10.954  37877.242 154.059  -0.025    2.057  -10.000     -115.5721    -1265.9297
25   1  10.954  37877.242 154.059  -0.076    3.472  -10.000     -115.5721    -1265.9297
26   1  10.954  37877.242 154.059  -0.148    4.367  -10.000     -115.5721    -1265.9297
27   1  10.954  37877.242 154.059  -0.067    2.947  -10.000     -115.5721    -1265.9297
23   1  10.954  37885.262  57.626   0.038    1.447  -10.000     -114.8399    -1257.9102
24   1  10.954  37885.262  57.626   0.004    2.733  -10.000     -114.8399    -1257.9102
25   1  10.954  37885.262  57.626  -0.024    4.330  -10.000     -114.8399    -1257.9102
26   1  10.954  37885.262  57.626  -0.035    5.332  -10.000     -114.8399    -1257.9102
27   1  10.954  37885.262  57.626   0.076    4.032  -10.000     -114.8399    -1257.9102
23   1  10.954  37886.238  89.723   0.002    1.443  -10.000     -114.7508    -1256.9336
24   1  10.954  37886.238  89.723  -0.052    2.670  -10.000     -114.7508    -1256.9336
25   1  10.954  37886.238  89.723  -0.092    4.238  -10.000     -114.7508    -1256.9336
26   1  10.954  37886.238  89.723  -0.187    5.150  -10.000     -114.7508    -1256.9336
27   1  10.954  37886.238  89.723  -0.036    3.880  -10.000     -114.7508    -1256.9336
 3 150  10.954  50351.496  91.868  -0.007    8.220  -10.000     1023.2552    11208.3242
 5 150  10.954  50351.496  91.868  -0.007    6.991  -10.000     1023.2552    11208.3242
 3 150  10.954  50353.484 157.214  -0.039    7.828  -10.000     1023.4367    11210.3125
 5 150  10.954  50353.484 157.214  -0.049    6.775  -10.000     1023.4367    11210.3125
 3 150  10.954  50354.500 190.613   0.004    7.703  -10.000     1023.5295    11211.3281
 5 150  10.954  50354.500 190.613  -0.009    6.697  -10.000     1023.5295    11211.3281
 3 150  10.954  50355.484 222.957  -0.053    7.378  -10.000     1023.6193    11212.3125
 5 150  10.954  50355.484 222.957  -0.035    6.476  -10.000     1023.6193    11212.3125
 3 150  10.954  50357.484 288.677   0.057    7.645  -10.000     1023.8019    11214.3125
 5 150  10.954  50357.484 288.677   0.024    6.582  -10.000     1023.8019    11214.3125
 3 150  10.954  50358.488 321.680   0.029    7.770  -10.000     1023.8936    11215.3164
 5 150  10.954  50358.488 321.680   0.020    6.652  -10.000     1023.8936    11215.3164
 3 150  10.954  50359.484 354.419   0.015    7.913  -10.000     1023.9845    11216.3125
 5 150  10.954  50359.484 354.419   0.022    6.742  -10.000     1023.9845    11216.3125
 3 150  10.954  50360.488  27.422   0.028    8.094  -10.000     1024.0762    11217.3164
 5 150  10.954  50360.488  27.422   0.019    6.852  -10.000     1024.0762    11217.3164
 3 150  10.954  50361.488  60.293   0.059    8.263  -10.000     1024.1675    11218.3164
 5 150  10.954  50361.488  60.293   0.007    6.953  -10.000     1024.1675    11218.3164
 3 150  10.954  50362.484  93.032  -0.022    8.203  -10.000     1024.2584    11219.3125
 5 150  10.954  50362.484  93.032  -0.027    6.971  -10.000     1024.2584    11219.3125
 3 150  10.954  50363.488 125.991   0.016    8.069  -10.000     1024.3500    11220.3164
 5 150  10.954  50363.488 125.991   0.004    6.929  -10.000     1024.3500    11220.3164
 3 150  10.954  50542.645 254.136   0.005    7.443  -10.000     1040.7059    11399.4727
 5 150  10.954  50542.645 254.136  -0.005    6.488  -10.000     1040.7059    11399.4727
 3 150  10.954  50568.496  23.774   0.036    8.086  -10.000     1043.0660    11425.3242
 5 150  10.954  50568.496  23.774   0.039    6.860  -10.000     1043.0660    11425.3242
 3 150  10.954  50570.418  86.924  -0.020    8.211  -10.000     1043.2415    11427.2461
 5 150  10.954  50570.418  86.924   0.003    6.996  -10.000     1043.2415    11427.2461
 3 150  10.954  50572.379 151.392  -0.010    7.886  -10.000     1043.4205    11429.2070
 5 150  10.954  50572.379 151.392  -0.033    6.808  -10.000     1043.4205    11429.2070
 3 150  10.954  50572.508 155.610  -0.033    7.842  -10.000     1043.4323    11429.3359
 5 150  10.954  50572.508 155.610  -0.045    6.783  -10.000     1043.4323    11429.3359
 3 150  10.954  50573.371 183.999  -0.025    7.709  -10.000     1043.5111    11430.1992
 5 150  10.954  50573.371 183.999  -0.035    6.696  -10.000     1043.5111    11430.1992
 3 150  10.954  50573.457 186.812  -0.030    7.689  -10.000     1043.5189    11430.2852
 5 150  10.954  50573.457 186.812  -0.025    6.695  -10.000     1043.5189    11430.2852
 3 150  10.954  50573.555 190.020  -0.010    7.692  -10.000     1043.5278    11430.3828
 5 150  10.954  50573.555 190.020  -0.028    6.680  -10.000     1043.5278    11430.3828
 3 150  10.954  50574.488 220.737  -0.058    7.389  -10.000     1043.6132    11431.3164
 5 150  10.954  50574.488 220.737  -0.043    6.480  -10.000     1043.6132    11431.3164
 3 150  10.954  50575.348 248.950  -0.016    7.400  -10.000     1043.6915    11432.1758
 5 150  10.954  50575.348 248.950  -0.031    6.452  -10.000     1043.6915    11432.1758
 3 150  10.954  50575.449 252.290   0.005    7.435  -10.000     1043.7008    11432.2773
 5 150  10.954  50575.449 252.290   0.010    6.499  -10.000     1043.7008    11432.2773
 3 150  10.954  50575.539 255.234   0.010    7.453  -10.000     1043.7090    11432.3672
 5 150  10.954  50575.539 255.234   0.005    6.501  -10.000     1043.7090    11432.3672
 3 150  10.954  50576.359 282.217   0.083    7.645  -10.000     1043.7839    11433.1875
 5 150  10.954  50576.359 282.217   0.032    6.580  -10.000     1043.7839    11433.1875
 3 150  10.954  50576.441 284.897   0.082    7.655  -10.000     1043.7914    11433.2695
 5 150  10.954  50576.441 284.897   0.043    6.595  -10.000     1043.7914    11433.2695
 3 150  10.954  50576.500 286.831   0.069    7.649  -10.000     1043.7968    11433.3281
 5 150  10.954  50576.500 286.831   0.034    6.589  -10.000     1043.7968    11433.3281
 3 150  10.954  50577.512 320.098   0.058    7.792  -10.000     1043.8892    11434.3398
 5 150  10.954  50577.512 320.098   0.042    6.671  -10.000     1043.8892    11434.3398
 3 150  10.954  50578.387 348.838   0.043    7.915  -10.000     1043.9690    11435.2148
 5 150  10.954  50578.387 348.838   0.033    6.737  -10.000     1043.9690    11435.2148
 3 150  10.954  50578.461 351.299   0.042    7.925  -10.000     1043.9758    11435.2891
 5 150  10.954  50578.461 351.299   0.031    6.742  -10.000     1043.9758    11435.2891
 3 150  10.954  50578.555 354.375   0.051    7.948  -10.000     1043.9844    11435.3828
 5 150  10.954  50578.555 354.375   0.041    6.761  -10.000     1043.9844    11435.3828
 3 150  10.954  50579.512  25.840   0.029    8.088  -10.000     1044.0718    11436.3398
 5 150  10.954  50579.512  25.840   0.028    6.856  -10.000     1044.0718    11436.3398
 3 150  10.954  50580.426  55.854   0.013    8.203  -10.000     1044.1552    11437.2539
 5 150  10.954  50580.426  55.854   0.022    6.955  -10.000     1044.1552    11437.2539
 3 150  10.954  50580.508  58.579   0.020    8.219  -10.000     1044.1627    11437.3359
 5 150  10.954  50580.508  58.579   0.027    6.968  -10.000     1044.1627    11437.3359
 3 150  10.954  50582.449 122.344  -0.012    8.067  -10.000     1044.3398    11439.2773
 5 150  10.954  50582.449 122.344  -0.024    6.913  -10.000     1044.3398    11439.2773
 3 150  10.954  50582.488 123.662  -0.014    8.056  -10.000     1044.3435    11439.3164
 5 150  10.954  50582.488 123.662  -0.028    6.905  -10.000     1044.3435    11439.3164
 3 150  10.954  50583.453 155.347  -0.019    7.857  -10.000     1044.4315    11440.2812
 5 150  10.954  50583.453 155.347  -0.040    6.789  -10.000     1044.4315    11440.2812
 3 150  10.954  50584.414 186.943  -0.008    7.711  -10.000     1044.5193    11441.2422
 5 150  10.954  50584.414 186.943  -0.014    6.706  -10.000     1044.5193    11441.2422
 3 150  10.954  50584.484 189.272   0.003    7.709  -10.000     1044.5258    11441.3125
 5 150  10.954  50584.484 189.272  -0.023    6.688  -10.000     1044.5258    11441.3125
 3 150  10.954  50891.473 198.721   0.004    7.650  -10.000     1072.5520    11748.3008
 5 150  10.954  50891.473 198.721   0.000    6.667  -10.000     1072.5520    11748.3008
 3 150  10.954  50891.570 201.929   0.004    7.622  -10.000     1072.5609    11748.3984
 5 150  10.954  50891.570 201.929  -0.004    6.642  -10.000     1072.5609    11748.3984
 3 150  10.954  50892.473 231.548  -0.082    7.310  -10.000     1072.6432    11749.3008
 5 150  10.954  50892.473 231.548  -0.048    6.431  -10.000     1072.6432    11749.3008
 3 150  10.954  50892.590 235.415  -0.075    7.313  -10.000     1072.6539    11749.4180
 5 150  10.954  50892.590 235.415  -0.051    6.423  -10.000     1072.6539    11749.4180
 3 150  10.954  50893.383 261.475   0.071    7.544  -10.000     1072.7263    11750.2109
 5 150  10.954  50893.383 261.475   0.045    6.555  -10.000     1072.7263    11750.2109
 3 150  10.954  50893.484 264.814   0.083    7.572  -10.000     1072.7356    11750.3125
 5 150  10.954  50893.484 264.814   0.039    6.557  -10.000     1072.7356    11750.3125
 3 150  10.954  50896.508   4.175   0.045    7.992  -10.000     1073.0116    11753.3359
 5 150  10.954  50896.508   4.175   0.046    6.798  -10.000     1073.0116    11753.3359
 3 150  10.954  50901.543 169.673  -0.060    7.745  -10.000     1073.4713    11758.3711
 5 150  10.954  50901.543 169.673  -0.057    6.725  -10.000     1073.4713    11758.3711
 3 150  10.954  50902.430 198.809  -0.010    7.635  -10.000     1073.5522    11759.2578
 5 150  10.954  50902.430 198.809  -0.021    6.645  -10.000     1073.5522    11759.2578
 3 150  10.954  50902.488 200.742   0.003    7.631  -10.000     1073.5576    11759.3164
 5 150  10.954  50902.488 200.742  -0.012    6.642  -10.000     1073.5576    11759.3164
 3 150  10.954  50903.547 235.547  -0.090    7.298  -10.000     1073.6543    11760.3750
 5 150  10.954  50903.547 235.547  -0.064    6.410  -10.000     1073.6543    11760.3750
 3 150  10.954  50904.402 263.628   0.079    7.562  -10.000     1073.7323    11761.2305
 5 150  10.954  50904.402 263.628   0.041    6.556  -10.000     1073.7323    11761.2305
 3 150  10.954  50904.500 266.880   0.091    7.589  -10.000     1073.7413    11761.3281
 5 150  10.954  50904.500 266.880   0.059    6.581  -10.000     1073.7413    11761.3281
 3 150  10.954  50905.352 294.829   0.077    7.691  -10.000     1073.8190    11762.1797
 5 150  10.954  50905.352 294.829   0.059    6.628  -10.000     1073.8190    11762.1797
 3 150  10.954  50906.531 333.633   0.083    7.879  -10.000     1073.9268    11763.3594
 5 150  10.954  50906.531 333.633   0.065    6.726  -10.000     1073.9268    11763.3594
 3 150  10.954  50907.348   0.439   0.077    8.005  -10.000     1074.0012    11764.1758
 5 150  10.954  50907.348   0.439   0.073    6.813  -10.000     1074.0012    11764.1758
 3 150  10.954  50907.426   3.032   0.051    7.992  -10.000     1074.0084    11764.2539
 5 150  10.954  50907.426   3.032   0.059    6.807  -10.000     1074.0084    11764.2539
 3 150  10.954  50907.602   8.789   0.102    8.073  -10.000     1074.0244    11764.4297
 5 150  10.954  50907.602   8.789   0.121    6.889  -10.000     1074.0244    11764.4297
 3 150  10.954  50908.367  33.970   0.021    8.118  -10.000     1074.0944    11765.1953
 5 150  10.954  50908.367  33.970   0.037    6.894  -10.000     1074.0944    11765.1953
 3 150  10.954  50908.426  35.903   0.052    8.158  -10.000     1074.0997    11765.2539
 5 150  10.954  50908.426  35.903   0.056    6.920  -10.000     1074.0997    11765.2539
 3 150  10.954  50908.512  38.716   0.057    8.176  -10.000     1074.1075    11765.3398
 5 150  10.954  50908.512  38.716   0.054    6.929  -10.000     1074.1075    11765.3398
 3 150  10.954  50909.480  70.532  -0.007    8.221  -10.000     1074.1959    11766.3086
 5 150  10.954  50909.480  70.532   0.028    7.000  -10.000     1074.1959    11766.3086
 3 150  10.954  50909.578  73.740   0.005    8.236  -10.000     1074.2048    11766.4062
 5 150  10.954  50909.578  73.740   0.015    6.993  -10.000     1074.2048    11766.4062
 3 150  10.954  50910.312  97.910  -0.023    8.191  -10.000     1074.2720    11767.1406
 5 150  10.954  50910.312  97.910  -0.005    6.992  -10.000     1074.2720    11767.1406
 3 150  10.954  50910.391 100.459  -0.028    8.177  -10.000     1074.2791    11767.2188
 5 150  10.954  50910.391 100.459  -0.010    6.984  -10.000     1074.2791    11767.2188
 3 150  10.954  50910.461 102.788  -0.026    8.170  -10.000     1074.2855    11767.2891
 5 150  10.954  50910.461 102.788  -0.005    6.986  -10.000     1074.2855    11767.2891
 3 150  10.954  50910.570 106.348  -0.017    8.164  -10.000     1074.2954    11767.3984
 5 150  10.954  50910.570 106.348  -0.008    6.978  -10.000     1074.2954    11767.3984
 3 150  10.954  50912.328 164.136  -0.040    7.793  -10.000     1074.4559    11769.1562
 5 150  10.954  50912.328 164.136  -0.047    6.755  -10.000     1074.4559    11769.1562
 3 150  10.954  50912.406 166.685  -0.041    7.779  -10.000     1074.4630    11769.2344
 5 150  10.954  50912.406 166.685  -0.047    6.746  -10.000     1074.4630    11769.2344
 3 150  10.954  50912.484 169.277  -0.046    7.761  -10.000     1074.4702    11769.3125
 5 150  10.954  50912.484 169.277  -0.045    6.739  -10.000     1074.4702    11769.3125
 3 150  10.954  50912.574 172.222  -0.056    7.736  -10.000     1074.4784    11769.4023
 5 150  10.954  50912.574 172.222  -0.050    6.723  -10.000     1074.4784    11769.4023
 3 150  10.954  50913.328 197.007   0.005    7.664  -10.000     1074.5472    11770.1562
 5 150  10.954  50913.328 197.007  -0.006    6.670  -10.000     1074.5472    11770.1562
 3 150  10.954  50913.398 199.336   0.018    7.659  -10.000     1074.5537    11770.2266
 5 150  10.954  50913.398 199.336   0.006    6.669  -10.000     1074.5537    11770.2266
 3 150  10.954  50913.473 201.753   0.016    7.635  -10.000     1074.5604    11770.3008
 5 150  10.954  50913.473 201.753   0.014    6.661  -10.000     1074.5604    11770.3008
 3 150  10.954  50914.320 229.614  -0.072    7.325  -10.000     1074.6378    11771.1484
 5 150  10.954  50914.320 229.614  -0.045    6.439  -10.000     1074.6378    11771.1484
 3 150  10.954  50914.387 231.812  -0.080    7.311  -10.000     1074.6439    11771.2148
 5 150  10.954  50914.387 231.812  -0.046    6.433  -10.000     1074.6439    11771.2148
 3 150  10.954  50914.473 234.624  -0.077    7.311  -10.000     1074.6517    11771.3008
 5 150  10.954  50914.473 234.624  -0.041    6.434  -10.000     1074.6517    11771.3008
 3 150  10.954  50914.547 237.041  -0.060    7.328  -10.000     1074.6584    11771.3750
 5 150  10.954  50914.547 237.041  -0.037    6.436  -10.000     1074.6584    11771.3750
 3 150  10.954  50915.410 265.430   0.085    7.577  -10.000     1074.7373    11772.2383
 5 150  10.954  50915.410 265.430   0.046    6.565  -10.000     1074.7373    11772.2383
 3 150  10.954  50915.496 268.242   0.094    7.599  -10.000     1074.7451    11772.3242
 5 150  10.954  50915.496 268.242   0.044    6.569  -10.000     1074.7451    11772.3242
 3 150  10.954  50916.316 295.225   0.078    7.694  -10.000     1074.8201    11773.1445
 5 150  10.954  50916.316 295.225   0.066    6.636  -10.000     1074.8201    11773.1445
 3 150  10.954  50916.391 297.642   0.081    7.708  -10.000     1074.8268    11773.2188
 5 150  10.954  50916.391 297.642   0.061    6.636  -10.000     1074.8268    11773.2188
 3 150  10.954  50916.469 300.234   0.077    7.717  -10.000     1074.8340    11773.2969
 5 150  10.954  50916.469 300.234   0.056    6.637  -10.000     1074.8340    11773.2969
 3 150  10.954  50916.543 302.651   0.066    7.718  -10.000     1074.8407    11773.3711
 5 150  10.954  50916.543 302.651   0.043    6.630  -10.000     1074.8407    11773.3711
 3 150  10.954  50917.340 328.843   0.060    7.833  -10.000     1074.9135    11774.1680
 5 150  10.954  50917.340 328.843   0.051    6.700  -10.000     1074.9135    11774.1680
 3 150  10.954  50917.406 331.040   0.055    7.839  -10.000     1074.9196    11774.2344
 5 150  10.954  50917.406 331.040   0.038    6.692  -10.000     1074.9196    11774.2344
 3 150  10.954  50917.477 333.325   0.073    7.868  -10.000     1074.9259    11774.3047
 5 150  10.954  50917.477 333.325   0.058    6.718  -10.000     1074.9259    11774.3047
18 163  10.954  47880.207 230.691  -0.106    7.458  -10.000      797.6408     8737.0352
18 163  10.954  47916.172 332.710   0.031    7.986  -10.000      800.9242     8773.0000
18 163  10.954  47941.156  73.850   0.032    8.422  -10.000      803.2051     8797.9844
18 163  10.954  47941.230  76.289   0.021    8.411  -10.000      803.2119     8798.0586
18 163  10.954  47941.242  76.663   0.012    8.403  -10.000      803.2130     8798.0703
18 163  10.954  47965.492 153.655  -0.002    8.048  -10.000      805.4268     8822.3203
18 163  10.954  47965.504 154.050   0.005    8.054  -10.000      805.4279     8822.3320
18 163  10.954  47965.578 156.489  -0.003    8.034  -10.000      805.4347     8822.4062
18 163  10.954  47965.594 156.995   0.009    8.043  -10.000      805.4361     8822.4219
18 163  10.954  47965.684 159.961   0.014    8.034  -10.000      805.4443     8822.5117
18 163  10.954  48074.695 142.734   0.015    8.127  -10.000      815.3965     8931.5234
18 163  10.954  48074.711 143.240   0.008    8.117  -10.000      815.3979     8931.5391
18 163  10.954  48074.785 145.679   0.003    8.098  -10.000      815.4047     8931.6133
18 163  10.954  48074.801 146.184   0.000    8.091  -10.000      815.4061     8931.6289
18 163  10.954  48074.875 148.623   0.012    8.089  -10.000      815.4128     8931.7031
18 163  10.954  48099.664 243.347  -0.104    7.464  -10.000      817.6760     8956.4922
18 163  10.954  48099.680 243.853  -0.124    7.445  -10.000      817.6774     8956.5078
18 163  10.954  48099.754 246.292  -0.104    7.472  -10.000      817.6841     8956.5820
18 163  10.954  48099.770 246.819  -0.121    7.457  -10.000      817.6856     8956.5977
18 163  10.954  48126.867  57.393   0.018    8.373  -10.000      820.1594     8983.6953
18 163  10.954  48164.074 200.237   0.025    7.826  -10.000      823.5562     9020.9023
18 163  10.954  48164.090 200.764   0.022    7.819  -10.000      823.5577     9020.9180
18 163  10.954  48164.176 203.577   0.023    7.793  -10.000      823.5655     9021.0039
18 163  10.954  48174.117 170.310  -0.039    7.929  -10.000      824.4731     9030.9453
18 163  10.954  48174.133 170.837  -0.060    7.906  -10.000      824.4745     9030.9609
18 163  10.954  48174.297 176.221  -0.042    7.898  -10.000      824.4895     9031.1250
18 163  10.954  48174.309 176.616  -0.045    7.893  -10.000      824.4906     9031.1367
18 163  10.954  48262.590 198.062  -0.013    7.806  -10.000      832.5502     9119.4180
18 163  10.954  48262.605 198.567  -0.013    7.803  -10.000      832.5516     9119.4336
18 163  10.954  48262.680 201.006  -0.013    7.781  -10.000      832.5583     9119.5078
18 163  10.954  48262.695 201.511   0.025    7.815  -10.000      832.5598     9119.5234
18 163  10.954  48281.520 100.195   0.020    8.386  -10.000      834.2783     9138.3477
18 163  10.954  48281.531 100.591   0.014    8.379  -10.000      834.2794     9138.3594
18 163  10.954  48281.609 103.140   0.008    8.363  -10.000      834.2865     9138.4375
18 163  10.954  48281.621 103.535   0.023    8.377  -10.000      834.2876     9138.4492
18 163  10.954  48310.574 335.105   0.042    8.009  -10.000      836.9308     9167.4023
18 163  10.954  48310.590 335.610   0.040    8.009  -10.000      836.9323     9167.4180
18 163  10.954  48348.621 145.547   0.006    8.101  -10.000      840.4043     9205.4492
18 163  10.954  48348.695 147.986  -0.007    8.073  -10.000      840.4111     9205.5234
18 163  10.954  48348.781 150.820  -0.003    8.062  -10.000      840.4189     9205.6094
18 163  10.954  48348.797 151.326   0.009    8.072  -10.000      840.4203     9205.6250
18 163  10.954  48349.051 159.675  -0.010    8.012  -10.000      840.4435     9205.8789
18 163  10.954  48349.062 160.049  -0.015    8.004  -10.000      840.4446     9205.8906
18 163  10.954  48349.141 162.620  -0.020    7.987  -10.000      840.4517     9205.9688
18 163  10.954  48349.152 163.015  -0.023    7.982  -10.000      840.4528     9205.9805
18 163  10.954  48349.227 165.454  -0.028    7.965  -10.000      840.4596     9206.0547
18 163  10.954  48349.242 165.959  -0.012    7.979  -10.000      840.4610     9206.0703
18 163  10.954  48360.160 164.795  -0.052    7.944  -10.000      841.4578     9216.9883
18 163  10.954  48360.176 165.300  -0.003    7.991  -10.000      841.4592     9217.0039
18 163  10.954  48360.250 167.739  -0.032    7.950  -10.000      841.4659     9217.0781
18 163  10.954  48360.266 168.267  -0.035    7.944  -10.000      841.4674     9217.0938
18 163  10.954  48360.340 170.706  -0.034    7.933  -10.000      841.4742     9217.1680
18 163  10.954  48360.352 171.079  -0.036    7.929  -10.000      841.4752     9217.1797
18 163  10.954  48360.605 179.429  -0.039    7.886  -10.000      841.4984     9217.4336
18 163  10.954  48360.621 179.934  -0.042    7.880  -10.000      841.4998     9217.4492
18 163  10.954  48360.695 182.373  -0.028    7.882  -10.000      841.5066     9217.5234
18 163  10.954  48360.781 185.208  -0.020    7.875  -10.000      841.5145     9217.6094
18 163  10.954  48360.797 185.713  -0.014    7.879  -10.000      841.5159     9217.6250
18 163  10.954  48436.500 153.765   0.001    8.050  -10.000      848.4271     9293.3281
18 163  10.954  48436.516 154.292   0.013    8.060  -10.000      848.4286     9293.3438
18 163  10.954  48436.590 156.731  -0.010    8.025  -10.000      848.4354     9293.4180
18 163  10.954  48436.602 157.104  -0.011    8.023  -10.000      848.4364     9293.4297
18 163  10.954  48471.594 227.153  -0.093    7.484  -10.000      851.6310     9328.4219
18 163  10.954  48471.609 227.681  -0.096    7.479  -10.000      851.6324     9328.4375
18 163  10.954  48471.684 230.120  -0.095    7.471  -10.000      851.6392     9328.5117
18 163  10.954  48471.695 230.493  -0.107    7.458  -10.000      851.6403     9328.5234
18 163  10.954  48521.348  62.358   0.018    8.387  -10.000      856.1732     9378.1758
18 163  10.954  48521.363  62.886   0.023    8.394  -10.000      856.1747     9378.1914
18 163  10.954  48521.438  65.325   0.043    8.420  -10.000      856.1815     9378.2656
18 163  10.954  48521.453  65.830   0.005    8.384  -10.000      856.1829     9378.2812
18 163  10.954  48610.043  97.427   0.030    8.405  -10.000      864.2706     9466.8711
18 163  10.954  48610.117  99.866  -0.022    8.345  -10.000      864.2774     9466.9453
18 163  10.954  48610.133 100.371   0.025    8.391  -10.000      864.2788     9466.9609
18 163  10.954  48610.207 102.810  -0.040    8.317  -10.000      864.2856     9467.0352
18 163  10.954  48622.562 148.887  -0.002    8.074  -10.000      865.4136     9479.3906
18 163  10.954  48622.574 149.260  -0.024    8.050  -10.000      865.4146     9479.4023
18 163  10.954  48622.738 154.666  -0.037    8.009  -10.000      865.4296     9479.5664
18 163  10.954  48622.754 155.171  -0.011    8.031  -10.000      865.4310     9479.5820
18 163  10.954  48656.145 172.595  -0.056    7.902  -10.000      868.4794     9512.9727
18 163  10.954  48656.156 172.969  -0.064    7.891  -10.000      868.4805     9512.9844
18 163  10.954  48656.234 175.540  -0.061    7.883  -10.000      868.4876     9513.0625
18 163  10.954  48656.246 175.935  -0.058    7.884  -10.000      868.4887     9513.0742
18 163  10.954  48656.320 178.374  -0.039    7.891  -10.000      868.4955     9513.1484
18 163  10.954  48684.668  30.037   0.008    8.246  -10.000      871.0834     9541.4961
18 163  10.954  48684.680  30.432   0.028    8.267  -10.000      871.0845     9541.5078
18 163  10.954  48684.844  35.815   0.007    8.271  -10.000      871.0995     9541.6719
18 163  10.954  48684.859  36.321   0.012    8.279  -10.000      871.1009     9541.6875
18 163  10.954  48706.012  11.514   0.024    8.170  -10.000      873.0320     9562.8398
18 163  10.954  48706.176  16.919   0.008    8.183  -10.000      873.0470     9563.0039
18 163  10.954  48706.188  17.292   0.035    8.212  -10.000      873.0480     9563.0156
18 163  10.954  48706.266  19.863   0.032    8.222  -10.000      873.0552     9563.0938
18 163  10.954  48706.277  20.259   0.029    8.221  -10.000      873.0563     9563.1055
18 163  10.954  48959.156  51.350   0.017    8.349  -10.000      896.1426     9815.9844
18 163  10.954  48959.672  68.291   0.005    8.388  -10.000      896.1897     9816.5000
18 163  10.954  48959.688  68.818  -0.017    8.367  -10.000      896.1912     9816.5156
18 163  10.954  48963.496 193.975  -0.007    7.840  -10.000      896.5388     9820.3242
18 163  10.954  48963.570 196.414   0.001    7.833  -10.000      896.5456     9820.3984
18 163  10.954  48963.586 196.941  -0.006    7.822  -10.000      896.5471     9820.4141
18 163  10.954  48963.660 199.380   0.000    7.808  -10.000      896.5538     9820.4883
18 163  10.954  48963.672 199.753   0.004    7.810  -10.000      896.5549     9820.5000
18 163  10.954  48963.836 205.159   0.044    7.799  -10.000      896.5699     9820.6641
18 163  10.954  48963.852 205.664   0.009    7.759  -10.000      896.5713     9820.6797
18 163  10.954  48963.926 208.103   0.025    7.752  -10.000      896.5781     9820.7539
18 163  10.954  48963.938 208.499   0.054    7.777  -10.000      896.5792     9820.7656
18 163  10.954  48964.016 211.047   0.016    7.715  -10.000      896.5862     9820.8438
18 163  10.954  48964.027 211.443  -0.002    7.693  -10.000      896.5873     9820.8555
18 163  10.954  49041.051 222.891  -0.053    7.549  -10.000      903.6191     9897.8789
18 163  10.954  49041.066 223.396  -0.085    7.513  -10.000      903.6205     9897.8945
18 163  10.954  49041.141 225.835  -0.068    7.516  -10.000      903.6273     9897.9688
 1   2  10.954  41765.816 155.621   0.023    9.550  -10.000      239.4323     2622.6445
 2   2  10.954  41765.816 155.621   0.039    8.890  -10.000      239.4323     2622.6445
 3   2  10.954  41765.816 155.621   0.065    7.940  -10.000      239.4323     2622.6445
 1   2  10.954  41766.809 188.234   0.019    9.240  -10.000      239.5229     2623.6367
 2   2  10.954  41766.809 188.234  -0.017    8.610  -10.000      239.5229     2623.6367
 3   2  10.954  41766.809 188.234   0.028    7.740  -10.000      239.5229     2623.6367
 1   2  10.954  41767.848 222.380   0.065    8.790  -10.000      239.6177     2624.6758
 2   2  10.954  41767.848 222.380  -0.004    8.250  -10.000      239.6177     2624.6758
 3   2  10.954  41767.848 222.380   0.055    7.490  -10.000      239.6177     2624.6758
 1   2  10.954  41768.840 254.993  -0.016    8.790  -10.000      239.7083     2625.6680
 2   2  10.954  41768.840 254.993  -0.073    8.220  -10.000      239.7083     2625.6680
 3   2  10.954  41768.840 254.993  -0.012    7.430  -10.000      239.7083     2625.6680
 1   2  10.954  41769.824 287.342   0.172    9.350  -10.000      239.7982     2626.6523
 2   2  10.954  41769.824 287.342   0.125    8.660  -10.000      239.7982     2626.6523
 3   2  10.954  41769.824 287.342   0.127    7.710  -10.000      239.7982     2626.6523
 1   2  10.954  41770.855 321.235   0.070    9.640  -10.000      239.8923     2627.6836
 2   2  10.954  41770.855 321.235   0.067    8.860  -10.000      239.8923     2627.6836
 3   2  10.954  41770.855 321.235   0.081    7.820  -10.000      239.8923     2627.6836
 1   2  10.954  41771.820 352.947   0.085   10.000  -10.000      239.9804     2628.6484
 2   2  10.954  41771.820 352.947   0.082    9.110  -10.000      239.9804     2628.6484
 3   2  10.954  41771.820 352.947   0.089    7.980  -10.000      239.9804     2628.6484
 1   2  10.954  41772.883  27.867  -0.002   10.260  -10.000      240.0774     2629.7109
 2   2  10.954  41772.883  27.867   0.021    9.300  -10.000      240.0774     2629.7109
 3   2  10.954  41772.883  27.867   0.042    8.110  -10.000      240.0774     2629.7109
 1   2  10.954  41773.824  58.810  -0.024   10.440  -10.000      240.1634     2630.6523
 2   2  10.954  41773.824  58.810   0.008    9.450  -10.000      240.1634     2630.6523
 3   2  10.954  41773.824  58.810   0.020    8.220  -10.000      240.1634     2630.6523
 2  19  10.954  43907.598 347.234   0.001    8.990  -10.000      434.9645     4764.4258
 3  19  10.954  43907.598 347.234   0.030    7.894  -10.000      434.9645     4764.4258
 4  19  10.954  43907.598 347.234   0.031    7.294  -10.000      434.9645     4764.4258
 5  19  10.954  43907.598 347.234   0.009    6.709  -10.000      434.9645     4764.4258
 2  19  10.954  43969.562 223.759  -0.054    8.188  -10.000      440.6216     4826.3906
 3  19  10.954  43969.562 223.759  -0.006    7.419  -10.000      440.6216     4826.3906
 4  19  10.954  43969.562 223.759   0.003    6.955  -10.000      440.6216     4826.3906
 5  19  10.954  43969.562 223.759   0.000    6.506  -10.000      440.6216     4826.3906
 2  19  10.954  43979.535 191.525   0.032    8.635  -10.000      441.5320     4836.3633
 3  19  10.954  43979.535 191.525   0.064    7.758  -10.000      441.5320     4836.3633
 4  19  10.954  43979.535 191.525   0.060    7.242  -10.000      441.5320     4836.3633
 5  19  10.954  43979.535 191.525   0.039    6.741  -10.000      441.5320     4836.3633
 2  19  10.954  43980.555 225.033  -0.056    8.176  -10.000      441.6251     4837.3828
 3  19  10.954  43980.555 225.033   0.002    7.420  -10.000      441.6251     4837.3828
 4  19  10.954  43980.555 225.033   0.010    6.955  -10.000      441.6251     4837.3828
 5  19  10.954  43980.555 225.033   0.010    6.510  -10.000      441.6251     4837.3828
 2  19  10.954  44032.379 128.287   0.066    9.173  -10.000      446.3564     4889.2070
 3  19  10.954  44032.379 128.287   0.049    8.087  -10.000      446.3564     4889.2070
 4  19  10.954  44032.379 128.287   0.023    7.482  -10.000      446.3564     4889.2070
 5  19  10.954  44032.379 128.287   0.013    6.930  -10.000      446.3564     4889.2070
 2  19  10.954  44039.367 357.957   0.000    9.064  -10.000      446.9943     4896.1953
 3  19  10.954  44039.367 357.957   0.019    7.934  -10.000      446.9943     4896.1953
 4  19  10.954  44039.367 357.957   0.026    7.330  -10.000      446.9943     4896.1953
 5  19  10.954  44039.367 357.957   0.021    6.752  -10.000      446.9943     4896.1953
 2  19  10.954  44046.375 228.274  -0.082    8.130  -10.000      447.6341     4903.2031
 3  19  10.954  44046.375 228.274  -0.023    7.378  -10.000      447.6341     4903.2031
 4  19  10.954  44046.375 228.274  -0.007    6.924  -10.000      447.6341     4903.2031
 5  19  10.954  44046.375 228.274   0.000    6.488  -10.000      447.6341     4903.2031
 2  19  10.954  44047.359 260.629  -0.033    8.304  -10.000      447.7240     4904.1875
 3  19  10.954  44047.359 260.629  -0.011    7.458  -10.000      447.7240     4904.1875
 4  19  10.954  44047.359 260.629  -0.002    6.972  -10.000      447.7240     4904.1875
 5  19  10.954  44047.359 260.629  -0.009    6.499  -10.000      447.7240     4904.1875
 2  19  10.954  44048.371 293.884   0.048    8.630  -10.000      447.8163     4905.1992
 3  19  10.954  44048.371 293.884   0.058    7.668  -10.000      447.8163     4905.1992
 4  19  10.954  44048.371 293.884   0.042    7.114  -10.000      447.8163     4905.1992
 5  19  10.954  44048.371 293.884   0.045    6.612  -10.000      447.8163     4905.1992
 2  19  10.954  44049.359 326.360   0.003    8.833  -10.000      447.9066     4906.1875
 3  19  10.954  44049.359 326.360   0.016    7.778  -10.000      447.9066     4906.1875
 4  19  10.954  44049.359 326.360   0.015    7.199  -10.000      447.9066     4906.1875
 5  19  10.954  44049.359 326.360   0.023    6.666  -10.000      447.9066     4906.1875
 2  19  10.954  44082.285 328.502   0.000    8.846  -10.000      450.9125     4939.1133
 3  19  10.954  44082.285 328.502   0.012    7.784  -10.000      450.9125     4939.1133
 4  19  10.954  44082.285 328.502  -0.002    7.189  -10.000      450.9125     4939.1133
 5  19  10.954  44082.285 328.502   0.002    6.650  -10.000      450.9125     4939.1133
 2  19  10.954  44083.273   0.978   0.030    9.117  -10.000      451.0027     4940.1016
 3  19  10.954  44083.273   0.978   0.003    7.934  -10.000      451.0027     4940.1016
 4  19  10.954  44083.273   0.978  -0.035    7.281  -10.000      451.0027     4940.1016
 5  19  10.954  44083.273   0.978  -0.020    6.722  -10.000      451.0027     4940.1016
 2  19  10.954  44084.289  34.354  -0.067    9.250  -10.000      451.0954     4941.1172
 3  19  10.954  44084.289  34.354  -0.058    8.040  -10.000      451.0954     4941.1172
 4  19  10.954  44084.289  34.354  -0.057    7.400  -10.000      451.0954     4941.1172
 5  19  10.954  44084.289  34.354  -0.028    6.830  -10.000      451.0954     4941.1172
 2  19  10.954  44387.387 275.944   0.065    8.520  -10.000      478.7665     5244.2148
 3  19  10.954  44387.387 275.944   0.056    7.593  -10.000      478.7665     5244.2148
 4  19  10.954  44387.387 275.944   0.049    7.071  -10.000      478.7665     5244.2148
 5  19  10.954  44387.387 275.944   0.048    6.586  -10.000      478.7665     5244.2148
 2  19  10.954  44391.441  49.197  -0.003    9.397  -10.000      479.1367     5248.2695
 3  19  10.954  44391.441  49.197  -0.003    8.162  -10.000      479.1367     5248.2695
 4  19  10.954  44391.441  49.197  -0.012    7.505  -10.000      479.1367     5248.2695
 5  19  10.954  44391.441  49.197   0.013    6.925  -10.000      479.1367     5248.2695
 2  19  10.954  44455.242 346.069   0.018    8.999  -10.000      484.9613     5312.0703
 3  19  10.954  44455.242 346.069   0.027    7.886  -10.000      484.9613     5312.0703
 4  19  10.954  44455.242 346.069   0.025    7.284  -10.000      484.9613     5312.0703
 5  19  10.954  44455.242 346.069   0.031    6.728  -10.000      484.9613     5312.0703
 2  19  10.954  44646.613 155.665   0.028    8.879  -10.000      502.4324     5503.4414
 3  19  10.954  44646.613 155.665   0.020    7.894  -10.000      502.4324     5503.4414
 4  19  10.954  44646.613 155.665   0.005    7.340  -10.000      502.4324     5503.4414
 5  19  10.954  44646.613 155.665  -0.008    6.820  -10.000      502.4324     5503.4414
 1  19  10.954  44647.598 188.009  -0.011    9.212  -10.000      502.5222     5504.4258
 2  19  10.954  44647.598 188.009  -0.016    8.612  -10.000      502.5222     5504.4258
 3  19  10.954  44647.598 188.009  -0.006    7.707  -10.000      502.5222     5504.4258
 4  19  10.954  44647.598 188.009  -0.004    7.195  -10.000      502.5222     5504.4258
 5  19  10.954  44647.598 188.009  -0.010    6.706  -10.000      502.5222     5504.4258
 3  19  10.954  44653.605  25.466  -0.006    8.051  -10.000      503.0707     5510.4336
 4  19  10.954  44653.605  25.466  -0.003    7.418  -10.000      503.0707     5510.4336
 5  19  10.954  44653.605  25.466   0.019    6.846  -10.000      503.0707     5510.4336
 2  19  10.954  44655.609  91.329   0.007    9.442  -10.000      503.2537     5512.4375
 3  19  10.954  44655.609  91.329   0.003    8.231  -10.000      503.2537     5512.4375
 4  19  10.954  44655.609  91.329  -0.015    7.577  -10.000      503.2537     5512.4375
 5  19  10.954  44655.609  91.329   0.003    7.000  -10.000      503.2537     5512.4375
 2  19  10.954  44676.551  59.579  -0.003    9.441  -10.000      505.1655     5533.3789
 3  19  10.954  44676.551  59.579   0.008    8.210  -10.000      505.1655     5533.3789
 4  19  10.954  44676.551  59.579   0.010    7.562  -10.000      505.1655     5533.3789
 5  19  10.954  44676.551  59.579   0.027    6.971  -10.000      505.1655     5533.3789
 2  19  10.954  44677.539  92.065  -0.011    9.421  -10.000      505.2557     5534.3672
 3  19  10.954  44677.539  92.065   0.006    8.233  -10.000      505.2557     5534.3672
 4  19  10.954  44677.539  92.065   0.000    7.591  -10.000      505.2557     5534.3672
 5  19  10.954  44677.539  92.065   0.006    7.004  -10.000      505.2557     5534.3672
 2  19  10.954  44679.574 158.950   0.007    8.834  -10.000      505.4415     5536.4023
 3  19  10.954  44679.574 158.950   0.008    7.867  -10.000      505.4415     5536.4023
 4  19  10.954  44679.574 158.950  -0.008    7.314  -10.000      505.4415     5536.4023
 5  19  10.954  44679.574 158.950  -0.011    6.807  -10.000      505.4415     5536.4023
 2  19  10.954  44680.582 192.074   0.002    8.601  -10.000      505.5335     5537.4102
 3  19  10.954  44680.582 192.074   0.024    7.715  -10.000      505.5335     5537.4102
 4  19  10.954  44680.582 192.074   0.005    7.185  -10.000      505.5335     5537.4102
 5  19  10.954  44680.582 192.074  -0.001    6.699  -10.000      505.5335     5537.4102
 2  19  10.954  44703.426 222.858  -0.035    8.215  -10.000      507.6190     5560.2539
 3  19  10.954  44703.426 222.858   0.011    7.442  -10.000      507.6190     5560.2539
 4  19  10.954  44703.426 222.858   0.011    6.968  -10.000      507.6190     5560.2539
 5  19  10.954  44703.426 222.858   0.012    6.523  -10.000      507.6190     5560.2539
 2  19  10.954  44704.551 259.827  -0.056    8.275  -10.000      507.7217     5561.3789
 3  19  10.954  44704.551 259.827  -0.014    7.451  -10.000      507.7217     5561.3789
 4  19  10.954  44704.551 259.827  -0.010    6.961  -10.000      507.7217     5561.3789
 5  19  10.954  44704.551 259.827  -0.010    6.497  -10.000      507.7217     5561.3789
 2  19  10.954  44712.496 160.961  -0.001    8.812  -10.000      508.4471     5569.3242
 3  19  10.954  44712.496 160.961   0.012    7.861  -10.000      508.4471     5569.3242
 4  19  10.954  44712.496 160.961  -0.005    7.309  -10.000      508.4471     5569.3242
 5  19  10.954  44712.496 160.961  -0.009    6.803  -10.000      508.4471     5569.3242
 2  19  10.954  44713.512 194.337   0.031    8.612  -10.000      508.5398     5570.3398
 3  19  10.954  44713.512 194.337   0.038    7.716  -10.000      508.5398     5570.3398
 4  19  10.954  44713.512 194.337   0.021    7.189  -10.000      508.5398     5570.3398
 5  19  10.954  44713.512 194.337   0.019    6.709  -10.000      508.5398     5570.3398
 2  19  10.954  44794.348 331.084   0.008    8.873  -10.000      515.9197     5651.1758
 3  19  10.954  44794.348 331.084   0.019    7.803  -10.000      515.9197     5651.1758
 4  19  10.954  44794.348 331.084   0.020    7.220  -10.000      515.9197     5651.1758
 5  19  10.954  44794.348 331.084   0.021    6.675  -10.000      515.9197     5651.1758
 2  19  10.954  44795.344   3.823  -0.003    9.105  -10.000      516.0106     5652.1719
 3  19  10.954  44795.344   3.823   0.004    7.950  -10.000      516.0106     5652.1719
 4  19  10.954  44795.344   3.823   0.009    7.337  -10.000      516.0106     5652.1719
 5  19  10.954  44795.344   3.823   0.018    6.769  -10.000      516.0106     5652.1719
 2  19  10.954  44799.316 134.385   0.056    9.098  -10.000      516.3733     5656.1445
 3  19  10.954  44799.316 134.385   0.038    8.037  -10.000      516.3733     5656.1445
 4  19  10.954  44799.316 134.385   0.017    7.448  -10.000      516.3733     5656.1445
 5  19  10.954  44799.316 134.385  -0.006    6.893  -10.000      516.3733     5656.1445
 2  19  10.954  44800.352 168.420  -0.013    8.748  -10.000      516.4678     5657.1797
 3  19  10.954  44800.352 168.420  -0.012    7.800  -10.000      516.4678     5657.1797
 4  19  10.954  44800.352 168.420  -0.011    7.272  -10.000      516.4678     5657.1797
 5  19  10.954  44800.352 168.420  -0.019    6.768  -10.000      516.4678     5657.1797
 2  19  10.954  44802.262 231.196  -0.102    8.099  -10.000      516.6422     5659.0898
 3  19  10.954  44802.262 231.196  -0.047    7.345  -10.000      516.6422     5659.0898
 4  19  10.954  44802.262 231.196  -0.026    6.896  -10.000      516.6422     5659.0898
 5  19  10.954  44802.262 231.196  -0.026    6.454  -10.000      516.6422     5659.0898
 2  19  10.954  44803.293 265.078   0.008    8.381  -10.000      516.7363     5660.1211
 3  19  10.954  44803.293 265.078   0.018    7.508  -10.000      516.7363     5660.1211
 4  19  10.954  44803.293 265.078   0.024    7.013  -10.000      516.7363     5660.1211
 5  19  10.954  44803.293 265.078   0.013    6.532  -10.000      516.7363     5660.1211
 2  19  10.954  44806.281   3.296   0.010    9.114  -10.000      517.0092     5663.1094
 3  19  10.954  44806.281   3.296   0.014    7.957  -10.000      517.0092     5663.1094
 4  19  10.954  44806.281   3.296   0.022    7.348  -10.000      517.0092     5663.1094
 5  19  10.954  44806.281   3.296   0.031    6.780  -10.000      517.0092     5663.1094
 1  19  10.954  45008.617 173.254  -0.035    9.321  -10.000      535.4813     5865.4453
 2  19  10.954  45008.617 173.254  -0.037    8.691  -10.000      535.4813     5865.4453
 3  19  10.954  45008.617 173.254  -0.007    7.780  -10.000      535.4813     5865.4453
 4  19  10.954  45008.617 173.254  -0.011    7.252  -10.000      535.4813     5865.4453
 5  19  10.954  45008.617 173.254  -0.023    6.747  -10.000      535.4813     5865.4453
 1  19  10.954  45009.617 206.125   0.127    9.108  -10.000      535.5726     5866.4453
 2  19  10.954  45009.617 206.125   0.051    8.497  -10.000      535.5726     5866.4453
 3  19  10.954  45009.617 206.125   0.070    7.647  -10.000      535.5726     5866.4453
 4  19  10.954  45009.617 206.125   0.075    7.156  -10.000      535.5726     5866.4453
 5  19  10.954  45009.617 206.125   0.068    6.684  -10.000      535.5726     5866.4453
 1  19  10.954  45052.516 176.023  -0.052    9.279  -10.000      539.4890     5909.3438
 2  19  10.954  45052.516 176.023  -0.045    8.664  -10.000      539.4890     5909.3438
 3  19  10.954  45052.516 176.023  -0.022    7.752  -10.000      539.4890     5909.3438
 4  19  10.954  45052.516 176.023  -0.013    7.238  -10.000      539.4890     5909.3438
 5  19  10.954  45052.516 176.023  -0.038    6.722  -10.000      539.4890     5909.3438
 1  19  10.954  45053.379 204.390   0.109    9.121  -10.000      539.5677     5910.2070
 2  19  10.954  45053.379 204.390   0.062    8.531  -10.000      539.5677     5910.2070
 3  19  10.954  45053.379 204.390   0.059    7.653  -10.000      539.5677     5910.2070
 4  19  10.954  45053.379 204.390   0.067    7.163  -10.000      539.5677     5910.2070
 5  19  10.954  45053.379 204.390   0.037    6.665  -10.000      539.5677     5910.2070
 1  19  10.954  45054.391 237.634  -0.104    8.559  -10.000      539.6601     5911.2188
 2  19  10.954  45054.391 237.634  -0.154    8.047  -10.000      539.6601     5911.2188
 3  19  10.954  45054.391 237.634  -0.077    7.312  -10.000      539.6601     5911.2188
 4  19  10.954  45054.391 237.634  -0.050    6.867  -10.000      539.6601     5911.2188
 5  19  10.954  45054.391 237.634  -0.043    6.430  -10.000      539.6601     5911.2188
 1  19  10.954  45061.426 108.853  -0.055   10.174  -10.000      540.3024     5918.2539
 2  19  10.954  45061.426 108.853  -0.006    9.316  -10.000      540.3024     5918.2539
 3  19  10.954  45061.426 108.853   0.009    8.178  -10.000      540.3024     5918.2539
 4  19  10.954  45061.426 108.853   0.008    7.563  -10.000      540.3024     5918.2539
 5  19  10.954  45061.426 108.853  -0.026    6.955  -10.000      540.3024     5918.2539
 1  19  10.954  45062.453 142.625  -0.015    9.670  -10.000      540.3962     5919.2812
 2  19  10.954  45062.453 142.625   0.034    8.995  -10.000      540.3962     5919.2812
 3  19  10.954  45062.453 142.625   0.023    7.971  -10.000      540.3962     5919.2812
 4  19  10.954  45062.453 142.625   0.008    7.401  -10.000      540.3962     5919.2812
 5  19  10.954  45062.453 142.625  -0.005    6.867  -10.000      540.3962     5919.2812
 1  19  10.954  45071.539  81.233  -0.034   10.427  -10.000      541.2256     5928.3672
 2  19  10.954  45071.539  81.233  -0.009    9.449  -10.000      541.2256     5928.3672
 3  19  10.954  45071.539  81.233   0.004    8.236  -10.000      541.2256     5928.3672
 2  19  10.954  45102.473  17.908  -0.010    9.205  -10.000      544.0497     5959.3008
 3  19  10.954  45102.473  17.908   0.007    8.027  -10.000      544.0497     5959.3008
 4  19  10.954  45102.473  17.908   0.017    7.407  -10.000      544.0497     5959.3008
 5  19  10.954  45102.473  17.908   0.031    6.831  -10.000      544.0497     5959.3008
 0  19  10.954  43967.582 158.676   5.409  -11.100  -10.000      440.4408     4824.4102
 0  19  10.954  43969.539 222.990   3.874  -23.000  -10.000      440.6194     4826.3672
 0  19  10.954  43971.605 290.907   2.243  -30.600  -10.000      440.8081     4828.4336
 0  19  10.954  43972.562 322.361   1.226  -26.400  -10.000      440.8954     4829.3906
 0  19  10.954  43977.578 127.200   2.361    0.400  -10.000      441.3533     4834.4062
 0  19  10.954  43978.566 159.686   3.079  -14.000  -10.000      441.4436     4835.3945
 0  19  10.954  43979.559 192.294   2.371  -20.800  -10.000      441.5341     4836.3867
 0  19  10.954  43980.574 225.670   4.616  -22.400  -10.000      441.6269     4837.4023
 0  19  10.954  44301.543 334.611  -3.722  -29.900  -10.000      470.9295     5158.3711
 0  19  10.954  44331.594 242.249  -1.049  -29.200  -10.000      473.6729     5188.4219
 0  19  10.954  44333.609 308.496  -6.438  -35.900  -10.000      473.8569     5190.4375
 0  19  10.954  44335.645  15.381  -2.201  -19.500  -10.000      474.0427     5192.4727
 0  19  10.954  44336.609  47.098  -3.106  -11.700  -10.000      474.1308     5193.4375
 0  19  10.954  44444.367 348.651  -6.315  -29.200  -10.000      483.9685     5301.1953
 0  19  10.954  44445.344  20.753  -3.944  -18.900  -10.000      484.0576     5302.1719
 0  19  10.954  44446.320  52.844  -2.775  -11.000  -10.000      484.1468     5303.1484
 0  19  10.954  44447.316  85.583  -5.142   -3.200  -10.000      484.2377     5304.1445
 0  19  10.954  44448.391 120.894  -0.723   -4.200  -10.000      484.3358     5305.2188
 0  19  10.954  44655.645  92.483   2.917    4.000  -10.000      503.2569     5512.4727
 0  19  10.954  44691.539 192.184   3.160  -20.000  -10.000      506.5338     5548.3672
 0  19  10.954  44692.613 227.494   4.424  -22.400  -10.000      506.6319     5549.4414
 0  19  10.954  44693.617 260.486   5.356  -24.500  -10.000      506.7236     5550.4453
 0  19  10.954  44694.605 292.972   7.685  -24.600  -10.000      506.8138     5551.4336
 0  19  10.954  44703.590 228.252   0.914  -25.800  -10.000      507.6340     5560.4180
 0  19  10.954  44704.598 261.365   6.063  -24.000  -10.000      507.7260     5561.4258
 0  19  10.954  44705.566 293.214  -0.292  -32.500  -10.000      507.8145     5562.3945
 0  19  10.954  44706.559 325.822   5.618  -22.500  -10.000      507.9051     5563.3867
 0  19  10.954  44707.602   0.099  -2.699  -21.300  -10.000      508.0003     5564.4297
 0  19  10.954  44709.617  66.346   0.264   -2.200  -10.000      508.1843     5566.4453
 0  19  10.954  44711.469 127.200   4.864    2.900  -10.000      508.3533     5568.2969
 0  19  10.954  44712.551 162.751   1.535  -17.200  -10.000      508.4521     5569.3789
 0  19  10.954  44714.598 230.032   2.472  -24.000  -10.000      508.6390     5571.4258
 0  19  10.954  44715.609 263.276   5.721  -24.800  -10.000      508.7313     5572.4375
 0  19  10.954  44772.488 332.666  -0.910  -27.900  -10.000      513.9241     5629.3164
 0  19  10.954  44774.477  38.013  -0.665   -9.100  -10.000      514.1056     5631.3047
 0  19  10.954  44775.418  68.950   2.359   -0.300  -10.000      514.1915     5632.2461
 0  19  10.954  44778.453 168.706  -3.684  -23.800  -10.000      514.4686     5635.2812
 0  19  10.954  45039.477 107.468  -0.689   -1.100  -10.000      538.2985     5896.3047
 0  19  10.954  45039.633 112.610   0.327   -1.700  -10.000      538.3128     5896.4609
 0  19  10.954  45042.387 203.115  -0.568  -27.700  -10.000      538.5642     5899.2148
 0  19  10.954  45042.496 206.719  -1.768  -28.100  -10.000      538.5742     5899.3242
 0  19  10.954  45043.375 235.591   2.876  -23.900  -10.000      538.6544     5900.2031
 0  19  10.954  45043.477 238.931   6.091  -21.500  -10.000      538.6637     5900.3047
 0  19  10.954  45089.449 309.880  -2.666  -32.000  -10.000      542.8608     5946.2773
 0  19  10.954  45090.539 345.696  -3.946  -27.800  -10.000      542.9603     5947.3672
 0  19  10.954  45091.520  17.908  -6.415  -22.700  -10.000      543.0497     5948.3477
 6  36  10.954  45435.574 165.586  -0.058    6.060  -10.000      574.4600     6292.4023
 7  36  10.954  45435.574 165.586  -0.036    5.627  -10.000      574.4600     6292.4023
 8  36  10.954  45435.574 165.586  -0.056    5.499  -10.000      574.4600     6292.4023
 6  36  10.954  45473.500 332.051  -0.010    5.911  -10.000      577.9224     6330.3281
 7  36  10.954  45473.500 332.051   0.004    5.429  -10.000      577.9224     6330.3281
 8  36  10.954  45473.500 332.051   0.002    5.309  -10.000      577.9224     6330.3281
 6  36  10.954  45486.465  38.145  -0.019    6.056  -10.000      579.1060     6343.2930
 7  36  10.954  45486.465  38.145  -0.020    5.514  -10.000      579.1060     6343.2930
 8  36  10.954  45486.465  38.145  -0.030    5.375  -10.000      579.1060     6343.2930
 6  36  10.954  45489.445 136.099  -0.052    6.127  -10.000      579.3781     6346.2734
 7  36  10.954  45489.445 136.099  -0.029    5.669  -10.000      579.3781     6346.2734
 8  36  10.954  45489.445 136.099  -0.035    5.549  -10.000      579.3781     6346.2734
 6  36  10.954  45532.352 106.260  -0.037    6.178  -10.000      583.2952     6389.1797
 7  36  10.954  45532.352 106.260  -0.036    5.658  -10.000      583.2952     6389.1797
 8  36  10.954  45532.352 106.260  -0.040    5.529  -10.000      583.2952     6389.1797
 6  36  10.954  45573.316  12.612  -0.008    5.993  -10.000      587.0350     6430.1445
 7  36  10.954  45573.316  12.612   0.000    5.474  -10.000      587.0350     6430.1445
 8  36  10.954  45573.316  12.612  -0.004    5.344  -10.000      587.0350     6430.1445
 6  36  10.954  45574.301  44.956  -0.019    6.077  -10.000      587.1249     6431.1289
 7  36  10.954  45574.301  44.956  -0.030    5.523  -10.000      587.1249     6431.1289
 8  36  10.954  45574.301  44.956  -0.024    5.399  -10.000      587.1249     6431.1289
 6  36  10.954  45602.230 242.908  -0.083    5.773  -10.000      589.6747     6459.0586
 7  36  10.954  45602.230 242.908  -0.029    5.415  -10.000      589.6747     6459.0586
 8  36  10.954  45602.230 242.908  -0.037    5.309  -10.000      589.6747     6459.0586
 6  36  10.954  45793.609  52.734  -0.024    6.095  -10.000      607.1465     6650.4375
 7  36  10.954  45793.609  52.734  -0.022    5.551  -10.000      607.1465     6650.4375
 8  36  10.954  45793.609  52.734  -0.029    5.414  -10.000      607.1465     6650.4375
 6  36  10.954  45805.461  82.244  -0.024    6.165  -10.000      608.2285     6662.2891
 7  36  10.954  45805.461  82.244  -0.021    5.626  -10.000      608.2285     6662.2891
 8  36  10.954  45805.461  82.244  -0.032    5.486  -10.000      608.2285     6662.2891
 6  36  10.954  45839.453 119.443  -0.026    6.175  -10.000      611.3318     6696.2812
 7  36  10.954  45839.453 119.443  -0.018    5.679  -10.000      611.3318     6696.2812
 8  36  10.954  45839.453 119.443  -0.021    5.556  -10.000      611.3318     6696.2812
 6  36  10.954  45841.398 183.362  -0.053    6.016  -10.000      611.5093     6698.2266
 7  36  10.954  45841.398 183.362  -0.011    5.614  -10.000      611.5093     6698.2266
 8  36  10.954  45841.398 183.362  -0.017    5.502  -10.000      611.5093     6698.2266
 6  36  10.954  45906.289 156.072  -0.044    6.095  -10.000      617.4335     6763.1172
 7  36  10.954  45906.289 156.072  -0.022    5.656  -10.000      617.4335     6763.1172
 8  36  10.954  45906.289 156.072  -0.035    5.533  -10.000      617.4335     6763.1172
 6  36  10.954  45907.301 189.316  -0.037    6.014  -10.000      617.5259     6764.1289
 7  36  10.954  45907.301 189.316  -0.013    5.597  -10.000      617.5259     6764.1289
 8  36  10.954  45907.301 189.316  -0.023    5.482  -10.000      617.5259     6764.1289
 6  36  10.954  45910.293 287.644   0.003    5.881  -10.000      617.7990     6767.1211
 7  36  10.954  45910.293 287.644   0.030    5.454  -10.000      617.7990     6767.1211
 8  36  10.954  45910.293 287.644   0.023    5.339  -10.000      617.7990     6767.1211
 6  36  10.954  45930.246 223.440  -0.026    5.864  -10.000      619.6207     6787.0742
 7  36  10.954  45930.246 223.440   0.002    5.482  -10.000      619.6207     6787.0742
 8  36  10.954  45930.246 223.440  -0.004    5.379  -10.000      619.6207     6787.0742
 6  36  10.954  45931.230 255.784  -0.069    5.794  -10.000      619.7105     6788.0586
 7  36  10.954  45931.230 255.784   0.008    5.449  -10.000      619.7105     6788.0586
 8  36  10.954  45931.230 255.784  -0.010    5.331  -10.000      619.7105     6788.0586
 6  36  10.954  46101.586  94.680  -0.045    6.166  -10.000      635.2630     6958.4141
 7  36  10.954  46101.586  94.680  -0.036    5.642  -10.000      635.2630     6958.4141
 8  36  10.954  46101.586  94.680  -0.051    5.500  -10.000      635.2630     6958.4141
 6  36  10.954  46203.406 201.094  -0.002    6.002  -10.000      644.5586     7060.2344
 7  36  10.954  46203.406 201.094   0.006    5.577  -10.000      644.5586     7060.2344
 8  36  10.954  46203.406 201.094  -0.006    5.463  -10.000      644.5586     7060.2344
 6  36  10.954  46205.426 267.473  -0.015    5.859  -10.000      644.7430     7062.2539
 7  36  10.954  46205.426 267.473   0.026    5.466  -10.000      644.7430     7062.2539
 8  36  10.954  46205.426 267.473   0.011    5.348  -10.000      644.7430     7062.2539
 6  36  10.954  46260.297 270.857   0.007    5.882  -10.000      649.7524     7117.1250
 7  36  10.954  46260.297 270.857   0.029    5.467  -10.000      649.7524     7117.1250
 8  36  10.954  46260.297 270.857   0.011    5.345  -10.000      649.7524     7117.1250
 6  36  10.954  46261.320 304.497  -0.001    5.890  -10.000      649.8458     7118.1484
 7  36  10.954  46261.320 304.497   0.015    5.435  -10.000      649.8458     7118.1484
 8  36  10.954  46261.320 304.497   0.007    5.315  -10.000      649.8458     7118.1484
 6  36  10.954  46269.219 204.082  -0.013    5.974  -10.000      650.5669     7126.0469
 7  36  10.954  46269.219 204.082   0.017    5.575  -10.000      650.5669     7126.0469
 8  36  10.954  46269.219 204.082   0.002    5.458  -10.000      650.5669     7126.0469
 6  36  10.954  46573.496 124.431  -0.028    6.165  -10.000      678.3456     7430.3242
 7  36  10.954  46573.496 124.431  -0.019    5.677  -10.000      678.3456     7430.3242
 8  36  10.954  46573.496 124.431  -0.033    5.545  -10.000      678.3456     7430.3242
 6  36  10.954  46574.516 157.939  -0.046    6.090  -10.000      678.4387     7431.3438
 7  36  10.954  46574.516 157.939  -0.019    5.657  -10.000      678.4387     7431.3438
 8  36  10.954  46574.516 157.939  -0.035    5.531  -10.000      678.4387     7431.3438
 6  36  10.954  46575.484 189.778  -0.050    5.999  -10.000      678.5272     7432.3125
 7  36  10.954  46575.484 189.778  -0.014    5.595  -10.000      678.5272     7432.3125
 8  36  10.954  46575.484 189.778  -0.023    5.481  -10.000      678.5272     7432.3125
 6  36  10.954  46576.484 222.649  -0.019    5.875  -10.000      678.6185     7433.3125
 7  36  10.954  46576.484 222.649   0.009    5.492  -10.000      678.6185     7433.3125
 8  36  10.954  46576.484 222.649  -0.005    5.380  -10.000      678.6185     7433.3125
 6  36  10.954  46601.441 322.888  -0.006    5.905  -10.000      680.8969     7458.2695
 7  36  10.954  46601.441 322.888   0.010    5.433  -10.000      680.8969     7458.2695
 8  36  10.954  46601.441 322.888  -0.005    5.302  -10.000      680.8969     7458.2695
 6  36  10.954  46603.387  26.807  -0.018    6.021  -10.000      681.0745     7460.2148
 7  36  10.954  46603.387  26.807  -0.013    5.490  -10.000      681.0745     7460.2148
 8  36  10.954  46603.387  26.807  -0.013    5.362  -10.000      681.0745     7460.2148
 6  36  10.954  46604.355  58.667  -0.014    6.121  -10.000      681.1630     7461.1836
 7  36  10.954  46604.355  58.667  -0.023    5.566  -10.000      681.1630     7461.1836
 8  36  10.954  46604.355  58.667  -0.025    5.433  -10.000      681.1630     7461.1836
 6  36  10.954  46609.348 222.737  -0.031    5.862  -10.000      681.6187     7466.1758
 7  36  10.954  46609.348 222.737   0.009    5.492  -10.000      681.6187     7466.1758
 8  36  10.954  46609.348 222.737  -0.012    5.373  -10.000      681.6187     7466.1758
 6  36  10.954  46609.410 224.780  -0.022    5.863  -10.000      681.6244     7466.2383
 7  36  10.954  46609.410 224.780   0.004    5.479  -10.000      681.6244     7466.2383
 8  36  10.954  46609.410 224.780   0.007    5.385  -10.000      681.6244     7466.2383
 6  36  10.954  46653.266 226.143  -0.029    5.851  -10.000      685.6282     7510.0938
 7  36  10.954  46653.266 226.143   0.007    5.478  -10.000      685.6282     7510.0938
 8  36  10.954  46653.266 226.143  -0.001    5.373  -10.000      685.6282     7510.0938
 6  36  10.954  46654.230 257.849  -0.037    5.828  -10.000      685.7162     7511.0586
 7  36  10.954  46654.230 257.849   0.002    5.443  -10.000      685.7162     7511.0586
 8  36  10.954  46654.230 257.849  -0.009    5.332  -10.000      685.7162     7511.0586
 6  36  10.954  46865.402 358.198  -0.004    5.963  -10.000      704.9950     7722.2305
 7  36  10.954  46865.402 358.198  -0.002    5.448  -10.000      704.9950     7722.2305
 8  36  10.954  46865.402 358.198  -0.014    5.313  -10.000      704.9950     7722.2305
 6  36  10.954  47369.352   0.967  -0.013    5.961  -10.000      751.0027     8226.1797
 7  36  10.954  47369.352   0.967  -0.014    5.441  -10.000      751.0027     8226.1797
 8  36  10.954  47369.352   0.967  -0.015    5.316  -10.000      751.0027     8226.1797
 0 170  10.954  50274.582  84.023   2.033    3.130    0.370     1016.2334    11131.4102
 0 170  10.954  50275.531 115.225   4.489    1.470    0.360     1016.3201    11132.3594
 0 170  10.954  50276.516 147.568  -2.810  -16.570    0.330     1016.4099    11133.3438
 0 170  10.954  50277.539 181.208  -2.982  -26.120    0.320     1016.5034    11134.3672
 0 170  10.954  50280.508 278.789   1.394  -32.350    0.320     1016.7744    11137.3359
 0 170  10.954  50281.520 312.034  -1.424  -30.370    0.300     1016.8668    11138.3477
 0 170  10.954  50282.516 344.773   2.361  -21.660    0.290     1016.9577    11139.3438
 0 170  10.954  50285.512  83.232   2.828    3.390    0.340     1017.2312    11142.3398
 0 170  10.954  50286.492 115.466   5.608    2.510    0.360     1017.3207    11143.3203
 0 170  10.954  50499.676 281.953   1.696  -31.950    0.330     1036.7832    11356.5039
 0 170  10.954  50502.660  20.039   4.809  -10.510    0.280     1037.0557    11359.4883
 0 170  10.954  50532.820 291.270  -0.528  -33.290    0.300     1039.8091    11389.6484
 0 170  10.954  50533.781 322.866   1.036  -26.660    0.300     1039.8969    11390.6094
 0 170  10.954  50534.762 355.078   1.211  -18.350    0.300     1039.9863    11391.5898
 0 170  10.954  50534.859 358.286   0.773  -17.900    0.310     1039.9952    11391.6875
 0 170  10.954  50535.762  27.949   1.034   -9.700    0.330     1040.0776    11392.5898
 0 170  10.954  50536.801  62.095   3.655   -0.290    0.310     1040.1725    11393.6289
 0 170  10.954  50645.527  35.464  -1.765  -10.190    0.290     1050.0985    11502.3555
 0 170  10.954  50645.598  37.793  -0.972   -9.400    0.290     1050.1050    11502.4258
 0 170  10.954  50646.520  68.115   0.453   -2.060    0.340     1050.1892    11503.3477
 0 170  10.954  50646.602  70.796   1.604   -1.550    0.370     1050.1967    11503.4297
 0 170  10.954  50647.516 100.811   1.957    1.030    0.390     1050.2800    11504.3438
 0 170  10.954  50647.590 103.271   1.892    1.330    0.400     1050.2869    11504.4180
 0 170  10.954  50648.527 134.077  -7.524  -11.090    0.350     1050.3724    11505.3555
 0 170  10.954  50648.602 136.538  -7.593  -13.120    0.380     1050.3793    11505.4297
 0 170  10.954  50649.520 166.685  -6.830  -26.790    0.350     1050.4630    11506.3477
 0 170  10.954  50649.590 169.014  -7.407  -27.530    0.380     1050.4695    11506.4180
 0 170  10.954  50650.547 200.435  -2.104  -28.660    0.350     1050.5568    11507.3750
 0 170  10.954  50650.602 202.236  -2.006  -29.060    0.380     1050.5618    11507.4297
 0 170  10.954  50651.520 232.427  -4.399  -30.760    0.360     1050.6456    11508.3477
 0 170  10.954  50802.859 166.333  -9.995  -29.900    0.340     1064.4620    11659.6875
 0 170  10.954  50795.801 294.346  -7.238  -39.050    0.380     1063.8176    11652.6289
 0 170  10.954  50278.516 213.311  -2.590  -26.600    0.320     1016.5925    11135.3438
 0 170  10.954  50279.535 246.819   1.756  -26.390    0.310     1016.6856    11136.3633
 1 123  10.954  41108.656 157.451   0.002    9.510  -10.000      179.4374     1965.4844
 2 123  10.954  41108.656 157.451  -0.008    8.830  -10.000      179.4374     1965.4844
 3 123  10.954  41108.656 157.451   0.004    7.870  -10.000      179.4374     1965.4844
 1 123  10.954  41109.629 189.415   0.009    9.220  -10.000      179.5262     1966.4570
 2 123  10.954  41109.629 189.415   0.002    8.620  -10.000      179.5262     1966.4570
 3 123  10.954  41109.629 189.415   0.004    7.710  -10.000      179.5262     1966.4570
 1 123  10.954  41110.633 222.413   0.005    8.730  -10.000      179.6178     1967.4609
 2 123  10.954  41110.633 222.413  -0.054    8.200  -10.000      179.6178     1967.4609
 3 123  10.954  41110.633 222.413  -0.035    7.400  -10.000      179.6178     1967.4609
 1 123  10.954  41112.656 288.913   0.124    9.320  -10.000      179.8025     1969.4844
 2 123  10.954  41112.656 288.913   0.124    8.670  -10.000      179.8025     1969.4844
 3 123  10.954  41112.656 288.913   0.121    7.710  -10.000      179.8025     1969.4844
 1 123  10.954  41114.609 353.106   0.094   10.010  -10.000      179.9809     1971.4375
 2 123  10.954  41114.609 353.106   0.101    9.130  -10.000      179.9809     1971.4375
 3 123  10.954  41114.609 353.106   0.099    7.990  -10.000      179.9809     1971.4375
 1 123  10.954  41119.684 159.873   0.036    9.520  -10.000      180.4441     1976.5117
 2 123  10.954  41119.684 159.873   0.019    8.840  -10.000      180.4441     1976.5117
 3 123  10.954  41119.684 159.873   0.026    7.880  -10.000      180.4441     1976.5117
 1 123  10.954  41120.684 192.739   0.052    9.230  -10.000      180.5354     1977.5117
 2 123  10.954  41120.684 192.739  -0.024    8.570  -10.000      180.5354     1977.5117
 3 123  10.954  41120.684 192.739  -0.007    7.680  -10.000      180.5354     1977.5117
 1 123  10.954  41400.801  39.051   0.045   10.390  -10.000      206.1085     2257.6289
 2 123  10.954  41400.801  39.051   0.005    9.350  -10.000      206.1085     2257.6289
 3 123  10.954  41400.801  39.051  -0.010    8.110  -10.000      206.1085     2257.6289
 1 123  10.954  41401.801  71.917  -0.085   10.400  -10.000      206.1998     2258.6289
 2 123  10.954  41401.801  71.917  -0.038    9.430  -10.000      206.1998     2258.6289
 3 123  10.954  41401.801  71.917   0.080    8.310  -10.000      206.1998     2258.6289
 1 123  10.954  41408.875 304.415   0.161    9.540  -10.000      206.8456     2265.7031
 2 123  10.954  41408.875 304.415   0.074    8.740  -10.000      206.8456     2265.7031
 3 123  10.954  41408.875 304.415   0.049    7.710  -10.000      206.8456     2265.7031
 1 123  10.954  41409.836 336.000   0.076    9.810  -10.000      206.9333     2266.6641
 2 123  10.954  41409.836 336.000   0.026    8.930  -10.000      206.9333     2266.6641
 3 123  10.954  41409.836 336.000   0.021    7.830  -10.000      206.9333     2266.6641
 1 123  10.954  41410.789   7.322   0.058   10.120  -10.000      207.0203     2267.6172
 2 123  10.954  41410.789   7.322   0.017    9.150  -10.000      207.0203     2267.6172
 3 123  10.954  41410.789   7.322   0.007    7.970  -10.000      207.0203     2267.6172
 1 123  10.954  41415.848 173.578  -0.073    9.280  -10.000      207.4822     2272.6758
 2 123  10.954  41415.848 173.578  -0.116    8.610  -10.000      207.4822     2272.6758
 3 123  10.954  41415.848 173.578  -0.086    7.700  -10.000      207.4822     2272.6758
 1 123  10.954  41416.793 204.648   0.123    9.130  -10.000      207.5685     2273.6211
 2 123  10.954  41416.793 204.648   0.005    8.470  -10.000      207.5685     2273.6211
 3 123  10.954  41416.793 204.648   0.039    7.630  -10.000      207.5685     2273.6211
 1 123  10.954  41417.746 235.970  -0.058    8.600  -10.000      207.6555     2274.5742
 2 123  10.954  41417.746 235.970  -0.139    8.060  -10.000      207.6555     2274.5742
 3 123  10.954  41417.746 235.970  -0.078    7.310  -10.000      207.6555     2274.5742
 1 123  10.954  41772.785  24.659   0.003   10.240  -10.000      240.0685     2629.6133
 2 123  10.954  41772.785  24.659  -0.030    9.230  -10.000      240.0685     2629.6133
 3 123  10.954  41772.785  24.659  -0.004    8.050  -10.000      240.0685     2629.6133
 1 123  10.954  41773.742  56.113   0.007   10.460  -10.000      240.1559     2630.5703
 2 123  10.954  41773.742  56.113  -0.012    9.420  -10.000      240.1559     2630.5703
 3 123  10.954  41773.742  56.113  -0.011    8.180  -10.000      240.1559     2630.5703
 1 123  10.954  41779.812 255.619  -0.133    8.680  -10.000      240.7101     2636.6406
 2 123  10.954  41779.812 255.619  -0.168    8.130  -10.000      240.7101     2636.6406
 3 123  10.954  41779.812 255.619  -0.105    7.340  -10.000      240.7101     2636.6406
 1 123  10.954  41784.746  57.766  -0.100   10.360  -10.000      241.1605     2641.5742
 2 123  10.954  41784.746  57.766  -0.058    9.380  -10.000      241.1605     2641.5742
 3 123  10.954  41784.746  57.766  -0.037    8.160  -10.000      241.1605     2641.5742
 1 123  10.954  41785.777  91.659   0.031   10.440  -10.000      241.2546     2642.6055
 2 123  10.954  41785.777  91.659   0.046    9.480  -10.000      241.2546     2642.6055
 3 123  10.954  41785.777  91.659   0.043    8.270  -10.000      241.2546     2642.6055
 0 123  10.954  41404.848 172.051  11.292   -8.900  -10.000      206.4779     2261.6758
 0 123  10.954  41406.777 235.475   0.850  -25.900  -10.000      206.6541     2263.6055
 0 123  10.954  41407.809 269.368 -10.367  -42.600  -10.000      206.7482     2264.6367
 0 123  10.954  41411.746  38.776   8.067   -0.400  -10.000      207.1077     2268.5742
 0 123  10.954  41412.863  75.493 -15.067  -19.000  -10.000      207.2097     2269.6914
 0 123  10.954  41413.770 105.276   9.835    9.500  -10.000      207.2924     2270.5977
 0 123  10.954  41414.805 139.301  -2.105  -10.300  -10.000      207.3869     2271.6328
 0 123  10.954  41787.859 160.087 -10.398  -27.700  -10.000      241.4447     2644.6875
 0 123  10.954  41788.785 190.514   3.952  -19.200  -10.000      241.5292     2645.6133
 0 123  10.954  41789.758 222.479  -5.728  -32.500  -10.000      241.6180     2646.5859
 0 123  10.954  41793.680 351.376  -4.109  -25.600  -10.000      241.9760     2650.5078
 0 123  10.954  41794.742  26.296  10.408   -1.300  -10.000      242.0730     2651.5703
 0 123  10.954  41795.785  60.573 -11.065  -15.900  -10.000      242.1683     2652.6133
 0 123  10.954  41796.688  90.231  -2.451   -0.400  -10.000      242.2506     2653.5156
 0  10  10.954  40350.438  77.893   5.123    1.900  -10.000      110.2164     1207.2656
 0  10  10.954  40377.332 241.809   1.506  -26.600  -10.000      112.6717     1234.1602
 0  10  10.954  40422.316 280.261  -0.388  -34.100  -10.000      116.7785     1279.1445
 0  10  10.954  40651.453 251.049  -2.598  -30.700  -10.000      137.6974     1508.2812
 0  10  10.954  40796.262 330.315  -4.010  -31.800  -10.000      150.9175     1653.0898
 0  10  10.954  40815.223 233.487  -7.368  -33.800  -10.000      152.6486     1672.0508
 0 125  10.954  38477.531  83.109  -0.472    0.000  -10.000      -60.7691     -665.6406
 0 125  10.954  38480.531 181.707  -2.698  -26.000  -10.000      -60.4953     -662.6406
 0 125  10.954  38492.480 214.428  -4.946  -29.000  -10.000      -59.4044     -650.6914
 0 125  10.954  38504.410 246.508   6.162  -22.000  -10.000      -58.3153     -638.7617
 0 125  10.954  38521.441  86.256   1.814    4.000  -10.000      -56.7604     -621.7305
 0 125  10.954  38566.352 122.270   1.192   -2.000  -10.000      -52.6604     -576.8203
 0 125  10.954  38577.301 122.127   0.226   -3.000  -10.000      -51.6608     -565.8711
 0 125  10.954  38579.301 187.858  -1.484  -25.000  -10.000      -51.4782     -563.8711
 0 125  10.954  38590.320 190.025  -7.805  -31.000  -10.000      -50.4722     -552.8516
 0 125  10.954  38615.191 287.437  -3.640  -37.000  -10.000      -48.2016     -527.9805
 0 125  10.954  38618.191  26.035  -2.133  -14.000  -10.000      -47.9277     -524.9805
 0 125  10.954  38623.180 189.978  -2.800  -26.000  -10.000      -47.4723     -519.9922
