 2  79  13.847  44835.473 148.300   0.034   13.632  -10.000      -47.5881     -658.9297
 3  79  13.847  44835.473 148.300  -0.001   12.021  -10.000      -47.5881     -658.9297
 2  79  13.847  45180.449 117.444   0.044   13.930  -10.000      -22.6738     -313.9531
 3  79  13.847  45180.449 117.444   0.008   12.201  -10.000      -22.6738     -313.9531
 2  79  13.847  45181.445 143.342  -0.053   13.574  -10.000      -22.6018     -312.9570
 3  79  13.847  45181.445 143.342  -0.065   11.974  -10.000      -22.6018     -312.9570
 2  79  13.847  45182.445 169.341   0.029   13.582  -10.000      -22.5296     -311.9570
 3  79  13.847  45182.445 169.341   0.018   12.015  -10.000      -22.5296     -311.9570
 2  79  13.847  45183.445 195.340  -0.031   12.953  -10.000      -22.4574     -310.9570
 3  79  13.847  45183.445 195.340  -0.031   11.568  -10.000      -22.4574     -310.9570
 2  79  13.847  45184.441 221.238   0.023   12.792  -10.000      -22.3855     -309.9609
 3  79  13.847  45184.441 221.238  -0.014   11.421  -10.000      -22.3855     -309.9609
 2  79  13.847  45186.453 273.541  -0.023   13.123  -10.000      -22.2402     -307.9492
 3  79  13.847  45186.453 273.541  -0.055   11.587  -10.000      -22.2402     -307.9492
 2  79  13.847  45187.461 299.743  -0.022   13.292  -10.000      -22.1674     -306.9414
 3  79  13.847  45187.461 299.743  -0.021   11.716  -10.000      -22.1674     -306.9414
 2  79  13.847  45188.445 325.337  -0.018   13.455  -10.000      -22.0963     -305.9570
 3  79  13.847  45188.445 325.337  -0.053   11.783  -10.000      -22.0963     -305.9570
 2  79  13.847  45189.477 352.148   0.009   13.647  -10.000      -22.0218     -304.9258
 3  79  13.847  45189.477 352.148  -0.024   11.923  -10.000      -22.0218     -304.9258
 2  79  13.847  45190.477  18.148  -0.012   13.794  -10.000      -21.9496     -303.9258
 3  79  13.847  45190.477  18.148  -0.060   12.007  -10.000      -21.9496     -303.9258
 2  79  13.847  45191.473  44.046  -0.014   13.953  -10.000      -21.8777     -302.9297
 3  79  13.847  45191.473  44.046  -0.018   12.171  -10.000      -21.8777     -302.9297
 2  79  13.847  45192.473  70.045  -0.008   14.058  -10.000      -21.8054     -301.9297
 3  79  13.847  45192.473  70.045  -0.021   12.254  -10.000      -21.8054     -301.9297
 2  79  13.847  45193.473  96.044   0.075   14.120  -10.000      -21.7332     -300.9297
 3  79  13.847  45193.473  96.044   0.030   12.313  -10.000      -21.7332     -300.9297
 2  79  13.847  45194.477 122.145   0.004   13.837  -10.000      -21.6607     -299.9258
 3  79  13.847  45194.477 122.145  -0.005   12.156  -10.000      -21.6607     -299.9258
 2  79  13.847  45198.473 226.040   0.030   12.836  -10.000      -21.3721     -295.9297
 3  79  13.847  45198.473 226.040  -0.032   11.426  -10.000      -21.3721     -295.9297
 2  79  13.847  45199.461 251.735  -0.019   12.976  -10.000      -21.3007     -294.9414
 3  79  13.847  45199.461 251.735  -0.033   11.528  -10.000      -21.3007     -294.9414
 2  79  13.847  45200.477 278.141  -0.007   13.170  -10.000      -21.2274     -293.9258
 3  79  13.847  45200.477 278.141  -0.037   11.622  -10.000      -21.2274     -293.9258
 2  79  13.847  45201.477 304.140  -0.008   13.335  -10.000      -21.1552     -292.9258
 3  79  13.847  45201.477 304.140  -0.045   11.710  -10.000      -21.1552     -292.9258
 2  79  13.847  45205.434  47.020  -0.027   13.955  -10.000      -20.8694     -288.9688
 3  79  13.847  45205.434  47.020  -0.041   12.160  -10.000      -20.8694     -288.9688
 2  79  13.847  45666.371 151.064   0.002   13.590  -10.000       12.4196      171.9688
 3  79  13.847  45666.371 151.064  -0.034   11.982  -10.000       12.4196      171.9688
 4  79  13.847  45666.371 151.064  -0.023   11.048  -10.000       12.4196      171.9688
 3  79  13.847  45676.363  50.854  -0.014   12.202  -10.000       13.1413      181.9609
 4  79  13.847  45676.363  50.854  -0.024   11.159  -10.000       13.1413      181.9609
 2  79  13.847  45679.352 128.547  -0.022   13.738  -10.000       13.3571      184.9492
 3  79  13.847  45679.352 128.547  -0.020   12.097  -10.000       13.3571      184.9492
 4  79  13.847  45679.352 128.547  -0.030   11.112  -10.000       13.3571      184.9492
 2  79  13.847  45689.383  29.352  -0.013   13.869  -10.000       14.0815      194.9805
 3  79  13.847  45689.383  29.352  -0.030   12.093  -10.000       14.0815      194.9805
 4  79  13.847  45689.383  29.352  -0.023   11.077  -10.000       14.0815      194.9805
 2  79  13.847  45690.301  53.219   0.015   14.026  -10.000       14.1478      195.8984
 3  79  13.847  45690.301  53.219   0.007   12.232  -10.000       14.1478      195.8984
 4  79  13.847  45690.301  53.219  -0.001   11.190  -10.000       14.1478      195.8984
 2  79  13.847  45691.293  79.015   0.046   14.123  -10.000       14.2195      196.8906
 3  79  13.847  45691.293  79.015   0.033   12.323  -10.000       14.2195      196.8906
 4  79  13.847  45691.293  79.015   0.021   11.277  -10.000       14.2195      196.8906
 2  79  13.847  45692.289 104.913   0.076   14.072  -10.000       14.2914      197.8867
 3  79  13.847  45692.289 104.913   0.038   12.294  -10.000       14.2914      197.8867
 4  79  13.847  45692.289 104.913   0.025   11.267  -10.000       14.2914      197.8867
 2  79  13.847  45693.262 130.201  -0.001   13.741  -10.000       14.3617      198.8594
 3  79  13.847  45693.262 130.201  -0.022   12.084  -10.000       14.3617      198.8594
 4  79  13.847  45693.262 130.201  -0.029   11.106  -10.000       14.3617      198.8594
 2  79  13.847  45694.246 155.794   0.019   13.597  -10.000       14.4328      199.8438
 3  79  13.847  45694.246 155.794   0.009   12.020  -10.000       14.4328      199.8438
 4  79  13.847  45694.246 155.794  -0.002   11.067  -10.000       14.4328      199.8438
 1  79  13.847  45695.273 182.504  -0.016   14.495  -10.000       14.5070      200.8711
 2  79  13.847  45695.273 182.504   0.092   13.460  -10.000       14.5070      200.8711
 3  79  13.847  45695.273 182.504   0.047   11.916  -10.000       14.5070      200.8711
 4  79  13.847  45695.273 182.504   0.054   11.008  -10.000       14.5070      200.8711
 3  79  13.847  45704.262  56.193  -0.023   12.213  -10.000       15.1561      209.8594
 4  79  13.847  45704.262  56.193  -0.011   11.190  -10.000       15.1561      209.8594
 2  79  13.847  45705.238  81.583   0.063   14.141  -10.000       15.2266      210.8359
 3  79  13.847  45705.238  81.583   0.031   12.324  -10.000       15.2266      210.8359
 4  79  13.847  45705.238  81.583   0.043   11.303  -10.000       15.2266      210.8359
 1  79  13.847  45706.258 108.090   0.002   15.417  -10.000       15.3003      211.8555
 2  79  13.847  45706.258 108.090   0.098   14.071  -10.000       15.3003      211.8555
 3  79  13.847  45706.258 108.090   0.029   12.273  -10.000       15.3003      211.8555
 4  79  13.847  45706.258 108.090   0.029   11.262  -10.000       15.3003      211.8555
 1  79  13.847  45707.258 134.090  -0.192   14.810  -10.000       15.3725      212.8555
 2  79  13.847  45707.258 134.090  -0.025   13.678  -10.000       15.3725      212.8555
 3  79  13.847  45707.258 134.090  -0.037   12.046  -10.000       15.3725      212.8555
 4  79  13.847  45707.258 134.090  -0.031   11.087  -10.000       15.3725      212.8555
 0 156  13.847  49656.559 213.080  -1.904  -27.400    0.760      300.5919     4162.1562
 0 156  13.847  49663.613  36.497  -1.854   -2.830    0.470      301.1014     4169.2109
 0 156  13.847  49681.383 138.483  -5.606    2.960    0.540      302.3847     4186.9805
 0 156  13.847  49682.441 166.014  -2.867  -12.750    0.400      302.4612     4188.0391
 0 156  13.847  49755.324 260.914  -1.065  -41.360    0.710      307.7248     4260.9219
 0 156  13.847  49756.383 288.435   1.548  -32.520    1.600      307.8012     4261.9805
 0 156  13.847  49810.305 250.367  -0.980  -41.700    0.680      311.6955     4315.9023
 0 156  13.847  49813.336 329.172   0.641  -21.670    0.450      311.9144     4318.9336
 0 156  13.847  49317.680  42.462   0.642   -0.700    0.140      276.1180     3823.2773
 0 156  13.847  49319.406  87.352   2.322    9.500    0.150      276.2426     3825.0039
 0 156  13.847  49323.434 192.063   0.910  -14.640    0.090      276.5335     3829.0312
 2 150  13.847  50326.430 349.244  -0.014   13.607  -10.000      348.9701     4832.0273
 3 150  13.847  50326.430 349.244   0.004   11.939  -10.000      348.9701     4832.0273
 4 150  13.847  50326.430 349.244  -0.015   10.928  -10.000      348.9701     4832.0273
 2 150  13.847  50327.469  16.260  -0.071   13.723  -10.000      349.0452     4833.0664
 3 150  13.847  50327.469  16.260  -0.055   12.002  -10.000      349.0452     4833.0664
 4 150  13.847  50327.469  16.260  -0.030   11.014  -10.000      349.0452     4833.0664
 3 150  13.847  50328.488  42.770  -0.053   12.131  -10.000      349.1188     4834.0859
 4 150  13.847  50328.488  42.770  -0.047   11.107  -10.000      349.1188     4834.0859
 2 150  13.847  50332.410 144.734  -0.056   13.562  -10.000      349.4020     4838.0078
 3 150  13.847  50332.410 144.734  -0.042   11.991  -10.000      349.4020     4838.0078
 4 150  13.847  50332.410 144.734  -0.093   10.990  -10.000      349.4020     4838.0078
 2 150  13.847  50333.414 170.837   0.016   13.559  -10.000      349.4745     4839.0117
 3 150  13.847  50333.414 170.837   0.043   12.034  -10.000      349.4745     4839.0117
 4 150  13.847  50333.414 170.837  -0.054   11.000  -10.000      349.4745     4839.0117
 2 150  13.847  50334.438 197.446  -0.039   12.882  -10.000      349.5485     4840.0352
 3 150  13.847  50334.438 197.446  -0.004   11.550  -10.000      349.5485     4840.0352
 4 150  13.847  50334.438 197.446   0.032   10.726  -10.000      349.5485     4840.0352
 2 150  13.847  50335.445 223.649   0.056   12.844  -10.000      349.6212     4841.0430
 3 150  13.847  50335.445 223.649   0.023   11.470  -10.000      349.6212     4841.0430
 4 150  13.847  50335.445 223.649  -0.009   10.589  -10.000      349.6212     4841.0430
 2 150  13.847  50337.387 274.120   0.032   13.182  -10.000      349.7614     4842.9844
 3 150  13.847  50337.387 274.120  -0.013   11.632  -10.000      349.7614     4842.9844
 4 150  13.847  50337.387 274.120  -0.037   10.690  -10.000      349.7614     4842.9844
 2 150  13.847  50338.457 301.948  -0.036   13.292  -10.000      349.8387     4844.0547
 3 150  13.847  50338.457 301.948  -0.040   11.706  -10.000      349.8387     4844.0547
 4 150  13.847  50338.457 301.948  -0.058   10.739  -10.000      349.8387     4844.0547
 2 150  13.847  50340.383 352.013  -0.031   13.607  -10.000      349.9778     4845.9805
 3 150  13.847  50340.383 352.013  -0.051   11.896  -10.000      349.9778     4845.9805
 4 150  13.847  50340.383 352.013  -0.073   10.879  -10.000      349.9778     4845.9805
 2 150  13.847  50341.395  18.314  -0.034   13.774  -10.000      350.0509     4846.9922
 3 150  13.847  50341.395  18.314  -0.040   12.028  -10.000      350.0509     4846.9922
 4 150  13.847  50341.395  18.314  -0.049   11.004  -10.000      350.0509     4846.9922
 2 150  13.847  50342.398  44.418  -0.062   13.906  -10.000      350.1234     4847.9961
 3 150  13.847  50342.398  44.418  -0.044   12.146  -10.000      350.1234     4847.9961
 4 150  13.847  50342.398  44.418  -0.070   11.090  -10.000      350.1234     4847.9961
 2 150  13.847  50344.391  96.218   0.070   14.115  -10.000      350.2673     4849.9883
 3 150  13.847  50344.391  96.218  -0.002   12.280  -10.000      350.2673     4849.9883
 4 150  13.847  50344.391  96.218  -0.047   11.211  -10.000      350.2673     4849.9883
 2 150  13.847  50347.402 174.518   0.045   13.553  -10.000      350.4848     4853.0000
 3 150  13.847  50347.402 174.518   0.001   11.968  -10.000      350.4848     4853.0000
 4 150  13.847  50347.402 174.518   0.022   11.056  -10.000      350.4848     4853.0000
 3  64  13.847  48514.879  50.224  -0.025   12.188  -10.000      218.1395     3020.4766
 4  64  13.847  48514.879  50.224  -0.027   11.153  -10.000      218.1395     3020.4766
 3  64  13.847  48527.969  30.547   0.001   12.130  -10.000      219.0849     3033.5664
 4  64  13.847  48527.969  30.547  -0.029   11.076  -10.000      219.0849     3033.5664
 3  64  13.847  48536.809 260.381  -0.021   11.571  -10.000      219.7233     3042.4062
 4  64  13.847  48536.809 260.381  -0.015   10.677  -10.000      219.7233     3042.4062
 3  64  13.847  48546.777 159.560   0.029   12.040  -10.000      220.4432     3052.3750
 4  64  13.847  48546.777 159.560  -0.008   11.061  -10.000      220.4432     3052.3750
 3  64  13.847  48565.645 290.094  -0.016   11.685  -10.000      221.8058     3071.2422
 4  64  13.847  48565.645 290.094  -0.019   10.745  -10.000      221.8058     3071.2422
 3  64  13.847  48586.664 116.587   0.066   12.265  -10.000      223.3239     3092.2617
 4  64  13.847  48586.664 116.587   0.048   11.250  -10.000      223.3239     3092.2617
 3  64  13.847  48604.641 223.962   0.035   11.483  -10.000      224.6221     3110.2383
 4  64  13.847  48604.641 223.962   0.061   10.660  -10.000      224.6221     3110.2383
 3  64  13.847  48654.543  81.387   0.046   12.339  -10.000      228.2261     3160.1406
 4  64  13.847  48654.543  81.387   0.024   11.283  -10.000      228.2261     3160.1406
 3  64  13.847  48672.652 192.217   0.112   11.781  -10.000      229.5339     3178.2500
 4  64  13.847  48672.652 192.217   0.106   10.896  -10.000      229.5339     3178.2500
 3  64  13.847  48720.602 358.863  -0.005   11.973  -10.000      232.9968     3226.1992
 4  64  13.847  48720.602 358.863  -0.030   10.948  -10.000      232.9968     3226.1992
 3  64  13.847  48979.633 253.493  -0.004   11.563  -10.000      251.7041     3485.2305
 4  64  13.847  48979.633 253.493  -0.002   10.675  -10.000      251.7041     3485.2305
 3  64  13.847  48980.633 279.492  -0.018   11.646  -10.000      251.7764     3486.2305
 4  64  13.847  48980.633 279.492  -0.019   10.721  -10.000      251.7764     3486.2305
 3   9  13.847  43814.961 255.729   0.025   11.600  -10.000     -121.2896    -1679.4414
14   9  13.847  43814.961 255.729   0.011   13.570  -10.000     -121.2896    -1679.4414
15   9  13.847  43814.961 255.729   0.040   12.040  -10.000     -121.2896    -1679.4414
16   9  13.847  43814.961 255.729   0.068   10.810  -10.000     -121.2896    -1679.4414
17   9  13.847  43814.961 255.729   0.047    9.860  -10.000     -121.2896    -1679.4414
 3   9  13.847  43787.980 274.254   0.015   11.660  -10.000     -123.2382    -1706.4219
14   9  13.847  43787.980 274.254   0.015   13.740  -10.000     -123.2382    -1706.4219
15   9  13.847  43787.980 274.254   0.016   12.100  -10.000     -123.2382    -1706.4219
16   9  13.847  43787.980 274.254   0.034   10.820  -10.000     -123.2382    -1706.4219
17   9  13.847  43787.980 274.254   0.005    9.840  -10.000     -123.2382    -1706.4219
 3   9  13.847  43428.012 275.328  -0.049   11.600  -10.000     -149.2352    -2066.3906
14   9  13.847  43428.012 275.328  -0.055   13.680  -10.000     -149.2352    -2066.3906
15   9  13.847  43428.012 275.328   0.002   12.090  -10.000     -149.2352    -2066.3906
16   9  13.847  43428.012 275.328   0.002   10.790  -10.000     -149.2352    -2066.3906
17   9  13.847  43428.012 275.328  -0.027    9.810  -10.000     -149.2352    -2066.3906
 3   9  13.847  43428.941 299.498  -0.046   11.690  -10.000     -149.1681    -2065.4609
14   9  13.847  43428.941 299.498  -0.032   13.900  -10.000     -149.1681    -2065.4609
15   9  13.847  43428.941 299.498  -0.021   12.170  -10.000     -149.1681    -2065.4609
16   9  13.847  43428.941 299.498   0.005   10.850  -10.000     -149.1681    -2065.4609
17   9  13.847  43428.941 299.498  -0.009    9.860  -10.000     -149.1681    -2065.4609
 3   9  13.847  43456.879 305.854   0.038   11.800  -10.000     -147.1504    -2037.5234
14   9  13.847  43456.879 305.854   0.065   14.050  -10.000     -147.1504    -2037.5234
15   9  13.847  43456.879 305.854   0.050   12.270  -10.000     -147.1504    -2037.5234
16   9  13.847  43456.879 305.854   0.046   10.910  -10.000     -147.1504    -2037.5234
17   9  13.847  43456.879 305.854   0.038    9.920  -10.000     -147.1504    -2037.5234
 3   9  13.847  43457.840 330.837  -0.029   11.830  -10.000     -147.0810    -2036.5625
14   9  13.847  43457.840 330.837   0.034   14.210  -10.000     -147.0810    -2036.5625
15   9  13.847  43457.840 330.837  -0.020   12.310  -10.000     -147.0810    -2036.5625
16   9  13.847  43457.840 330.837  -0.015   10.920  -10.000     -147.0810    -2036.5625
17   9  13.847  43457.840 330.837  -0.022    9.910  -10.000     -147.0810    -2036.5625
 3   9  13.847  43790.910 350.425   0.000   11.940  -10.000     -123.0266    -1703.4922
14   9  13.847  43790.910 350.425   0.030   14.350  -10.000     -123.0266    -1703.4922
15   9  13.847  43790.910 350.425   0.039   12.460  -10.000     -123.0266    -1703.4922
16   9  13.847  43790.910 350.425   0.032   11.030  -10.000     -123.0266    -1703.4922
17   9  13.847  43790.910 350.425   0.019   10.000  -10.000     -123.0266    -1703.4922
 3   9  13.847  43541.809 353.963   0.005   11.960  -10.000     -141.0168    -1952.5938
14   9  13.847  43541.809 353.963   0.103   14.450  -10.000     -141.0168    -1952.5938
15   9  13.847  43541.809 353.963   0.033   12.470  -10.000     -141.0168    -1952.5938
16   9  13.847  43541.809 353.963   0.029   11.040  -10.000     -141.0168    -1952.5938
17   9  13.847  43541.809 353.963   0.009   10.000  -10.000     -141.0168    -1952.5938
 3   9  13.847  43542.730  17.930  -0.056   12.010  -10.000     -140.9502    -1951.6719
14   9  13.847  43542.730  17.930   0.039   14.570  -10.000     -140.9502    -1951.6719
15   9  13.847  43542.730  17.930  -0.028   12.530  -10.000     -140.9502    -1951.6719
16   9  13.847  43542.730  17.930  -0.021   11.080  -10.000     -140.9502    -1951.6719
17   9  13.847  43542.730  17.930  -0.015   10.050  -10.000     -140.9502    -1951.6719
 3   9  13.847  43806.930  46.923  -0.021   12.180  -10.000     -121.8697    -1687.4727
14   9  13.847  43806.930  46.923  -0.004   14.730  -10.000     -121.8697    -1687.4727
15   9  13.847  43806.930  46.923   0.017   12.720  -10.000     -121.8697    -1687.4727
16   9  13.847  43806.930  46.923   0.013   11.230  -10.000     -121.8697    -1687.4727
17   9  13.847  43806.930  46.923  -0.006   10.160  -10.000     -121.8697    -1687.4727
 3   9  13.847  43460.840  48.834   0.012   12.220  -10.000     -146.8643    -2033.5625
14   9  13.847  43460.840  48.834   0.066   14.810  -10.000     -146.8643    -2033.5625
15   9  13.847  43460.840  48.834   0.019   12.730  -10.000     -146.8643    -2033.5625
16   9  13.847  43460.840  48.834   0.056   11.280  -10.000     -146.8643    -2033.5625
17   9  13.847  43460.840  48.834   0.037   10.210  -10.000     -146.8643    -2033.5625
 3   9  13.847  43463.828 126.530  -0.020   12.110  -10.000     -146.6485    -2030.5742
14   9  13.847  43463.828 126.530  -0.032   14.420  -10.000     -146.6485    -2030.5742
15   9  13.847  43463.828 126.530   0.007   12.610  -10.000     -146.6485    -2030.5742
16   9  13.847  43463.828 126.530   0.025   11.230  -10.000     -146.6485    -2030.5742
17   9  13.847  43463.828 126.530  -0.001   10.200  -10.000     -146.6485    -2030.5742
 3   9  13.847  43464.840 152.831  -0.033   11.980  -10.000     -146.5755    -2029.5625
14   9  13.847  43464.840 152.831  -0.029   14.170  -10.000     -146.5755    -2029.5625
15   9  13.847  43464.840 152.831   0.003   12.470  -10.000     -146.5755    -2029.5625
16   9  13.847  43464.840 152.831  -0.005   11.120  -10.000     -146.5755    -2029.5625
17   9  13.847  43464.840 152.831  -0.012   10.140  -10.000     -146.5755    -2029.5625
 3   9  13.847  43784.941 195.244   0.059   11.660  -10.000     -123.4577    -1709.4609
14   9  13.847  43784.941 195.244  -0.035   13.450  -10.000     -123.4577    -1709.4609
15   9  13.847  43784.941 195.244   0.068   12.080  -10.000     -123.4577    -1709.4609
16   9  13.847  43784.941 195.244   0.105   10.900  -10.000     -123.4577    -1709.4609
17   9  13.847  43784.941 195.244   0.102    9.990  -10.000     -123.4577    -1709.4609
 3   9  13.847  43786.000 222.764   0.017   11.460  -10.000     -123.3812    -1708.4023
14   9  13.847  43786.000 222.764   0.023   13.270  -10.000     -123.3812    -1708.4023
15   9  13.847  43786.000 222.764   0.038   11.880  -10.000     -123.3812    -1708.4023
16   9  13.847  43786.000 222.764   0.031   10.690  -10.000     -123.3812    -1708.4023
17   9  13.847  43786.000 222.764   0.021    9.790  -10.000     -123.3812    -1708.4023
