 2  79  20.054  44825.410  87.536  -0.035   15.002  -10.000      -44.7568     -897.5508
 3  79  20.054  44825.410  87.536   0.017   12.445  -10.000      -44.7568     -897.5508
 2  79  20.054  44827.273 120.986   0.006   14.864  -10.000      -44.6639     -895.6875
 3  79  20.054  44827.273 120.986   0.033   12.382  -10.000      -44.6639     -895.6875
 2  79  20.054  44829.297 157.309  -0.028   14.643  -10.000      -44.5630     -893.6641
 3  79  20.054  44829.297 157.309  -0.039   12.224  -10.000      -44.5630     -893.6641
 2  79  20.054  44830.273 174.841   0.268   14.449  -10.000      -44.5143     -892.6875
 3  79  20.054  44830.273 174.841   0.156   12.088  -10.000      -44.5143     -892.6875
 2  79  20.054  44831.270 192.722  -0.113   13.379  -10.000      -44.4647     -891.6914
 3  79  20.054  44831.270 192.722  -0.115   11.334  -10.000      -44.4647     -891.6914
 2  79  20.054  44832.277 210.814  -0.002   13.475  -10.000      -44.4144     -890.6836
 3  79  20.054  44832.277 210.814  -0.017   11.409  -10.000      -44.4144     -890.6836
 2  79  20.054  44833.262 228.484  -0.005   13.622  -10.000      -44.3653     -889.6992
 3  79  20.054  44833.262 228.484  -0.024   11.481  -10.000      -44.3653     -889.6992
 2  79  20.054  44834.379 248.540  -0.006   13.800  -10.000      -44.3096     -888.5820
 3  79  20.054  44834.379 248.540  -0.003   11.593  -10.000      -44.3096     -888.5820
 2  79  20.054  44835.383 266.561  -0.021   13.932  -10.000      -44.2596     -887.5781
 3  79  20.054  44835.383 266.561  -0.019   11.654  -10.000      -44.2596     -887.5781
 2  79  20.054  44836.422 285.215  -0.003   14.098  -10.000      -44.2077     -886.5391
 3  79  20.054  44836.422 285.215  -0.022   11.733  -10.000      -44.2077     -886.5391
 2  79  20.054  44841.246  11.817  -0.028   14.720  -10.000      -43.9672     -881.7148
 3  79  20.054  44841.246  11.817  -0.011   12.160  -10.000      -43.9672     -881.7148
 2  79  20.054  44844.242  65.601  -0.046   14.985  -10.000      -43.8178     -878.7188
 3  79  20.054  44844.242  65.601   0.022   12.422  -10.000      -43.8178     -878.7188
 2  79  20.054  44846.258 101.786   0.060   15.039  -10.000      -43.7173     -876.7031
 3  79  20.054  44846.258 101.786   0.053   12.458  -10.000      -43.7173     -876.7031
 2  79  20.054  44847.234 119.316   0.026   14.895  -10.000      -43.6686     -875.7266
 3  79  20.054  44847.234 119.316   0.024   12.379  -10.000      -43.6686     -875.7266
 2  79  20.054  44848.223 137.057  -0.084   14.701  -10.000      -43.6193     -874.7383
 3  79  20.054  44848.223 137.057  -0.059   12.262  -10.000      -43.6193     -874.7383
 2  79  20.054  44849.254 155.569  -0.017   14.672  -10.000      -43.5679     -873.7070
 3  79  20.054  44849.254 155.569  -0.040   12.234  -10.000      -43.5679     -873.7070
 2  79  20.054  44850.246 173.381   0.284   14.529  -10.000      -43.5184     -872.7148
 3  79  20.054  44850.246 173.381   0.184   12.160  -10.000      -43.5184     -872.7148
 2  79  20.054  44851.246 191.332  -0.057   13.462  -10.000      -43.4685     -871.7148
 3  79  20.054  44851.246 191.332  -0.051   11.416  -10.000      -43.4685     -871.7148
 2  79  20.054  44852.238 209.144   0.008   13.475  -10.000      -43.4190     -870.7227
 3  79  20.054  44852.238 209.144  -0.022   11.399  -10.000      -43.4190     -870.7227
 2  79  20.054  44853.250 227.306   0.003   13.620  -10.000      -43.3686     -869.7109
 3  79  20.054  44853.250 227.306  -0.011   11.488  -10.000      -43.3686     -869.7109
 2  79  20.054  44854.242 245.117  -0.001   13.776  -10.000      -43.3191     -868.7188
 3  79  20.054  44854.242 245.117  -0.019   11.563  -10.000      -43.3191     -868.7188
 2  79  20.054  44855.234 262.929  -0.017   13.904  -10.000      -43.2696     -867.7266
 3  79  20.054  44855.234 262.929  -0.009   11.647  -10.000      -43.2696     -867.7266
 2  79  20.054  44856.230 280.811  -0.038   14.028  -10.000      -43.2200     -866.7305
 3  79  20.054  44856.230 280.811  -0.013   11.723  -10.000      -43.2200     -866.7305
 2  79  20.054  44857.230 298.762  -0.033   14.183  -10.000      -43.1701     -865.7305
 3  79  20.054  44857.230 298.762  -0.014   11.809  -10.000      -43.1701     -865.7305
 2  79  20.054  44858.332 318.536  -0.065   14.301  -10.000      -43.1152     -864.6289
 3  79  20.054  44858.332 318.536  -0.067   11.845  -10.000      -43.1152     -864.6289
 2  79  20.054  44859.238 334.806  -0.009   14.478  -10.000      -43.0700     -863.7227
 3  79  20.054  44859.238 334.806  -0.011   11.979  -10.000      -43.0700     -863.7227
 2  79  20.054  44880.211 351.297  -0.039   14.562  -10.000      -42.0242     -842.7500
 3  79  20.054  44880.211 351.297  -0.030   12.037  -10.000      -42.0242     -842.7500
 2  79  20.054  44881.199   9.039  -0.030   14.699  -10.000      -41.9749     -841.7617
 3  79  20.054  44881.199   9.039  -0.039   12.119  -10.000      -41.9749     -841.7617
 2  79  20.054  44882.246  27.832  -0.050   14.818  -10.000      -41.9227     -840.7148
 3  79  20.054  44882.246  27.832  -0.006   12.254  -10.000      -41.9227     -840.7148
 2  79  20.054  44884.207  63.034   0.003   15.030  -10.000      -41.8249     -838.7539
 3  79  20.054  44884.207  63.034   0.024   12.419  -10.000      -41.8249     -838.7539
 2  79  20.054  45174.418 232.782  -0.023   13.641  -10.000      -27.3534     -548.5430
 3  79  20.054  45174.418 232.782  -0.024   11.500  -10.000      -27.3534     -548.5430
 2  79  20.054  45175.438 251.084  -0.042   13.784  -10.000      -27.3025     -547.5234
 3  79  20.054  45175.438 251.084  -0.052   11.554  -10.000      -27.3025     -547.5234
 2  79  20.054  45176.402 268.404  -0.032   13.936  -10.000      -27.2544     -546.5586
 3  79  20.054  45176.402 268.404  -0.026   11.656  -10.000      -27.2544     -546.5586
 2  79  20.054  45178.402 304.308  -0.038   14.219  -10.000      -27.1547     -544.5586
 3  79  20.054  45178.402 304.308  -0.038   11.808  -10.000      -27.1547     -544.5586
 2  79  20.054  45179.312 320.646  -0.047   14.335  -10.000      -27.1093     -543.6484
 3  79  20.054  45179.312 320.646  -0.026   11.896  -10.000      -27.1093     -543.6484
 2  79  20.054  45180.312 338.598  -0.071   14.444  -10.000      -27.0595     -542.6484
 3  79  20.054  45180.312 338.598  -0.047   11.961  -10.000      -27.0595     -542.6484
 2  79  20.054  45181.270 355.778  -0.045   14.588  -10.000      -27.0117     -541.6914
 3  79  20.054  45181.270 355.778  -0.014   12.076  -10.000      -27.0117     -541.6914
 2  79  20.054  45182.273  13.800  -0.064   14.699  -10.000      -26.9617     -540.6875
 3  79  20.054  45182.273  13.800  -0.025   12.157  -10.000      -26.9617     -540.6875
 2  79  20.054  45183.297  32.172  -0.053   14.841  -10.000      -26.9106     -539.6641
 3  79  20.054  45183.297  32.172  -0.010   12.271  -10.000      -26.9106     -539.6641
 2  79  20.054  45184.301  50.194  -0.066   14.918  -10.000      -26.8606     -538.6602
 3  79  20.054  45184.301  50.194  -0.012   12.341  -10.000      -26.8606     -538.6602
 2  79  20.054  45186.332  86.658  -0.011   15.028  -10.000      -26.7593     -536.6289
 3  79  20.054  45186.332  86.658   0.010   12.438  -10.000      -26.7593     -536.6289
 2  79  20.054  45187.305 104.119   0.044   15.010  -10.000      -26.7108     -535.6562
 3  79  20.054  45187.305 104.119   0.012   12.412  -10.000      -26.7108     -535.6562
 2  79  20.054  45188.320 122.351  -0.014   14.835  -10.000      -26.6601     -534.6406
 3  79  20.054  45188.320 122.351  -0.002   12.343  -10.000      -26.6601     -534.6406
 2  79  20.054  45189.328 140.442  -0.091   14.678  -10.000      -26.6099     -533.6328
 3  79  20.054  45189.328 140.442  -0.080   12.235  -10.000      -26.6099     -533.6328
 2  79  20.054  45190.359 158.955   0.003   14.654  -10.000      -26.5585     -532.6016
 3  79  20.054  45190.359 158.955  -0.019   12.231  -10.000      -26.5585     -532.6016
 2  79  20.054  45191.359 176.907   0.261   14.347  -10.000      -26.5086     -531.6016
 3  79  20.054  45191.359 176.907   0.183   12.048  -10.000      -26.5086     -531.6016
 2  79  20.054  45192.355 194.788  -0.114   13.349  -10.000      -26.4589     -530.6055
 3  79  20.054  45192.355 194.788  -0.109   11.319  -10.000      -26.4589     -530.6055
 2  79  20.054  45193.387 213.301   0.024   13.519  -10.000      -26.4075     -529.5742
 3  79  20.054  45193.387 213.301  -0.008   11.426  -10.000      -26.4075     -529.5742
 2  79  20.054  45194.375 231.042  -0.030   13.619  -10.000      -26.3582     -528.5859
 3  79  20.054  45194.375 231.042  -0.046   11.470  -10.000      -26.3582     -528.5859
 2  79  20.054  45195.359 248.713  -0.036   13.771  -10.000      -26.3091     -527.6016
 3  79  20.054  45195.359 248.713  -0.021   11.576  -10.000      -26.3091     -527.6016
 2  79  20.054  45198.379 302.918  -0.041   14.205  -10.000      -26.1586     -524.5820
 3  79  20.054  45198.379 302.918  -0.020   11.820  -10.000      -26.1586     -524.5820
 2  79  20.054  45201.355 356.353  -0.048   14.590  -10.000      -26.0101     -521.6055
 3  79  20.054  45201.355 356.353  -0.018   12.075  -10.000      -26.0101     -521.6055
 2  79  20.054  45203.293  31.134  -0.054   14.834  -10.000      -25.9135     -519.6680
 3  79  20.054  45203.293  31.134  -0.026   12.250  -10.000      -25.9135     -519.6680
 2  79  20.054  45208.320 121.382   0.018   14.873  -10.000      -25.6628     -514.6406
 3  79  20.054  45208.320 121.382   0.031   12.379  -10.000      -25.6628     -514.6406
 2  79  20.054  45209.266 138.352  -0.070   14.709  -10.000      -25.6157     -513.6953
 3  79  20.054  45209.266 138.352  -0.071   12.248  -10.000      -25.6157     -513.6953
 2  79  20.054  45210.309 157.076  -0.020   14.654  -10.000      -25.5637     -512.6523
 3  79  20.054  45210.309 157.076  -0.033   12.231  -10.000      -25.5637     -512.6523
 2  79  20.054  45211.270 174.326   0.255   14.459  -10.000      -25.5158     -511.6914
 3  79  20.054  45211.270 174.326   0.159   12.107  -10.000      -25.5158     -511.6914
 2  79  20.054  45212.305 192.908  -0.085   13.404  -10.000      -25.4641     -510.6562
 3  79  20.054  45212.305 192.908  -0.067   11.379  -10.000      -25.4641     -510.6562
 2  79  20.054  45213.273 210.299   0.007   13.481  -10.000      -25.4158     -509.6875
 3  79  20.054  45213.273 210.299  -0.040   11.384  -10.000      -25.4158     -509.6875
 3  79  20.054  45648.227  98.399   0.065   12.477  -10.000       -3.7267      -74.7344
 4  79  20.054  45648.227  98.399   0.049   10.910  -10.000       -3.7267      -74.7344
 3  79  20.054  45649.246 116.701   0.020   12.384  -10.000       -3.6758      -73.7148
 4  79  20.054  45649.246 116.701  -0.016   10.821  -10.000       -3.6758      -73.7148
 3  79  20.054  45658.180 277.074   0.051   11.772  -10.000       -3.2304      -64.7812
 4  79  20.054  45658.180 277.074   0.044   10.324  -10.000       -3.2304      -64.7812
 3  79  20.054  45665.203  43.155  -0.009   12.317  -10.000       -2.8801      -57.7578
 3  79  20.054  45666.164  60.406  -0.010   12.378  -10.000       -2.8322      -56.7969
 3  79  20.054  45674.176 204.229  -0.080   11.330  -10.000       -2.4327      -48.7852
 4  79  20.054  45674.176 204.229  -0.079   10.009  -10.000       -2.4327      -48.7852
 3  79  20.054  45676.148 239.641  -0.025   11.531  -10.000       -2.3343      -46.8125
 4  79  20.054  45676.148 239.641  -0.030   10.146  -10.000       -2.3343      -46.8125
 2  79  20.054  45864.273  16.784  -0.048   14.737  -10.000        7.0466      141.3125
 3  79  20.054  45864.273  16.784  -0.009   12.189  -10.000        7.0466      141.3125
 4  79  20.054  45864.273  16.784  -0.036   10.609  -10.000        7.0466      141.3125
 2  79  20.054  45866.273  52.687  -0.048   14.946  -10.000        7.1464      143.3125
 3  79  20.054  45866.273  52.687   0.003   12.365  -10.000        7.1464      143.3125
 4  79  20.054  45866.273  52.687   0.001   10.791  -10.000        7.1464      143.3125
 2  79  20.054  45867.250  70.218  -0.010   15.027  -10.000        7.1951      144.2891
 3  79  20.054  45867.250  70.218   0.011   12.420  -10.000        7.1951      144.2891
 4  79  20.054  45867.250  70.218  -0.012   10.827  -10.000        7.1951      144.2891
 2  79  20.054  45868.320  89.432   0.001   15.032  -10.000        7.2484      145.3594
 3  79  20.054  45868.320  89.432   0.031   12.457  -10.000        7.2484      145.3594
 4  79  20.054  45868.320  89.432   0.000   10.865  -10.000        7.2484      145.3594
 2  79  20.054  45869.355 108.015   0.056   15.000  -10.000        7.3000      146.3945
 3  79  20.054  45869.355 108.015   0.040   12.430  -10.000        7.3000      146.3945
 4  79  20.054  45869.355 108.015   0.001   10.852  -10.000        7.3000      146.3945
 2  79  20.054  45870.410 126.948   0.011   14.834  -10.000        7.3526      147.4492
 3  79  20.054  45870.410 126.948   0.002   12.335  -10.000        7.3526      147.4492
 4  79  20.054  45870.410 126.948  -0.040   10.781  -10.000        7.3526      147.4492
 2  79  20.054  45871.406 144.829  -0.075   14.673  -10.000        7.4023      148.4453
 3  79  20.054  45871.406 144.829  -0.066   12.239  -10.000        7.4023      148.4453
 4  79  20.054  45871.406 144.829  -0.094   10.718  -10.000        7.4023      148.4453
 2  79  20.054  45872.305 160.958   0.026   14.646  -10.000        7.4471      149.3438
 3  79  20.054  45872.305 160.958   0.027   12.256  -10.000        7.4471      149.3438
 4  79  20.054  45872.305 160.958  -0.016   10.742  -10.000        7.4471      149.3438
 2  79  20.054  45873.398 180.592   0.210   14.121  -10.000        7.5016      150.4375
 3  79  20.054  45873.398 180.592   0.161   11.903  -10.000        7.5016      150.4375
 4  79  20.054  45873.398 180.592   0.094   10.458  -10.000        7.5016      150.4375
 2  79  20.054  45874.398 198.544  -0.089   13.350  -10.000        7.5515      151.4375
 3  79  20.054  45874.398 198.544  -0.085   11.325  -10.000        7.5515      151.4375
 4  79  20.054  45874.398 198.544  -0.090   10.000  -10.000        7.5515      151.4375
 1  79  20.054  45875.285 214.462   0.288   15.417  -10.000        7.5957      152.3242
 2  79  20.054  45875.285 214.462   0.038   13.542  -10.000        7.5957      152.3242
 3  79  20.054  45875.285 214.462   0.001   11.440  -10.000        7.5957      152.3242
 4  79  20.054  45875.285 214.462  -0.029   10.074  -10.000        7.5957      152.3242
 1  79  20.054  45876.402 234.517   0.118   15.532  -10.000        7.6514      153.4414
 2  79  20.054  45876.402 234.517   0.018   13.698  -10.000        7.6514      153.4414
 3  79  20.054  45876.402 234.517  -0.019   11.512  -10.000        7.6514      153.4414
 4  79  20.054  45876.402 234.517  -0.027   10.134  -10.000        7.6514      153.4414
 2  79  20.054  45877.387 252.188   0.017   13.852  -10.000        7.7005      154.4258
 3  79  20.054  45877.387 252.188  -0.012   11.598  -10.000        7.7005      154.4258
 4  79  20.054  45877.387 252.188  -0.031   10.177  -10.000        7.7005      154.4258
 2  79  20.054  45878.285 268.317  -0.009   13.959  -10.000        7.7453      155.3242
 3  79  20.054  45878.285 268.317  -0.022   11.660  -10.000        7.7453      155.3242
 4  79  20.054  45878.285 268.317  -0.044   10.210  -10.000        7.7453      155.3242
 2  79  20.054  45879.367 287.741  -0.010   14.112  -10.000        7.7993      156.4062
 3  79  20.054  45879.367 287.741  -0.004   11.763  -10.000        7.7993      156.4062
 4  79  20.054  45879.367 287.741  -0.035   10.276  -10.000        7.7993      156.4062
 2  79  20.054  45880.371 305.763  -0.010   14.257  -10.000        7.8493      157.4102
 3  79  20.054  45880.371 305.763  -0.014   11.838  -10.000        7.8493      157.4102
 4  79  20.054  45880.371 305.763  -0.049   10.321  -10.000        7.8493      157.4102
 2  79  20.054  45881.363 323.574  -0.016   14.387  -10.000        7.8988      158.4023
 3  79  20.054  45881.363 323.574   0.020   11.955  -10.000        7.8988      158.4023
 4  79  20.054  45881.363 323.574  -0.015   10.416  -10.000        7.8988      158.4023
 2  79  20.054  45882.355 341.385   0.008   14.542  -10.000        7.9483      159.3945
 3  79  20.054  45882.355 341.385   0.005   12.026  -10.000        7.9483      159.3945
 4  79  20.054  45882.355 341.385  -0.018   10.481  -10.000        7.9483      159.3945
 2  79  20.054  45883.371 359.617   0.005   14.667  -10.000        7.9989      160.4102
 3  79  20.054  45883.371 359.617   0.018   12.128  -10.000        7.9989      160.4102
 4  79  20.054  45883.371 359.617  -0.004   10.568  -10.000        7.9989      160.4102
 2  79  20.054  45886.375  53.542   0.001   14.999  -10.000        8.1487      163.4141
 3  79  20.054  45886.375  53.542   0.015   12.380  -10.000        8.1487      163.4141
 4  79  20.054  45886.375  53.542  -0.007   10.786  -10.000        8.1487      163.4141
 2  79  20.054  45887.379  71.564  -0.017   15.022  -10.000        8.1988      164.4180
 3  79  20.054  45887.379  71.564   0.013   12.425  -10.000        8.1988      164.4180
 4  79  20.054  45887.379  71.564   0.007   10.849  -10.000        8.1988      164.4180
 2  79  20.054  47409.277  32.061  -0.041   14.853  -10.000       84.0891     1686.3164
 3  79  20.054  47409.277  32.061   0.048   12.328  -10.000       84.0891     1686.3164
 4  79  20.054  47409.277  32.061   0.053   10.769  -10.000       84.0891     1686.3164
 2  79  20.054  47410.297  50.364  -0.016   14.968  -10.000       84.1399     1687.3359
 3  79  20.054  47410.297  50.364   0.046   12.399  -10.000       84.1399     1687.3359
 4  79  20.054  47410.297  50.364   0.050   10.832  -10.000       84.1399     1687.3359
 2  79  20.054  47411.305  68.456   0.007   15.041  -10.000       84.1902     1688.3438
 3  79  20.054  47411.305  68.456   0.056   12.462  -10.000       84.1902     1688.3438
 4  79  20.054  47411.305  68.456   0.048   10.884  -10.000       84.1902     1688.3438
 2  79  20.054  47413.270 103.727   0.063   15.032  -10.000       84.2881     1690.3086
 3  79  20.054  47413.270 103.727   0.084   12.485  -10.000       84.2881     1690.3086
 4  79  20.054  47413.270 103.727   0.049   10.905  -10.000       84.2881     1690.3086
 2  79  20.054  47414.277 121.819   0.038   14.890  -10.000       84.3384     1691.3164
 3  79  20.054  47414.277 121.819   0.025   12.371  -10.000       84.3384     1691.3164
 4  79  20.054  47414.277 121.819   0.024   10.851  -10.000       84.3384     1691.3164
 2  79  20.054  47415.254 139.351  -0.098   14.677  -10.000       84.3871     1692.2930
 3  79  20.054  47415.254 139.351  -0.023   12.294  -10.000       84.3871     1692.2930
 4  79  20.054  47415.254 139.351  -0.035   10.783  -10.000       84.3871     1692.2930
 2  79  20.054  47416.254 157.302  -0.020   14.651  -10.000       84.4370     1693.2930
 3  79  20.054  47416.254 157.302  -0.003   12.260  -10.000       84.4370     1693.2930
 4  79  20.054  47416.254 157.302  -0.012   10.772  -10.000       84.4370     1693.2930
 2  79  20.054  47417.242 175.042   0.184   14.356  -10.000       84.4862     1694.2812
 3  79  20.054  47417.242 175.042   0.136   12.061  -10.000       84.4862     1694.2812
 4  79  20.054  47417.242 175.042   0.101   10.615  -10.000       84.4862     1694.2812
 2  79  20.054  47418.242 192.994  -0.068   13.420  -10.000       84.5361     1695.2812
 3  79  20.054  47418.242 192.994  -0.076   11.369  -10.000       84.5361     1695.2812
 4  79  20.054  47418.242 192.994  -0.058   10.061  -10.000       84.5361     1695.2812
 2  79  20.054  47419.219 210.526   0.092   13.567  -10.000       84.5848     1696.2578
 3  79  20.054  47419.219 210.526   0.053   11.478  -10.000       84.5848     1696.2578
 4  79  20.054  47419.219 210.526   0.035   10.131  -10.000       84.5848     1696.2578
 2  79  20.054  47420.219 228.477   0.027   13.654  -10.000       84.6347     1697.2578
 3  79  20.054  47420.219 228.477   0.021   11.526  -10.000       84.6347     1697.2578
 4  79  20.054  47420.219 228.477   0.015   10.160  -10.000       84.6347     1697.2578
 2  79  20.054  47421.207 246.217   0.025   13.811  -10.000       84.6839     1698.2461
 3  79  20.054  47421.207 246.217   0.027   11.613  -10.000       84.6839     1698.2461
 4  79  20.054  47421.207 246.217   0.033   10.227  -10.000       84.6839     1698.2461
 2  79  20.054  47422.223 264.449  -0.017   13.917  -10.000       84.7346     1699.2617
 3  79  20.054  47422.223 264.449  -0.014   11.649  -10.000       84.7346     1699.2617
 4  79  20.054  47422.223 264.449  -0.027   10.215  -10.000       84.7346     1699.2617
 2  79  20.054  47423.227 282.472   0.024   14.103  -10.000       84.7846     1700.2656
 3  79  20.054  47423.227 282.472   0.017   11.760  -10.000       84.7846     1700.2656
 4  79  20.054  47423.227 282.472   0.014   10.308  -10.000       84.7846     1700.2656
 2  79  20.054  47424.234 300.564  -0.008   14.221  -10.000       84.8349     1701.2734
 3  79  20.054  47424.234 300.564  -0.010   11.820  -10.000       84.8349     1701.2734
 4  79  20.054  47424.234 300.564  -0.010   10.346  -10.000       84.8349     1701.2734
 2  79  20.054  47425.254 318.864   0.026   14.395  -10.000       84.8857     1702.2930
 3  79  20.054  47425.254 318.864   0.029   11.943  -10.000       84.8857     1702.2930
 4  79  20.054  47425.254 318.864   0.029   10.445  -10.000       84.8857     1702.2930
 3  79  20.054  47427.285 355.331   0.037   12.124  -10.000       84.9870     1704.3242
 4  79  20.054  47427.285 355.331   0.045   10.598  -10.000       84.9870     1704.3242
 2  79  20.054  47428.215  12.019  -0.028   14.722  -10.000       85.0334     1705.2539
 3  79  20.054  47428.215  12.019   0.020   12.193  -10.000       85.0334     1705.2539
 4  79  20.054  47428.215  12.019   0.031   10.655  -10.000       85.0334     1705.2539
 2  79  20.054  47429.215  29.971   0.045   14.926  -10.000       85.0833     1706.2539
 3  79  20.054  47429.215  29.971   0.085   12.356  -10.000       85.0833     1706.2539
 4  79  20.054  47429.215  29.971   0.084   10.792  -10.000       85.0833     1706.2539
 2  79  20.054  47430.207  47.782  -0.011   14.962  -10.000       85.1327     1707.2461
 3  79  20.054  47430.207  47.782   0.034   12.378  -10.000       85.1327     1707.2461
 4  79  20.054  47430.207  47.782   0.057   10.830  -10.000       85.1327     1707.2461
 2  79  20.054  47431.254  66.574   0.054   15.086  -10.000       85.1849     1708.2930
 3  79  20.054  47431.254  66.574   0.062   12.464  -10.000       85.1849     1708.2930
 4  79  20.054  47431.254  66.574   0.059   10.891  -10.000       85.1849     1708.2930
 2  79  20.054  47432.242  84.317  -0.015   15.029  -10.000       85.2342     1709.2812
 3  79  20.054  47432.242  84.317   0.033   12.462  -10.000       85.2342     1709.2812
 4  79  20.054  47432.242  84.317   0.046   10.911  -10.000       85.2342     1709.2812
 2  79  20.054  47433.238 102.198   0.052   15.029  -10.000       85.2839     1710.2773
 3  79  20.054  47433.238 102.198   0.056   12.461  -10.000       85.2839     1710.2773
 4  79  20.054  47433.238 102.198   0.053   10.911  -10.000       85.2839     1710.2773
 2  79  20.054  47434.238 120.149   0.018   14.882  -10.000       85.3337     1711.2773
 3  79  20.054  47434.238 120.149   0.018   12.370  -10.000       85.3337     1711.2773
 4  79  20.054  47434.238 120.149   0.018   10.849  -10.000       85.3337     1711.2773
 3  79  20.054  49934.391   1.857   0.033   12.155  -10.000      210.0052     4211.4297
 4  79  20.054  49934.391   1.857  -0.067   10.514  -10.000      210.0052     4211.4297
 5  79  20.054  49934.391   1.857   0.015    9.164  -10.000      210.0052     4211.4297
 3  79  20.054  49936.383  37.623   0.044   12.348  -10.000      210.1045     4213.4219
 4  79  20.054  49936.383  37.623  -0.021   10.716  -10.000      210.1045     4213.4219
 5  79  20.054  49936.383  37.623   0.040    9.320  -10.000      210.1045     4213.4219
 3  79  20.054  49937.359  55.151   0.023   12.394  -10.000      210.1532     4214.3984
 4  79  20.054  49937.359  55.151  -0.004   10.795  -10.000      210.1532     4214.3984
 3  79  20.054  49938.395  73.735   0.029   12.445  -10.000      210.2048     4215.4336
 4  79  20.054  49938.395  73.735   0.006   10.853  -10.000      210.2048     4215.4336
 5  79  20.054  49938.395  73.735   0.041    9.429  -10.000      210.2048     4215.4336
 3  79  20.054  49941.363 127.029   0.001   12.334  -10.000      210.3529     4218.4023
 5  79  20.054  49941.363 127.029  -0.023    9.390  -10.000      210.3529     4218.4023
 3  79  20.054  49942.344 144.630  -0.080   12.225  -10.000      210.4017     4219.3828
 5  79  20.054  49942.344 144.630  -0.112    9.310  -10.000      210.4017     4219.3828
 3  79  20.054  49943.348 162.653   0.040   12.248  -10.000      210.4518     4220.3867
 5  79  20.054  49943.348 162.653  -0.043    9.334  -10.000      210.4518     4220.3867
 3  79  20.054  49944.383 181.236  -0.181   11.540  -10.000      210.5034     4221.4219
 5  79  20.054  49944.383 181.236  -0.188    8.877  -10.000      210.5034     4221.4219
 3  79  20.054  49945.383 199.188   0.009   11.418  -10.000      210.5533     4222.4219
 5  79  20.054  49945.383 199.188  -0.044    8.814  -10.000      210.5533     4222.4219
 3  79  20.054  49946.367 216.859   0.055   11.504  -10.000      210.6024     4223.4062
 5  79  20.054  49946.367 216.859  -0.028    8.833  -10.000      210.6024     4223.4062
 3  79  20.054  49947.328 234.108   0.028   11.558  -10.000      210.6503     4224.3672
 5  79  20.054  49947.328 234.108  -0.034    8.850  -10.000      210.6503     4224.3672
 3  79  20.054  49948.324 251.988   0.022   11.632  -10.000      210.7000     4225.3633
 5  79  20.054  49948.324 251.988  -0.039    8.863  -10.000      210.7000     4225.3633
 3  79  20.054  49949.328 270.011   0.032   11.722  -10.000      210.7500     4226.3672
 5  79  20.054  49949.328 270.011  -0.026    8.902  -10.000      210.7500     4226.3672
 3  79  20.054  49950.316 287.754   0.024   11.791  -10.000      210.7993     4227.3555
 5  79  20.054  49950.316 287.754  -0.037    8.918  -10.000      210.7993     4227.3555
 3  79  20.054  49952.309 323.514   0.029   11.963  -10.000      210.8987     4229.3477
 5  79  20.054  49952.309 323.514  -0.014    9.018  -10.000      210.8987     4229.3477
 3  79  20.054  49953.383 342.801   0.034   12.062  -10.000      210.9522     4230.4219
 5  79  20.054  49953.383 342.801  -0.012    9.075  -10.000      210.9522     4230.4219
 3  79  20.054  49954.344   0.049   0.035   12.147  -10.000      211.0001     4231.3828
 5  79  20.054  49954.344   0.049  -0.014    9.128  -10.000      211.0001     4231.3828
 3  79  20.054  49955.301  17.232   0.057   12.258  -10.000      211.0479     4232.3398
 5  79  20.054  49955.301  17.232   0.009    9.212  -10.000      211.0479     4232.3398
 2 150  20.054  50305.305 180.357  -0.249   13.673  -10.000      228.5010     4582.3438
 3 150  20.054  50305.305 180.357  -0.144   11.606  -10.000      228.5010     4582.3438
 4 150  20.054  50305.305 180.357  -0.131   10.239  -10.000      228.5010     4582.3438
 2 150  20.054  50306.316 198.517  -0.002   13.437  -10.000      228.5514     4583.3555
 3 150  20.054  50306.316 198.517   0.013   11.423  -10.000      228.5514     4583.3555
 4 150  20.054  50306.316 198.517  -0.002   10.088  -10.000      228.5514     4583.3555
 2 150  20.054  50307.297 216.118   0.096   13.613  -10.000      228.6003     4584.3359
 3 150  20.054  50307.297 216.118   0.092   11.538  -10.000      228.6003     4584.3359
 4 150  20.054  50307.297 216.118   0.063   10.171  -10.000      228.6003     4584.3359
 2 150  20.054  50310.281 269.692   0.062   14.041  -10.000      228.7491     4587.3203
 3 150  20.054  50310.281 269.692   0.025   11.713  -10.000      228.7491     4587.3203
 4 150  20.054  50310.281 269.692   0.018   10.277  -10.000      228.7491     4587.3203
 2 150  20.054  50311.258 287.227   0.077   14.194  -10.000      228.7979     4588.2969
 3 150  20.054  50311.258 287.227   0.068   11.833  -10.000      228.7979     4588.2969
 4 150  20.054  50311.258 287.227   0.043   10.352  -10.000      228.7979     4588.2969
 2 150  20.054  50312.289 305.739   0.074   14.341  -10.000      228.8493     4589.3281
 3 150  20.054  50312.289 305.739   0.070   11.922  -10.000      228.8493     4589.3281
 4 150  20.054  50312.289 305.739   0.058   10.428  -10.000      228.8493     4589.3281
 2 150  20.054  50313.281 323.547   0.098   14.500  -10.000      228.8987     4590.3203
 3 150  20.054  50313.281 323.547   0.060   11.994  -10.000      228.8987     4590.3203
 4 150  20.054  50313.281 323.547   0.051   10.482  -10.000      228.8987     4590.3203
 2 150  20.054  50314.270 341.290   0.057   14.591  -10.000      228.9480     4591.3086
 3 150  20.054  50314.270 341.290   0.077   12.098  -10.000      228.9480     4591.3086
 4 150  20.054  50314.270 341.290   0.069   10.568  -10.000      228.9480     4591.3086
 2 150  20.054  50315.262 359.099   0.034   14.692  -10.000      228.9975     4592.3008
 3 150  20.054  50315.262 359.099   0.103   12.210  -10.000      228.9975     4592.3008
 2 150  20.054  50316.223  16.353  -0.069   14.713  -10.000      229.0454     4593.2617
 3 150  20.054  50316.223  16.353   0.037   12.233  -10.000      229.0454     4593.2617
 4 150  20.054  50316.223  16.353   0.056   10.699  -10.000      229.0454     4593.2617
 2 150  20.054  50317.234  34.514  -0.080   14.827  -10.000      229.0959     4594.2734
 3 150  20.054  50317.234  34.514   0.056   12.347  -10.000      229.0959     4594.2734
 4 150  20.054  50317.234  34.514   0.071   10.796  -10.000      229.0959     4594.2734
 2 150  20.054  50318.250  52.745  -0.037   14.958  -10.000      229.1465     4595.2891
 3 150  20.054  50318.250  52.745   0.055   12.417  -10.000      229.1465     4595.2891
 4 150  20.054  50318.250  52.745   0.083   10.874  -10.000      229.1465     4595.2891
 2 150  20.054  50319.234  70.417  -0.093   14.944  -10.000      229.1956     4596.2734
 3 150  20.054  50319.234  70.417   0.050   12.460  -10.000      229.1956     4596.2734
 4 150  20.054  50319.234  70.417   0.066   10.906  -10.000      229.1956     4596.2734
 2 150  20.054  50320.234  88.369  -0.077   14.957  -10.000      229.2455     4597.2734
 3 150  20.054  50320.234  88.369   0.043   12.470  -10.000      229.2455     4597.2734
 4 150  20.054  50320.234  88.369   0.075   10.940  -10.000      229.2455     4597.2734
 2 150  20.054  50321.223 106.111  -0.132   14.823  -10.000      229.2948     4598.2617
 3 150  20.054  50321.223 106.111  -0.003   12.392  -10.000      229.2948     4598.2617
 4 150  20.054  50321.223 106.111   0.019   10.872  -10.000      229.2948     4598.2617
 2 150  20.054  50322.258 124.689  -0.120   14.715  -10.000      229.3464     4599.2969
 3 150  20.054  50322.258 124.689  -0.027   12.311  -10.000      229.3464     4599.2969
 4 150  20.054  50322.258 124.689  -0.019   10.804  -10.000      229.3464     4599.2969
 2 150  20.054  50323.258 142.641  -0.088   14.671  -10.000      229.3962     4600.2969
 3 150  20.054  50323.258 142.641  -0.080   12.230  -10.000      229.3962     4600.2969
 4 150  20.054  50323.258 142.641  -0.050   10.765  -10.000      229.3962     4600.2969
 2 150  20.054  50324.262 160.664  -0.206   14.419  -10.000      229.4463     4601.3008
 3 150  20.054  50324.262 160.664  -0.023   12.210  -10.000      229.4463     4601.3008
 4 150  20.054  50324.262 160.664  -0.002   10.759  -10.000      229.4463     4601.3008
 2 150  20.054  50325.227 177.984  -0.264   13.771  -10.000      229.4944     4602.2656
 3 150  20.054  50325.227 177.984  -0.162   11.668  -10.000      229.4944     4602.2656
 4 150  20.054  50325.227 177.984  -0.125   10.311  -10.000      229.4944     4602.2656
 2 150  20.054  50326.184 195.167  -0.078   13.381  -10.000      229.5421     4603.2227
 3 150  20.054  50326.184 195.167  -0.041   11.385  -10.000      229.5421     4603.2227
 4 150  20.054  50326.184 195.167  -0.042   10.061  -10.000      229.5421     4603.2227
