 0 169  10.151  53032.699 255.916  -0.429   -4.160    0.330      714.7109     7254.6836
 0 169  10.151  53033.621 288.611   0.370   -5.290    0.200      714.8017     7255.6055
 0 169  10.151  53023.648 294.917   0.902   -4.590    0.170      713.8192     7245.6328
 0 169  10.151  53034.648 325.042   3.039    1.100    0.170      714.9029     7256.6328
 0 169  10.151  53035.648   0.527   3.276    9.120    0.180      715.0015     7257.6328
 0 169  10.151  53025.691   7.383   3.022   10.540    0.280      714.0205     7247.6758
 0 169  10.151  53015.711  13.403   4.038   11.940    0.200      713.0372     7237.6953
 0 169  10.151  53036.660  36.409   1.984   16.760    0.300      715.1011     7258.6445
 0 169  10.151  53026.602  39.661   1.796   17.310    0.180      714.1102     7248.5859
 0 169  10.151  53016.691  48.186   3.367   18.690    0.330      713.1339     7238.6758
 0 169  10.151  53037.660  71.873   2.457   21.360    0.270      715.1996     7259.6445
 0 169  10.151  53017.699  83.936   0.557   21.370    0.170      713.2332     7239.6836
 0 169  10.151  53028.680 113.357  -2.585   15.840    0.390      714.3149     7250.6641
 0 169  10.151  53029.641 147.437  -5.147    5.690    0.510      714.4095     7251.6250
 0 169  10.151  53030.602 181.516  -1.277    1.150    0.170      714.5042     7252.5859
 0 169  10.151  53031.641 218.386  -0.468    0.080    0.170      714.6066     7253.6250
 0 169  10.151  53021.699 225.791   0.055   -0.250    0.220      713.6272     7243.6836
 2  18  10.151  44222.816 283.024  -0.055    4.429  -10.000     -153.2138    -1555.1992
 3  18  10.151  44222.816 283.024   0.018    3.716  -10.000     -153.2138    -1555.1992
 9  18  10.151  44222.816 283.024   0.013    3.144  -10.000     -153.2138    -1555.1992
10  18  10.151  44222.816 283.024  -0.030    2.714  -10.000     -153.2138    -1555.1992
 2  18  10.151  43938.637 284.255  -0.048    4.442  -10.000     -181.2104    -1839.3789
 3  18  10.151  43938.637 284.255   0.024    3.726  -10.000     -181.2104    -1839.3789
 9  18  10.151  43938.637 284.255   0.035    3.168  -10.000     -181.2104    -1839.3789
10  18  10.151  43938.637 284.255  -0.027    2.718  -10.000     -181.2104    -1839.3789
 2  18  10.151  44222.969 288.424  -0.055    4.457  -10.000     -153.1988    -1555.0469
 3  18  10.151  44222.969 288.424   0.013    3.728  -10.000     -153.1988    -1555.0469
 9  18  10.151  44222.969 288.424   0.016    3.157  -10.000     -153.1988    -1555.0469
10  18  10.151  44222.969 288.424  -0.032    2.717  -10.000     -153.1988    -1555.0469
 2  18  10.151  43644.605 296.087  -0.075    4.478  -10.000     -210.1775    -2133.4102
 3  18  10.151  43644.605 296.087   0.000    3.739  -10.000     -210.1775    -2133.4102
 9  18  10.151  43644.605 296.087   0.024    3.179  -10.000     -210.1775    -2133.4102
10  18  10.151  43644.605 296.087  -0.048    2.709  -10.000     -210.1775    -2133.4102
 2  18  10.151  44223.727 315.302  -0.086    4.568  -10.000     -153.1242    -1554.2891
 3  18  10.151  44223.727 315.302  -0.012    3.789  -10.000     -153.1242    -1554.2891
 9  18  10.151  44223.727 315.302   0.009    3.200  -10.000     -153.1242    -1554.2891
10  18  10.151  44223.727 315.302  -0.028    2.750  -10.000     -153.1242    -1554.2891
 2  18  10.151  44223.812 318.351  -0.080    4.589  -10.000     -153.1157    -1554.2031
 3  18  10.151  44223.812 318.351  -0.006    3.804  -10.000     -153.1157    -1554.2031
 9  18  10.151  44223.812 318.351   0.005    3.202  -10.000     -153.1157    -1554.2031
10  18  10.151  44223.812 318.351  -0.040    2.742  -10.000     -153.1157    -1554.2031
 2  18  10.151  43939.613 318.889  -0.068    4.604  -10.000     -181.1142    -1838.4023
 3  18  10.151  43939.613 318.889   0.002    3.814  -10.000     -181.1142    -1838.4023
 9  18  10.151  43939.613 318.889   0.020    3.218  -10.000     -181.1142    -1838.4023
10  18  10.151  43939.613 318.889  -0.044    2.738  -10.000     -181.1142    -1838.4023
 2  18  10.151  43564.637 339.906  -0.059    4.720  -10.000     -218.0558    -2213.3789
 3  18  10.151  43564.637 339.906   0.021    3.900  -10.000     -218.0558    -2213.3789
 9  18  10.151  43564.637 339.906   0.084    3.324  -10.000     -218.0558    -2213.3789
10  18  10.151  43564.637 339.906  -0.016    2.794  -10.000     -218.0558    -2213.3789
 2  18  10.151  43646.609   7.163  -0.024    4.882  -10.000     -209.9801    -2131.4062
 3  18  10.151  43646.609   7.163   0.002    3.967  -10.000     -209.9801    -2131.4062
 9  18  10.151  43646.609   7.163   0.024    3.323  -10.000     -209.9801    -2131.4062
10  18  10.151  43646.609   7.163   0.011    2.863  -10.000     -209.9801    -2131.4062
 2  18  10.151  43514.816  12.969  -0.015    4.919  -10.000     -222.9640    -2263.1992
 3  18  10.151  43514.816  12.969   0.019    4.004  -10.000     -222.9640    -2263.1992
 9  18  10.151  43514.816  12.969   0.040    3.354  -10.000     -222.9640    -2263.1992
10  18  10.151  43514.816  12.969  -0.020    2.844  -10.000     -222.9640    -2263.1992
 2  18  10.151  43565.695  17.446   0.014    4.970  -10.000     -217.9515    -2212.3203
 3  18  10.151  43565.695  17.446   0.040    4.041  -10.000     -217.9515    -2212.3203
 9  18  10.151  43565.695  17.446   0.095    3.421  -10.000     -217.9515    -2212.3203
10  18  10.151  43565.695  17.446   0.007    2.881  -10.000     -217.9515    -2212.3203
 2  18  10.151  43626.648  19.221   0.001    4.965  -10.000     -211.9466    -2151.3672
 3  18  10.151  43626.648  19.221  -0.007    4.000  -10.000     -211.9466    -2151.3672
 9  18  10.151  43626.648  19.221  -0.007    3.324  -10.000     -211.9466    -2151.3672
10  18  10.151  43626.648  19.221  -0.004    2.874  -10.000     -211.9466    -2151.3672
 2  18  10.151  43941.621  30.097  -0.007    5.004  -10.000     -180.9164    -1836.3945
 3  18  10.151  43941.621  30.097   0.030    4.072  -10.000     -180.9164    -1836.3945
 9  18  10.151  43941.621  30.097   0.043    3.401  -10.000     -180.9164    -1836.3945
10  18  10.151  43941.621  30.097  -0.009    2.891  -10.000     -180.9164    -1836.3945
 2  18  10.151  44215.855  36.145  -0.005    5.031  -10.000     -153.8996    -1562.1602
 3  18  10.151  44215.855  36.145   0.019    4.080  -10.000     -153.8996    -1562.1602
 9  18  10.151  44215.855  36.145   0.023    3.397  -10.000     -153.8996    -1562.1602
10  18  10.151  44215.855  36.145  -0.017    2.897  -10.000     -153.8996    -1562.1602
 2  18  10.151  44216.918  73.828   0.004    5.125  -10.000     -153.7949    -1561.0977
 3  18  10.151  44216.918  73.828   0.025    4.164  -10.000     -153.7949    -1561.0977
 9  18  10.151  44216.918  73.828   0.015    3.463  -10.000     -153.7949    -1561.0977
10  18  10.151  44216.918  73.828  -0.022    2.963  -10.000     -153.7949    -1561.0977
 2  18  10.151  44216.988  76.322   0.008    5.129  -10.000     -153.7880    -1561.0273
 3  18  10.151  44216.988  76.322   0.029    4.169  -10.000     -153.7880    -1561.0273
 9  18  10.151  44216.988  76.322   0.022    3.472  -10.000     -153.7880    -1561.0273
10  18  10.151  44216.988  76.322  -0.006    2.982  -10.000     -153.7880    -1561.0273
 2  18  10.151  43516.703  79.882   0.028    5.146  -10.000     -222.7781    -2261.3125
 3  18  10.151  43516.703  79.882   0.032    4.173  -10.000     -222.7781    -2261.3125
 9  18  10.151  43516.703  79.882   0.024    3.476  -10.000     -222.7781    -2261.3125
10  18  10.151  43516.703  79.882  -0.035    2.956  -10.000     -222.7781    -2261.3125
 2  18  10.151  43496.879  96.795   0.019    5.104  -10.000     -224.7311    -2281.1367
 3  18  10.151  43496.879  96.795   0.035    4.164  -10.000     -224.7311    -2281.1367
 9  18  10.151  43496.879  96.795   0.060    3.514  -10.000     -224.7311    -2281.1367
10  18  10.151  43496.879  96.795  -0.027    2.974  -10.000     -224.7311    -2281.1367
 2  18  10.151  44014.617  98.992   0.011    5.088  -10.000     -173.7250    -1763.3984
 3  18  10.151  44014.617  98.992   0.026    4.151  -10.000     -173.7250    -1763.3984
 9  18  10.151  44014.617  98.992   0.031    3.483  -10.000     -173.7250    -1763.3984
10  18  10.151  44014.617  98.992  -0.038    2.963  -10.000     -173.7250    -1763.3984
 2  18  10.151  43821.949 105.793   0.014    5.062  -10.000     -192.7061    -1956.0664
 3  18  10.151  43821.949 105.793   0.028    4.138  -10.000     -192.7061    -1956.0664
 9  18  10.151  43821.949 105.793   0.032    3.478  -10.000     -192.7061    -1956.0664
10  18  10.151  43821.949 105.793  -0.022    2.978  -10.000     -192.7061    -1956.0664
 2  18  10.151  44217.844 106.661   0.014    5.058  -10.000     -153.7037    -1560.1719
 3  18  10.151  44217.844 106.661   0.024    4.131  -10.000     -153.7037    -1560.1719
 9  18  10.151  44217.844 106.661   0.013    3.457  -10.000     -153.7037    -1560.1719
10  18  10.151  44217.844 106.661  -0.032    2.967  -10.000     -153.7037    -1560.1719
 2  18  10.151  43517.715 115.763   0.020    5.009  -10.000     -222.6784    -2260.3008
 3  18  10.151  43517.715 115.763   0.024    4.099  -10.000     -222.6784    -2260.3008
 9  18  10.151  43517.715 115.763   0.031    3.457  -10.000     -222.6784    -2260.3008
10  18  10.151  43517.715 115.763  -0.042    2.947  -10.000     -222.6784    -2260.3008
 2  18  10.151  43517.867 121.168   0.017    4.966  -10.000     -222.6634    -2260.1484
 3  18  10.151  43517.867 121.168   0.026    4.076  -10.000     -222.6634    -2260.1484
 9  18  10.151  43517.867 121.168   0.030    3.440  -10.000     -222.6634    -2260.1484
10  18  10.151  43517.867 121.168  -0.039    2.940  -10.000     -222.6634    -2260.1484
 2  18  10.151  43508.812 160.032   0.062    4.737  -10.000     -223.5555    -2269.2031
 3  18  10.151  43508.812 160.032   0.078    3.949  -10.000     -223.5555    -2269.2031
 9  18  10.151  43508.812 160.032   0.061    3.353  -10.000     -223.5555    -2269.2031
10  18  10.151  43508.812 160.032  -0.025    2.873  -10.000     -223.5555    -2269.2031
 2  18  10.151  44006.613 175.122   0.067    4.656  -10.000     -174.5135    -1771.4023
 3  18  10.151  44006.613 175.122   0.110    3.919  -10.000     -174.5135    -1771.4023
 9  18  10.151  44006.613 175.122   0.084    3.330  -10.000     -174.5135    -1771.4023
10  18  10.151  44006.613 175.122  -0.001    2.860  -10.000     -174.5135    -1771.4023
 2  18  10.151  44007.613 210.591   0.038    4.514  -10.000     -174.4150    -1770.4023
 3  18  10.151  44007.613 210.591   0.100    3.821  -10.000     -174.4150    -1770.4023
 9  18  10.151  44007.613 210.591   0.125    3.300  -10.000     -174.4150    -1770.4023
10  18  10.151  44007.613 210.591   0.010    2.810  -10.000     -174.4150    -1770.4023
 2  18  10.151  43936.668 214.431   0.031    4.489  -10.000     -181.4044    -1841.3477
 3  18  10.151  43936.668 214.431   0.090    3.798  -10.000     -181.4044    -1841.3477
 9  18  10.151  43936.668 214.431   0.083    3.247  -10.000     -181.4044    -1841.3477
10  18  10.151  43936.668 214.431   0.006    2.797  -10.000     -181.4044    -1841.3477
 2  18  10.151  43936.738 216.925   0.030    4.476  -10.000     -181.3974    -1841.2773
 3  18  10.151  43936.738 216.925   0.093    3.792  -10.000     -181.3974    -1841.2773
 9  18  10.151  43936.738 216.925   0.084    3.241  -10.000     -181.3974    -1841.2773
10  18  10.151  43936.738 216.925   0.006    2.791  -10.000     -181.3974    -1841.2773
 2  18  10.151  43429.930 242.358   0.025    4.385  -10.000     -231.3268    -2348.0859
 3  18  10.151  43429.930 242.358   0.067    3.697  -10.000     -231.3268    -2348.0859
 9  18  10.151  43429.930 242.358   0.077    3.177  -10.000     -231.3268    -2348.0859
10  18  10.151  43429.930 242.358  -0.007    2.727  -10.000     -231.3268    -2348.0859
 2  18  10.151  43825.898 245.858   0.010    4.370  -10.000     -192.3171    -1952.1172
 3  18  10.151  43825.898 245.858   0.078    3.708  -10.000     -192.3171    -1952.1172
 9  18  10.151  43825.898 245.858   0.101    3.199  -10.000     -192.3171    -1952.1172
10  18  10.151  43825.898 245.858  -0.003    2.729  -10.000     -192.3171    -1952.1172
 2  18  10.151  43825.965 248.214   0.000    4.363  -10.000     -192.3105    -1952.0508
 3  18  10.151  43825.965 248.214   0.071    3.701  -10.000     -192.3105    -1952.0508
 9  18  10.151  43825.965 248.214   0.098    3.196  -10.000     -192.3105    -1952.0508
10  18  10.151  43825.965 248.214   0.005    2.736  -10.000     -192.3105    -1952.0508
 2  18  10.151  43937.637 248.791   0.008    4.371  -10.000     -181.3089    -1840.3789
 3  18  10.151  43937.637 248.791   0.079    3.710  -10.000     -181.3089    -1840.3789
 9  18  10.151  43937.637 248.791   0.088    3.186  -10.000     -181.3089    -1840.3789
10  18  10.151  43937.637 248.791   0.015    2.746  -10.000     -181.3089    -1840.3789
 2  18  10.151  43937.793 254.328  -0.015    4.359  -10.000     -181.2935    -1840.2227
 3  18  10.151  43937.793 254.328   0.067    3.703  -10.000     -181.2935    -1840.2227
 9  18  10.151  43937.793 254.328   0.081    3.180  -10.000     -181.2935    -1840.2227
10  18  10.151  43937.793 254.328   0.009    2.740  -10.000     -181.2935    -1840.2227
 2  18  10.151  43572.656 264.326  -0.036    4.369  -10.000     -217.2658    -2205.3594
 3  18  10.151  43572.656 264.326   0.049    3.702  -10.000     -217.2658    -2205.3594
 9  18  10.151  43572.656 264.326   0.122    3.229  -10.000     -217.2658    -2205.3594
10  18  10.151  43572.656 264.326  -0.014    2.719  -10.000     -217.2658    -2205.3594
 0 119  10.151  46851.309 265.603   1.309   -2.870    0.230      105.7378     1073.2930
 0 119  10.151  46851.316 265.880   1.314   -2.890    0.320      105.7386     1073.3008
 0 119  10.151  46853.305 336.396  -0.329   -1.730    0.310      105.9344     1075.2891
 0 119  10.151  46859.301 189.055   1.934    2.740    0.520      106.5252     1081.2852
 0 119  10.151  46865.383  44.761  -1.158   14.460    0.120      107.1243     1087.3672
 0 119  10.151  46866.336  78.566   0.891   20.520    0.120      107.2182     1088.3203
 0 119  10.151  46867.270 111.676   1.295   20.570    0.210      107.3102     1089.2539
 0 119  10.151  47792.574 168.701  -0.491    3.680    0.120      198.4686     2014.5586
 0 119  10.151  48329.227 121.707  -1.622   16.420    0.120      251.3381     2551.2109
 0 119  10.151  48345.141 326.118  -0.296   -2.140    0.260      252.9059     2567.1250
 0 119  10.151  48345.141 326.118  -0.106   -1.950    0.180      252.9059     2567.1250
 0 119  10.151  48345.141 326.118  -0.636   -2.480    0.200      252.9059     2567.1250
 0 119  10.151  48348.105  71.268  -0.104   18.810    0.120      253.1980     2570.0898
 0 119  10.151  48350.211 145.942  -2.057    9.420    0.090      253.4054     2572.1953
 0 119  10.151  48351.113 177.946  -0.523    2.670    0.070      253.4943     2573.0977
 0 119  10.151  48354.168 286.287  -0.089   -5.840    0.100      253.7952     2576.1523
 0 119  10.151  48566.531 258.003   1.876   -2.010    0.060      274.7167     2788.5156
 0 119  10.151  48572.512 110.105  -0.317   19.780    0.180      275.3058     2794.4961
 0 119  10.151  48575.520 216.782  -0.568    0.170    0.120      275.6022     2797.5039
 0 119  10.151  48586.449 244.413   0.537   -1.030    0.060      276.6789     2808.4336
 0 119  10.151  48590.488  27.664   0.701   11.910    0.100      277.0768     2812.4727
 0 119  10.151  48591.395  59.810   0.100   17.330    0.120      277.1661     2813.3789
 0 119  10.151  48598.477 310.979   1.352   -3.140    0.310      277.8638     2820.4609
 0 119  10.151  48600.344  17.205   2.167   10.430    0.200      278.0478     2822.3281
 0 119  10.151  48741.270 335.303   0.613   -0.890    0.060      291.9314     2963.2539
 0 119  10.151  49419.312 262.892   0.061   -3.960    0.110      358.7303     3641.2969
 0 119  10.151  49455.305  99.393  -0.495   20.150    0.140      362.2761     3677.2891
 0 119  10.151  49469.242 233.712  -0.246   -1.040    0.070      363.6492     3691.2266
 0 119  10.151  49648.590 114.489  -2.598   15.350    0.140      381.3180     3870.5742
 0 119  10.151  49648.590 114.489  -2.518   15.430    0.160      381.3180     3870.5742
 0 119  10.151  49789.277  64.138  -0.071   18.450    0.090      395.1782     4011.2617
 0 119  10.151  49791.336 137.142  -4.018   11.000    0.080      395.3810     4013.3203
 0 119  10.151  50093.469  52.635   1.356   16.680    0.080      425.1462     4315.4531
 0 119  10.151  50096.438 157.928  -0.024    5.130    0.080      425.4387     4318.4219
 0 119  10.151  50097.527 196.578  -0.043    0.280    0.110      425.5461     4319.5117
 0 119  10.151  50108.469 224.637   0.868    0.680    0.060      426.6240     4330.4531
 0 119  10.151  50116.492 149.194  -2.274    7.680    0.070      427.4144     4338.4766
 0 119  10.151  50124.445  71.257   0.526   19.440    0.070      428.1979     4346.4297
 0 119  10.151  50142.406 348.267   1.775    2.570    0.050      429.9674     4364.3906
 0 119  10.151  50143.422  24.291   0.642   10.570    0.080      430.0675     4365.4062
 0 119  10.151  50159.406 231.196  -0.875   -1.570    0.100      431.6422     4381.3906
 0 119  10.151  50161.363 300.597  -1.144   -6.240    0.070      431.8350     4383.3477
 0 119  10.151  50165.371  82.738   0.768   21.390    0.120      432.2298     4387.3555
 0 119  10.151  50167.398 154.644  -1.336    5.400    0.150      432.4296     4389.3828
 0 119  10.151  50180.184 248.082  -0.171   -2.460    0.050      433.6891     4402.1680
 0 119  10.151  50181.184 283.546  -0.829   -6.730    0.200      433.7876     4403.1680
 0 119  10.151  50182.246 321.229  -0.034   -2.590    0.060      433.8923     4404.2305
 0 119  10.151  50183.281 357.946  -0.342    4.410    0.050      433.9943     4405.2656
 0 119  10.151  50189.348 213.102  -1.469   -0.370    0.080      434.5919     4411.3320
 0 119  10.151  50499.387  48.999  -1.217   14.050    0.050      465.1361     4721.3711
 0 119  10.151  50518.387   2.856   2.256    8.900    0.080      467.0079     4740.3711
 0 119  10.151  50549.305  19.402   1.483   10.110    0.080      470.0539     4771.2891
 0 119  10.151  50568.289 332.699   1.510   -0.140    0.090      471.9242     4790.2734
 0 119  10.151  50837.520 161.279  -0.822    3.470    0.080      498.4480     5059.5039
 0 119  10.151  50844.359  43.868   2.747   18.420    0.280      499.1219     5066.3438
 0 119  10.151  50879.320 203.796  -1.404   -0.390    0.080      502.5661     5101.3047
 0 119  10.151  50898.434 161.675  -1.331    2.910    0.130      504.4491     5120.4180
 0 119  10.151  50900.426 232.328  -0.625   -1.370    0.070      504.6454     5122.4102
 0 119  10.151  50901.305 263.496  -2.087   -6.130    0.070      504.7319     5123.2891
 0 119  10.151  50907.402 119.762  -1.177   16.340    0.110      505.3327     5129.3867
 0 119  10.151  50908.281 150.930  -2.808    6.160    0.080      505.4193     5130.2656
 0 119  10.151  50909.371 189.580  -0.750   -0.030    0.070      505.5266     5131.3555
 0 119  10.151  50914.426   8.855   0.672    8.320    0.110      506.0246     5136.4102
 0 119  10.151  50915.242  37.804  -1.071   14.090    0.110      506.1050     5137.2266
 1 161  10.151  50031.496  14.711   0.076    5.759  -10.000      419.0409     4253.4805
 2 161  10.151  50031.496  14.711   0.050    4.992  -10.000      419.0409     4253.4805
 3 161  10.151  50031.496  14.711   0.007    3.998  -10.000      419.0409     4253.4805
 1 161  10.151  50043.559  82.518  -0.020    5.866  -10.000      420.2292     4265.5430
 2 161  10.151  50043.559  82.518  -0.001    5.114  -10.000      420.2292     4265.5430
 3 161  10.151  50043.559  82.518  -0.029    4.112  -10.000      420.2292     4265.5430
 1 161  10.151  50114.422  75.773  -0.022    5.878  -10.000      427.2105     4336.4062
 2 161  10.151  50114.422  75.773   0.003    5.124  -10.000      427.2105     4336.4062
 3 161  10.151  50114.422  75.773  -0.010    4.130  -10.000      427.2105     4336.4062
 1 161  10.151  50139.395 241.458   0.021    4.831  -10.000      429.6707     4361.3789
 2 161  10.151  50139.395 241.458  -0.003    4.357  -10.000      429.6707     4361.3789
 3 161  10.151  50139.395 241.458  -0.001    3.630  -10.000      429.6707     4361.3789
 1 161  10.151  50140.328 274.559   0.024    4.972  -10.000      429.7627     4362.3125
 2 161  10.151  50140.328 274.559   0.019    4.465  -10.000      429.7627     4362.3125
 3 161  10.151  50140.328 274.559   0.003    3.679  -10.000      429.7627     4362.3125
 1 161  10.151  50141.391 312.242   0.021    5.263  -10.000      429.8673     4363.3750
 2 161  10.151  50141.391 312.242   0.012    4.650  -10.000      429.8673     4363.3750
 3 161  10.151  50141.391 312.242  -0.010    3.781  -10.000      429.8673     4363.3750
 1 161  10.151  50150.359 270.330   0.032    4.953  -10.000      430.7509     4372.3438
 2 161  10.151  50150.359 270.330   0.011    4.439  -10.000      430.7509     4372.3438
 3 161  10.151  50150.359 270.330   0.009    3.675  -10.000      430.7509     4372.3438
 1 161  10.151  50161.340 299.773   0.008    5.151  -10.000      431.8327     4383.3242
 2 161  10.151  50161.340 299.773  -0.003    4.570  -10.000      431.8327     4383.3242
 3 161  10.151  50161.340 299.773  -0.019    3.733  -10.000      431.8327     4383.3242
 1 161  10.151  50174.293  39.166   0.083    5.904  -10.000      433.1088     4396.2773
 2 161  10.151  50174.293  39.166   0.053    5.100  -10.000      433.1088     4396.2773
 3 161  10.151  50174.293  39.166   0.001    4.071  -10.000      433.1088     4396.2773
 1 161  10.151  50180.301 252.246   0.031    4.860  -10.000      433.7007     4402.2852
 2 161  10.151  50180.301 252.246   0.004    4.374  -10.000      433.7007     4402.2852
 3 161  10.151  50180.301 252.246   0.006    3.640  -10.000      433.7007     4402.2852
 1 161  10.151  50181.305 287.842   0.013    5.059  -10.000      433.7996     4403.2891
 2 161  10.151  50181.305 287.842  -0.006    4.503  -10.000      433.7996     4403.2891
 3 161  10.151  50181.305 287.842  -0.018    3.695  -10.000      433.7996     4403.2891
 1 161  10.151  50182.301 323.174   0.009    5.334  -10.000      433.8977     4404.2852
 2 161  10.151  50182.301 323.174   0.001    4.694  -10.000      433.8977     4404.2852
 3 161  10.151  50182.301 323.174  -0.026    3.799  -10.000      433.8977     4404.2852
 1 161  10.151  50194.277  27.938   0.112    5.876  -10.000      435.0776     4416.2617
 2 161  10.151  50194.277  27.938   0.066    5.069  -10.000      435.0776     4416.2617
 3 161  10.151  50194.277  27.938   0.007    4.042  -10.000      435.0776     4416.2617
 1 161  10.151  50387.512  41.221   0.099    5.929  -10.000      454.1145     4609.4961
 2 161  10.151  50387.512  41.221   0.070    5.125  -10.000      454.1145     4609.4961
 3 161  10.151  50387.512  41.221   0.019    4.096  -10.000      454.1145     4609.4961
 1 161  10.151  50391.531 183.779  -0.030    5.029  -10.000      454.5105     4613.5156
 2 161  10.151  50391.531 183.779  -0.050    4.504  -10.000      454.5105     4613.5156
 3 161  10.151  50391.531 183.779  -0.030    3.753  -10.000      454.5105     4613.5156
 1 161  10.151  50409.461  99.679  -0.114    5.700  -10.000      456.2769     4631.4453
 2 161  10.151  50409.461  99.679  -0.042    5.032  -10.000      456.2769     4631.4453
 3 161  10.151  50409.461  99.679  -0.049    4.074  -10.000      456.2769     4631.4453
 1 161  10.151  50481.449 132.825  -0.131    5.360  -10.000      463.3690     4703.4336
 2 161  10.151  50481.449 132.825  -0.067    4.794  -10.000      463.3690     4703.4336
 3 161  10.151  50481.449 132.825  -0.068    3.927  -10.000      463.3690     4703.4336
 0  32  10.151  43501.934 276.064   3.535   -2.300    3.800     -224.2332    -2276.0820
 0  32  10.151  43502.984 313.330  -0.970   -5.200    3.800     -224.1296    -2275.0312
 0  32  10.151  43495.980  64.929  -3.172   15.500    3.800     -224.8196    -2282.0352
 0  32  10.151  43384.973  87.907  -1.642   19.200    3.800     -235.7558    -2393.0430
 0  32  10.151  43496.852  95.823  -2.204   17.800    3.800     -224.7338    -2281.1641
 0  32  10.151  43385.965 123.096   1.614   20.100    3.800     -235.6581    -2392.0508
 0  32  10.151  43507.934 128.859  -5.295   13.800    3.800     -223.6421    -2270.0820
 0  32  10.151  43497.977 135.725  -0.819   15.000    3.800     -224.6230    -2280.0391
 0  32  10.151  43386.957 158.286   4.375    9.400    3.800     -235.5603    -2391.0586
 0  32  10.151  43508.918 163.773   1.195    5.300    3.800     -223.5451    -2269.0977
 0  32  10.151  43498.922 169.250   0.631    4.800    3.800     -224.5299    -2279.0938
 0  32  10.151  43387.949 193.475  -1.713   -1.400    3.800     -235.4626    -2390.0664
18 163  10.151  47990.840   0.423  -0.014    4.127  -10.000      218.0012     2212.8242
18 163  10.151  47990.855   0.978  -0.018    4.125  -10.000      218.0027     2212.8398
18 163  10.151  47990.941   4.026  -0.019    4.135  -10.000      218.0112     2212.9258
18 163  10.151  48012.980  65.665  -0.002    4.328  -10.000      220.1824     2234.9648
18 163  10.151  48013.141  71.345  -0.007    4.329  -10.000      220.1982     2235.1250
18 163  10.151  48013.156  71.900  -0.005    4.332  -10.000      220.1997     2235.1406
18 163  10.151  48164.758  48.631   0.003    4.299  -10.000      235.1351     2386.7422
18 163  10.151  48164.773  49.186  -0.002    4.295  -10.000      235.1366     2386.7578
18 163  10.151  48190.707 248.950  -0.045    3.791  -10.000      237.6915     2412.6914
18 163  10.151  48190.723 249.505  -0.053    3.783  -10.000      237.6931     2412.7070
18 163  10.151  48314.070 304.173  -0.065    3.904  -10.000      249.8449     2536.0547
18 163  10.151  48314.086 304.728  -0.069    3.901  -10.000      249.8465     2536.0703
18 163  10.151  48314.160 307.359  -0.061    3.917  -10.000      249.8538     2536.1445
18 163  10.151  48314.176 307.914  -0.070    3.911  -10.000      249.8553     2536.1602
18 163  10.151  48329.195 120.602  -0.073    4.180  -10.000      251.3350     2551.1797
18 163  10.151  48329.266 123.096  -0.063    4.178  -10.000      251.3419     2551.2500
18 163  10.151  48329.281 123.646  -0.067    4.171  -10.000      251.3435     2551.2656
18 163  10.151  48329.445 129.468  -0.063    4.149  -10.000      251.3596     2551.4297
18 163  10.151  48329.461 130.023  -0.057    4.153  -10.000      251.3612     2551.4453
18 163  10.151  48359.652 120.795  -0.069    4.183  -10.000      254.3355     2581.6367
18 163  10.151  48359.664 121.212  -0.064    4.186  -10.000      254.3367     2581.6484
18 163  10.151  48494.137 210.443  -0.036    3.891  -10.000      267.5846     2716.1211
18 163  10.151  48494.211 213.069  -0.030    3.888  -10.000      267.5919     2716.1953
18 163  10.151  48494.227 213.629  -0.027    3.889  -10.000      267.5934     2716.2109
18 163  10.151  48494.301 216.266  -0.025    3.881  -10.000      267.6007     2716.2852
18 163  10.151  48494.316 216.815  -0.023    3.881  -10.000      267.6023     2716.3008
18 163  10.151  48494.391 219.452  -0.019    3.876  -10.000      267.6096     2716.3750
18 163  10.151  48494.406 220.001  -0.029    3.863  -10.000      267.6111     2716.3906
18 163  10.151  48494.492 223.044  -0.030    3.850  -10.000      267.6196     2716.4766
18 163  10.151  48500.703  83.331  -0.014    4.326  -10.000      268.2315     2722.6875
18 163  10.151  48500.789  86.375  -0.023    4.315  -10.000      268.2399     2722.7734
18 163  10.151  48500.805  86.924  -0.023    4.315  -10.000      268.2415     2722.7891
18 163  10.151  48500.879  89.561  -0.024    4.313  -10.000      268.2488     2722.8633
18 163  10.151  48500.895  90.121  -0.033    4.303  -10.000      268.2503     2722.8789
18 163  10.151  48501.234 102.173  -0.049    4.269  -10.000      268.2838     2723.2188
18 163  10.151  48501.250 102.722  -0.046    4.270  -10.000      268.2853     2723.2344
18 163  10.151  48501.340 105.908  -0.056    4.253  -10.000      268.2942     2723.3242
18 163  10.151  48537.164 296.455  -0.060    3.884  -10.000      271.8235     2759.1484
18 163  10.151  48537.180 297.015  -0.067    3.878  -10.000      271.8250     2759.1641
18 163  10.151  48537.254 299.641  -0.063    3.891  -10.000      271.8323     2759.2383
18 163  10.151  48537.266 300.059  -0.061    3.894  -10.000      271.8335     2759.2500
18 163  10.151  48570.930  53.998  -0.004    4.305  -10.000      275.1500     2792.9141
18 163  10.151  48570.945  54.547   0.001    4.311  -10.000      275.1515     2792.9297
18 163  10.151  48571.020  57.184  -0.002    4.313  -10.000      275.1588     2793.0039
18 163  10.151  48571.031  57.601  -0.004    4.312  -10.000      275.1600     2793.0156
18 163  10.151  48571.109  60.370  -0.006    4.315  -10.000      275.1677     2793.0938
18 163  10.151  48571.121  60.787  -0.005    4.317  -10.000      275.1689     2793.1055
18 163  10.151  48580.172  21.775   0.010    4.224  -10.000      276.0605     2802.1562
18 163  10.151  48580.188  22.335   0.002    4.219  -10.000      276.0620     2802.1719
18 163  10.151  48580.262  24.972   0.004    4.229  -10.000      276.0694     2802.2461
18 163  10.151  48580.277  25.521   0.004    4.231  -10.000      276.0709     2802.2617
18 163  10.151  48580.352  28.158   0.005    4.240  -10.000      276.0782     2802.3359
18 163  10.151  48580.367  28.707   0.002    4.239  -10.000      276.0797     2802.3516
18 163  10.151  48580.441  31.344   0.001    4.246  -10.000      276.0871     2802.4258
18 163  10.151  48580.453  31.750  -0.001    4.245  -10.000      276.0882     2802.4375
18 163  10.151  48705.680 153.062  -0.043    4.062  -10.000      288.4252     2927.6641
18 163  10.151  48705.758 155.830  -0.041    4.052  -10.000      288.4329     2927.7422
18 163  10.151  48705.770 156.248  -0.039    4.051  -10.000      288.4340     2927.7539
18 163  10.151  48705.844 158.884  -0.040    4.039  -10.000      288.4413     2927.8281
18 163  10.151  48705.859 159.434  -0.041    4.036  -10.000      288.4429     2927.8438
18 163  10.151  48734.984 112.390  -0.069    4.219  -10.000      291.3122     2956.9688
18 163  10.151  48735.000 112.939  -0.067    4.219  -10.000      291.3137     2956.9844
18 163  10.151  48752.312   6.954   0.005    4.169  -10.000      293.0193     2974.2969
18 163  10.151  48752.328   7.504   0.003    4.169  -10.000      293.0208     2974.3125
18 163  10.151  48752.402  10.140   0.004    4.179  -10.000      293.0282     2974.3867
18 163  10.151  49044.633 294.434  -0.062    3.875  -10.000      321.8179     3266.6172
18 163  10.151  49044.648 294.994  -0.061    3.878  -10.000      321.8194     3266.6328
18 163  10.151  49044.723 297.620  -0.056    3.891  -10.000      321.8267     3266.7070
18 163  10.151  49044.738 298.180  -0.053    3.896  -10.000      321.8283     3266.7227
18 163  10.151  49060.582 140.098  -0.044    4.119  -10.000      323.3892     3282.5664
 0  56  10.151  43527.441 100.728   0.336   21.330    0.440     -221.7202    -2250.5742
 0  56  10.151  43527.449 101.003  -0.135   20.930    0.490     -221.7194    -2250.5664
 0  56  10.151  43527.453 101.146   0.029   21.130    0.510     -221.7190    -2250.5625
 0  56  10.151  43547.398  88.528   0.115   20.880    0.480     -219.7541    -2230.6172
 0  56  10.151  43547.398  88.528  -0.325   20.440    0.460     -219.7541    -2230.6172
 0  56  10.151  43547.402  88.665   0.053   20.800    0.440     -219.7537    -2230.6133
 0  56  10.151  43554.352 335.127   0.096   -1.420    0.450     -219.0691    -2223.6641
 0  56  10.151  43554.355 335.264  -0.955   -2.460    0.370     -219.0687    -2223.6602
 0  56  10.151  43554.355 335.264  -0.775   -2.280    0.410     -219.0687    -2223.6602
 0  56  10.151  43554.359 335.407  -0.856   -2.350    0.400     -219.0683    -2223.6562
 0  56  10.151  43557.422  84.018  -0.704   20.120    0.470     -218.7666    -2220.5938
 0  56  10.151  43557.422  84.018  -0.604   20.220    0.440     -218.7666    -2220.5938
 0  56  10.151  43557.426  84.161   0.089   20.930    0.440     -218.7662    -2220.5898
 0  56  10.151  43557.430  84.298  -0.547   20.310    0.440     -218.7658    -2220.5859
 0  56  10.151  43559.371 153.149   2.210    9.830    0.550     -218.5746    -2218.6445
 0  56  10.151  43559.375 153.292   2.444    9.980    0.430     -218.5742    -2218.6406
 0  56  10.151  43559.379 153.430   2.449    9.900    0.550     -218.5738    -2218.6367
 0  56  10.151  43578.355 106.458  -0.469   20.980    0.510     -216.7043    -2199.6602
 0  56  10.151  43578.359 106.595   0.369   21.790    0.460     -216.7039    -2199.6562
 0  56  10.151  43578.359 106.595  -0.341   21.080    0.470     -216.7039    -2199.6562
 0  56  10.151  43592.336 242.287   1.318    0.050    0.360     -215.3270    -2185.6797
 0  56  10.151  43802.691 142.795   0.528   13.140    0.500     -194.6033    -1975.3242
 0  56  10.151  43808.699 355.869  -1.358    2.420    0.340     -194.0115    -1969.3164
 0  56  10.151  43811.684 101.711  -0.717   20.520    0.470     -193.7175    -1966.3320
 0  56  10.151  43813.672 172.227   0.712    4.750    0.560     -193.5216    -1964.3438
 0  56  10.151  43835.613 230.405   0.315   -0.340    0.430     -191.3600    -1942.4023
 0  56  10.151  43838.594 336.116  -0.271   -1.700    0.330     -191.0663    -1939.4219
 0  56  10.151  43844.598 189.047   0.883    1.690    0.380     -190.4749    -1933.4180
 0  56  10.151  43871.516  63.726  -1.142   17.290    0.400     -187.8230    -1906.5000
 0  56  10.151  43875.535 206.285   0.155    1.360    0.370     -187.4270    -1902.4805
 0  56  10.151  43880.500  22.368  -0.982    8.350    0.330     -186.9379    -1897.5156
 0  56  10.151  43921.434  34.124  -2.669   11.310    0.330     -182.9052    -1856.5820
 0  56  10.151  43923.426 104.782  -0.760   20.860    0.450     -182.7089    -1854.5898
 0  56  10.151  44209.609 174.622   0.104    3.870    0.400     -154.5149    -1568.4062
 0  56  10.151  44220.559 202.945  -0.779    0.150    0.430     -153.4363    -1557.4570
 0  56  10.151  44224.570 345.229   0.093    0.140    0.310     -153.0410    -1553.4453
 0  56  10.151  44289.410 124.849  -0.609   18.370    0.470     -146.6532    -1488.6055
 0  56  10.151  44317.340  35.409  -3.192   11.260    0.320     -143.9016    -1460.6758
 0  56  10.151  44533.652 147.187   0.239   11.190    0.420     -122.5911    -1244.3633
 0  56  10.151  44534.680 183.623   0.356    2.300    0.370     -122.4899    -1243.3359
 0  56  10.151  44564.621 165.531   1.940    6.050    0.420     -119.5402    -1213.3945
 0  56  10.151  44575.617 195.521   1.092    1.380    0.370     -118.4569    -1202.3984
 0  56  10.151  44578.609 301.641  -1.227   -6.240    0.330     -118.1621    -1199.4062
 0  56  10.151  44580.562  10.912  -1.550    6.220    0.310     -117.9697    -1197.4531
 0  56  10.151  44581.574  46.794  -1.502   13.940    0.330     -117.8700    -1196.4414
 0  56  10.151  44582.547  81.288   0.206   20.510    0.380     -117.7742    -1195.4688
 0  56  10.151  44583.555 117.032   2.939   20.280    0.490     -117.6749    -1194.4609
 0  56  10.151  44584.512 150.974   0.807    9.750    0.450     -117.5806    -1193.5039
 0  56  10.151  44585.531 187.133   0.521    1.690    0.380     -117.4802    -1192.4844
 0  56  10.151  44585.535 187.273   0.850    1.990    0.400     -117.4798    -1192.4805
 0  56  10.151  44586.523 222.322  -0.051    0.020    0.360     -117.3824    -1191.4922
 0  56  10.151  44618.457 274.886   2.203   -3.480    0.360     -114.2364    -1159.5586
 0  56  10.151  44625.500 164.671   2.522    6.620    0.430     -113.5426    -1152.5156
 0  56  10.151  44653.465  76.479   0.165   19.370    0.380     -110.7876    -1124.5508
 0  56  10.151  44944.586 321.432  -1.826   -4.340    0.300      -82.1071     -833.4297
 0  56  10.151  44951.562 208.864  -0.855    0.420    0.390      -81.4198     -826.4531
 0  56  10.151  44957.570  61.938  -1.755   16.190    0.310      -80.8279     -820.4453
 0  56  10.151  44957.609  63.322  -1.724   16.610    0.330      -80.8241     -820.4062
 0  56  10.151  44958.539  96.295   0.564   20.610    0.410      -80.7325     -819.4766
 0  56  10.151  44961.555 203.250  -0.580    0.380    0.360      -80.4354     -816.4609
 0  56  10.151  44963.527 273.211   0.909   -4.500    0.390      -80.2411     -814.4883
 0  56  10.151  44971.508 196.249  -0.169    0.140    0.380      -79.4549     -806.5078
 0  56  10.151  44972.480 230.746  -0.467   -1.140    0.350      -79.3590     -805.5352
 0  56  10.151  45010.309 132.363  -2.938   14.820    0.430      -75.6323     -767.7070
 0  56  10.151  45030.293 121.133   0.983   18.850    0.450      -73.6635     -747.7227
 0 173  10.151  50337.855  80.101   1.479   21.490  -10.000      449.2225     4559.8398
 0 173  10.151  50345.875   4.526   0.673    7.740  -10.000      450.0126     4567.8594
 0 173  10.151  50346.855  39.298  -0.089   15.370  -10.000      450.1092     4568.8398
 0 173  10.151  50347.828  73.795   2.382   21.310  -10.000      450.2050     4569.8125
 0 173  10.151  50352.855 252.092   1.562   -1.590  -10.000      450.7003     4574.8398
 0 173  10.151  50356.879  34.794   0.420   14.650  -10.000      451.0966     4578.8633
 0 173  10.151  50718.879 273.549  -0.302   -5.770  -10.000      486.7599     4940.8633
 0 173  10.151  50731.926  16.271   2.782   10.930  -10.000      488.0452     4953.9102
 0 173  10.151  50732.914  51.328   3.077   18.310  -10.000      488.1426     4954.8984
 0 173  10.151  50733.867  85.122   1.025   21.950  -10.000      488.2365     4955.8516
 0 173  10.151  50737.863 226.857   0.602    0.200  -10.000      488.6302     4959.8477
 0 151  10.151  50093.469  52.635   1.356   16.680    0.080      425.1462     4315.4531
 0 151  10.151  50096.438 157.928  -0.024    5.130    0.080      425.4387     4318.4219
 0 151  10.151  50097.527 196.578  -0.043    0.280    0.110      425.5461     4319.5117
 0 151  10.151  50108.469 224.637   0.868    0.680    0.060      426.6240     4330.4531
 0 151  10.151  50116.492 149.194  -2.274    7.680    0.070      427.4144     4338.4766
 0 151  10.151  50124.445  71.257   0.526   19.440    0.070      428.1979     4346.4297
 0 151  10.151  50142.406 348.267   1.775    2.570    0.050      429.9674     4364.3906
 0 151  10.151  50143.422  24.291   0.642   10.570    0.080      430.0675     4365.4062
 0 151  10.151  50159.406 231.196  -0.875   -1.570    0.100      431.6422     4381.3906
 0 151  10.151  50161.363 300.597  -1.144   -6.240    0.070      431.8350     4383.3477
 0 151  10.151  50165.371  82.738   0.768   21.390    0.120      432.2298     4387.3555
 0 151  10.151  50167.398 154.644  -1.336    5.400    0.150      432.4296     4389.3828
 0 151  10.151  50180.184 248.082  -0.171   -2.460    0.050      433.6891     4402.1680
 0 151  10.151  50181.184 283.546  -0.829   -6.730    0.200      433.7876     4403.1680
 0 151  10.151  50182.246 321.229  -0.034   -2.590    0.060      433.8923     4404.2305
 0 151  10.151  50183.281 357.946  -0.342    4.410    0.050      433.9943     4405.2656
 0 151  10.151  50189.348 213.102  -1.469   -0.370    0.080      434.5919     4411.3320
 0 151  10.151  50499.387  48.999  -1.217   14.050    0.050      465.1361     4721.3711
 0 151  10.151  50518.387   2.856   2.256    8.900    0.080      467.0079     4740.3711
 0 151  10.151  50549.305  19.402   1.483   10.110    0.080      470.0539     4771.2891
 0 151  10.151  50568.289 332.699   1.510   -0.140    0.090      471.9242     4790.2734
 0 151  10.151  50837.520 161.279  -0.822    3.470    0.080      498.4480     5059.5039
 0 151  10.151  50844.359  43.868   2.747   18.420    0.280      499.1219     5066.3438
 0 151  10.151  50879.320 203.796  -1.404   -0.390    0.080      502.5661     5101.3047
 0 151  10.151  50898.434 161.675  -1.331    2.910    0.130      504.4491     5120.4180
 0 151  10.151  50900.426 232.328  -0.625   -1.370    0.070      504.6454     5122.4102
 0 151  10.151  50901.305 263.496  -2.087   -6.130    0.070      504.7319     5123.2891
 0 151  10.151  50907.402 119.762  -1.177   16.340    0.110      505.3327     5129.3867
 0 151  10.151  50908.281 150.930  -2.808    6.160    0.080      505.4193     5130.2656
 0 151  10.151  50909.371 189.580  -0.750   -0.030    0.070      505.5266     5131.3555
 0 151  10.151  50914.426   8.855   0.672    8.320    0.110      506.0246     5136.4102
 0 151  10.151  50915.242  37.804  -1.071   14.090    0.110      506.1050     5137.2266
 1  14  10.151  43481.504 271.500  -0.059    4.870  -10.000     -226.2458    -2296.5117
 2  14  10.151  43481.504 271.500  -0.073    4.360  -10.000     -226.2458    -2296.5117
 3  14  10.151  43481.504 271.500  -0.019    3.650  -10.000     -226.2458    -2296.5117
 1  14  10.151  43483.492 342.015  -0.076    5.390  -10.000     -226.0500    -2294.5234
 2  14  10.151  43483.492 342.015  -0.079    4.710  -10.000     -226.0500    -2294.5234
 3  14  10.151  43483.492 342.015  -0.016    3.870  -10.000     -226.0500    -2294.5234
 1  14  10.151  43489.465 193.843   0.014    5.040  -10.000     -225.4615    -2288.5508
 2  14  10.151  43489.465 193.843   0.001    4.530  -10.000     -225.4615    -2288.5508
 3  14  10.151  43489.465 193.843   0.037    3.800  -10.000     -225.4615    -2288.5508
 1  14  10.151  43572.328 252.691   0.010    4.840  -10.000     -217.2981    -2205.6875
 2  14  10.151  43572.328 252.691  -0.021    4.350  -10.000     -217.2981    -2205.6875
 3  14  10.151  43572.328 252.691   0.036    3.670  -10.000     -217.2981    -2205.6875
 2  14  10.151  43598.336  95.087  -0.030    5.060  -10.000     -214.7359    -2179.6797
 3  14  10.151  43598.336  95.087   0.029    4.160  -10.000     -214.7359    -2179.6797
 1  14  10.151  43599.340 130.693  -0.015    5.500  -10.000     -214.6370    -2178.6758
 2  14  10.151  43599.340 130.693  -0.028    4.850  -10.000     -214.6370    -2178.6758
 3  14  10.151  43599.340 130.693   0.025    4.030  -10.000     -214.6370    -2178.6758
 1  14  10.151  43607.328  54.003   0.040    5.920  -10.000     -213.8500    -2170.6875
 2  14  10.151  43607.328  54.003  -0.015    5.080  -10.000     -213.8500    -2170.6875
 3  14  10.151  43607.328  54.003   0.030    4.140  -10.000     -213.8500    -2170.6875
 1  14  10.151  43789.594  38.271   0.103    5.920  -10.000     -195.8937    -1988.4219
 2  14  10.151  43789.594  38.271   0.016    5.060  -10.000     -195.8937    -1988.4219
 3  14  10.151  43789.594  38.271  -0.007    4.060  -10.000     -195.8937    -1988.4219
 1  14  10.151  43791.613 109.896  -0.009    5.730  -10.000     -195.6947    -1986.4023
 2  14  10.151  43791.613 109.896   0.013    5.040  -10.000     -195.6947    -1986.4023
 3  14  10.151  43791.613 109.896   0.042    4.140  -10.000     -195.6947    -1986.4023
 1  14  10.151  43793.605 180.549   0.066    5.140  -10.000     -195.4985    -1984.4102
 2  14  10.151  43793.605 180.549  -0.006    4.560  -10.000     -195.4985    -1984.4102
 3  14  10.151  43793.605 180.549   0.048    3.840  -10.000     -195.4985    -1984.4102
 1  14  10.151  43849.492   2.637   0.018    5.620  -10.000     -189.9927    -1928.5234
 2  14  10.151  43849.492   2.637  -0.074    4.810  -10.000     -189.9927    -1928.5234
 3  14  10.151  43849.492   2.637  -0.009    3.940  -10.000     -189.9927    -1928.5234
 1  14  10.151  43926.402 210.350   0.060    5.020  -10.000     -182.4157    -1851.6133
 2  14  10.151  43926.402 210.350  -0.017    4.460  -10.000     -182.4157    -1851.6133
 3  14  10.151  43926.402 210.350   0.028    3.750  -10.000     -182.4157    -1851.6133
 1  14  10.151  43928.422 281.975  -0.090    4.910  -10.000     -182.2167    -1849.5938
 2  14  10.151  43928.422 281.975  -0.129    4.350  -10.000     -182.2167    -1849.5938
 3  14  10.151  43928.422 281.975  -0.015    3.680  -10.000     -182.2167    -1849.5938
 1  14  10.151  43935.344 167.465   0.009    5.170  -10.000     -181.5348    -1842.6719
 2  14  10.151  43935.344 167.465  -0.010    4.620  -10.000     -181.5348    -1842.6719
 3  14  10.151  43935.344 167.465   0.012    3.850  -10.000     -181.5348    -1842.6719
 1  14  10.151  43957.332 227.307   0.108    4.960  -10.000     -179.3686    -1820.6836
 2  14  10.151  43957.332 227.307  -0.005    4.390  -10.000     -179.3686    -1820.6836
 3  14  10.151  43957.332 227.307   0.040    3.700  -10.000     -179.3686    -1820.6836
 1  14  10.151  44203.461 316.560   0.055    5.330  -10.000     -155.1207    -1574.5547
 2  14  10.151  44203.461 316.560  -0.080    4.580  -10.000     -155.1207    -1574.5547
 3  14  10.151  44203.461 316.560  -0.044    3.760  -10.000     -155.1207    -1574.5547
 0  24  10.151  43563.691 306.376  -4.107   -8.840    3.800     -218.1490    -2214.3242
 0  24  10.151  43939.672 320.966  -2.818   -5.430    3.800     -181.1084    -1838.3438
 0  24  10.151  43940.684 356.852  -1.399    2.840    3.800     -181.0087    -1837.3320
 0  24  10.151  43565.629  15.095  -3.128    4.900    3.800     -217.9581    -2212.3867
 0  24  10.151  43941.664  31.624  -6.683    6.250    3.800     -180.9122    -1836.3516
 0  24  10.151  44215.840  35.590  -6.655    7.860    3.800     -153.9011    -1562.1758
 0  24  10.151  43880.875  35.667 -10.131    4.410    3.800     -186.9009    -1897.1406
 0  24  10.151  43819.980  35.969   1.999   16.640    3.800     -192.9001    -1958.0352
 0  24  10.151  43819.980  35.969   1.609   16.250    3.800     -192.9001    -1958.0352
 0  24  10.151  43820.891  68.253  -3.138   15.820    3.800     -192.8104    -1957.1250
 0  24  10.151  43821.906 104.271  -0.543   21.070    3.800     -192.7104    -1956.1094
 0  24  10.151  43882.844 105.491  -9.585   12.000    3.800     -186.7070    -1895.1719
 0  24  10.151  44197.945 120.943   1.969   19.780    3.800     -155.6640    -1580.0703
 0  24  10.151  44177.961 132.171  -2.588   15.270    3.800     -157.6329    -1600.0547
 0  24  10.151  44198.957 156.824  -2.804    2.810    3.800     -155.5644    -1579.0586
 0  24  10.151  44178.941 166.943   9.077   13.220    3.800     -157.5363    -1599.0742
 0  24  10.151  44199.883 189.657   2.452    3.160    3.800     -155.4732    -1578.1328
 0  24  10.151  44180.016 205.043   2.657    3.780    3.800     -157.4304    -1598.0000
 0  24  10.151  43885.816 210.921  -5.411   -4.180    3.800     -186.4141    -1892.1992
 0  24  10.151  43561.715 236.277  -0.897   -1.770    3.800     -218.3437    -2216.3008
 0  24  10.151  43825.891 245.583  -0.566   -2.340    3.800     -192.3178    -1952.1250
33 177  10.151  54228.828 198.040  -0.018    2.045    0.039      832.5501     8450.8125
34 177  10.151  54228.828 198.040  -0.050    2.045    0.032      832.5501     8450.8125
35 177  10.151  54228.828 198.040  -0.005    2.060    0.033      832.5501     8450.8125
36 177  10.151  54228.828 198.040   0.000    2.045    0.032      832.5501     8450.8125
 0 159  10.151  43511.785 265.463   1.367   -2.800    1.000     -223.2626    -2266.2305
 0 159  10.151  43549.566 165.416   0.193    4.300    1.800     -219.5405    -2228.4492
 0 159  10.151  43599.594 139.697   1.823   15.600    1.000     -214.6120    -2178.4219
 0 159  10.151  43814.910 216.145  -1.009   -0.200    1.000     -193.3996    -1963.1055
 0 159  10.151  44904.934 355.114  -2.123    1.300    1.000      -86.0136     -873.0820
 0 159  10.151  44905.941  30.858  -0.996   11.600    1.000      -85.9143     -872.0742
 0 159  10.151  44915.938  25.381  -2.512    7.800    1.000      -84.9295     -862.0781
 0 159  10.151  44918.953 132.333  -1.273   16.500    1.000      -84.6324     -859.0625
 0 159  10.151  44919.871 164.891   1.900    6.000    1.000      -84.5420     -858.1445
 0 159  10.151  44921.859 235.407  -0.154   -1.000    1.000      -84.3461     -856.1562
 0 159  10.151  44926.875  53.292   0.096   15.500    1.000      -83.8520     -851.1406
