 2  79  16.415  45660.367 162.697   0.065   10.239  -10.000       14.4519      237.2344
 3  79  16.415  45660.367 162.697  -0.032    8.828  -10.000       14.4519      237.2344
 4  79  16.415  45660.367 162.697  -0.046    7.988  -10.000       14.4519      237.2344
 2  79  16.415  45665.410 273.292   0.069    9.832  -10.000       14.7591      242.2773
 3  79  16.415  45665.410 273.292  -0.080    8.423  -10.000       14.7591      242.2773
 4  79  16.415  45665.410 273.292  -0.078    7.621  -10.000       14.7591      242.2773
 2  79  16.415  45666.316 293.167   0.086    9.952  -10.000       14.8144      243.1836
 3  79  16.415  45666.316 293.167  -0.057    8.503  -10.000       14.8144      243.1836
 4  79  16.415  45666.316 293.167  -0.055    7.682  -10.000       14.8144      243.1836
 2  79  16.415  45676.312 152.387   0.051   10.218  -10.000       15.4233      253.1797
 3  79  16.415  45676.312 152.387  -0.054    8.797  -10.000       15.4233      253.1797
 4  79  16.415  45676.312 152.387  -0.056    7.967  -10.000       15.4233      253.1797
 2  79  16.415  45679.309 218.094   0.008    9.451  -10.000       15.6058      256.1758
 3  79  16.415  45679.309 218.094  -0.130    8.207  -10.000       15.6058      256.1758
 4  79  16.415  45679.309 218.094  -0.121    7.477  -10.000       15.6058      256.1758
 2  79  16.415  45686.242  10.151   0.110   10.355  -10.000       16.0282      263.1094
 3  79  16.415  45686.242  10.151   0.006    8.813  -10.000       16.0282      263.1094
 4  79  16.415  45686.242  10.151   0.000    7.930  -10.000       16.0282      263.1094
 2  79  16.415  45687.219  31.569   0.089   10.440  -10.000       16.0877      264.0859
 3  79  16.415  45687.219  31.569   0.035    8.920  -10.000       16.0877      264.0859
 4  79  16.415  45687.219  31.569   0.036    8.032  -10.000       16.0877      264.0859
 2  79  16.415  45688.250  54.184   0.097   10.539  -10.000       16.1505      265.1172
 3  79  16.415  45688.250  54.184   0.047    9.005  -10.000       16.1505      265.1172
 4  79  16.415  45688.250  54.184   0.048    8.109  -10.000       16.1505      265.1172
 1  79  16.415  45689.344  78.170  -0.252   11.386  -10.000       16.2171      266.2109
 2  79  16.415  45689.344  78.170   0.056   10.554  -10.000       16.2171      266.2109
 3  79  16.415  45689.344  78.170   0.044    9.057  -10.000       16.2171      266.2109
 4  79  16.415  45689.344  78.170   0.048    8.163  -10.000       16.2171      266.2109
 1  79  16.415  45690.215  97.274  -0.257   11.340  -10.000       16.2702      267.0820
 2  79  16.415  45690.215  97.274   0.049   10.533  -10.000       16.2702      267.0820
 3  79  16.415  45690.215  97.274   0.034    9.053  -10.000       16.2702      267.0820
 4  79  16.415  45690.215  97.274   0.035    8.164  -10.000       16.2702      267.0820
 1  79  16.415  45691.230 119.548  -0.205   11.199  -10.000       16.3321      268.0977
 2  79  16.415  45691.230 119.548   0.034   10.401  -10.000       16.3321      268.0977
 3  79  16.415  45691.230 119.548  -0.005    8.954  -10.000       16.3321      268.0977
 4  79  16.415  45691.230 119.548  -0.007    8.087  -10.000       16.3321      268.0977
 1  79  16.415  45692.219 141.221  -0.142   11.012  -10.000       16.3923      269.0859
 2  79  16.415  45692.219 141.221   0.028   10.236  -10.000       16.3923      269.0859
 3  79  16.415  45692.219 141.221  -0.042    8.829  -10.000       16.3923      269.0859
 4  79  16.415  45692.219 141.221  -0.048    7.987  -10.000       16.3923      269.0859
 1  79  16.415  45693.203 162.809  -0.089   11.000  -10.000       16.4522      270.0703
 2  79  16.415  45693.203 162.809   0.041   10.215  -10.000       16.4522      270.0703
 3  79  16.415  45693.203 162.809  -0.021    8.839  -10.000       16.4522      270.0703
 4  79  16.415  45693.203 162.809  -0.025    8.009  -10.000       16.4522      270.0703
 1  79  16.415  45694.211 184.911   0.135   10.684  -10.000       16.5136      271.0781
 2  79  16.415  45694.211 184.911   0.120    9.911  -10.000       16.5136      271.0781
 3  79  16.415  45694.211 184.911   0.001    8.598  -10.000       16.5136      271.0781
 4  79  16.415  45694.211 184.911  -0.002    7.819  -10.000       16.5136      271.0781
 1  79  16.415  45695.230 207.270   0.220   10.254  -10.000       16.5758      272.0977
 2  79  16.415  45695.230 207.270   0.061    9.476  -10.000       16.5758      272.0977
 3  79  16.415  45695.230 207.270  -0.067    8.261  -10.000       16.5758      272.0977
 4  79  16.415  45695.230 207.270  -0.063    7.533  -10.000       16.5758      272.0977
 1  79  16.415  45705.137  64.521  -0.282   11.337  -10.000       17.1792      282.0039
 2  79  16.415  45705.137  64.521   0.053   10.529  -10.000       17.1792      282.0039
 3  79  16.415  45705.137  64.521   0.029    9.017  -10.000       17.1792      282.0039
 4  79  16.415  45705.137  64.521   0.038    8.127  -10.000       17.1792      282.0039
 1  79  16.415  45706.156  86.879  -0.297   11.333  -10.000       17.2413      283.0234
 2  79  16.415  45706.156  86.879   0.037   10.536  -10.000       17.2413      283.0234
 3  79  16.415  45706.156  86.879   0.026    9.046  -10.000       17.2413      283.0234
 4  79  16.415  45706.156  86.879   0.035    8.160  -10.000       17.2413      283.0234
 1  79  16.415  45707.160 108.896  -0.233   11.289  -10.000       17.3025      284.0273
 2  79  16.415  45707.160 108.896   0.042   10.483  -10.000       17.3025      284.0273
 3  79  16.415  45707.160 108.896   0.012    9.012  -10.000       17.3025      284.0273
 4  79  16.415  45707.160 108.896   0.015    8.136  -10.000       17.3025      284.0273
 2  79  16.415  47401.469 186.133   0.130    9.884  -10.000      120.5170     1978.3359
 3  79  16.415  47401.469 186.133   0.018    8.590  -10.000      120.5170     1978.3359
 4  79  16.415  47401.469 186.133   0.035    7.835  -10.000      120.5170     1978.3359
 2  79  16.415  47402.441 207.463   0.045    9.460  -10.000      120.5763     1979.3086
 3  79  16.415  47402.441 207.463  -0.078    8.250  -10.000      120.5763     1979.3086
 4  79  16.415  47402.441 207.463  -0.062    7.534  -10.000      120.5763     1979.3086
 2  79  16.415  47403.465 229.908  -0.012    9.492  -10.000      120.6386     1980.3320
 3  79  16.415  47403.465 229.908  -0.116    8.251  -10.000      120.6386     1980.3320
 4  79  16.415  47403.465 229.908  -0.100    7.514  -10.000      120.6386     1980.3320
 2  79  16.415  47404.465 251.840   0.009    9.649  -10.000      120.6996     1981.3320
 3  79  16.415  47404.465 251.840  -0.092    8.344  -10.000      120.6996     1981.3320
 4  79  16.415  47404.465 251.840  -0.072    7.585  -10.000      120.6996     1981.3320
 2  79  16.415  47407.445 317.203   0.053   10.037  -10.000      120.8811     1984.3125
 3  79  16.415  47407.445 317.203  -0.046    8.585  -10.000      120.8811     1984.3125
 4  79  16.415  47407.445 317.203  -0.035    7.754  -10.000      120.8811     1984.3125
 2  79  16.415  47408.441 339.046   0.079   10.170  -10.000      120.9418     1985.3086
 3  79  16.415  47408.441 339.046  -0.043    8.657  -10.000      120.9418     1985.3086
 4  79  16.415  47408.441 339.046  -0.029    7.813  -10.000      120.9418     1985.3086
 2  79  16.415  47409.422   0.549   0.075   10.273  -10.000      121.0015     1986.2891
 3  79  16.415  47409.422   0.549   0.006    8.780  -10.000      121.0015     1986.2891
 4  79  16.415  47409.422   0.549   0.008    7.910  -10.000      121.0015     1986.2891
 2  79  16.415  47410.438  22.824   0.082   10.393  -10.000      121.0634     1987.3047
 3  79  16.415  47410.438  22.824   0.026    8.881  -10.000      121.0634     1987.3047
 4  79  16.415  47410.438  22.824   0.017    7.987  -10.000      121.0634     1987.3047
 2  79  16.415  47411.449  45.011   0.091   10.497  -10.000      121.1250     1988.3164
 3  79  16.415  47411.449  45.011   0.038    8.967  -10.000      121.1250     1988.3164
 4  79  16.415  47411.449  45.011   0.039    8.074  -10.000      121.1250     1988.3164
 2  79  16.415  47413.383  87.415   0.030   10.529  -10.000      121.2428     1990.2500
 3  79  16.415  47413.383  87.415   0.048    9.068  -10.000      121.2428     1990.2500
 4  79  16.415  47413.383  87.415   0.054    8.179  -10.000      121.2428     1990.2500
 2  79  16.415  47413.457  89.044   0.048   10.545  -10.000      121.2473     1990.3242
 3  79  16.415  47413.457  89.044   0.069    9.089  -10.000      121.2473     1990.3242
 4  79  16.415  47413.457  89.044   0.064    8.190  -10.000      121.2473     1990.3242
 2  79  16.415  47414.453 110.888   0.030   10.459  -10.000      121.3080     1991.3203
 3  79  16.415  47414.453 110.888   0.015    9.008  -10.000      121.3080     1991.3203
 4  79  16.415  47414.453 110.888   0.028    8.145  -10.000      121.3080     1991.3203
 1  79  16.415  47415.449 132.734  -0.190   11.061  -10.000      121.3687     1992.3164
 2  79  16.415  47415.449 132.734   0.035   10.305  -10.000      121.3687     1992.3164
 3  79  16.415  47415.449 132.734  -0.026    8.880  -10.000      121.3687     1992.3164
 4  79  16.415  47415.449 132.734  -0.018    8.041  -10.000      121.3687     1992.3164
 2  79  16.415  47416.391 153.377   0.032   10.199  -10.000      121.4260     1993.2578
 3  79  16.415  47416.391 153.377  -0.050    8.801  -10.000      121.4260     1993.2578
 4  79  16.415  47416.391 153.377  -0.040    7.984  -10.000      121.4260     1993.2578
 2  79  16.415  47417.395 175.394   0.090   10.138  -10.000      121.4872     1994.2617
 3  79  16.415  47417.395 175.394   0.003    8.779  -10.000      121.4872     1994.2617
 4  79  16.415  47417.395 175.394   0.007    7.974  -10.000      121.4872     1994.2617
 2  79  16.415  47418.395 197.325   0.084    9.572  -10.000      121.5481     1995.2617
 3  79  16.415  47418.395 197.325  -0.024    8.360  -10.000      121.5481     1995.2617
 4  79  16.415  47418.395 197.325  -0.039    7.607  -10.000      121.5481     1995.2617
 2  79  16.415  47419.379 218.914  -0.006    9.441  -10.000      121.6081     1996.2461
 3  79  16.415  47419.379 218.914  -0.115    8.224  -10.000      121.6081     1996.2461
 4  79  16.415  47419.379 218.914  -0.105    7.494  -10.000      121.6081     1996.2461
 2  79  16.415  47420.379 240.845  -0.004    9.566  -10.000      121.6690     1997.2461
 3  79  16.415  47420.379 240.845  -0.116    8.284  -10.000      121.6690     1997.2461
 4  79  16.415  47420.379 240.845  -0.091    7.543  -10.000      121.6690     1997.2461
 2  79  16.415  47421.375 262.689   0.036    9.740  -10.000      121.7297     1998.2422
 3  79  16.415  47421.375 262.689  -0.092    8.379  -10.000      121.7297     1998.2422
 4  79  16.415  47421.375 262.689  -0.073    7.606  -10.000      121.7297     1998.2422
 1  79  16.415  47423.449 308.177   0.006   10.890  -10.000      121.8560     2000.3164
 2  79  16.415  47423.449 308.177   0.031    9.971  -10.000      121.8560     2000.3164
 3  79  16.415  47423.449 308.177  -0.062    8.541  -10.000      121.8560     2000.3164
 4  79  16.415  47423.449 308.177  -0.057    7.711  -10.000      121.8560     2000.3164
 2  79  16.415  47424.387 328.738   0.047   10.089  -10.000      121.9132     2001.2539
 3  79  16.415  47424.387 328.738  -0.018    8.650  -10.000      121.9132     2001.2539
 4  79  16.415  47424.387 328.738  -0.020    7.796  -10.000      121.9132     2001.2539
 1  79  16.415  47425.438 351.782  -0.088   11.106  -10.000      121.9772     2002.3047
 2  79  16.415  47425.438 351.782   0.069   10.222  -10.000      121.9772     2002.3047
 3  79  16.415  47425.438 351.782  -0.005    8.737  -10.000      121.9772     2002.3047
 4  79  16.415  47425.438 351.782   0.011    7.886  -10.000      121.9772     2002.3047
 1  79  16.415  47427.434  35.557  -0.157   11.330  -10.000      122.0988     2004.3008
 2  79  16.415  47427.434  35.557   0.113   10.481  -10.000      122.0988     2004.3008
 3  79  16.415  47427.434  35.557   0.014    8.913  -10.000      122.0988     2004.3008
 4  79  16.415  47427.434  35.557   0.039    8.047  -10.000      122.0988     2004.3008
 2  79  16.415  47428.352  55.690   0.063   10.510  -10.000      122.1547     2005.2188
 3  79  16.415  47428.352  55.690   0.028    8.991  -10.000      122.1547     2005.2188
 4  79  16.415  47428.352  55.690   0.044    8.110  -10.000      122.1547     2005.2188
 2  79  16.415  47428.453  57.917   0.072   10.528  -10.000      122.1609     2005.3203
 3  79  16.415  47428.453  57.917   0.039    9.009  -10.000      122.1609     2005.3203
 4  79  16.415  47428.453  57.917   0.062    8.134  -10.000      122.1609     2005.3203
 2  79  16.415  47430.363  99.808   0.052   10.530  -10.000      122.2772     2007.2305
 3  79  16.415  47430.363  99.808   0.030    9.047  -10.000      122.2772     2007.2305
 4  79  16.415  47430.363  99.808   0.042    8.171  -10.000      122.2772     2007.2305
 2  79  16.415  47430.473 102.206   0.064   10.535  -10.000      122.2839     2007.3398
 3  79  16.415  47430.473 102.206   0.032    9.046  -10.000      122.2839     2007.3398
 4  79  16.415  47430.473 102.206   0.043    8.172  -10.000      122.2839     2007.3398
 2  79  16.415  47431.414 122.852   0.045   10.388  -10.000      122.3413     2008.2812
 3  79  16.415  47431.414 122.852  -0.008    8.938  -10.000      122.3413     2008.2812
 4  79  16.415  47431.414 122.852   0.009    8.094  -10.000      122.3413     2008.2812
 2  79  16.415  47432.414 144.783  -0.005   10.183  -10.000      122.4022     2009.2812
 3  79  16.415  47432.414 144.783  -0.078    8.781  -10.000      122.4022     2009.2812
 4  79  16.415  47432.414 144.783  -0.087    7.940  -10.000      122.4022     2009.2812
 2  79  16.415  47433.379 165.943   0.081   10.247  -10.000      122.4610     2010.2461
 3  79  16.415  47433.379 165.943   0.003    8.859  -10.000      122.4610     2010.2461
 4  79  16.415  47433.379 165.943  -0.004    8.027  -10.000      122.4610     2010.2461
 1  79  16.415  47434.387 188.045   0.080   10.500  -10.000      122.5223     2011.2539
 2  79  16.415  47434.387 188.045   0.068    9.766  -10.000      122.5223     2011.2539
 3  79  16.415  47434.387 188.045  -0.022    8.510  -10.000      122.5223     2011.2539
 4  79  16.415  47434.387 188.045  -0.016    7.752  -10.000      122.5223     2011.2539
 2  79  16.415  47434.516 190.871   0.096    9.717  -10.000      122.5302     2011.3828
 3  79  16.415  47434.516 190.871   0.008    8.486  -10.000      122.5302     2011.3828
 4  79  16.415  47434.516 190.871   0.005    7.729  -10.000      122.5302     2011.3828
 2  79  16.415  48858.406  97.674   0.072   10.555  -10.000      209.2713     3435.2734
 3  79  16.415  48858.406  97.674   0.020    9.038  -10.000      209.2713     3435.2734
 4  79  16.415  48858.406  97.674   0.027    8.156  -10.000      209.2713     3435.2734
 2  79  16.415  48860.406 141.537   0.071   10.277  -10.000      209.3932     3437.2734
 3  79  16.415  48860.406 141.537  -0.032    8.838  -10.000      209.3932     3437.2734
 4  79  16.415  48860.406 141.537  -0.042    7.992  -10.000      209.3932     3437.2734
 2  79  16.415  48862.461 186.597   0.160    9.900  -10.000      209.5183     3439.3281
 3  79  16.415  48862.461 186.597   0.012    8.574  -10.000      209.5183     3439.3281
 4  79  16.415  48862.461 186.597   0.014    7.806  -10.000      209.5183     3439.3281
 2  79  16.415  48870.379   0.242   0.087   10.284  -10.000      210.0007     3447.2461
 3  79  16.415  48870.379   0.242  -0.024    8.749  -10.000      210.0007     3447.2461
 4  79  16.415  48870.379   0.242  -0.020    7.881  -10.000      210.0007     3447.2461
 2  79  16.415  48872.352  43.506   0.069   10.469  -10.000      210.1208     3449.2188
 3  79  16.415  48872.352  43.506   0.029    8.953  -10.000      210.1208     3449.2188
 4  79  16.415  48872.352  43.506   0.019    8.049  -10.000      210.1208     3449.2188
 2  79  16.415  48874.391  88.220   0.089   10.587  -10.000      210.2451     3451.2578
 3  79  16.415  48874.391  88.220   0.035    9.055  -10.000      210.2451     3451.2578
 4  79  16.415  48874.391  88.220   0.043    8.169  -10.000      210.2451     3451.2578
 2  79  16.415  48875.445 111.352   0.089   10.515  -10.000      210.3093     3452.3125
 3  79  16.415  48875.445 111.352   0.024    9.016  -10.000      210.3093     3452.3125
 4  79  16.415  48875.445 111.352   0.035    8.151  -10.000      210.3093     3452.3125
 2  79  16.415  48876.438 133.110   0.080   10.347  -10.000      210.3698     3453.3047
 3  79  16.415  48876.438 133.110  -0.012    8.892  -10.000      210.3698     3453.3047
 4  79  16.415  48876.438 133.110  -0.025    8.033  -10.000      210.3698     3453.3047
 2  79  16.415  48877.340 152.902   0.075   10.242  -10.000      210.4247     3454.2070
 3  79  16.415  48877.340 152.902  -0.021    8.830  -10.000      210.4247     3454.2070
 4  79  16.415  48877.340 152.902  -0.020    8.004  -10.000      210.4247     3454.2070
 2  79  16.415  48879.410 198.303   0.140    9.614  -10.000      210.5508     3456.2773
 3  79  16.415  48879.410 198.303  -0.019    8.355  -10.000      210.5508     3456.2773
 4  79  16.415  48879.410 198.303  -0.019    7.618  -10.000      210.5508     3456.2773
 2  79  16.415  48880.355 219.034  -0.002    9.446  -10.000      210.6084     3457.2227
 3  79  16.415  48880.355 219.034  -0.124    8.215  -10.000      210.6084     3457.2227
 4  79  16.415  48880.355 219.034  -0.114    7.485  -10.000      210.6084     3457.2227
 2  79  16.415  48881.363 241.139   0.020    9.592  -10.000      210.6698     3458.2305
 3  79  16.415  48881.363 241.139  -0.114    8.287  -10.000      210.6698     3458.2305
 4  79  16.415  48881.363 241.139  -0.096    7.539  -10.000      210.6698     3458.2305
 2  79  16.415  48882.367 263.150   0.028    9.734  -10.000      210.7310     3459.2344
 3  79  16.415  48882.367 263.150  -0.100    8.372  -10.000      210.7310     3459.2344
 4  79  16.415  48882.367 263.150  -0.087    7.592  -10.000      210.7310     3459.2344
 2  79  16.415  48883.371 285.167   0.082    9.909  -10.000      210.7921     3460.2383
 3  79  16.415  48883.371 285.167  -0.059    8.479  -10.000      210.7921     3460.2383
 4  79  16.415  48883.371 285.167  -0.065    7.658  -10.000      210.7921     3460.2383
 2  79  16.415  48885.371 329.030   0.111   10.154  -10.000      210.9140     3462.2383
 3  79  16.415  48885.371 329.030  -0.020    8.649  -10.000      210.9140     3462.2383
 4  79  16.415  48885.371 329.030  -0.027    7.790  -10.000      210.9140     3462.2383
 2  79  16.415  48886.355 350.618   0.104   10.251  -10.000      210.9739     3463.2227
 3  79  16.415  48886.355 350.618  -0.005    8.733  -10.000      210.9739     3463.2227
 4  79  16.415  48886.355 350.618  -0.023    7.849  -10.000      210.9739     3463.2227
 2  79  16.415  48887.363  12.722   0.099   10.357  -10.000      211.0353     3464.2305
 3  79  16.415  48887.363  12.722   0.012    8.829  -10.000      211.0353     3464.2305
 4  79  16.415  48887.363  12.722   0.002    7.940  -10.000      211.0353     3464.2305
 2  79  16.415  48888.336  34.052   0.082   10.444  -10.000      211.0946     3465.2031
 3  79  16.415  48888.336  34.052   0.024    8.918  -10.000      211.0946     3465.2031
 4  79  16.415  48888.336  34.052   0.015    8.018  -10.000      211.0946     3465.2031
 2  79  16.415  48889.332  55.898   0.091   10.539  -10.000      211.1553     3466.1992
 3  79  16.415  48889.332  55.898   0.029    8.992  -10.000      211.1553     3466.1992
 4  79  16.415  48889.332  55.898   0.036    8.102  -10.000      211.1553     3466.1992
 2  79  16.415  48890.312  77.399   0.067   10.565  -10.000      211.2150     3467.1797
 3  79  16.415  48890.312  77.399   0.024    9.036  -10.000      211.2150     3467.1797
 4  79  16.415  48890.312  77.399   0.034    8.148  -10.000      211.2150     3467.1797
 2  79  16.415  48891.375 100.701   0.078   10.554  -10.000      211.2797     3468.2422
 3  79  16.415  48891.375 100.701   0.029    9.045  -10.000      211.2797     3468.2422
 4  79  16.415  48891.375 100.701   0.040    8.169  -10.000      211.2797     3468.2422
 2  79  16.415  48893.387 144.816   0.054   10.241  -10.000      211.4023     3470.2539
 3  79  16.415  48893.387 144.816  -0.051    8.808  -10.000      211.4023     3470.2539
 4  79  16.415  48893.387 144.816  -0.051    7.976  -10.000      211.4023     3470.2539
 1 162  16.415  36812.992 174.287  -0.077   10.863  -10.000     -524.5159    -8610.1406
 2 162  16.415  36812.992 174.287   0.096   10.166  -10.000     -524.5159    -8610.1406
 3 162  16.415  36812.992 174.287   0.006    8.797  -10.000     -524.5159    -8610.1406
 1 162  16.415  36813.984 196.040   0.235   10.392  -10.000     -524.4554    -8609.1484
 2 162  16.415  36813.984 196.040   0.189    9.698  -10.000     -524.4554    -8609.1484
 3 162  16.415  36813.984 196.040   0.019    8.418  -10.000     -524.4554    -8609.1484
 1 162  16.415  36814.992 218.145   0.054   10.141  -10.000     -524.3940    -8608.1406
 2 162  16.415  36814.992 218.145  -0.045    9.398  -10.000     -524.3940    -8608.1406
 3 162  16.415  36814.992 218.145  -0.147    8.190  -10.000     -524.3940    -8608.1406
 1 162  16.415  36815.969 239.568  -0.028   10.257  -10.000     -524.3345    -8607.1641
 2 162  16.415  36815.969 239.568  -0.054    9.508  -10.000     -524.3345    -8607.1641
 3 162  16.415  36815.969 239.568  -0.159    8.237  -10.000     -524.3345    -8607.1641
 1 162  16.415  36816.973 261.584  -0.074   10.429  -10.000     -524.2734    -8606.1602
 2 162  16.415  36816.973 261.584  -0.047    9.650  -10.000     -524.2734    -8606.1602
 3 162  16.415  36816.973 261.584  -0.142    8.326  -10.000     -524.2734    -8606.1602
 1 162  16.415  36817.938 282.744  -0.079   10.610  -10.000     -524.2146    -8605.1953
 2 162  16.415  36817.938 282.744  -0.032    9.782  -10.000     -524.2146    -8605.1953
 3 162  16.415  36817.938 282.744  -0.130    8.401  -10.000     -524.2146    -8605.1953
 1 162  16.415  36818.902 303.904  -0.115   10.738  -10.000     -524.1558    -8604.2305
 2 162  16.415  36818.902 303.904  -0.012    9.907  -10.000     -524.1558    -8604.2305
 3 162  16.415  36818.902 303.904  -0.112    8.479  -10.000     -524.1558    -8604.2305
 1 162  16.415  36819.883 325.393  -0.148   10.864  -10.000     -524.0961    -8603.2500
 2 162  16.415  36819.883 325.393  -0.006   10.020  -10.000     -524.0961    -8603.2500
 3 162  16.415  36819.883 325.393  -0.103    8.554  -10.000     -524.0961    -8603.2500
 1 162  16.415  36844.922 154.512  -0.226   10.859  -10.000     -522.5708    -8578.2109
 2 162  16.415  36844.922 154.512  -0.010   10.158  -10.000     -522.5708    -8578.2109
 3 162  16.415  36844.922 154.512  -0.063    8.789  -10.000     -522.5708    -8578.2109
 1 162  16.415  36845.930 176.616  -0.050   10.821  -10.000     -522.5094    -8577.2031
 2 162  16.415  36845.930 176.616   0.124   10.145  -10.000     -522.5094    -8577.2031
 3 162  16.415  36845.930 176.616   0.042    8.799  -10.000     -522.5094    -8577.2031
 1 162  16.415  36846.930 198.545   0.212   10.317  -10.000     -522.4485    -8576.2031
 2 162  16.415  36846.930 198.545   0.164    9.635  -10.000     -522.4485    -8576.2031
 3 162  16.415  36846.930 198.545   0.008    8.380  -10.000     -522.4485    -8576.2031
 1 162  16.415  36848.910 241.985  -0.049   10.260  -10.000     -522.3278    -8574.2227
 2 162  16.415  36848.910 241.985  -0.083    9.494  -10.000     -522.3278    -8574.2227
 3 162  16.415  36848.910 241.985  -0.146    8.258  -10.000     -522.3278    -8574.2227
 2  18  16.415  44940.953 225.501  -0.042    9.438  -10.000      -29.3736     -482.1797
 3  18  16.415  44940.953 225.501  -0.098    8.257  -10.000      -29.3736     -482.1797
 9  18  16.415  44940.953 225.501  -0.080    7.197  -10.000      -29.3736     -482.1797
10  18  16.415  44940.953 225.501  -0.038    6.357  -10.000      -29.3736     -482.1797
 2  18  16.415  44563.895 236.372  -0.039    9.504  -10.000      -52.3434     -859.2383
 3  18  16.415  44563.895 236.372  -0.088    8.298  -10.000      -52.3434     -859.2383
 9  18  16.415  44563.895 236.372  -0.086    7.202  -10.000      -52.3434     -859.2383
10  18  16.415  44563.895 236.372  -0.051    6.342  -10.000      -52.3434     -859.2383
 2  18  16.415  44908.820 240.808  -0.013    9.557  -10.000      -31.3311     -514.3125
 3  18  16.415  44908.820 240.808  -0.075    8.325  -10.000      -31.3311     -514.3125
 9  18  16.415  44908.820 240.808  -0.062    7.231  -10.000      -31.3311     -514.3125
10  18  16.415  44908.820 240.808  -0.022    6.371  -10.000      -31.3311     -514.3125
 2  18  16.415  44941.656 240.921  -0.029    9.542  -10.000      -29.3308     -481.4766
 3  18  16.415  44941.656 240.921  -0.083    8.318  -10.000      -29.3308     -481.4766
 9  18  16.415  44941.656 240.921  -0.062    7.232  -10.000      -29.3308     -481.4766
10  18  16.415  44941.656 240.921  -0.041    6.352  -10.000      -29.3308     -481.4766
 2  18  16.415  44909.867 263.767   0.024    9.734  -10.000      -31.2673     -513.2656
 3  18  16.415  44909.867 263.767  -0.051    8.423  -10.000      -31.2673     -513.2656
 9  18  16.415  44909.867 263.767  -0.043    7.283  -10.000      -31.2673     -513.2656
10  18  16.415  44909.867 263.767   0.003    6.403  -10.000      -31.2673     -513.2656
 2  18  16.415  44614.625 268.923   0.025    9.764  -10.000      -49.2530     -808.5078
 3  18  16.415  44614.625 268.923  -0.048    8.442  -10.000      -49.2530     -808.5078
 9  18  16.415  44614.625 268.923  -0.057    7.275  -10.000      -49.2530     -808.5078
10  18  16.415  44614.625 268.923  -0.007    6.395  -10.000      -49.2530     -808.5078
 2  18  16.415  44910.859 285.526   0.036    9.864  -10.000      -31.2069     -512.2734
 3  18  16.415  44910.859 285.526  -0.036    8.503  -10.000      -31.2069     -512.2734
 9  18  16.415  44910.859 285.526  -0.041    7.316  -10.000      -31.2069     -512.2734
10  18  16.415  44910.859 285.526  -0.015    6.396  -10.000      -31.2069     -512.2734
 2  18  16.415  44140.016 300.446   0.038    9.940  -10.000      -78.1654    -1283.1172
 3  18  16.415  44140.016 300.446  -0.014    8.567  -10.000      -78.1654    -1283.1172
 9  18  16.415  44140.016 300.446  -0.019    7.359  -10.000      -78.1654    -1283.1172
10  18  16.415  44140.016 300.446  -0.011    6.409  -10.000      -78.1654    -1283.1172
 2  18  16.415  44222.816 316.318   0.045   10.025  -10.000      -73.1213    -1200.3164
 3  18  16.415  44222.816 316.318  -0.008    8.620  -10.000      -73.1213    -1200.3164
 9  18  16.415  44222.816 316.318  -0.020    7.386  -10.000      -73.1213    -1200.3164
10  18  16.415  44222.816 316.318   0.020    6.456  -10.000      -73.1213    -1200.3164
 2  18  16.415  44223.816 338.247   0.070   10.157  -10.000      -73.0604    -1199.3164
 3  18  16.415  44223.816 338.247   0.009    8.707  -10.000      -73.0604    -1199.3164
 9  18  16.415  44223.816 338.247   0.001    7.452  -10.000      -73.0604    -1199.3164
10  18  16.415  44223.816 338.247   0.026    6.492  -10.000      -73.0604    -1199.3164
 2  18  16.415  44913.883 351.832   0.081   10.234  -10.000      -31.0227     -509.2500
 3  18  16.415  44913.883 351.832   0.020    8.762  -10.000      -31.0227     -509.2500
 9  18  16.415  44913.883 351.832   0.025    7.507  -10.000      -31.0227     -509.2500
10  18  16.415  44913.883 351.832   0.048    6.537  -10.000      -31.0227     -509.2500
 2  18  16.415  45012.750   0.051   0.068   10.264  -10.000      -24.9999     -410.3828
 3  18  16.415  45012.750   0.051   0.012    8.784  -10.000      -24.9999     -410.3828
 9  18  16.415  45012.750   0.051   0.006    7.510  -10.000      -24.9999     -410.3828
10  18  16.415  45012.750   0.051   0.054    6.560  -10.000      -24.9999     -410.3828
 2  18  16.415  45014.742  43.741   0.042   10.443  -10.000      -24.8785     -408.3906
 3  18  16.415  45014.742  43.741   0.047    8.972  -10.000      -24.8785     -408.3906
 9  18  16.415  45014.742  43.741   0.053    7.676  -10.000      -24.8785     -408.3906
10  18  16.415  45014.742  43.741   0.091    6.696  -10.000      -24.8785     -408.3906
 2  18  16.415  44555.840  59.729   0.036   10.498  -10.000      -52.8341     -867.2930
 3  18  16.415  44555.840  59.729   0.066    9.041  -10.000      -52.8341     -867.2930
 9  18  16.415  44555.840  59.729   0.072    7.739  -10.000      -52.8341     -867.2930
10  18  16.415  44555.840  59.729   0.145    6.789  -10.000      -52.8341     -867.2930
 2  18  16.415  44984.691 104.709   0.018   10.480  -10.000      -26.7091     -438.4414
 3  18  16.415  44984.691 104.709   0.054    9.064  -10.000      -26.7091     -438.4414
 9  18  16.415  44984.691 104.709   0.069    7.794  -10.000      -26.7091     -438.4414
10  18  16.415  44984.691 104.709   0.128    6.844  -10.000      -26.7091     -438.4414
 2  18  16.415  44984.691 104.709   0.019   10.481  -10.000      -26.7091     -438.4414
 3  18  16.415  44984.691 104.709   0.055    9.065  -10.000      -26.7091     -438.4414
 9  18  16.415  44984.691 104.709   0.068    7.793  -10.000      -26.7091     -438.4414
10  18  16.415  44984.691 104.709   0.127    6.843  -10.000      -26.7091     -438.4414
 2  18  16.415  44886.883 119.706   0.005   10.371  -10.000      -32.6675     -536.2500
 3  18  16.415  44886.883 119.706   0.029    8.988  -10.000      -32.6675     -536.2500
 9  18  16.415  44886.883 119.706   0.060    7.761  -10.000      -32.6675     -536.2500
10  18  16.415  44886.883 119.706   0.101    6.811  -10.000      -32.6675     -536.2500
 2  18  16.415  44985.645 125.611   0.025   10.348  -10.000      -26.6511     -437.4883
 3  18  16.415  44985.645 125.611   0.015    8.950  -10.000      -26.6511     -437.4883
 9  18  16.415  44985.645 125.611   0.032    7.722  -10.000      -26.6511     -437.4883
10  18  16.415  44985.645 125.611   0.076    6.782  -10.000      -26.6511     -437.4883
 2  18  16.415  44821.898 134.558   0.000   10.256  -10.000      -36.6262     -601.2344
 3  18  16.415  44821.898 134.558  -0.006    8.892  -10.000      -36.6262     -601.2344
 9  18  16.415  44821.898 134.558  -0.025    7.647  -10.000      -36.6262     -601.2344
10  18  16.415  44821.898 134.558   0.048    6.747  -10.000      -36.6262     -601.2344
 2  18  16.415  44821.953 135.757  -0.007   10.240  -10.000      -36.6229     -601.1797
 3  18  16.415  44821.953 135.757  -0.016    8.877  -10.000      -36.6229     -601.1797
 9  18  16.415  44821.953 135.757  -0.023    7.646  -10.000      -36.6229     -601.1797
10  18  16.415  44821.953 135.757   0.028    6.726  -10.000      -36.6229     -601.1797
 2  18  16.415  44986.594 146.428   0.001   10.181  -10.000      -26.5933     -436.5391
 3  18  16.415  44986.594 146.428  -0.012    8.844  -10.000      -26.5933     -436.5391
 9  18  16.415  44986.594 146.428  -0.009    7.641  -10.000      -26.5933     -436.5391
10  18  16.415  44986.594 146.428   0.010    6.701  -10.000      -26.5933     -436.5391
 2  18  16.415  44986.641 147.456   0.004   10.180  -10.000      -26.5904     -436.4922
 3  18  16.415  44986.641 147.456  -0.015    8.839  -10.000      -26.5904     -436.4922
 9  18  16.415  44986.641 147.456  -0.011    7.639  -10.000      -26.5904     -436.4922
10  18  16.415  44986.641 147.456   0.018    6.709  -10.000      -26.5904     -436.4922
 2  18  16.415  44986.723 149.255   0.005   10.176  -10.000      -26.5854     -436.4102
 3  18  16.415  44986.723 149.255  -0.014    8.837  -10.000      -26.5854     -436.4102
 9  18  16.415  44986.723 149.255  -0.037    7.612  -10.000      -26.5854     -436.4102
10  18  16.415  44986.723 149.255   0.020    6.712  -10.000      -26.5854     -436.4102
 2  18  16.415  44986.766 150.198  -0.009   10.160  -10.000      -26.5828     -436.3672
 3  18  16.415  44986.766 150.198  -0.017    8.834  -10.000      -26.5828     -436.3672
 9  18  16.415  44986.766 150.198  -0.009    7.641  -10.000      -26.5828     -436.3672
10  18  16.415  44986.766 150.198   0.039    6.731  -10.000      -26.5828     -436.3672
 2  18  16.415  44986.809 151.140   0.007   10.175  -10.000      -26.5802     -436.3242
 3  18  16.415  44986.809 151.140  -0.019    8.832  -10.000      -26.5802     -436.3242
 9  18  16.415  44986.809 151.140  -0.021    7.629  -10.000      -26.5802     -436.3242
10  18  16.415  44986.809 151.140   0.016    6.709  -10.000      -26.5802     -436.3242
 2  18  16.415  44986.844 151.911   0.009   10.177  -10.000      -26.5780     -436.2891
 3  18  16.415  44986.844 151.911  -0.017    8.834  -10.000      -26.5780     -436.2891
 9  18  16.415  44986.844 151.911  -0.016    7.634  -10.000      -26.5780     -436.2891
10  18  16.415  44986.844 151.911   0.020    6.714  -10.000      -26.5780     -436.2891
 2  18  16.415  44822.848 155.374   0.011   10.180  -10.000      -36.5684     -600.2852
 3  18  16.415  44822.848 155.374  -0.008    8.845  -10.000      -36.5684     -600.2852
 9  18  16.415  44822.848 155.374  -0.020    7.634  -10.000      -36.5684     -600.2852
10  18  16.415  44822.848 155.374   0.036    6.734  -10.000      -36.5684     -600.2852
 2  18  16.415  44822.879 156.059   0.007   10.176  -10.000      -36.5665     -600.2539
 3  18  16.415  44822.879 156.059  -0.016    8.838  -10.000      -36.5665     -600.2539
 9  18  16.415  44822.879 156.059   0.012    7.667  -10.000      -36.5665     -600.2539
10  18  16.415  44822.879 156.059   0.028    6.727  -10.000      -36.5665     -600.2539
 2  18  16.415  44822.930 157.173  -0.004   10.167  -10.000      -36.5634     -600.2031
 3  18  16.415  44822.930 157.173  -0.007    8.849  -10.000      -36.5634     -600.2031
 9  18  16.415  44822.930 157.173  -0.010    7.647  -10.000      -36.5634     -600.2031
10  18  16.415  44822.930 157.173   0.017    6.717  -10.000      -36.5634     -600.2031
 2  18  16.415  44822.953 157.688  -0.011   10.160  -10.000      -36.5620     -600.1797
 3  18  16.415  44822.953 157.688  -0.006    8.850  -10.000      -36.5620     -600.1797
 9  18  16.415  44822.953 157.688  -0.008    7.649  -10.000      -36.5620     -600.1797
10  18  16.415  44822.953 157.688   0.028    6.729  -10.000      -36.5620     -600.1797
 2  18  16.415  44987.594 168.359   0.027   10.178  -10.000      -26.5323     -435.5391
 3  18  16.415  44987.594 168.359  -0.002    8.844  -10.000      -26.5323     -435.5391
 9  18  16.415  44987.594 168.359   0.013    7.667  -10.000      -26.5323     -435.5391
10  18  16.415  44987.594 168.359   0.045    6.747  -10.000      -26.5323     -435.5391
 2  18  16.415  45266.785 171.199   0.040   10.160  -10.000       -9.5244     -156.3477
 3  18  16.415  45266.785 171.199   0.006    8.832  -10.000       -9.5244     -156.3477
 9  18  16.415  45266.785 171.199   0.027    7.667  -10.000       -9.5244     -156.3477
10  18  16.415  45266.785 171.199   0.046    6.737  -10.000       -9.5244     -156.3477
 2  18  16.415  45266.812 171.799  -0.013   10.099  -10.000       -9.5228     -156.3203
 3  18  16.415  45266.812 171.799  -0.036    8.784  -10.000       -9.5228     -156.3203
 9  18  16.415  45266.812 171.799  -0.037    7.599  -10.000       -9.5228     -156.3203
10  18  16.415  45266.812 171.799   0.011    6.699  -10.000       -9.5228     -156.3203
 2  18  16.415  44938.578 173.416   0.055   10.141  -10.000      -29.5183     -484.5547
 3  18  16.415  44938.578 173.416   0.029    8.831  -10.000      -29.5183     -484.5547
 9  18  16.415  44938.578 173.416   0.038    7.661  -10.000      -29.5183     -484.5547
10  18  16.415  44938.578 173.416   0.062    6.741  -10.000      -29.5183     -484.5547
 2  18  16.415  45266.922 174.198   0.060   10.132  -10.000       -9.5161     -156.2109
 3  18  16.415  45266.922 174.198   0.037    8.830  -10.000       -9.5161     -156.2109
 9  18  16.415  45266.922 174.198   0.045    7.661  -10.000       -9.5161     -156.2109
10  18  16.415  45266.922 174.198   0.067    6.741  -10.000       -9.5161     -156.2109
 2  18  16.415  45266.926 174.283   0.057   10.127  -10.000       -9.5159     -156.2070
 3  18  16.415  45266.926 174.283   0.034    8.825  -10.000       -9.5159     -156.2070
 9  18  16.415  45266.926 174.283   0.040    7.655  -10.000       -9.5159     -156.2070
10  18  16.415  45266.926 174.283   0.062    6.735  -10.000       -9.5159     -156.2070
 2  18  16.415  44216.867 185.847   0.093    9.855  -10.000      -73.4838    -1206.2656
 3  18  16.415  44216.867 185.847   0.023    8.600  -10.000      -73.4838    -1206.2656
 9  18  16.415  44216.867 185.847   0.009    7.470  -10.000      -73.4838    -1206.2656
10  18  16.415  44216.867 185.847   0.025    6.580  -10.000      -73.4838    -1206.2656
 2  18  16.415  45267.613 189.360   0.104    9.765  -10.000       -9.4740     -155.5195
 3  18  16.415  45267.613 189.360   0.013    8.519  -10.000       -9.4740     -155.5195
 9  18  16.415  45267.613 189.360   0.013    7.422  -10.000       -9.4740     -155.5195
10  18  16.415  45267.613 189.360   0.047    6.562  -10.000       -9.4740     -155.5195
 2  18  16.415  45267.637 189.874   0.087    9.734  -10.000       -9.4726     -155.4961
 3  18  16.415  45267.637 189.874   0.005    8.502  -10.000       -9.4726     -155.4961
 9  18  16.415  45267.637 189.874   0.001    7.403  -10.000       -9.4726     -155.4961
10  18  16.415  45267.637 189.874   0.053    6.563  -10.000       -9.4726     -155.4961
 2  18  16.415  44561.836 191.227   0.119    9.731  -10.000      -52.4688     -861.2969
 3  18  16.415  44561.836 191.227   0.001    8.473  -10.000      -52.4688     -861.2969
 9  18  16.415  44561.836 191.227  -0.011    7.373  -10.000      -52.4688     -861.2969
10  18  16.415  44561.836 191.227   0.027    6.523  -10.000      -52.4688     -861.2969
 2  18  16.415  45267.672 190.645   0.085    9.712  -10.000       -9.4704     -155.4609
 3  18  16.415  45267.672 190.645   0.009    8.491  -10.000       -9.4704     -155.4609
 9  18  16.415  45267.672 190.645   0.012    7.404  -10.000       -9.4704     -155.4609
10  18  16.415  45267.672 190.645   0.042    6.544  -10.000       -9.4704     -155.4609
 2  18  16.415  45267.691 191.074   0.073    9.689  -10.000       -9.4692     -155.4414
 3  18  16.415  45267.691 191.074  -0.001    8.474  -10.000       -9.4692     -155.4414
 9  18  16.415  45267.691 191.074   0.001    7.387  -10.000       -9.4692     -155.4414
10  18  16.415  45267.691 191.074   0.010    6.507  -10.000       -9.4692     -155.4414
 2  18  16.415  45267.723 191.759   0.056    9.655  -10.000       -9.4673     -155.4102
 3  18  16.415  45267.723 191.759   0.003    8.466  -10.000       -9.4673     -155.4102
 9  18  16.415  45267.723 191.759  -0.009    7.369  -10.000       -9.4673     -155.4102
10  18  16.415  45267.723 191.759   0.018    6.509  -10.000       -9.4673     -155.4102
 2  18  16.415  45267.809 193.644   0.071    9.626  -10.000       -9.4621     -155.3242
 3  18  16.415  45267.809 193.644  -0.003    8.429  -10.000       -9.4621     -155.3242
 9  18  16.415  45267.809 193.644   0.009    7.364  -10.000       -9.4621     -155.3242
10  18  16.415  45267.809 193.644   0.021    6.494  -10.000       -9.4621     -155.3242
 2  18  16.415  45267.828 194.072   0.058    9.604  -10.000       -9.4609     -155.3047
 3  18  16.415  45267.828 194.072   0.007    8.433  -10.000       -9.4609     -155.3047
 9  18  16.415  45267.828 194.072   0.016    7.367  -10.000       -9.4609     -155.3047
10  18  16.415  45267.828 194.072   0.027    6.497  -10.000       -9.4609     -155.3047
 2  18  16.415  45267.836 194.243   0.051    9.594  -10.000       -9.4604     -155.2969
 3  18  16.415  45267.836 194.243   0.001    8.424  -10.000       -9.4604     -155.2969
 9  18  16.415  45267.836 194.243  -0.002    7.347  -10.000       -9.4604     -155.2969
10  18  16.415  45267.836 194.243   0.009    6.477  -10.000       -9.4604     -155.2969
 2  18  16.415  45267.836 194.243   0.048    9.591  -10.000       -9.4604     -155.2969
 3  18  16.415  45267.836 194.243   0.002    8.425  -10.000       -9.4604     -155.2969
 9  18  16.415  45267.836 194.243  -0.015    7.334  -10.000       -9.4604     -155.2969
10  18  16.415  45267.836 194.243   0.006    6.474  -10.000       -9.4604     -155.2969
 2  18  16.415  45267.867 194.929   0.058    9.587  -10.000       -9.4585     -155.2656
 3  18  16.415  45267.867 194.929  -0.015    8.399  -10.000       -9.4585     -155.2656
 9  18  16.415  45267.867 194.929  -0.006    7.336  -10.000       -9.4585     -155.2656
10  18  16.415  45267.867 194.929   0.013    6.476  -10.000       -9.4585     -155.2656
 2  18  16.415  45038.582 206.563  -0.013    9.403  -10.000      -23.4262     -384.5508
 3  18  16.415  45038.582 206.563  -0.090    8.239  -10.000      -23.4262     -384.5508
 9  18  16.415  45038.582 206.563  -0.101    7.174  -10.000      -23.4262     -384.5508
10  18  16.415  45038.582 206.563  -0.073    6.334  -10.000      -23.4262     -384.5508
18 163  16.415  47937.543  62.573   0.037    9.104  -10.000      153.1738     2514.4102
18 163  16.415  47937.559  62.913   0.054    9.123  -10.000      153.1748     2514.4258
18 163  16.415  47966.594 339.675   0.025    8.815  -10.000      154.9435     2543.4609
18 163  16.415  47966.609 340.016  -0.005    8.785  -10.000      154.9445     2543.4766
18 163  16.415  47966.773 343.614  -0.012    8.789  -10.000      154.9545     2543.6406
18 163  16.415  47966.785 343.872   0.002    8.805  -10.000      154.9552     2543.6523
18 163  16.415  48010.500 222.567  -0.109    8.333  -10.000      157.6182     2587.3672
18 163  16.415  48080.242 312.056  -0.016    8.687  -10.000      161.8668     2657.1094
18 163  16.415  48080.258 312.396  -0.002    8.703  -10.000      161.8678     2657.1250
18 163  16.415  48080.422 315.994   0.014    8.729  -10.000      161.8778     2657.2891
18 163  16.415  48080.508 317.878  -0.018    8.704  -10.000      161.8830     2657.3750
18 163  16.415  48080.523 318.224  -0.017    8.706  -10.000      161.8840     2657.3906
18 163  16.415  48080.598 319.850  -0.031    8.697  -10.000      161.8885     2657.4648
18 163  16.415  48080.613 320.191   0.002    8.731  -10.000      161.8894     2657.4805
18 163  16.415  48080.688 321.823  -0.009    8.725  -10.000      161.8940     2657.5547
18 163  16.415  48080.703 322.163  -0.002    8.733  -10.000      161.8949     2657.5703
18 163  16.415  48095.086 277.586  -0.021    8.586  -10.000      162.7711     2671.9531
18 163  16.415  48095.102 277.932  -0.018    8.590  -10.000      162.7720     2671.9688
18 163  16.415  48095.176 279.558  -0.006    8.607  -10.000      162.7766     2672.0430
18 163  16.415  48095.266 281.530  -0.023    8.595  -10.000      162.7820     2672.1328
18 163  16.415  48095.352 283.414  -0.002    8.622  -10.000      162.7873     2672.2188
18 163  16.415  48095.367 283.755  -0.021    8.604  -10.000      162.7882     2672.2344
18 163  16.415  48130.734 339.379   0.030    8.818  -10.000      164.9427     2707.6016
18 163  16.415  48130.824 341.351   0.005    8.800  -10.000      164.9482     2707.6914
18 163  16.415  48163.238 332.210   0.011    8.777  -10.000      166.9228     2740.1055
18 163  16.415  48267.082  89.566   0.020    9.125  -10.000      173.2488     2843.9492
18 163  16.415  48267.098  89.912   0.052    9.157  -10.000      173.2498     2843.9648
18 163  16.415  48267.172  91.538   0.063    9.168  -10.000      173.2543     2844.0391
18 163  16.415  48267.188  91.879   0.050    9.155  -10.000      173.2552     2844.0547
18 163  16.415  48277.926 327.376  -0.012    8.739  -10.000      173.9094     2854.7930
18 163  16.415  48277.938 327.634  -0.004    8.748  -10.000      173.9101     2854.8047
18 163  16.415  48278.016 329.348  -0.005    8.753  -10.000      173.9149     2854.8828
18 163  16.415  48278.027 329.606  -0.005    8.753  -10.000      173.9156     2854.8945
18 163  16.415  48278.102 331.232  -0.007    8.756  -10.000      173.9201     2854.9688
18 163  16.415  48278.117 331.578  -0.001    8.763  -10.000      173.9211     2854.9844
18 163  16.415  48278.191 333.204   0.001    8.770  -10.000      173.9256     2855.0586
18 163  16.415  48278.207 333.545  -0.011    8.759  -10.000      173.9265     2855.0742
18 163  16.415  48312.305   1.329   0.019    8.883  -10.000      176.0037     2889.1719
18 163  16.415  48312.316   1.588   0.029    8.894  -10.000      176.0044     2889.1836
18 163  16.415  48312.391   3.214   0.060    8.929  -10.000      176.0089     2889.2578
18 163  16.415  48312.406   3.554   0.021    8.891  -10.000      176.0099     2889.2734
18 163  16.415  48341.445 280.399  -0.014    8.601  -10.000      177.7789     2918.3125
18 163  16.415  48341.457 280.657  -0.047    8.569  -10.000      177.7796     2918.3242
18 163  16.415  48341.531 282.288  -0.028    8.593  -10.000      177.7841     2918.3984
18 163  16.415  48341.547 282.629  -0.041    8.580  -10.000      177.7851     2918.4141
18 163  16.415  48341.621 284.255  -0.038    8.588  -10.000      177.7896     2918.4883
18 163  16.415  48341.637 284.601  -0.034    8.593  -10.000      177.7906     2918.5039
18 163  16.415  48361.527   0.813   0.026    8.888  -10.000      179.0023     2938.3945
18 163  16.415  48361.543   1.154  -0.008    8.854  -10.000      179.0032     2938.4102
18 163  16.415  48361.617   2.785   0.028    8.896  -10.000      179.0077     2938.4844
18 163  16.415  48361.633   3.126   0.039    8.909  -10.000      179.0087     2938.5000
18 163  16.415  48475.457 339.362   0.007    8.795  -10.000      185.9427     3052.3242
18 163  16.415  48475.469 339.620   0.004    8.794  -10.000      185.9434     3052.3359
18 163  16.415  48475.547 341.329   0.006    8.800  -10.000      185.9481     3052.4141
18 163  16.415  48475.559 341.587  -0.016    8.780  -10.000      185.9489     3052.4258
18 163  16.415  48502.738 217.656  -0.090    8.342  -10.000      187.6046     3079.6055
18 163  16.415  48502.750 217.914  -0.083    8.349  -10.000      187.6053     3079.6172
18 163  16.415  48502.828 219.628  -0.091    8.344  -10.000      187.6101     3079.6953
18 163  16.415  48502.840 219.880  -0.069    8.368  -10.000      187.6108     3079.7070
18 163  16.415  48525.680   0.775  -0.005    8.857  -10.000      189.0022     3102.5469
18 163  16.415  48525.754   2.401  -0.005    8.862  -10.000      189.0067     3102.6211
18 163  16.415  48525.770   2.747   0.036    8.905  -10.000      189.0076     3102.6367
18 163  16.415  48658.676  37.463   0.042    9.032  -10.000      197.1041     3235.5430
18 163  16.415  48658.688  37.716   0.041    9.032  -10.000      197.1048     3235.5547
18 163  16.415  48680.531 156.764  -0.025    8.919  -10.000      198.4355     3257.3984
18 163  16.415  48680.547 157.110  -0.014    8.931  -10.000      198.4364     3257.4141
18 163  16.415  48680.621 158.736  -0.002    8.945  -10.000      198.4409     3257.4883
18 163  16.415  48680.637 159.077  -0.038    8.910  -10.000      198.4419     3257.5039
18 163  16.415  48680.711 160.708   0.017    8.967  -10.000      198.4464     3257.5781
18 163  16.415  48707.023  17.754   0.048    8.970  -10.000      200.0493     3283.8906
18 163  16.415  48707.098  19.385   0.075    9.003  -10.000      200.0538     3283.9648
18 163  16.415  48707.113  19.726   0.042    8.971  -10.000      200.0548     3283.9805
18 163  16.415  48707.188  21.352  -0.028    8.908  -10.000      200.0593     3284.0547
18 163  16.415  48707.203  21.698   0.049    8.985  -10.000      200.0603     3284.0703
18 163  16.415  48707.277  23.324   0.018    8.960  -10.000      200.0648     3284.1445
18 163  16.415  48820.266 341.224  -0.011    8.783  -10.000      206.9478     3397.1328
18 163  16.415  48820.281 341.570   0.017    8.812  -10.000      206.9488     3397.1484
18 163  16.415  48820.355 343.196   0.019    8.819  -10.000      206.9533     3397.2227
18 163  16.415  48995.844 231.762  -0.098    8.368  -10.000      217.6438     3572.7109
 0  29  16.415  44513.875 219.413 -10.894  -54.600    3.800      -55.3905     -909.2578
 0  29  16.415  44218.777 227.738  -6.396  -53.700    3.800      -73.3674    -1204.3555
 0  29  16.415  45384.570 234.301  -7.500  -55.600    3.800       -2.3492      -38.5625
 0  29  16.415  45386.602 278.847  -5.489  -46.000    3.800       -2.2254      -36.5312
 0  29  16.415  45387.570 300.092  -3.697  -40.600    3.800       -2.1664      -35.5625
 0  29  16.415  45338.691 308.148  -4.225  -38.900    3.800       -5.1440      -84.4414
 0  29  16.415  45388.613 322.965  -5.728  -37.600    3.800       -2.1029      -34.5195
 0  29  16.415  45389.598 344.553  -2.795  -29.800    3.800       -2.0429      -33.5352
 0  29  16.415  44946.805 353.829  -1.260  -27.000    3.800      -29.0171     -476.3281
 0  29  16.415  44537.805  24.206   0.793  -19.400    3.800      -53.9328     -885.3281
 0  29  16.415  44570.801  27.831  -0.865  -20.600    3.800      -51.9227     -852.3320
 0  29  16.415  44571.762  48.904  -5.322  -21.000    3.800      -51.8642     -851.3711
 0  29  16.415  44949.773  58.935  -0.076  -13.200    3.800      -28.8363     -473.3594
 0  29  16.415  44572.793  71.521  -3.199  -14.000    3.800      -51.8013     -850.3398
 0  29  16.415  44474.973  86.261  10.118    1.200    3.800      -57.7604     -948.1602
 0  29  16.415  44573.797  93.536  -3.794  -10.600    3.800      -51.7402     -849.3359
 0  29  16.415  44952.801 125.327   2.065   -1.200    3.800      -28.6519     -470.3320
 0  29  16.415  44476.977 130.207  10.224    5.500    3.800      -57.6383     -946.1562
 0  29  16.415  44542.812 134.030   2.596   -3.800    3.800      -53.6277     -880.3203
 0  29  16.415  44887.906 142.149   2.638   -5.800    3.800      -32.6051     -535.2266
 0  29  16.415  44543.848 156.732  -3.387  -20.000    3.800      -53.5646     -879.2852
 0  29  16.415  45003.637 160.191   3.840  -13.600    3.800      -25.5550     -419.4961
 0  29  16.415  44215.789 162.205   7.535  -10.100    3.800      -73.5494    -1207.3438
 0  29  16.415  44626.656 172.775   4.200  -16.000    3.800      -48.5201     -796.4766
 0  29  16.415  45004.605 181.436   6.981  -15.200    3.800      -25.4960     -418.5273
 0  29  16.415  44216.730 182.848  -3.344  -25.800    3.800      -73.4921    -1206.4023
 0  29  16.415  44200.812 193.758   7.147  -19.400    3.800      -74.4618    -1222.3203
 0  29  16.415  44627.617 193.850   4.001  -22.600    3.800      -48.4615     -795.5156
 0  29  16.415  44512.855 197.054   3.295  -25.600    3.800      -55.4526     -910.2773
 0  29  16.415  44217.781 205.895   2.538  -36.400    3.800      -73.4281    -1205.3516
 1  14  16.415  43438.520  36.203  -0.231   11.260  -10.000     -120.8994    -1984.6133
 2  14  16.415  43438.520  36.203  -0.021   10.350  -10.000     -120.8994    -1984.6133
 3  14  16.415  43438.520  36.203  -0.021    8.880  -10.000     -120.8994    -1984.6133
 1  14  16.415  43481.410 256.819   0.122   10.580  -10.000     -118.2866    -1941.7227
 2  14  16.415  43481.410 256.819  -0.010    9.660  -10.000     -118.2866    -1941.7227
 3  14  16.415  43481.410 256.819  -0.133    8.320  -10.000     -118.2866    -1941.7227
 1  14  16.415  43483.676 306.505   0.108   10.980  -10.000     -118.1486    -1939.4570
 2  14  16.415  43483.676 306.505   0.028    9.960  -10.000     -118.1486    -1939.4570
 3  14  16.415  43483.676 306.505  -0.079    8.520  -10.000     -118.1486    -1939.4570
 1  14  16.415  43560.320 187.369   0.083   10.530  -10.000     -113.4795    -1862.8125
 2  14  16.415  43560.320 187.369  -0.008    9.710  -10.000     -113.4795    -1862.8125
 3  14  16.415  43560.320 187.369  -0.076    8.470  -10.000     -113.4795    -1862.8125
 2  14  16.415  43777.441 268.967   0.001    9.740  -10.000     -100.2529    -1645.6914
 3  14  16.415  43777.441 268.967  -0.100    8.390  -10.000     -100.2529    -1645.6914
 1  14  16.415  43788.566 152.946  -0.156   10.930  -10.000      -99.5751    -1634.5664
 2  14  16.415  43788.566 152.946  -0.057   10.110  -10.000      -99.5751    -1634.5664
 3  14  16.415  43788.566 152.946  -0.111    8.740  -10.000      -99.5751    -1634.5664
 1  14  16.415  43789.441 172.137   0.008   11.000  -10.000      -99.5218    -1633.6914
 2  14  16.415  43789.441 172.137   0.013   10.120  -10.000      -99.5218    -1633.6914
 3  14  16.415  43789.441 172.137  -0.067    8.750  -10.000      -99.5218    -1633.6914
 2  14  16.415  43791.559 218.568  -0.065    9.380  -10.000      -99.3929    -1631.5742
 3  14  16.415  43791.559 218.568  -0.168    8.170  -10.000      -99.3929    -1631.5742
 1  14  16.415  43803.375 117.708  -0.166   11.260  -10.000      -98.6730    -1619.7578
 2  14  16.415  43803.375 117.708  -0.020   10.360  -10.000      -98.6730    -1619.7578
 3  14  16.415  43803.375 117.708  -0.047    8.920  -10.000      -98.6730    -1619.7578
 1  14  16.415  43830.367 349.662   0.061   11.240  -10.000      -97.0287    -1592.7656
 2  14  16.415  43830.367 349.662   0.088   10.230  -10.000      -97.0287    -1592.7656
 3  14  16.415  43830.367 349.662  -0.034    8.700  -10.000      -97.0287    -1592.7656
 2  14  16.415  43849.438  47.887   0.023   10.440  -10.000      -95.8670    -1573.6953
 3  14  16.415  43849.438  47.887   0.002    8.940  -10.000      -95.8670    -1573.6953
 2  14  16.415  43878.332 321.562  -0.007   10.000  -10.000      -94.1068    -1544.8008
 3  14  16.415  43878.332 321.562  -0.065    8.580  -10.000      -94.1068    -1544.8008
 1  14  16.415  43926.449 296.801   0.141   10.940  -10.000      -91.1756    -1496.6836
 2  14  16.415  43926.449 296.801   0.056    9.940  -10.000      -91.1756    -1496.6836
 3  14  16.415  43926.449 296.801  -0.051    8.520  -10.000      -91.1756    -1496.6836
 1  14  16.415  43928.336 338.178   0.028   11.130  -10.000      -91.0606    -1494.7969
 2  14  16.415  43928.336 338.178   0.013   10.100  -10.000      -91.0606    -1494.7969
 3  14  16.415  43928.336 338.178  -0.047    8.650  -10.000      -91.0606    -1494.7969
 1  14  16.415  43935.328 131.523  -0.185   11.080  -10.000      -90.6347    -1487.8047
 2  14  16.415  43935.328 131.523  -0.029   10.250  -10.000      -90.6347    -1487.8047
 3  14  16.415  43935.328 131.523  -0.071    8.840  -10.000      -90.6347    -1487.8047
 1  14  16.415  43956.305 231.551   0.176   10.380  -10.000      -89.3568    -1466.8281
 2  14  16.415  43956.305 231.551  -0.044    9.470  -10.000      -89.3568    -1466.8281
 3  14  16.415  43956.305 231.551  -0.172    8.200  -10.000      -89.3568    -1466.8281
 1  14  16.415  43966.324  91.285  -0.199   11.420  -10.000      -88.7464    -1456.8086
 2  14  16.415  43966.324  91.285  -0.034   10.460  -10.000      -88.7464    -1456.8086
 3  14  16.415  43966.324  91.285  -0.020    9.000  -10.000      -88.7464    -1456.8086
 1  14  16.415  44143.445  15.661  -0.072   11.290  -10.000      -77.9565    -1279.6875
 2  14  16.415  44143.445  15.661   0.026   10.300  -10.000      -77.9565    -1279.6875
 3  14  16.415  44143.445  15.661  -0.048    8.780  -10.000      -77.9565    -1279.6875
 2  14  16.415  44162.512  73.798  -0.003   10.490  -10.000      -76.7950    -1260.6211
 3  14  16.415  44162.512  73.798   0.004    9.010  -10.000      -76.7950    -1260.6211
 1  14  16.415  44167.414 181.310   0.042   10.740  -10.000      -76.4964    -1255.7188
 2  14  16.415  44167.414 181.310  -0.008    9.890  -10.000      -76.4964    -1255.7188
 3  14  16.415  44167.414 181.310  -0.122    8.550  -10.000      -76.4964    -1255.7188
 3   9  16.415  43866.941  71.757   0.008    9.010  -10.000      -94.8007    -1556.1914
14   9  16.415  43866.941  71.757  -0.093   10.970  -10.000      -94.8007    -1556.1914
15   9  16.415  43866.941  71.757   0.027    9.460  -10.000      -94.8007    -1556.1914
16   9  16.415  43866.941  71.757   0.021    8.180  -10.000      -94.8007    -1556.1914
17   9  16.415  43866.941  71.757   0.059    7.290  -10.000      -94.8007    -1556.1914
 3   9  16.415  43867.898  92.747   0.000    9.020  -10.000      -94.7424    -1555.2344
14   9  16.415  43867.898  92.747  -0.094   10.960  -10.000      -94.7424    -1555.2344
15   9  16.415  43867.898  92.747   0.014    9.460  -10.000      -94.7424    -1555.2344
16   9  16.415  43867.898  92.747   0.007    8.190  -10.000      -94.7424    -1555.2344
17   9  16.415  43867.898  92.747   0.059    7.320  -10.000      -94.7424    -1555.2344
 3   9  16.415  43868.711 110.566   0.025    9.020  -10.000      -94.6929    -1554.4219
14   9  16.415  43868.711 110.566  -0.050   10.920  -10.000      -94.6929    -1554.4219
15   9  16.415  43868.711 110.566   0.037    9.450  -10.000      -94.6929    -1554.4219
16   9  16.415  43868.711 110.566   0.026    8.200  -10.000      -94.6929    -1554.4219
17   9  16.415  43868.711 110.566   0.065    7.330  -10.000      -94.6929    -1554.4219
 3   9  16.415  43869.719 132.668  -0.036    8.870  -10.000      -94.6315    -1553.4141
14   9  16.415  43869.719 132.668  -0.033   10.730  -10.000      -94.6315    -1553.4141
15   9  16.415  43869.719 132.668  -0.008    9.300  -10.000      -94.6315    -1553.4141
16   9  16.415  43869.719 132.668  -0.038    8.080  -10.000      -94.6315    -1553.4141
17   9  16.415  43869.719 132.668  -0.006    7.230  -10.000      -94.6315    -1553.4141
 3   9  16.415  44085.949 194.735  -0.026    8.390  -10.000      -81.4591    -1337.1836
14   9  16.415  44085.949 194.735   0.175   10.040  -10.000      -81.4591    -1337.1836
15   9  16.415  44085.949 194.735  -0.001    8.760  -10.000      -81.4591    -1337.1836
16   9  16.415  44085.949 194.735  -0.050    7.690  -10.000      -81.4591    -1337.1836
17   9  16.415  44085.949 194.735  -0.038    6.910  -10.000      -81.4591    -1337.1836
 3   9  16.415  44086.930 216.238  -0.123    8.210  -10.000      -81.3993    -1336.2031
14   9  16.415  44086.930 216.238   0.092    9.850  -10.000      -81.3993    -1336.2031
15   9  16.415  44086.930 216.238  -0.094    8.580  -10.000      -81.3993    -1336.2031
16   9  16.415  44086.930 216.238  -0.133    7.530  -10.000      -81.3993    -1336.2031
17   9  16.415  44086.930 216.238  -0.087    6.790  -10.000      -81.3993    -1336.2031
