 1  79  12.902  45488.387 325.997   0.152   12.433  -10.000        0.9055       11.6836
 2  79  12.902  45488.387 325.997   0.049   11.080  -10.000        0.9055       11.6836
 3  79  12.902  45488.387 325.997   0.047    9.601  -10.000        0.9055       11.6836
 4  79  12.902  45488.387 325.997   0.045    8.794  -10.000        0.9055       11.6836
 1  79  12.902  45489.418 354.771   0.162   12.747  -10.000        0.9855       12.7148
 2  79  12.902  45489.418 354.771   0.044   11.286  -10.000        0.9855       12.7148
 3  79  12.902  45489.418 354.771   0.044    9.739  -10.000        0.9855       12.7148
 4  79  12.902  45489.418 354.771   0.015    8.874  -10.000        0.9855       12.7148
 1  79  12.902  45490.348  20.711   0.026   12.869  -10.000        1.0575       13.6445
 2  79  12.902  45490.348  20.711   0.021   11.452  -10.000        1.0575       13.6445
 3  79  12.902  45490.348  20.711   0.006    9.836  -10.000        1.0575       13.6445
 4  79  12.902  45490.348  20.711  -0.003    8.970  -10.000        1.0575       13.6445
 3  79  12.902  45493.395 105.726   0.021   10.024  -10.000        1.2937       16.6914
 4  79  12.902  45493.395 105.726  -0.003    9.160  -10.000        1.2937       16.6914
 1  79  12.902  45496.332 187.688   0.020   11.782  -10.000        1.5214       19.6289
 2  79  12.902  45496.332 187.688   0.040   10.824  -10.000        1.5214       19.6289
 3  79  12.902  45496.332 187.688   0.019    9.534  -10.000        1.5214       19.6289
 4  79  12.902  45496.332 187.688  -0.027    8.769  -10.000        1.5214       19.6289
 1  79  12.902  45497.309 214.936   0.027   10.981  -10.000        1.5970       20.6055
 2  79  12.902  45497.309 214.936  -0.034   10.158  -10.000        1.5970       20.6055
 3  79  12.902  45497.309 214.936  -0.015    9.073  -10.000        1.5970       20.6055
 4  79  12.902  45497.309 214.936  -0.038    8.400  -10.000        1.5970       20.6055
 1  79  12.902  45498.348 243.928   0.032   11.254  -10.000        1.6776       21.6445
 2  79  12.902  45498.348 243.928   0.047   10.404  -10.000        1.6776       21.6445
 3  79  12.902  45498.348 243.928   0.036    9.211  -10.000        1.6776       21.6445
 4  79  12.902  45498.348 243.928  -0.011    8.481  -10.000        1.6776       21.6445
 2  79  12.902  45501.359 327.962  -0.003   11.042  -10.000        1.9110       24.6562
 3  79  12.902  45501.359 327.962   0.017    9.581  -10.000        1.9110       24.6562
 4  79  12.902  45501.359 327.962   0.010    8.766  -10.000        1.9110       24.6562
 1  79  12.902  45502.352 355.646   0.023   12.618  -10.000        1.9879       25.6484
 2  79  12.902  45502.352 355.646  -0.024   11.225  -10.000        1.9879       25.6484
 3  79  12.902  45502.352 355.646  -0.009    9.690  -10.000        1.9879       25.6484
 4  79  12.902  45502.352 355.646   0.003    8.866  -10.000        1.9879       25.6484
 1  79  12.902  45503.359  23.766   0.012   12.882  -10.000        2.0660       26.6562
 2  79  12.902  45503.359  23.766   0.026   11.478  -10.000        2.0660       26.6562
 3  79  12.902  45503.359  23.766   0.018    9.864  -10.000        2.0660       26.6562
 4  79  12.902  45503.359  23.766   0.009    8.996  -10.000        2.0660       26.6562
 1  79  12.902  45505.371  79.897  -0.032   13.097  -10.000        2.2219       28.6680
 2  79  12.902  45505.371  79.897  -0.035   11.648  -10.000        2.2219       28.6680
 3  79  12.902  45505.371  79.897  -0.013   10.043  -10.000        2.2219       28.6680
 4  79  12.902  45505.371  79.897  -0.005    9.183  -10.000        2.2219       28.6680
 1  79  12.902  45508.359 163.276  -0.091   12.031  -10.000        2.4535       31.6562
 2  79  12.902  45508.359 163.276  -0.010   11.032  -10.000        2.4535       31.6562
 3  79  12.902  45508.359 163.276  -0.023    9.673  -10.000        2.4535       31.6562
 4  79  12.902  45508.359 163.276  -0.046    8.898  -10.000        2.4535       31.6562
 2  79  12.902  45515.363 358.700  -0.073   11.200  -10.000        2.9964       38.6602
 3  79  12.902  45515.363 358.700  -0.050    9.666  -10.000        2.9964       38.6602
 4  79  12.902  45515.363 358.700  -0.036    8.841  -10.000        2.9964       38.6602
 1  79  12.902  45872.344 239.210   0.140   11.295  -10.000       30.6645      395.6406
 2  79  12.902  45872.344 239.210   0.090   10.405  -10.000       30.6645      395.6406
 3  79  12.902  45872.344 239.210   0.053    9.206  -10.000       30.6645      395.6406
 4  79  12.902  45872.344 239.210   0.027    8.505  -10.000       30.6645      395.6406
 1  79  12.902  45873.344 267.112   0.009   11.552  -10.000       30.7420      396.6406
 2  79  12.902  45873.344 267.112  -0.007   10.550  -10.000       30.7420      396.6406
 3  79  12.902  45873.344 267.112   0.005    9.288  -10.000       30.7420      396.6406
 4  79  12.902  45873.344 267.112  -0.016    8.546  -10.000       30.7420      396.6406
 1  79  12.902  45874.328 294.578   0.004   11.920  -10.000       30.8183      397.6250
 2  79  12.902  45874.328 294.578   0.004   10.798  -10.000       30.8183      397.6250
 3  79  12.902  45874.328 294.578   0.009    9.424  -10.000       30.8183      397.6250
 4  79  12.902  45874.328 294.578   0.003    8.653  -10.000       30.8183      397.6250
 2  79  12.902  45875.320 322.263  -0.005   10.998  -10.000       30.8952      398.6172
 3  79  12.902  45875.320 322.263   0.014    9.551  -10.000       30.8952      398.6172
 4  79  12.902  45875.320 322.263   0.007    8.743  -10.000       30.8952      398.6172
 1  79  12.902  45876.336 350.601   0.015   12.556  -10.000       30.9739      399.6328
 2  79  12.902  45876.336 350.601  -0.001   11.210  -10.000       30.9739      399.6328
 3  79  12.902  45876.336 350.601   0.015    9.688  -10.000       30.9739      399.6328
 4  79  12.902  45876.336 350.601   0.018    8.860  -10.000       30.9739      399.6328
 1  79  12.902  45877.324  18.176   0.039   12.859  -10.000       31.0505      400.6211
 2  79  12.902  45877.324  18.176  -0.007   11.407  -10.000       31.0505      400.6211
 3  79  12.902  45877.324  18.176   0.020    9.837  -10.000       31.0505      400.6211
 4  79  12.902  45877.324  18.176   0.019    8.981  -10.000       31.0505      400.6211
 1  79  12.902  45878.316  45.860   0.091   13.127  -10.000       31.1274      401.6133
 2  79  12.902  45878.316  45.860  -0.013   11.570  -10.000       31.1274      401.6133
 3  79  12.902  45878.316  45.860   0.011    9.962  -10.000       31.1274      401.6133
 4  79  12.902  45878.316  45.860   0.022    9.103  -10.000       31.1274      401.6133
 2  79  12.902  45879.312  73.653  -0.015   11.666  -10.000       31.2046      402.6094
 3  79  12.902  45879.312  73.653   0.000   10.047  -10.000       31.2046      402.6094
 4  79  12.902  45879.312  73.653   0.011    9.187  -10.000       31.2046      402.6094
 1  79  12.902  45880.320 101.773  -0.040   12.935  -10.000       31.2827      403.6172
 2  79  12.902  45880.320 101.773  -0.053   11.544  -10.000       31.2827      403.6172
 3  79  12.902  45880.320 101.773  -0.030    9.993  -10.000       31.2827      403.6172
 4  79  12.902  45880.320 101.773  -0.046    9.130  -10.000       31.2827      403.6172
 1  79  12.902  45881.316 129.566  -0.010   12.472  -10.000       31.3599      404.6133
 2  79  12.902  45881.316 129.566  -0.031   11.247  -10.000       31.3599      404.6133
 3  79  12.902  45881.316 129.566  -0.011    9.825  -10.000       31.3599      404.6133
 4  79  12.902  45881.316 129.566  -0.058    8.987  -10.000       31.3599      404.6133
 1  79  12.902  45882.305 157.141  -0.063   12.084  -10.000       31.4365      405.6016
 2  79  12.902  45882.305 157.141  -0.012   11.046  -10.000       31.4365      405.6016
 3  79  12.902  45882.305 157.141  -0.020    9.685  -10.000       31.4365      405.6016
 4  79  12.902  45882.305 157.141  -0.042    8.909  -10.000       31.4365      405.6016
 2  79  12.902  45883.316 185.370   0.032   10.869  -10.000       31.5149      406.6133
 3  79  12.902  45883.316 185.370   0.021    9.574  -10.000       31.5149      406.6133
 4  79  12.902  45883.316 185.370   0.009    8.836  -10.000       31.5149      406.6133
 1  79  12.902  45886.324 269.295   0.009   11.582  -10.000       31.7480      409.6211
 2  79  12.902  45886.324 269.295   0.013   10.589  -10.000       31.7480      409.6211
 3  79  12.902  45886.324 269.295   0.018    9.311  -10.000       31.7480      409.6211
 4  79  12.902  45886.324 269.295   0.008    8.576  -10.000       31.7480      409.6211
 1  79  12.902  45887.305 296.651  -0.052   11.889  -10.000       31.8240      410.6016
 2  79  12.902  45887.305 296.651  -0.028   10.781  -10.000       31.8240      410.6016
 3  79  12.902  45887.305 296.651  -0.016    9.407  -10.000       31.8240      410.6016
 4  79  12.902  45887.305 296.651  -0.015    8.640  -10.000       31.8240      410.6016
 2  79  12.902  47401.188  57.184   0.031   11.672  -10.000      149.1588     1924.4844
 3  79  12.902  47401.188  57.184   0.027   10.029  -10.000      149.1588     1924.4844
 4  79  12.902  47401.188  57.184   0.053    9.182  -10.000      149.1588     1924.4844
 2  79  12.902  47402.180  84.869  -0.001   11.677  -10.000      149.2357     1925.4766
 3  79  12.902  47402.180  84.869   0.008   10.067  -10.000      149.2357     1925.4766
 4  79  12.902  47402.180  84.869   0.023    9.217  -10.000      149.2357     1925.4766
 2  79  12.902  47403.176 112.659  -0.032   11.462  -10.000      149.3129     1926.4727
 3  79  12.902  47403.176 112.659  -0.005    9.959  -10.000      149.3129     1926.4727
 4  79  12.902  47403.176 112.659   0.009    9.145  -10.000      149.3129     1926.4727
 2  79  12.902  47404.160 140.125  -0.044   11.111  -10.000      149.3892     1927.4570
 3  79  12.902  47404.160 140.125  -0.032    9.730  -10.000      149.3892     1927.4570
 4  79  12.902  47404.160 140.125  -0.016    8.975  -10.000      149.3892     1927.4570
 1  79  12.902  47408.160 251.735   0.008   11.342  -10.000      149.6993     1931.4570
 2  79  12.902  47408.160 251.735   0.044   10.471  -10.000      149.6993     1931.4570
 3  79  12.902  47408.160 251.735   0.028    9.241  -10.000      149.6993     1931.4570
 4  79  12.902  47408.160 251.735   0.020    8.537  -10.000      149.6993     1931.4570
 2  79  12.902  47409.172 279.965   0.002   10.672  -10.000      149.7777     1932.4688
 3  79  12.902  47409.172 279.965  -0.002    9.343  -10.000      149.7777     1932.4688
 4  79  12.902  47409.172 279.965  -0.006    8.597  -10.000      149.7777     1932.4688
 2  79  12.902  47410.176 307.974  -0.014   10.884  -10.000      149.8555     1933.4727
 3  79  12.902  47410.176 307.974   0.012    9.486  -10.000      149.8555     1933.4727
 4  79  12.902  47410.176 307.974   0.007    8.697  -10.000      149.8555     1933.4727
 2  79  12.902  47411.180 335.984   0.024   11.129  -10.000      149.9333     1934.4766
 3  79  12.902  47411.180 335.984   0.023    9.625  -10.000      149.9333     1934.4766
 4  79  12.902  47411.180 335.984   0.027    8.813  -10.000      149.9333     1934.4766
 2  79  12.902  47412.184   3.999   0.098   11.413  -10.000      150.0111     1935.4805
 3  79  12.902  47412.184   3.999   0.059    9.804  -10.000      150.0111     1935.4805
 4  79  12.902  47412.184   3.999   0.041    8.942  -10.000      150.0111     1935.4805
 2  79  12.902  47413.168  31.465  -0.010   11.494  -10.000      150.0874     1936.4648
 3  79  12.902  47413.168  31.465   0.009    9.895  -10.000      150.0874     1936.4648
 4  79  12.902  47413.168  31.465   0.020    9.042  -10.000      150.0874     1936.4648
 2  79  12.902  47414.152  58.931   0.012   11.660  -10.000      150.1637     1937.4492
 3  79  12.902  47414.152  58.931   0.006   10.015  -10.000      150.1637     1937.4492
 4  79  12.902  47414.152  58.931   0.032    9.168  -10.000      150.1637     1937.4492
 2  79  12.902  47415.160  87.050  -0.010   11.664  -10.000      150.2418     1938.4570
 3  79  12.902  47415.160  87.050  -0.023   10.036  -10.000      150.2418     1938.4570
 4  79  12.902  47415.160  87.050  -0.013    9.182  -10.000      150.2418     1938.4570
 2  79  12.902  47416.152 114.736  -0.044   11.427  -10.000      150.3187     1939.4492
 3  79  12.902  47416.152 114.736  -0.034    9.917  -10.000      150.3187     1939.4492
 4  79  12.902  47416.152 114.736  -0.025    9.102  -10.000      150.3187     1939.4492
 2  79  12.902  47417.148 142.526  -0.029   11.105  -10.000      150.3959     1940.4453
 3  79  12.902  47417.148 142.526  -0.039    9.711  -10.000      150.3959     1940.4453
 4  79  12.902  47417.148 142.526  -0.048    8.935  -10.000      150.3959     1940.4453
 2  79  12.902  47418.148 170.431  -0.043   10.978  -10.000      150.4734     1941.4453
 3  79  12.902  47418.148 170.431  -0.047    9.635  -10.000      150.4734     1941.4453
 4  79  12.902  47418.148 170.431  -0.026    8.908  -10.000      150.4734     1941.4453
 2  79  12.902  47419.141 198.111   0.083   10.573  -10.000      150.5503     1942.4375
 3  79  12.902  47419.141 198.111   0.049    9.355  -10.000      150.5503     1942.4375
 4  79  12.902  47419.141 198.111   0.043    8.665  -10.000      150.5503     1942.4375
 2  79  12.902  47420.145 226.126   0.010   10.218  -10.000      150.6281     1943.4414
 3  79  12.902  47420.145 226.126  -0.007    9.085  -10.000      150.6281     1943.4414
 4  79  12.902  47420.145 226.126   0.003    8.439  -10.000      150.6281     1943.4414
 2  79  12.902  47421.137 253.806   0.054   10.499  -10.000      150.7050     1944.4336
 3  79  12.902  47421.137 253.806   0.019    9.242  -10.000      150.7050     1944.4336
 4  79  12.902  47421.137 253.806   0.019    8.542  -10.000      150.7050     1944.4336
 2  79  12.902  47422.152 282.145   0.031   10.720  -10.000      150.7837     1945.4492
 3  79  12.902  47422.152 282.145   0.001    9.358  -10.000      150.7837     1945.4492
 4  79  12.902  47422.152 282.145  -0.001    8.610  -10.000      150.7837     1945.4492
 2  79  12.902  47423.141 309.721   0.011   10.922  -10.000      150.8603     1946.4375
 3  79  12.902  47423.141 309.721   0.009    9.491  -10.000      150.8603     1946.4375
 4  79  12.902  47423.141 309.721   0.026    8.722  -10.000      150.8603     1946.4375
 2  79  12.902  47424.145 337.731   0.022   11.140  -10.000      150.9381     1947.4414
 3  79  12.902  47424.145 337.731   0.029    9.640  -10.000      150.9381     1947.4414
 4  79  12.902  47424.145 337.731   0.040    8.832  -10.000      150.9381     1947.4414
 2  79  12.902  47425.148   5.746  -0.008   11.320  -10.000      151.0160     1948.4453
 3  79  12.902  47425.148   5.746   0.017    9.772  -10.000      151.0160     1948.4453
 4  79  12.902  47425.148   5.746   0.041    8.950  -10.000      151.0160     1948.4453
 2  79  12.902  47427.156  61.765  -0.003   11.655  -10.000      151.1716     1950.4531
 3  79  12.902  47427.156  61.765   0.049   10.068  -10.000      151.1716     1950.4531
 4  79  12.902  47427.156  61.765   0.079    9.224  -10.000      151.1716     1950.4531
 2  79  12.902  47428.141  89.231  -0.028   11.641  -10.000      151.2479     1951.4375
 3  79  12.902  47428.141  89.231   0.010   10.068  -10.000      151.2479     1951.4375
 4  79  12.902  47428.141  89.231   0.018    9.214  -10.000      151.2479     1951.4375
 2  79  12.902  47429.141 117.136   0.002   11.445  -10.000      151.3254     1952.4375
 3  79  12.902  47429.141 117.136  -0.020    9.914  -10.000      151.3254     1952.4375
 4  79  12.902  47429.141 117.136  -0.002    9.113  -10.000      151.3254     1952.4375
 2  79  12.902  47430.125 144.602  -0.034   11.085  -10.000      151.4017     1953.4219
 3  79  12.902  47430.125 144.602  -0.011    9.730  -10.000      151.4017     1953.4219
 4  79  12.902  47430.125 144.602  -0.031    8.945  -10.000      151.4017     1953.4219
 2  79  12.902  47431.129 172.612  -0.053   10.956  -10.000      151.4795     1954.4258
 3  79  12.902  47431.129 172.612  -0.032    9.642  -10.000      151.4795     1954.4258
 4  79  12.902  47431.129 172.612  -0.042    8.886  -10.000      151.4795     1954.4258
 2  79  12.902  47432.121 200.297   0.063   10.491  -10.000      151.5564     1955.4180
 3  79  12.902  47432.121 200.297   0.042    9.304  -10.000      151.5564     1955.4180
 4  79  12.902  47432.121 200.297   0.040    8.625  -10.000      151.5564     1955.4180
 2  79  12.902  47433.117 228.087   0.047   10.269  -10.000      151.6336     1956.4141
 3  79  12.902  47433.117 228.087   0.023    9.122  -10.000      151.6336     1956.4141
 4  79  12.902  47433.117 228.087   0.024    8.465  -10.000      151.6336     1956.4141
 2  79  12.902  47434.125 256.207   0.035   10.501  -10.000      151.7117     1957.4219
 3  79  12.902  47434.125 256.207   0.040    9.274  -10.000      151.7117     1957.4219
 4  79  12.902  47434.125 256.207   0.036    8.566  -10.000      151.7117     1957.4219
 2  79  12.902  49934.289 176.078   0.023   11.004  -10.000      345.4891     4457.5859
 3  79  12.902  49934.289 176.078   0.022    9.677  -10.000      345.4891     4457.5859
 4  79  12.902  49934.289 176.078  -0.027    8.885  -10.000      345.4891     4457.5859
 5  79  12.902  49934.289 176.078  -0.021    8.197  -10.000      345.4891     4457.5859
 3  79  12.902  49935.297 204.192   0.133    9.326  -10.000      345.5672     4458.5938
 4  79  12.902  49935.297 204.192   0.103    8.630  -10.000      345.5672     4458.5938
 5  79  12.902  49935.297 204.192   0.084    7.989  -10.000      345.5672     4458.5938
 3  79  12.902  49936.273 231.438   0.065    9.180  -10.000      345.6429     4459.5703
 4  79  12.902  49936.273 231.438   0.045    8.497  -10.000      345.6429     4459.5703
 5  79  12.902  49936.273 231.438   0.020    7.851  -10.000      345.6429     4459.5703
 2  79  12.902  49937.262 259.014   0.069   10.559  -10.000      345.7195     4460.5586
 3  79  12.902  49937.262 259.014   0.067    9.314  -10.000      345.7195     4460.5586
 4  79  12.902  49937.262 259.014   0.034    8.572  -10.000      345.7195     4460.5586
 3  79  12.902  49938.285 287.567   0.074    9.458  -10.000      345.7988     4461.5820
 4  79  12.902  49938.285 287.567   0.050    8.680  -10.000      345.7988     4461.5820
 5  79  12.902  49938.285 287.567   0.037    7.962  -10.000      345.7988     4461.5820
 3  79  12.902  49939.285 315.472   0.056    9.563  -10.000      345.8763     4462.5820
 5  79  12.902  49939.285 315.472   0.048    8.022  -10.000      345.8763     4462.5820
 3  79  12.902  49942.258  38.419   0.057    9.976  -10.000      346.1067     4465.5547
 5  79  12.902  49942.258  38.419   0.089    8.331  -10.000      346.1067     4465.5547
 3  79  12.902  49943.250  66.105   0.026   10.057  -10.000      346.1836     4466.5469
 5  79  12.902  49943.250  66.105   0.043    8.388  -10.000      346.1836     4466.5469
 3  79  12.902  49944.254  94.109   0.057   10.107  -10.000      346.2614     4467.5508
 5  79  12.902  49944.254  94.109   0.078    8.473  -10.000      346.2614     4467.5508
 3  79  12.902  49945.254 122.014   0.069    9.967  -10.000      346.3389     4468.5508
 5  79  12.902  49945.254 122.014   0.005    8.340  -10.000      346.3389     4468.5508
 3  79  12.902  49946.227 149.150   0.001    9.726  -10.000      346.4143     4469.5234
 5  79  12.902  49946.227 149.150  -0.050    8.206  -10.000      346.4143     4469.5234
 3  79  12.902  49947.223 176.946   0.036    9.685  -10.000      346.4915     4470.5195
 5  79  12.902  49947.223 176.946  -0.023    8.191  -10.000      346.4915     4470.5195
 3  79  12.902  49948.227 204.961   0.156    9.337  -10.000      346.5693     4471.5234
 5  79  12.902  49948.227 204.961   0.078    7.974  -10.000      346.5693     4471.5234
 3  79  12.902  49949.230 232.965   0.106    9.228  -10.000      346.6471     4472.5273
 5  79  12.902  49949.230 232.965   0.044    7.879  -10.000      346.6471     4472.5273
 3  79  12.902  49950.227 260.760   0.021    9.276  -10.000      346.7243     4473.5234
 5  79  12.902  49950.227 260.760  -0.003    7.875  -10.000      346.7243     4473.5234
 3  79  12.902  49952.230 316.681   0.041    9.554  -10.000      346.8797     4475.5273
 5  79  12.902  49952.230 316.681   0.031    8.007  -10.000      346.8797     4475.5273
 3  79  12.902  49953.246 345.015   0.066    9.712  -10.000      346.9584     4476.5430
 5  79  12.902  49953.246 345.015   0.054    8.104  -10.000      346.9584     4476.5430
 3  79  12.902  49954.219  12.151   0.049    9.837  -10.000      347.0338     4477.5156
 5  79  12.902  49954.219  12.151   0.084    8.227  -10.000      347.0338     4477.5156
 3  79  12.902  49955.219  40.056   0.053    9.979  -10.000      347.1113     4478.5156
 5  79  12.902  49955.219  40.056   0.067    8.315  -10.000      347.1113     4478.5156
23   4  12.902  40752.500 304.739  -0.017    2.678  -10.000     -366.1535    -4724.2031
24   4  12.902  40752.500 304.739  -0.087    4.110  -10.000     -366.1535    -4724.2031
25   4  12.902  40752.500 304.739  -0.104    5.852  -10.000     -366.1535    -4724.2031
27   4  12.902  40752.500 304.739  -0.057    5.398  -10.000     -366.1535    -4724.2031
23   4  12.902  40753.508 332.864  -0.024    2.803  -10.000     -366.0754    -4723.1953
24   4  12.902  40753.508 332.864  -0.088    4.340  -10.000     -366.0754    -4723.1953
25   4  12.902  40753.508 332.864  -0.119    6.118  -10.000     -366.0754    -4723.1953
27   4  12.902  40753.508 332.864  -0.030    5.748  -10.000     -366.0754    -4723.1953
23   4  12.902  40761.473 195.095   0.167    2.763  -10.000     -365.4581    -4715.2305
24   4  12.902  40761.473 195.095   0.229    4.078  -10.000     -365.4581    -4715.2305
25   4  12.902  40761.473 195.095   0.285    5.767  -10.000     -365.4581    -4715.2305
27   4  12.902  40761.473 195.095   0.308    5.182  -10.000     -365.4581    -4715.2305
23   4  12.902  40762.461 222.671  -0.041    2.262  -10.000     -365.3815    -4714.2422
24   4  12.902  40762.461 222.671  -0.108    3.325  -10.000     -365.3815    -4714.2422
25   4  12.902  40762.461 222.671   0.000    5.005  -10.000     -365.3815    -4714.2422
27   4  12.902  40762.461 222.671  -0.155    4.190  -10.000     -365.3815    -4714.2422
23   4  12.902  40766.520 335.918  -0.014    2.828  -10.000     -365.0669    -4710.1836
24   4  12.902  40766.520 335.918  -0.070    4.383  -10.000     -365.0669    -4710.1836
25   4  12.902  40766.520 335.918  -0.033    6.233  -10.000     -365.0669    -4710.1836
27   4  12.902  40766.520 335.918   0.032    5.843  -10.000     -365.0669    -4710.1836
23   4  12.902  40767.484   2.834  -0.007    2.975  -10.000     -364.9921    -4709.2188
24   4  12.902  40767.484   2.834  -0.059    4.613  -10.000     -364.9921    -4709.2188
25   4  12.902  40767.484   2.834  -0.004    6.520  -10.000     -364.9921    -4709.2188
27   4  12.902  40767.484   2.834   0.040    6.142  -10.000     -364.9921    -4709.2188
23   4  12.902  40768.418  28.894  -0.016    3.103  -10.000     -364.9197    -4708.2852
24   4  12.902  40768.418  28.894  -0.053    4.812  -10.000     -364.9197    -4708.2852
25   4  12.902  40768.418  28.894   0.008    6.755  -10.000     -364.9197    -4708.2852
27   4  12.902  40768.418  28.894  -0.004    6.345  -10.000     -364.9197    -4708.2852
23   4  12.902  40771.426 112.819   0.061    3.265  -10.000     -364.6866    -4705.2773
24   4  12.902  40771.426 112.819   0.062    4.910  -10.000     -364.6866    -4705.2773
25   4  12.902  40771.426 112.819   0.120    6.797  -10.000     -364.6866    -4705.2773
27   4  12.902  40771.426 112.819   0.106    6.342  -10.000     -364.6866    -4705.2773
23   4  12.902  40772.438 141.042   0.016    3.007  -10.000     -364.6082    -4704.2656
24   4  12.902  40772.438 141.042   0.016    4.480  -10.000     -364.6082    -4704.2656
25   4  12.902  40772.438 141.042  -0.011    6.197  -10.000     -364.6082    -4704.2656
27   4  12.902  40772.438 141.042   0.019    5.712  -10.000     -364.6082    -4704.2656
23   4  12.902  40792.434 338.972  -0.019    2.838  -10.000     -363.0584    -4684.2695
24   4  12.902  40792.434 338.972  -0.075    4.403  -10.000     -363.0584    -4684.2695
25   4  12.902  40792.434 338.972  -0.010    6.285  -10.000     -363.0584    -4684.2695
27   4  12.902  40792.434 338.972  -0.031    5.812  -10.000     -363.0584    -4684.2695
23   4  12.902  40795.375  61.051  -0.008    3.255  -10.000     -362.8304    -4681.3281
24   4  12.902  40795.375  61.051  -0.034    5.008  -10.000     -362.8304    -4681.3281
25   4  12.902  40795.375  61.051   0.017    6.955  -10.000     -362.8304    -4681.3281
27   4  12.902  40795.375  61.051   0.074    6.628  -10.000     -362.8304    -4681.3281
23   4  12.902  40796.387  89.275  -0.018    3.285  -10.000     -362.7520    -4680.3164
24   4  12.902  40796.387  89.275  -0.037    5.010  -10.000     -362.7520    -4680.3164
25   4  12.902  40796.387  89.275   0.021    6.948  -10.000     -362.7520    -4680.3164
27   4  12.902  40796.387  89.275  -0.030    6.498  -10.000     -362.7520    -4680.3164
23   4  12.902  40818.348 342.037  -0.024    2.848  -10.000     -361.0499    -4658.3555
24   4  12.902  40818.348 342.037  -0.082    4.420  -10.000     -361.0499    -4658.3555
25   4  12.902  40818.348 342.037  -0.007    6.318  -10.000     -361.0499    -4658.3555
27   4  12.902  40818.348 342.037   0.053    5.930  -10.000     -361.0499    -4658.3555
23   4  12.902  40819.340   9.712  -0.022    2.997  -10.000     -360.9730    -4657.3633
24   4  12.902  40819.340   9.712  -0.064    4.662  -10.000     -360.9730    -4657.3633
25   4  12.902  40819.340   9.712   0.035    6.622  -10.000     -360.9730    -4657.3633
27   4  12.902  40819.340   9.712   0.076    6.250  -10.000     -360.9730    -4657.3633
23   4  12.902  40821.363  66.171  -0.008    3.270  -10.000     -360.8162    -4655.3398
24   4  12.902  40821.363  66.171  -0.038    5.017  -10.000     -360.8162    -4655.3398
25   4  12.902  40821.363  66.171   0.096    7.047  -10.000     -360.8162    -4655.3398
27   4  12.902  40821.363  66.171   0.058    6.625  -10.000     -360.8162    -4655.3398
23   4  12.902  40822.320  92.878   0.008    3.305  -10.000     -360.7420    -4654.3828
24   4  12.902  40822.320  92.878  -0.006    5.025  -10.000     -360.7420    -4654.3828
25   4  12.902  40822.320  92.878   0.102    7.008  -10.000     -360.7420    -4654.3828
27   4  12.902  40822.320  92.878   0.050    6.553  -10.000     -360.7420    -4654.3828
23   4  12.902  40823.309 120.454   0.078    3.227  -10.000     -360.6654    -4653.3945
24   4  12.902  40823.309 120.454   0.085    4.832  -10.000     -360.6654    -4653.3945
25   4  12.902  40823.309 120.454   0.121    6.675  -10.000     -360.6654    -4653.3945
27   4  12.902  40823.309 120.454   0.114    6.207  -10.000     -360.6654    -4653.3945
23   4  12.902  40827.285 231.405  -0.050    2.288  -10.000     -360.3572    -4649.4180
24   4  12.902  40827.285 231.405  -0.109    3.388  -10.000     -360.3572    -4649.4180
25   4  12.902  40827.285 231.405   0.000    5.082  -10.000     -360.3572    -4649.4180
27   4  12.902  40827.285 231.405  -0.130    4.305  -10.000     -360.3572    -4649.4180
23   4  12.902  40828.332 260.618  -0.022    2.460  -10.000     -360.2761    -4648.3711
24   4  12.902  40828.332 260.618  -0.071    3.713  -10.000     -360.2761    -4648.3711
25   4  12.902  40828.332 260.618  -0.061    5.380  -10.000     -360.2761    -4648.3711
27   4  12.902  40828.332 260.618  -0.069    4.785  -10.000     -360.2761    -4648.3711
23   4  12.902  40829.289 287.325  -0.028    2.587  -10.000     -360.2019    -4647.4141
24   4  12.902  40829.289 287.325  -0.103    3.940  -10.000     -360.2019    -4647.4141
25   4  12.902  40829.289 287.325  -0.107    5.657  -10.000     -360.2019    -4647.4141
27   4  12.902  40829.289 287.325  -0.076    5.155  -10.000     -360.2019    -4647.4141
23   4  12.902  40830.301 315.549  -0.020    2.725  -10.000     -360.1235    -4646.4023
24   4  12.902  40830.301 315.549  -0.091    4.198  -10.000     -360.1235    -4646.4023
25   4  12.902  40830.301 315.549  -0.090    5.977  -10.000     -360.1235    -4646.4023
27   4  12.902  40830.301 315.549  -0.060    5.523  -10.000     -360.1235    -4646.4023
23   4  12.902  40833.328  40.023  -0.009    3.162  -10.000     -359.8888    -4643.3750
24   4  12.902  40833.328  40.023  -0.057    4.877  -10.000     -359.8888    -4643.3750
25   4  12.902  40833.328  40.023  -0.017    6.807  -10.000     -359.8888    -4643.3750
27   4  12.902  40833.328  40.023   0.001    6.435  -10.000     -359.8888    -4643.3750
23   4  12.902  40835.258  93.867   0.002    3.298  -10.000     -359.7393    -4641.4453
24   4  12.902  40835.258  93.867  -0.003    5.023  -10.000     -359.7393    -4641.4453
25   4  12.902  40835.258  93.867   0.059    6.957  -10.000     -359.7393    -4641.4453
27   4  12.902  40835.258  93.867   0.086    6.580  -10.000     -359.7393    -4641.4453
23   4  12.902  40837.281 150.315  -0.015    2.940  -10.000     -359.5825    -4639.4219
24   4  12.902  40837.281 150.315   0.004    4.400  -10.000     -359.5825    -4639.4219
25   4  12.902  40837.281 150.315  -0.082    6.043  -10.000     -359.5825    -4639.4219
27   4  12.902  40837.281 150.315   0.063    5.660  -10.000     -359.5825    -4639.4219
23   4  12.902  40838.289 178.440  -0.033    2.835  -10.000     -359.5043    -4638.4141
24   4  12.902  40838.289 178.440  -0.056    4.197  -10.000     -359.5043    -4638.4141
25   4  12.902  40838.289 178.440  -0.044    5.910  -10.000     -359.5043    -4638.4141
27   4  12.902  40838.289 178.440  -0.023    5.380  -10.000     -359.5043    -4638.4141
23   4  12.902  40847.309  70.104  -0.004    3.282  -10.000     -358.8053    -4629.3945
24   4  12.902  40847.309  70.104  -0.022    5.040  -10.000     -358.8053    -4629.3945
25   4  12.902  40847.309  70.104   0.135    7.092  -10.000     -358.8053    -4629.3945
27   4  12.902  40847.309  70.104  -0.039    6.532  -10.000     -358.8053    -4629.3945
23   4  12.902  40848.301  97.789  -0.008    3.275  -10.000     -358.7284    -4628.4023
24   4  12.902  40848.301  97.789  -0.006    4.992  -10.000     -358.7284    -4628.4023
25   4  12.902  40848.301  97.789   0.075    6.940  -10.000     -358.7284    -4628.4023
27   4  12.902  40848.301  97.789   0.009    6.462  -10.000     -358.7284    -4628.4023
23   4  12.902  40849.285 125.255   0.055    3.165  -10.000     -358.6521    -4627.4180
24   4  12.902  40849.285 125.255   0.069    4.745  -10.000     -358.6521    -4627.4180
25   4  12.902  40849.285 125.255   0.136    6.602  -10.000     -358.6521    -4627.4180
27   4  12.902  40849.285 125.255   0.156    6.148  -10.000     -358.6521    -4627.4180
23   4  12.902  40850.254 152.281   0.018    2.968  -10.000     -358.5770    -4626.4492
24   4  12.902  40850.254 152.281  -0.004    4.383  -10.000     -358.5770    -4626.4492
25   4  12.902  40850.254 152.281  -0.030    6.083  -10.000     -358.5770    -4626.4492
27   4  12.902  40850.254 152.281  -0.013    5.570  -10.000     -358.5770    -4626.4492
23   4  12.902  40851.277 180.846   0.009    2.852  -10.000     -358.4977    -4625.4258
24   4  12.902  40851.277 180.846  -0.007    4.210  -10.000     -358.4977    -4625.4258
25   4  12.902  40851.277 180.846   0.006    5.918  -10.000     -358.4977    -4625.4258
27   4  12.902  40851.277 180.846   0.012    5.367  -10.000     -358.4977    -4625.4258
23   4  12.902  40861.266  99.536   0.019    3.295  -10.000     -357.7235    -4615.4375
24   4  12.902  40861.266  99.536   0.018    5.003  -10.000     -357.7235    -4615.4375
25   4  12.902  40861.266  99.536   0.128    6.975  -10.000     -357.7235    -4615.4375
27   4  12.902  40861.266  99.536   0.102    6.535  -10.000     -357.7235    -4615.4375
23   4  12.902  40862.254 127.112   0.034    3.128  -10.000     -357.6469    -4614.4492
24   4  12.902  40862.254 127.112   0.053    4.700  -10.000     -357.6469    -4614.4492
25   4  12.902  40862.254 127.112   0.088    6.520  -10.000     -357.6469    -4614.4492
27   4  12.902  40862.254 127.112   0.123    6.075  -10.000     -357.6469    -4614.4492
23   4  12.902  41123.535 217.408   0.020    2.322  -10.000     -337.3961    -4353.1680
24   4  12.902  41123.535 217.408  -0.027    3.398  -10.000     -337.3961    -4353.1680
25   4  12.902  41123.535 217.408   0.074    5.068  -10.000     -337.3961    -4353.1680
27   4  12.902  41123.535 217.408  -0.042    4.287  -10.000     -337.3961    -4353.1680
23   4  12.902  41125.492 272.010  -0.026    2.510  -10.000     -337.2444    -4351.2109
24   4  12.902  41125.492 272.010  -0.094    3.797  -10.000     -337.2444    -4351.2109
25   4  12.902  41125.492 272.010  -0.049    5.527  -10.000     -337.2444    -4351.2109
27   4  12.902  41125.492 272.010  -0.090    4.922  -10.000     -337.2444    -4351.2109
23   4  12.902  41147.426 164.004   0.005    2.932  -10.000     -335.5444    -4329.2773
24   4  12.902  41147.426 164.004  -0.024    4.322  -10.000     -335.5444    -4329.2773
25   4  12.902  41147.426 164.004  -0.057    6.007  -10.000     -335.5444    -4329.2773
27   4  12.902  41147.426 164.004  -0.085    5.443  -10.000     -335.5444    -4329.2773
23   4  12.902  41149.410 219.375  -0.003    2.298  -10.000     -335.3906    -4327.2930
24   4  12.902  41149.410 219.375  -0.039    3.385  -10.000     -335.3906    -4327.2930
25   4  12.902  41149.410 219.375   0.059    5.053  -10.000     -335.3906    -4327.2930
27   4  12.902  41149.410 219.375  -0.078    4.253  -10.000     -335.3906    -4327.2930
23   4  12.902  41162.465 223.627  -0.041    2.265  -10.000     -334.3788    -4314.2383
24   4  12.902  41162.465 223.627  -0.125    3.312  -10.000     -334.3788    -4314.2383
25   4  12.902  41162.465 223.627  -0.008    5.003  -10.000     -334.3788    -4314.2383
27   4  12.902  41162.465 223.627  -0.144    4.207  -10.000     -334.3788    -4314.2383
23   4  12.902  41163.402 249.785   0.018    2.447  -10.000     -334.3062    -4313.3008
24   4  12.902  41163.402 249.785  -0.009    3.670  -10.000     -334.3062    -4313.3008
25   4  12.902  41163.402 249.785   0.034    5.345  -10.000     -334.3062    -4313.3008
27   4  12.902  41163.402 249.785   0.014    4.715  -10.000     -334.3062    -4313.3008
23   4  12.902  41164.355 276.383  -0.008    2.550  -10.000     -334.2323    -4312.3477
24   4  12.902  41164.355 276.383  -0.072    3.862  -10.000     -334.2323    -4312.3477
25   4  12.902  41164.355 276.383  -0.052    5.577  -10.000     -334.2323    -4312.3477
27   4  12.902  41164.355 276.383  -0.077    4.997  -10.000     -334.2323    -4312.3477
 2  18  12.902  44400.977 224.953  -0.061   10.140  -10.000      -83.3751    -1075.7266
 3  18  12.902  44400.977 224.953  -0.009    9.079  -10.000      -83.3751    -1075.7266
 9  18  12.902  44400.977 224.953  -0.027    8.110  -10.000      -83.3751    -1075.7266
10  18  12.902  44400.977 224.953  -0.027    7.380  -10.000      -83.3751    -1075.7266
 2  18  12.902  44878.613 232.029   0.006   10.259  -10.000      -46.3555     -598.0898
 3  18  12.902  44878.613 232.029   0.021    9.139  -10.000      -46.3555     -598.0898
 9  18  12.902  44878.613 232.029  -0.002    8.151  -10.000      -46.3555     -598.0898
10  18  12.902  44878.613 232.029  -0.034    7.381  -10.000      -46.3555     -598.0898
 2  18  12.902  44078.828 236.332   0.041   10.331  -10.000     -108.3435    -1397.8750
 3  18  12.902  44078.828 236.332   0.041    9.180  -10.000     -108.3435    -1397.8750
 9  18  12.902  44078.828 236.332   0.007    8.171  -10.000     -108.3435    -1397.8750
10  18  12.902  44078.828 236.332  -0.009    7.411  -10.000     -108.3435    -1397.8750
 2  18  12.902  44491.672 235.544   0.055   10.338  -10.000      -76.3457     -985.0312
 3  18  12.902  44491.672 235.544   0.062    9.197  -10.000      -76.3457     -985.0312
 9  18  12.902  44491.672 235.544   0.028    8.190  -10.000      -76.3457     -985.0312
10  18  12.902  44491.672 235.544  -0.009    7.410  -10.000      -76.3457     -985.0312
 2  18  12.902  44402.832 276.726  -0.097   10.543  -10.000      -83.2313    -1073.8711
 3  18  12.902  44402.832 276.726   0.009    9.338  -10.000      -83.2313    -1073.8711
 9  18  12.902  44402.832 276.726   0.005    8.258  -10.000      -83.2313    -1073.8711
10  18  12.902  44402.832 276.726  -0.008    7.438  -10.000      -83.2313    -1073.8711
 2  18  12.902  44106.750 295.411  -0.038   10.762  -10.000     -106.1794    -1369.9531
 3  18  12.902  44106.750 295.411   0.007    9.425  -10.000     -106.1794    -1369.9531
 9  18  12.902  44106.750 295.411   0.017    8.314  -10.000     -106.1794    -1369.9531
10  18  12.902  44106.750 295.411   0.000    7.464  -10.000     -106.1794    -1369.9531
 2  18  12.902  44494.664 319.035  -0.063   10.917  -10.000      -76.1138     -982.0391
 3  18  12.902  44494.664 319.035   0.000    9.523  -10.000      -76.1138     -982.0391
 9  18  12.902  44494.664 319.035   0.009    8.363  -10.000      -76.1138     -982.0391
10  18  12.902  44494.664 319.035   0.011    7.503  -10.000      -76.1138     -982.0391
 2  18  12.902  44482.738 346.278  -0.042   11.138  -10.000      -77.0381     -993.9648
 3  18  12.902  44482.738 346.278   0.009    9.661  -10.000      -77.0381     -993.9648
 9  18  12.902  44482.738 346.278   0.024    8.462  -10.000      -77.0381     -993.9648
10  18  12.902  44482.738 346.278   0.024    7.572  -10.000      -77.0381     -993.9648
 2  18  12.902  44908.582 348.220  -0.026   11.168  -10.000      -44.0327     -568.1211
 3  18  12.902  44908.582 348.220   0.014    9.675  -10.000      -44.0327     -568.1211
 9  18  12.902  44908.582 348.220   0.030    8.475  -10.000      -44.0327     -568.1211
10  18  12.902  44908.582 348.220   0.042    7.595  -10.000      -44.0327     -568.1211
 2  18  12.902  44483.746  14.400  -0.030   11.358  -10.000      -76.9600     -992.9570
 3  18  12.902  44483.746  14.400  -0.010    9.789  -10.000      -76.9600     -992.9570
 9  18  12.902  44483.746  14.400   0.023    8.569  -10.000      -76.9600     -992.9570
10  18  12.902  44483.746  14.400   0.027    7.659  -10.000      -76.9600     -992.9570
 2  18  12.902  44909.594  16.449  -0.008   11.394  -10.000      -43.9543     -567.1094
 3  18  12.902  44909.594  16.449   0.011    9.820  -10.000      -43.9543     -567.1094
 9  18  12.902  44909.594  16.449   0.027    8.580  -10.000      -43.9543     -567.1094
10  18  12.902  44909.594  16.449   0.042    7.680  -10.000      -43.9543     -567.1094
 2  18  12.902  44380.945  26.040  -0.048   11.419  -10.000      -84.9277    -1095.7578
 3  18  12.902  44380.945  26.040  -0.009    9.849  -10.000      -84.9277    -1095.7578
 9  18  12.902  44380.945  26.040   0.012    8.605  -10.000      -84.9277    -1095.7578
10  18  12.902  44380.945  26.040   0.044    7.715  -10.000      -84.9277    -1095.7578
 2  18  12.902  44393.984  29.858  -0.017   11.476  -10.000      -83.9171    -1082.7188
 3  18  12.902  44393.984  29.858   0.018    9.896  -10.000      -83.9171    -1082.7188
 9  18  12.902  44393.984  29.858   0.043    8.652  -10.000      -83.9171    -1082.7188
10  18  12.902  44393.984  29.858   0.076    7.762  -10.000      -83.9171    -1082.7188
 2  18  12.902  44432.828  33.681  -0.020   11.497  -10.000      -80.9064    -1043.8750
 3  18  12.902  44432.828  33.681  -0.005    9.892  -10.000      -80.9064    -1043.8750
 9  18  12.902  44432.828  33.681   0.019    8.644  -10.000      -80.9064    -1043.8750
10  18  12.902  44432.828  33.681   0.055    7.754  -10.000      -80.9064    -1043.8750
 2  18  12.902  44045.938  38.614  -0.004   11.541  -10.000     -110.8927    -1430.7656
 3  18  12.902  44045.938  38.614  -0.005    9.914  -10.000     -110.8927    -1430.7656
 9  18  12.902  44045.938  38.614   0.013    8.656  -10.000     -110.8927    -1430.7656
10  18  12.902  44045.938  38.614   0.030    7.746  -10.000     -110.8927    -1430.7656
 2  18  12.902  44910.570  43.698  -0.012   11.560  -10.000      -43.8786     -566.1328
 3  18  12.902  44910.570  43.698  -0.001    9.940  -10.000      -43.8786     -566.1328
 9  18  12.902  44910.570  43.698   0.013    8.675  -10.000      -43.8786     -566.1328
10  18  12.902  44910.570  43.698   0.052    7.785  -10.000      -43.8786     -566.1328
 2  18  12.902  44433.797  60.710  -0.007   11.647  -10.000      -80.8314    -1042.9062
 3  18  12.902  44433.797  60.710  -0.017    9.998  -10.000      -80.8314    -1042.9062
 9  18  12.902  44433.797  60.710  -0.007    8.724  -10.000      -80.8314    -1042.9062
10  18  12.902  44433.797  60.710   0.046    7.844  -10.000      -80.8314    -1042.9062
 2  18  12.902  44046.934  66.407  -0.016   11.654  -10.000     -110.8155    -1429.7695
 3  18  12.902  44046.934  66.407  -0.021   10.011  -10.000     -110.8155    -1429.7695
 9  18  12.902  44046.934  66.407  -0.001    8.747  -10.000     -110.8155    -1429.7695
10  18  12.902  44046.934  66.407   0.021    7.837  -10.000     -110.8155    -1429.7695
 2  18  12.902  44485.691  68.678  -0.043   11.632  -10.000      -76.8092     -991.0117
 3  18  12.902  44485.691  68.678  -0.026   10.012  -10.000      -76.8092     -991.0117
 9  18  12.902  44485.691  68.678   0.006    8.760  -10.000      -76.8092     -991.0117
10  18  12.902  44485.691  68.678   0.028    7.850  -10.000      -76.8092     -991.0117
 2  18  12.902  44821.789  86.513  -0.062   11.614  -10.000      -50.7597     -654.9141
 3  18  12.902  44821.789  86.513  -0.020   10.039  -10.000      -50.7597     -654.9141
 9  18  12.902  44821.789  86.513   0.005    8.794  -10.000      -50.7597     -654.9141
10  18  12.902  44821.789  86.513   0.029    7.894  -10.000      -50.7597     -654.9141
 2  18  12.902  44434.781  88.176  -0.035   11.637  -10.000      -80.7551    -1041.9219
 3  18  12.902  44434.781  88.176  -0.021   10.038  -10.000      -80.7551    -1041.9219
 9  18  12.902  44434.781  88.176  -0.004    8.786  -10.000      -80.7551    -1041.9219
10  18  12.902  44434.781  88.176   0.028    7.896  -10.000      -80.7551    -1041.9219
 2  18  12.902  44047.898  93.329  -0.024   11.629  -10.000     -110.7408    -1428.8047
 3  18  12.902  44047.898  93.329  -0.010   10.042  -10.000     -110.7408    -1428.8047
 9  18  12.902  44047.898  93.329  -0.013    8.778  -10.000     -110.7408    -1428.8047
10  18  12.902  44047.898  93.329  -0.005    7.868  -10.000     -110.7408    -1428.8047
 2  18  12.902  44912.578  99.720  -0.015   11.598  -10.000      -43.7230     -564.1250
 3  18  12.902  44912.578  99.720  -0.008   10.024  -10.000      -43.7230     -564.1250
 9  18  12.902  44912.578  99.720   0.012    8.796  -10.000      -43.7230     -564.1250
10  18  12.902  44912.578  99.720   0.023    7.896  -10.000      -43.7230     -564.1250
 2  18  12.902  44383.918 108.984  -0.055   11.477  -10.000      -84.6973    -1092.7852
 3  18  12.902  44383.918 108.984  -0.017    9.969  -10.000      -84.6973    -1092.7852
 9  18  12.902  44383.918 108.984  -0.019    8.742  -10.000      -84.6973    -1092.7852
10  18  12.902  44383.918 108.984  -0.012    7.852  -10.000      -84.6973    -1092.7852
 2  18  12.902  44383.953 109.965  -0.045   11.477  -10.000      -84.6945    -1092.7500
 3  18  12.902  44383.953 109.965  -0.018    9.962  -10.000      -84.6945    -1092.7500
 9  18  12.902  44383.953 109.965  -0.030    8.728  -10.000      -84.6945    -1092.7500
10  18  12.902  44383.953 109.965  -0.014    7.848  -10.000      -84.6945    -1092.7500
 2  18  12.902  44822.770 113.871  -0.051   11.430  -10.000      -50.6837     -653.9336
 3  18  12.902  44822.770 113.871  -0.017    9.939  -10.000      -50.6837     -653.9336
 9  18  12.902  44822.770 113.871  -0.023    8.722  -10.000      -50.6837     -653.9336
10  18  12.902  44822.770 113.871  -0.014    7.842  -10.000      -50.6837     -653.9336
 2  18  12.902  45261.582 117.666  -0.037   11.400  -10.000      -16.6731     -215.1211
 3  18  12.902  45261.582 117.666  -0.008    9.923  -10.000      -16.6731     -215.1211
 9  18  12.902  45261.582 117.666  -0.025    8.705  -10.000      -16.6731     -215.1211
10  18  12.902  45261.582 117.666  -0.024    7.825  -10.000      -16.6731     -215.1211
 2  18  12.902  44048.898 121.231  -0.043   11.349  -10.000     -110.6632    -1427.8047
 3  18  12.902  44048.898 121.231  -0.020    9.884  -10.000     -110.6632    -1427.8047
 9  18  12.902  44048.898 121.231  -0.032    8.684  -10.000     -110.6632    -1427.8047
10  18  12.902  44048.898 121.231  -0.037    7.804  -10.000     -110.6632    -1427.8047
 2  18  12.902  44100.789 129.089  -0.031   11.253  -10.000     -106.6414    -1375.9141
 3  18  12.902  44100.789 129.089  -0.015    9.825  -10.000     -106.6414    -1375.9141
 9  18  12.902  44100.789 129.089  -0.036    8.643  -10.000     -106.6414    -1375.9141
10  18  12.902  44100.789 129.089  -0.068    7.753  -10.000     -106.6414    -1375.9141
 2  18  12.902  44913.574 127.513  -0.063   11.243  -10.000      -43.6458     -563.1289
 3  18  12.902  44913.574 127.513  -0.027    9.826  -10.000      -43.6458     -563.1289
 9  18  12.902  44913.574 127.513  -0.055    8.632  -10.000      -43.6458     -563.1289
10  18  12.902  44913.574 127.513  -0.044    7.782  -10.000      -43.6458     -563.1289
 2  18  12.902  44384.910 136.667  -0.061   11.128  -10.000      -84.6204    -1091.7930
 3  18  12.902  44384.910 136.667  -0.024    9.759  -10.000      -84.6204    -1091.7930
 9  18  12.902  44384.910 136.667  -0.059    8.587  -10.000      -84.6204    -1091.7930
10  18  12.902  44384.910 136.667  -0.096    7.707  -10.000      -84.6204    -1091.7930
 2  18  12.902  44397.891 138.851  -0.038   11.129  -10.000      -83.6143    -1078.8125
 3  18  12.902  44397.891 138.851  -0.019    9.750  -10.000      -83.6143    -1078.8125
 9  18  12.902  44397.891 138.851  -0.068    8.570  -10.000      -83.6143    -1078.8125
10  18  12.902  44397.891 138.851  -0.079    7.720  -10.000      -83.6143    -1078.8125
 2  18  12.902  44049.879 148.587  -0.049   11.045  -10.000     -110.5873    -1426.8242
 3  18  12.902  44049.879 148.587  -0.016    9.711  -10.000     -110.5873    -1426.8242
 9  18  12.902  44049.879 148.587  -0.048    8.567  -10.000     -110.5873    -1426.8242
10  18  12.902  44049.879 148.587  -0.080    7.707  -10.000     -110.5873    -1426.8242
 2  18  12.902  44914.582 155.632  -0.033   11.030  -10.000      -43.5677     -562.1211
 3  18  12.902  44914.582 155.632  -0.018    9.690  -10.000      -43.5677     -562.1211
 9  18  12.902  44914.582 155.632  -0.041    8.563  -10.000      -43.5677     -562.1211
10  18  12.902  44914.582 155.632  -0.088    7.693  -10.000      -43.5677     -562.1211
 2  18  12.902  44385.793 161.301  -0.081   10.966  -10.000      -84.5519    -1090.9102
 3  18  12.902  44385.793 161.301  -0.022    9.676  -10.000      -84.5519    -1090.9102
 9  18  12.902  44385.793 161.301  -0.063    8.535  -10.000      -84.5519    -1090.9102
10  18  12.902  44385.793 161.301  -0.073    7.705  -10.000      -84.5519    -1090.9102
 2  18  12.902  44437.746 170.903  -0.093   10.925  -10.000      -80.5253    -1038.9570
 3  18  12.902  44437.746 170.903  -0.046    9.635  -10.000      -80.5253    -1038.9570
 9  18  12.902  44437.746 170.903  -0.080    8.508  -10.000      -80.5253    -1038.9570
10  18  12.902  44437.746 170.903  -0.084    7.688  -10.000      -80.5253    -1038.9570
 2  18  12.902  44463.711 175.375  -0.126   10.862  -10.000      -78.5128    -1012.9922
 3  18  12.902  44463.711 175.375  -0.052    9.608  -10.000      -78.5128    -1012.9922
 9  18  12.902  44463.711 175.375  -0.082    8.491  -10.000      -78.5128    -1012.9922
10  18  12.902  44463.711 175.375  -0.079    7.681  -10.000      -78.5128    -1012.9922
 2  18  12.902  44463.730 175.921  -0.079   10.904  -10.000      -78.5113    -1012.9727
 3  18  12.902  44463.730 175.921  -0.037    9.619  -10.000      -78.5113    -1012.9727
 9  18  12.902  44463.730 175.921  -0.050    8.520  -10.000      -78.5113    -1012.9727
10  18  12.902  44463.730 175.921  -0.068    7.690  -10.000      -78.5113    -1012.9727
 2  18  12.902  44463.750 176.465  -0.102   10.875  -10.000      -78.5098    -1012.9531
 3  18  12.902  44463.750 176.465  -0.045    9.608  -10.000      -78.5098    -1012.9531
 9  18  12.902  44463.750 176.465  -0.044    8.524  -10.000      -78.5098    -1012.9531
10  18  12.902  44463.750 176.465  -0.062    7.694  -10.000      -78.5098    -1012.9531
 2  18  12.902  44463.773 177.119  -0.096   10.874  -10.000      -78.5080    -1012.9297
 3  18  12.902  44463.773 177.119  -0.029    9.619  -10.000      -78.5080    -1012.9297
 9  18  12.902  44463.773 177.119  -0.054    8.510  -10.000      -78.5080    -1012.9297
10  18  12.902  44463.773 177.119  -0.063    7.690  -10.000      -78.5080    -1012.9297
 2  18  12.902  44463.812 178.209  -0.081   10.877  -10.000      -78.5050    -1012.8906
 3  18  12.902  44463.812 178.209  -0.047    9.592  -10.000      -78.5050    -1012.8906
 9  18  12.902  44463.812 178.209  -0.077    8.480  -10.000      -78.5050    -1012.8906
10  18  12.902  44463.812 178.209  -0.078    7.670  -10.000      -78.5050    -1012.8906
 2  18  12.902  44463.832 178.756  -0.075   10.876  -10.000      -78.5035    -1012.8711
 3  18  12.902  44463.832 178.756  -0.043    9.591  -10.000      -78.5035    -1012.8711
 9  18  12.902  44463.832 178.756  -0.066    8.488  -10.000      -78.5035    -1012.8711
10  18  12.902  44463.832 178.756  -0.067    7.678  -10.000      -78.5035    -1012.8711
 2  18  12.902  44464.680 202.407   0.027   10.400  -10.000      -78.4378    -1012.0234
 3  18  12.902  44464.680 202.407   0.075    9.298  -10.000      -78.4378    -1012.0234
 9  18  12.902  44464.680 202.407   0.055    8.303  -10.000      -78.4378    -1012.0234
10  18  12.902  44464.680 202.407   0.019    7.523  -10.000      -78.4378    -1012.0234
 2  18  12.902  44464.699 202.950   0.001   10.361  -10.000      -78.4362    -1012.0039
 3  18  12.902  44464.699 202.950   0.034    9.247  -10.000      -78.4362    -1012.0039
 9  18  12.902  44464.699 202.950   0.016    8.257  -10.000      -78.4362    -1012.0039
10  18  12.902  44464.699 202.950   0.018    7.517  -10.000      -78.4362    -1012.0039
 2  18  12.902  45264.582 201.373   0.029   10.429  -10.000      -16.4406     -212.1211
 3  18  12.902  45264.582 201.373   0.055    9.296  -10.000      -16.4406     -212.1211
 9  18  12.902  45264.582 201.373   0.028    8.291  -10.000      -16.4406     -212.1211
10  18  12.902  45264.582 201.373   0.005    7.521  -10.000      -16.4406     -212.1211
 2  18  12.902  44464.723 203.604   0.012   10.357  -10.000      -78.4344    -1011.9805
 3  18  12.902  44464.723 203.604   0.038    9.240  -10.000      -78.4344    -1011.9805
 9  18  12.902  44464.723 203.604   0.032    8.265  -10.000      -78.4344    -1011.9805
10  18  12.902  44464.723 203.604  -0.017    7.475  -10.000      -78.4344    -1011.9805
 2  18  12.902  44464.750 204.368  -0.024   10.304  -10.000      -78.4323    -1011.9531
 3  18  12.902  44464.750 204.368   0.046    9.236  -10.000      -78.4323    -1011.9531
 9  18  12.902  44464.750 204.368   0.026    8.250  -10.000      -78.4323    -1011.9531
10  18  12.902  44464.750 204.368   0.015    7.500  -10.000      -78.4323    -1011.9531
 2  18  12.902  44464.777 205.131  -0.011   10.300  -10.000      -78.4302    -1011.9258
 3  18  12.902  44464.777 205.131   0.028    9.206  -10.000      -78.4302    -1011.9258
 9  18  12.902  44464.777 205.131   0.011    8.226  -10.000      -78.4302    -1011.9258
10  18  12.902  44464.777 205.131  -0.041    7.436  -10.000      -78.4302    -1011.9258
 2  18  12.902  44490.688 208.078  -0.024   10.234  -10.000      -76.4220     -986.0156
 3  18  12.902  44490.688 208.078   0.020    9.159  -10.000      -76.4220     -986.0156
 9  18  12.902  44490.688 208.078  -0.003    8.182  -10.000      -76.4220     -986.0156
10  18  12.902  44490.688 208.078  -0.032    7.422  -10.000      -76.4220     -986.0156
 2  18  12.902  44387.895 219.938  -0.098   10.086  -10.000      -84.3891    -1088.8086
 3  18  12.902  44387.895 219.938  -0.031    9.048  -10.000      -84.3891    -1088.8086
 9  18  12.902  44387.895 219.938  -0.025    8.109  -10.000      -84.3891    -1088.8086
10  18  12.902  44387.895 219.938  -0.039    7.369  -10.000      -84.3891    -1088.8086
18 163  12.902  47989.031 259.266   0.048    9.428  -10.000      194.7202     2512.3281
18 163  12.902  47989.105 261.337   0.019    9.408  -10.000      194.7259     2512.4023
18 163  12.902  47989.117 261.667   0.015    9.406  -10.000      194.7269     2512.4141
18 163  12.902  47989.195 263.842   0.010    9.410  -10.000      194.7329     2512.4922
18 163  12.902  47989.207 264.172  -0.016    9.385  -10.000      194.7338     2512.5039
18 163  12.902  48010.078 126.519   0.006    9.993  -10.000      196.3514     2533.3750
18 163  12.902  48010.094 126.953   0.050   10.034  -10.000      196.3526     2533.3906
18 163  12.902  48144.996 291.017   0.012    9.540  -10.000      206.8084     2668.2930
18 163  12.902  48145.008 291.341   0.003    9.533  -10.000      206.8093     2668.3047
18 163  12.902  48145.082 293.412  -0.026    9.512  -10.000      206.8150     2668.3789
18 163  12.902  48145.098 293.851  -0.009    9.531  -10.000      206.8163     2668.3945
18 163  12.902  48167.652 203.176   0.053    9.397  -10.000      208.5644     2690.9492
18 163  12.902  48167.664 203.500   0.040    9.379  -10.000      208.5653     2690.9609
18 163  12.902  48167.742 205.681   0.023    9.328  -10.000      208.5713     2691.0391
18 163  12.902  48167.754 206.005   0.022    9.323  -10.000      208.5722     2691.0508
18 163  12.902  48192.531 177.347  -0.060    9.716  -10.000      210.4926     2715.8281
18 163  12.902  48310.031 215.843  -0.058    9.163  -10.000      219.5996     2833.3281
18 163  12.902  48310.121 218.353  -0.026    9.190  -10.000      219.6065     2833.4180
18 163  12.902  48327.629 346.855   0.019    9.798  -10.000      220.9635     2850.9258
18 163  12.902  48327.703 348.926  -0.001    9.788  -10.000      220.9692     2851.0000
18 163  12.902  48327.719 349.365  -0.028    9.763  -10.000      220.9705     2851.0156
18 163  12.902  48327.793 351.436   0.040    9.841  -10.000      220.9762     2851.0898
18 163  12.902  48327.809 351.870  -0.007    9.796  -10.000      220.9774     2851.1055
18 163  12.902  48327.883 353.941   0.036    9.850  -10.000      220.9832     2851.1797
18 163  12.902  48356.586  74.822  -0.057   10.114  -10.000      223.2078     2879.8828
18 163  12.902  48356.598  75.146  -0.002   10.170  -10.000      223.2087     2879.8945
18 163  12.902  48356.688  77.651   0.014   10.189  -10.000      223.2157     2879.9844
18 163  12.902  48493.203 286.727  -0.008    9.501  -10.000      233.7965     3016.5000
18 163  12.902  48493.215 287.056  -0.001    9.509  -10.000      233.7974     3016.5117
18 163  12.902  48506.102 286.622   0.014    9.523  -10.000      234.7962     3029.3984
18 163  12.902  48506.176 288.693   0.018    9.536  -10.000      234.8019     3029.4727
18 163  12.902  48506.191 289.127   0.017    9.538  -10.000      234.8031     3029.4883
18 163  12.902  48506.266 291.198  -0.025    9.505  -10.000      234.8089     3029.5625
18 163  12.902  48506.281 291.638   0.103    9.634  -10.000      234.8101     3029.5781
18 163  12.902  48538.988 124.233  -0.033    9.973  -10.000      237.3451     3062.2852
18 163  12.902  48539.004 124.667   0.006   10.008  -10.000      237.3463     3062.3008
18 163  12.902  48576.391  87.836  -0.014   10.166  -10.000      240.2440     3099.6875
18 163  12.902  48577.102 107.672   0.040   10.157  -10.000      240.2991     3100.3984
18 163  12.902  48577.117 108.105  -0.017   10.097  -10.000      240.3003     3100.4141
18 163  12.902  48577.191 110.176  -0.001   10.102  -10.000      240.3060     3100.4883
18 163  12.902  48577.207 110.616   0.029   10.130  -10.000      240.3073     3100.5039
18 163  12.902  48577.547 120.097  -0.002   10.036  -10.000      240.3336     3100.8438
18 163  12.902  48577.562 120.531  -0.013   10.021  -10.000      240.3348     3100.8594
18 163  12.902  48577.637 122.602   0.032   10.051  -10.000      240.3406     3100.9336
18 163  12.902  48577.652 123.041   0.036   10.051  -10.000      240.3418     3100.9492
18 163  12.902  48577.992 132.523   0.045    9.984  -10.000      240.3681     3101.2891
18 163  12.902  48578.008 132.957  -0.031    9.905  -10.000      240.3693     3101.3047
18 163  12.902  48578.082 135.027  -0.018    9.904  -10.000      240.3751     3101.3789
18 163  12.902  48578.094 135.357  -0.007    9.912  -10.000      240.3760     3101.3906
18 163  12.902  48578.172 137.538  -0.011    9.894  -10.000      240.3820     3101.4688
18 163  12.902  48578.273 140.372  -0.033    9.856  -10.000      240.3899     3101.5703
18 163  12.902  48578.438 144.948   0.008    9.876  -10.000      240.4026     3101.7344
18 163  12.902  48578.453 145.382  -0.016    9.850  -10.000      240.4038     3101.7500
18 163  12.902  48578.523 147.343   0.015    9.875  -10.000      240.4093     3101.8203
18 163  12.902  48578.539 147.783   0.044    9.902  -10.000      240.4105     3101.8359
18 163  12.902  48578.613 149.854   0.005    9.856  -10.000      240.4163     3101.9102
18 163  12.902  48578.883 157.374   0.009    9.842  -10.000      240.4371     3102.1797
18 163  12.902  48578.895 157.698   0.039    9.872  -10.000      240.4380     3102.1914
18 163  12.902  48578.969 159.769  -0.009    9.820  -10.000      240.4438     3102.2656
18 163  12.902  48579.324 169.689  -0.043    9.771  -10.000      240.4714     3102.6211
18 163  12.902  48579.340 170.123  -0.064    9.749  -10.000      240.4726     3102.6367
18 163  12.902  48579.414 172.194  -0.045    9.760  -10.000      240.4783     3102.7109
18 163  12.902  48579.430 172.634  -0.046    9.758  -10.000      240.4795     3102.7266
18 163  12.902  48579.504 174.705  -0.043    9.750  -10.000      240.4853     3102.8008
18 163  12.902  48579.785 182.549  -0.003    9.720  -10.000      240.5071     3103.0820
18 163  12.902  48579.859 184.620   0.029    9.724  -10.000      240.5128     3103.1562
18 163  12.902  48579.875 185.059  -0.002    9.687  -10.000      240.5141     3103.1719
18 163  12.902  48580.215 194.540   0.071    9.585  -10.000      240.5404     3103.5117
18 163  12.902  48580.227 194.865   0.079    9.587  -10.000      240.5413     3103.5234
18 163  12.902  48580.305 197.045   0.082    9.544  -10.000      240.5473     3103.6016
18 163  12.902  48702.773  14.183   0.000    9.920  -10.000      250.0394     3226.0703
18 163  12.902  48702.789  14.617  -0.020    9.902  -10.000      250.0406     3226.0859
18 163  12.902  48732.895 134.626  -0.007    9.917  -10.000      252.3740     3256.1914
18 163  12.902  48732.984 137.131   0.004    9.911  -10.000      252.3809     3256.2812
18 163  12.902  48749.340 233.481   0.003    9.263  -10.000      253.6486     3272.6367
18 163  12.902  48749.352 233.811   0.061    9.322  -10.000      253.6495     3272.6484
18 163  12.902  48749.430 235.992   0.027    9.298  -10.000      253.6555     3272.7266
18 163  12.902  48749.441 236.316   0.035    9.308  -10.000      253.6564     3272.7383
18 163  12.902  48933.234 324.525   0.029    9.702  -10.000      267.9015     3456.5312
18 163  12.902  48933.246 324.855   0.035    9.709  -10.000      267.9024     3456.5430
18 163  12.902  48933.336 327.360   0.031    9.717  -10.000      267.9093     3456.6328
18 163  12.902  49040.586  79.871   0.047   10.224  -10.000      276.2219     3563.8828
18 163  12.902  49040.598  80.189   0.048   10.225  -10.000      276.2227     3563.8945
18 163  12.902  49040.672  82.266  -0.082   10.098  -10.000      276.2285     3563.9688
18 163  12.902  49040.688  82.705   0.031   10.210  -10.000      276.2297     3563.9844
18 163  12.902  49058.426 217.639  -0.016    9.201  -10.000      277.6046     3581.7227
18 163  12.902  49058.441 218.068  -0.038    9.178  -10.000      277.6057     3581.7383
18 163  12.902  49058.516 220.144   0.000    9.215  -10.000      277.6115     3581.8125
18 163  12.902  49058.531 220.583  -0.046    9.170  -10.000      277.6127     3581.8281
 1   2  12.902  41761.695  23.423   0.253   13.120  -10.000     -287.9349    -3715.0078
 2   2  12.902  41761.695  23.423  -0.079   11.370  -10.000     -287.9349    -3715.0078
 3   2  12.902  41761.695  23.423  -0.144    9.700  -10.000     -287.9349    -3715.0078
 1   2  12.902  41928.637   1.450  -0.078   12.580  -10.000     -274.9960    -3548.0664
 2   2  12.902  41928.637   1.450  -0.065   11.230  -10.000     -274.9960    -3548.0664
 3   2  12.902  41928.637   1.450  -0.011    9.720  -10.000     -274.9960    -3548.0664
 1   2  12.902  41929.621  28.916  -0.106   12.810  -10.000     -274.9197    -3547.0820
 2   2  12.902  41929.621  28.916  -0.087   11.400  -10.000     -274.9197    -3547.0820
 3   2  12.902  41929.621  28.916  -0.053    9.820  -10.000     -274.9197    -3547.0820
 0 170  12.902  50224.559 355.210   1.167   27.470    0.410      367.9867     4747.8555
 0 170  12.902  50227.531  78.146   0.453   51.470    0.470      368.2171     4750.8281
 0 170  12.902  50230.516 161.422  -3.698   28.990    0.500      368.4484     4753.8125
 0 170  12.902  50280.422 113.906   4.381   55.670    0.830      372.3164     4803.7188
 0 170  12.902  50282.453 170.585  -3.616   27.370    0.680      372.4738     4805.7500
 0 170  12.902  50283.473 199.028   0.820   22.740    0.630      372.5529     4806.7695
 0 170  12.902  50286.512 283.832   0.982    6.600    0.560      372.7884     4809.8086
 0 170  12.902  50296.496 202.412   0.349   21.630    0.630      373.5623     4819.7930
 3   9  12.902  43717.781 242.358   0.012    9.180  -10.000     -136.3268    -1758.9219
14   9  12.902  43717.781 242.358   0.021   10.810  -10.000     -136.3268    -1758.9219
15   9  12.902  43717.781 242.358   0.038    9.530  -10.000     -136.3268    -1758.9219
16   9  12.902  43717.781 242.358  -0.001    8.520  -10.000     -136.3268    -1758.9219
17   9  12.902  43717.781 242.358  -0.016    7.820  -10.000     -136.3268    -1758.9219
 3   9  12.902  43784.680 308.969  -0.008    9.470  -10.000     -131.1418    -1692.0234
14   9  12.902  43784.680 308.969  -0.055   11.460  -10.000     -131.1418    -1692.0234
15   9  12.902  43784.680 308.969   0.009    9.870  -10.000     -131.1418    -1692.0234
16   9  12.902  43784.680 308.969   0.022    8.740  -10.000     -131.1418    -1692.0234
17   9  12.902  43784.680 308.969   0.029    7.970  -10.000     -131.1418    -1692.0234
 3   9  12.902  43694.781 320.614   0.030    9.560  -10.000     -138.1094    -1781.9219
14   9  12.902  43694.781 320.614  -0.012   11.610  -10.000     -138.1094    -1781.9219
15   9  12.902  43694.781 320.614   0.039    9.960  -10.000     -138.1094    -1781.9219
16   9  12.902  43694.781 320.614   0.055    8.810  -10.000     -138.1094    -1781.9219
17   9  12.902  43694.781 320.614   0.055    8.020  -10.000     -138.1094    -1781.9219
 3   9  12.902  43787.648  31.805  -0.038    9.850  -10.000     -130.9117    -1689.0547
14   9  12.902  43787.648  31.805  -0.058   12.180  -10.000     -130.9117    -1689.0547
15   9  12.902  43787.648  31.805  -0.025   10.290  -10.000     -130.9117    -1689.0547
16   9  12.902  43787.648  31.805   0.007    9.050  -10.000     -130.9117    -1689.0547
17   9  12.902  43787.648  31.805   0.024    8.220  -10.000     -130.9117    -1689.0547
 3   9  12.902  43788.648  59.705   0.038   10.050  -10.000     -130.8342    -1688.0547
14   9  12.902  43788.648  59.705   0.103   12.500  -10.000     -130.8342    -1688.0547
15   9  12.902  43788.648  59.705   0.066   10.510  -10.000     -130.8342    -1688.0547
16   9  12.902  43788.648  59.705   0.053    9.210  -10.000     -130.8342    -1688.0547
17   9  12.902  43788.648  59.705   0.038    8.340  -10.000     -130.8342    -1688.0547
 3   9  12.902  44047.840  91.692  -0.045   10.010  -10.000     -110.7453    -1428.8633
14   9  12.902  44047.840  91.692  -0.065   12.320  -10.000     -110.7453    -1428.8633
15   9  12.902  44047.840  91.692  -0.029   10.450  -10.000     -110.7453    -1428.8633
16   9  12.902  44047.840  91.692  -0.015    9.200  -10.000     -110.7453    -1428.8633
17   9  12.902  44047.840  91.692  -0.013    8.360  -10.000     -110.7453    -1428.8633
 3   9  12.902  44048.871 120.468  -0.060    9.850  -10.000     -110.6654    -1427.8320
14   9  12.902  44048.871 120.468  -0.072   11.980  -10.000     -110.6654    -1427.8320
15   9  12.902  44048.871 120.468  -0.028   10.280  -10.000     -110.6654    -1427.8320
16   9  12.902  44048.871 120.468  -0.051    9.070  -10.000     -110.6654    -1427.8320
17   9  12.902  44048.871 120.468  -0.060    8.260  -10.000     -110.6654    -1427.8320
 3   9  12.902  43701.770 155.599  -0.038    9.670  -10.000     -137.5678    -1774.9336
14   9  12.902  43701.770 155.599  -0.066   11.560  -10.000     -137.5678    -1774.9336
15   9  12.902  43701.770 155.599  -0.015   10.060  -10.000     -137.5678    -1774.9336
16   9  12.902  43701.770 155.599  -0.041    8.940  -10.000     -137.5678    -1774.9336
17   9  12.902  43701.770 155.599  -0.060    8.170  -10.000     -137.5678    -1774.9336
 3   9  12.902  44051.871 204.173   0.037    9.230  -10.000     -110.4329    -1424.8320
14   9  12.902  44051.871 204.173   0.036   10.790  -10.000     -110.4329    -1424.8320
15   9  12.902  44051.871 204.173   0.071    9.580  -10.000     -110.4329    -1424.8320
16   9  12.902  44051.871 204.173   0.047    8.610  -10.000     -110.4329    -1424.8320
17   9  12.902  44051.871 204.173   0.019    7.910  -10.000     -110.4329    -1424.8320
