23   4  10.786  41016.555 233.042  -0.038    4.497  -10.000     -415.3527    -4480.0391
24   4  10.786  41016.555 233.042  -0.113    6.350  -10.000     -415.3527    -4480.0391
23   4  10.786  41017.609 268.242   0.081    4.715  -10.000     -415.2549    -4478.9844
24   4  10.786  41017.609 268.242   0.097    6.750  -10.000     -415.2549    -4478.9844
23   4  10.786  41020.621   8.767  -0.010    5.117  -10.000     -414.9756    -4475.9727
24   4  10.786  41020.621   8.767  -0.017    7.480  -10.000     -414.9756    -4475.9727
23   4  10.786  41042.539  20.303   0.022    5.213  -10.000     -412.9436    -4454.0547
24   4  10.786  41042.539  20.303   0.031    7.622  -10.000     -412.9436    -4454.0547
23   4  10.786  41047.574 188.361   0.038    4.878  -10.000     -412.4768    -4449.0195
24   4  10.786  41047.574 188.361  -0.014    6.870  -10.000     -412.4768    -4449.0195
23   4  10.786  41066.531 101.074   0.000    5.357  -10.000     -410.7192    -4430.0625
24   4  10.786  41066.531 101.074  -0.063    7.670  -10.000     -410.7192    -4430.0625
23   4  10.786  41067.496 133.275   0.002    5.153  -10.000     -410.6298    -4429.0977
24   4  10.786  41067.496 133.275  -0.042    7.320  -10.000     -410.6298    -4429.0977
23   4  10.786  41068.496 166.652   0.048    4.997  -10.000     -410.5371    -4428.0977
24   4  10.786  41068.496 166.652   0.008    7.047  -10.000     -410.5371    -4428.0977
23   4  10.786  41091.465 213.267   0.095    4.758  -10.000     -408.4076    -4405.1289
24   4  10.786  41091.465 213.267   0.054    6.690  -10.000     -408.4076    -4405.1289
23   4  10.786  41092.477 247.028  -0.019    4.525  -10.000     -408.3138    -4404.1172
24   4  10.786  41092.477 247.028  -0.069    6.420  -10.000     -408.3138    -4404.1172
23   4  10.786  41100.441 152.864   0.030    5.055  -10.000     -407.5754    -4396.1523
24   4  10.786  41100.441 152.864   0.035    7.190  -10.000     -407.5754    -4396.1523
23   4  10.786  41101.445 186.372   0.036    4.885  -10.000     -407.4823    -4395.1484
24   4  10.786  41101.445 186.372   0.031    6.928  -10.000     -407.4823    -4395.1484
23   4  10.786  41106.523 355.858  -0.004    5.055  -10.000     -407.0115    -4390.0703
24   4  10.786  41106.523 355.858  -0.108    7.285  -10.000     -407.0115    -4390.0703
23   4  10.786  41116.402 325.580   0.050    4.957  -10.000     -406.0956    -4380.1914
24   4  10.786  41116.402 325.580   0.005    7.148  -10.000     -406.0956    -4380.1914
23   4  10.786  41117.430 359.868   0.100    5.180  -10.000     -406.0004    -4379.1641
24   4  10.786  41117.430 359.868   0.015    7.440  -10.000     -406.0004    -4379.1641
23   4  10.786  41122.465 167.926  -0.010    4.932  -10.000     -405.5335    -4374.1289
24   4  10.786  41122.465 167.926  -0.012    7.017  -10.000     -405.5335    -4374.1289
23   4  10.786  41123.367 198.040   0.059    4.847  -10.000     -405.4499    -4373.2266
24   4  10.786  41123.367 198.040   0.027    6.840  -10.000     -405.4499    -4373.2266
23   4  10.786  41124.363 231.295  -0.005    4.535  -10.000     -405.3575    -4372.2305
24   4  10.786  41124.363 231.295  -0.060    6.407  -10.000     -405.3575    -4372.2305
23   4  10.786  41125.324 263.364   0.046    4.658  -10.000     -405.2684    -4371.2695
24   4  10.786  41125.324 263.364   0.059    6.670  -10.000     -405.2684    -4371.2695
23   4  10.786  41130.359  71.422   0.047    5.438  -10.000     -404.8016    -4366.2344
24   4  10.786  41130.359  71.422   0.023    7.863  -10.000     -404.8016    -4366.2344
23   4  10.786  41131.379 105.447  -0.019    5.320  -10.000     -404.7071    -4365.2148
24   4  10.786  41131.379 105.447  -0.037    7.660  -10.000     -404.7071    -4365.2148
23   4  10.786  41132.375 138.691  -0.007    5.108  -10.000     -404.6147    -4364.2188
24   4  10.786  41132.375 138.691  -0.039    7.260  -10.000     -404.6147    -4364.2188
23   4  10.786  41146.340 244.786  -0.028    4.510  -10.000     -403.3200    -4350.2539
24   4  10.786  41146.340 244.786  -0.121    6.358  -10.000     -403.3200    -4350.2539
23   4  10.786  41147.328 277.767   0.059    4.735  -10.000     -403.2284    -4349.2656
24   4  10.786  41147.328 277.767   0.029    6.760  -10.000     -403.2284    -4349.2656
23   4  10.786  41148.309 310.496   0.033    4.868  -10.000     -403.1375    -4348.2852
24   4  10.786  41148.309 310.496   0.019    7.035  -10.000     -403.1375    -4348.2852
23   4  10.786  41149.309 343.872   0.042    5.043  -10.000     -403.0448    -4347.2852
24   4  10.786  41149.309 343.872   0.005    7.305  -10.000     -403.0448    -4347.2852
23   4  10.786  41154.309 150.754   0.053    5.090  -10.000     -402.5812    -4342.2852
24   4  10.786  41154.309 150.754   0.091    7.265  -10.000     -402.5812    -4342.2852
23   4  10.786  41155.328 184.779   0.018    4.875  -10.000     -402.4867    -4341.2656
24   4  10.786  41155.328 184.779   0.061    6.967  -10.000     -402.4867    -4341.2656
23   4  10.786  41156.301 217.244   0.065    4.695  -10.000     -402.3965    -4340.2930
24   4  10.786  41156.301 217.244   0.041    6.630  -10.000     -402.3965    -4340.2930
23   4  10.786  41162.320  58.151   0.026    5.385  -10.000     -401.8385    -4334.2734
24   4  10.786  41162.320  58.151  -0.128    7.685  -10.000     -401.8385    -4334.2734
23   4  10.786  41170.289 324.119   0.057    4.957  -10.000     -401.0997    -4326.3047
24   4  10.786  41170.289 324.119   0.040    7.170  -10.000     -401.0997    -4326.3047
11  17  10.786  44857.496 269.309  -0.023    7.240  -10.000      -59.2519     -639.0977
12  17  10.786  44857.496 269.309   0.045    6.630  -10.000      -59.2519     -639.0977
13  17  10.786  44857.496 269.309   0.062    6.380  -10.000      -59.2519     -639.0977
11  17  10.786  45190.586 226.603   0.055    7.340  -10.000      -28.3705     -306.0078
12  17  10.786  45190.586 226.603   0.086    6.710  -10.000      -28.3705     -306.0078
13  17  10.786  45190.586 226.603   0.058    6.420  -10.000      -28.3705     -306.0078
11  17  10.786  45222.504 211.906  -0.027    7.320  -10.000      -25.4114     -274.0898
12  17  10.786  45222.504 211.906   0.052    6.730  -10.000      -25.4114     -274.0898
13  17  10.786  45222.504 211.906   0.037    6.450  -10.000      -25.4114     -274.0898
11  17  10.786  45226.465 344.107   0.014    7.330  -10.000      -25.0441     -270.1289
12  17  10.786  45226.465 344.107   0.026    6.610  -10.000      -25.0441     -270.1289
13  17  10.786  45226.465 344.107   0.001    6.300  -10.000      -25.0441     -270.1289
 0  42  10.786  46924.676 144.042   2.093  -46.890    0.690      132.4001     1428.0820
 0  42  10.786  46925.832 182.631   0.721  -62.310    0.670      132.5073     1429.2383
 0  42  10.786  46926.742 213.008  -0.175  -63.130    0.650      132.5917     1430.1484
 0  42  10.786  46927.758 246.907   2.779  -65.420    0.760      132.6859     1431.1641
 3 150  10.786  50541.660 265.463  -0.001   11.319  -10.000      467.7374     5045.0664
 4 150  10.786  50541.660 265.463  -0.038   10.137  -10.000      467.7374     5045.0664
 5 150  10.786  50541.660 265.463  -0.115    8.993  -10.000      467.7374     5045.0664
 3 150  10.786  50568.527  82.189   0.034   12.108  -10.000      470.2283     5071.9336
 4 150  10.786  50568.527  82.189  -0.036   10.748  -10.000      470.2283     5071.9336
 3 150  10.786  50570.441 146.074   0.041   11.801  -10.000      470.4058     5073.8477
 4 150  10.786  50570.441 146.074  -0.018   10.547  -10.000      470.4058     5073.8477
 3 150  10.786  50572.398 211.388   0.115   11.494  -10.000      470.5872     5075.8047
 4 150  10.786  50572.398 211.388   0.069   10.312  -10.000      470.5872     5075.8047
 3 150  10.786  50572.520 215.431   0.129   11.475  -10.000      470.5984     5075.9258
 4 150  10.786  50572.520 215.431   0.083   10.298  -10.000      470.5984     5075.9258
 3 150  10.786  50573.383 244.237  -0.039   11.200  -10.000      470.6784     5076.7891
 4 150  10.786  50573.383 244.237  -0.053   10.064  -10.000      470.6784     5076.7891
 3 150  10.786  50573.473 247.236  -0.080   11.166  -10.000      470.6868     5076.8789
 4 150  10.786  50573.473 247.236  -0.082   10.040  -10.000      470.6868     5076.8789
 3 150  10.786  50573.562 250.236  -0.072   11.183  -10.000      470.6951     5076.9688
 4 150  10.786  50573.562 250.236  -0.066   10.062  -10.000      470.6951     5076.9688
 3 150  10.786  50574.500 281.525   0.031   11.420  -10.000      470.7820     5077.9062
 4 150  10.786  50574.500 281.525  -0.001   10.222  -10.000      470.7820     5077.9062
 3 150  10.786  50575.367 310.474   0.011   11.538  -10.000      470.8624     5078.7734
 4 150  10.786  50575.367 310.474   0.004   10.326  -10.000      470.8624     5078.7734
 3 150  10.786  50575.465 313.737   0.008   11.550  -10.000      470.8715     5078.8711
 4 150  10.786  50575.465 313.737  -0.002   10.332  -10.000      470.8715     5078.8711
 3 150  10.786  50575.551 316.604  -0.002   11.554  -10.000      470.8795     5078.9570
 4 150  10.786  50575.551 316.604  -0.005   10.339  -10.000      470.8795     5078.9570
 3 150  10.786  50575.617 318.812   0.008   11.574  -10.000      470.8856     5079.0234
 4 150  10.786  50575.617 318.812  -0.007   10.345  -10.000      470.8856     5079.0234
 3 150  10.786  50576.457 346.849  -0.018   11.685  -10.000      470.9635     5079.8633
 4 150  10.786  50576.457 346.849  -0.035   10.421  -10.000      470.9635     5079.8633
 3 150  10.786  50576.516 348.805  -0.027   11.685  -10.000      470.9689     5079.9219
 4 150  10.786  50576.516 348.805  -0.031   10.432  -10.000      470.9689     5079.9219
 3 150  10.786  50576.578 350.892  -0.014   11.708  -10.000      470.9747     5079.9844
 4 150  10.786  50576.578 350.892  -0.022   10.448  -10.000      470.9747     5079.9844
 3 150  10.786  50577.527  22.566  -0.007   11.878  -10.000      471.0627     5080.9336
 4 150  10.786  50577.527  22.566  -0.008   10.597  -10.000      471.0627     5080.9336
 3 150  10.786  50577.586  24.521   0.000   11.895  -10.000      471.0681     5080.9922
 4 150  10.786  50577.586  24.521  -0.008   10.605  -10.000      471.0681     5080.9922
 3 150  10.786  50578.398  51.647  -0.019   12.000  -10.000      471.1435     5081.8047
 4 150  10.786  50578.398  51.647  -0.038   10.686  -10.000      471.1435     5081.8047
 3 150  10.786  50578.473  54.119  -0.013   12.015  -10.000      471.1503     5081.8789
 4 150  10.786  50578.473  54.119  -0.043   10.689  -10.000      471.1503     5081.8789
 3 150  10.786  50578.566  57.250  -0.034   12.004  -10.000      471.1590     5081.9727
 4 150  10.786  50578.566  57.250  -0.035   10.707  -10.000      471.1590     5081.9727
 3 150  10.786  50578.570  57.382  -0.019   12.020  -10.000      471.1594     5081.9766
 4 150  10.786  50578.570  57.382  -0.046   10.696  -10.000      471.1594     5081.9766
 3 150  10.786  50578.621  59.073  -0.016   12.028  -10.000      471.1641     5082.0273
 4 150  10.786  50578.621  59.073  -0.060   10.687  -10.000      471.1641     5082.0273
 3 150  10.786  50579.523  89.198   0.021   12.092  -10.000      471.2478     5082.9297
 4 150  10.786  50579.523  89.198  -0.007   10.780  -10.000      471.2478     5082.9297
 3 150  10.786  50580.449 120.092   0.039   11.972  -10.000      471.3336     5083.8555
 4 150  10.786  50580.449 120.092  -0.012   10.683  -10.000      471.3336     5083.8555
 3 150  10.786  50580.562 123.871   0.062   11.968  -10.000      471.3441     5083.9688
 4 150  10.786  50580.562 123.871  -0.004   10.670  -10.000      471.3441     5083.9688
 3 150  10.786  50580.613 125.563   0.039   11.933  -10.000      471.3488     5084.0195
 4 150  10.786  50580.613 125.563  -0.004   10.661  -10.000      471.3488     5084.0195
 3 150  10.786  50582.465 187.361   0.041   11.583  -10.000      471.5204     5085.8711
 4 150  10.786  50582.465 187.361   0.013   10.397  -10.000      471.5204     5085.8711
 3 150  10.786  50582.547 190.107   0.035   11.565  -10.000      471.5281     5085.9531
 4 150  10.786  50582.547 190.107   0.020   10.393  -10.000      471.5281     5085.9531
 3 150  10.786  50583.465 220.737   0.160   11.463  -10.000      471.6132     5086.8711
 4 150  10.786  50583.465 220.737   0.127   10.305  -10.000      471.6132     5086.8711
 3 150  10.786  50583.586 224.780   0.136   11.410  -10.000      471.6244     5086.9922
 4 150  10.786  50583.586 224.780   0.091   10.244  -10.000      471.6244     5086.9922
 3 150  10.786  50584.430 252.949  -0.041   11.224  -10.000      471.7026     5087.8359
 4 150  10.786  50584.430 252.949  -0.038   10.097  -10.000      471.7026     5087.8359
 3 150  10.786  50584.496 255.157  -0.032   11.242  -10.000      471.7088     5087.9023
 4 150  10.786  50584.496 255.157  -0.045   10.097  -10.000      471.7088     5087.9023
 3 150  10.786  50584.578 257.904  -0.019   11.267  -10.000      471.7164     5087.9844
 4 150  10.786  50584.578 257.904  -0.041   10.109  -10.000      471.7164     5087.9844
18 163  10.786  47918.402 190.920   0.048   11.610  -10.000      224.5303     2421.8086
18 163  10.786  47918.477 193.398   0.050   11.601  -10.000      224.5372     2421.8828
18 163  10.786  47918.492 193.914   0.093   11.641  -10.000      224.5387     2421.8984
18 163  10.786  47918.566 196.392  -0.031   11.503  -10.000      224.5455     2421.9727
18 163  10.786  47918.578 196.787   0.061   11.593  -10.000      224.5466     2421.9844
18 163  10.786  47936.355  70.126  -0.012   12.086  -10.000      226.1948     2439.7617
18 163  10.786  47965.305 316.340   0.048   11.636  -10.000      228.8787     2468.7109
18 163  10.786  47965.484 322.339  -0.091   11.524  -10.000      228.8954     2468.8906
18 163  10.786  48083.688 307.518  -0.287   11.259  -10.000      239.8542     2587.0938
18 163  10.786  48083.762 309.996  -0.188   11.370  -10.000      239.8611     2587.1680
18 163  10.786  48083.777 310.518  -0.266   11.294  -10.000      239.8625     2587.1836
18 163  10.786  48083.852 312.995  -0.139   11.433  -10.000      239.8694     2587.2578
18 163  10.786  48083.867 313.517  -0.268   11.306  -10.000      239.8709     2587.2734
18 163  10.786  48084.031 318.994  -0.098   11.502  -10.000      239.8861     2587.4375
18 163  10.786  48084.043 319.384  -0.167   11.434  -10.000      239.8872     2587.4492
18 163  10.786  48084.117 321.861  -0.115   11.498  -10.000      239.8941     2587.5234
18 163  10.786  48084.133 322.383  -0.220   11.395  -10.000      239.8955     2587.5391
18 163  10.786  48084.207 324.860  -0.050   11.577  -10.000      239.9024     2587.6133
18 163  10.786  48084.223 325.382  -0.132   11.497  -10.000      239.9038     2587.6289
18 163  10.786  48084.297 327.859   0.003   11.643  -10.000      239.9107     2587.7031
18 163  10.786  48084.309 328.250  -0.023   11.619  -10.000      239.9118     2587.7148
18 163  10.786  48095.316 335.649  -0.048   11.630  -10.000      240.9324     2598.7227
18 163  10.786  48095.332 336.171  -0.020   11.661  -10.000      240.9338     2598.7383
18 163  10.786  48095.406 338.648  -0.047   11.646  -10.000      240.9407     2598.8125
18 163  10.786  48095.508 342.037  -0.017   11.694  -10.000      240.9501     2598.9141
18 163  10.786  48095.582 344.515  -0.083   11.640  -10.000      240.9570     2598.9883
18 163  10.786  48095.598 345.037  -0.012   11.714  -10.000      240.9584     2599.0039
18 163  10.786  48095.672 347.514  -0.050   11.687  -10.000      240.9653     2599.0781
18 163  10.786  48095.688 348.036  -0.011   11.729  -10.000      240.9668     2599.0938
18 163  10.786  48095.762 350.513  -0.115   11.635  -10.000      240.9736     2599.1680
18 163  10.786  48095.773 350.903  -0.075   11.677  -10.000      240.9747     2599.1797
18 163  10.786  48095.852 353.507  -0.036   11.728  -10.000      240.9820     2599.2578
18 163  10.786  48131.938 117.922  -0.032   11.949  -10.000      244.3276     2635.3438
18 163  10.786  48132.023 120.789   0.029   11.988  -10.000      244.3355     2635.4297
18 163  10.786  48164.793 134.517  -0.047   11.820  -10.000      247.3737     2668.1992
18 163  10.786  48164.805 134.907   0.047   11.912  -10.000      247.3747     2668.2109
18 163  10.786  48164.879 137.384  -0.062   11.787  -10.000      247.3816     2668.2852
18 163  10.786  48164.895 137.906   0.054   11.899  -10.000      247.3831     2668.3008
18 163  10.786  48179.098 251.955  -0.128   11.172  -10.000      248.6999     2682.5039
18 163  10.786  48179.113 252.477  -0.033   11.269  -10.000      248.7013     2682.5195
18 163  10.786  48179.188 254.954  -0.151   11.161  -10.000      248.7082     2682.5938
18 163  10.786  48179.203 255.476  -0.093   11.221  -10.000      248.7097     2682.6094
18 163  10.786  48267.578 325.096  -0.064   11.564  -10.000      256.9030     2770.9844
18 163  10.786  48267.742 330.579   0.021   11.674  -10.000      256.9183     2771.1484
18 163  10.786  48267.754 330.963   0.027   11.682  -10.000      256.9193     2771.1602
18 163  10.786  48267.828 333.446   0.039   11.706  -10.000      256.9262     2771.2344
18 163  10.786  48267.844 333.962   0.060   11.730  -10.000      256.9277     2771.2500
18 163  10.786  48267.918 336.445   0.003   11.685  -10.000      256.9346     2771.3242
18 163  10.786  48275.918 243.457  -0.099   11.177  -10.000      257.6763     2779.3242
18 163  10.786  48275.934 243.973   0.000   11.278  -10.000      257.6777     2779.3398
18 163  10.786  48276.008 246.456  -0.072   11.211  -10.000      257.6846     2779.4141
18 163  10.786  48276.023 246.973  -0.001   11.283  -10.000      257.6860     2779.4297
18 163  10.786  48276.188 252.444  -0.027   11.275  -10.000      257.7012     2779.5938
18 163  10.786  48276.199 252.839   0.026   11.329  -10.000      257.7023     2779.6055
18 163  10.786  48311.293 344.136  -0.004   11.717  -10.000      260.9559     2814.6992
18 163  10.786  48311.383 347.135  -0.145   11.590  -10.000      260.9643     2814.7891
18 163  10.786  48340.691 245.347  -0.073   11.207  -10.000      263.6815     2844.0977
18 163  10.786  48340.703 245.742   0.029   11.310  -10.000      263.6826     2844.1094
18 163  10.786  48340.781 248.346  -0.062   11.226  -10.000      263.6898     2844.1875
18 163  10.786  48340.793 248.741  -0.029   11.261  -10.000      263.6909     2844.1992
18 163  10.786  48359.266 145.283  -0.094   11.705  -10.000      265.4036     2862.6719
18 163  10.786  48359.281 145.811  -0.014   11.781  -10.000      265.4050     2862.6875
18 163  10.786  48359.355 148.282  -0.026   11.754  -10.000      265.4119     2862.7617
18 163  10.786  48359.371 148.810  -0.153   11.625  -10.000      265.4134     2862.7773
18 163  10.786  48359.445 151.282  -0.076   11.687  -10.000      265.4202     2862.8516
18 163  10.786  48359.461 151.809  -0.306   11.455  -10.000      265.4217     2862.8672
18 163  10.786  48476.930 112.478  -0.313   11.705  -10.000      276.3124     2980.3359
18 163  10.786  48477.016 115.345  -0.199   11.800  -10.000      276.3204     2980.4219
18 163  10.786  48477.031 115.862  -0.173   11.822  -10.000      276.3218     2980.4375
18 163  10.786  48526.508 327.206  -0.048   11.590  -10.000      280.9089     3029.9141
18 163  10.786  48526.523 327.722  -0.061   11.579  -10.000      280.9103     3029.9297
18 163  10.786  48705.738 189.250  -0.310   11.260  -10.000      297.5257     3209.1445
18 163  10.786  48822.816 136.879   0.003   11.856  -10.000      308.3802     3326.2227
18 163  10.786  48822.906 139.878  -0.012   11.822  -10.000      308.3885     3326.3125
18 163  10.786  49004.688  87.056  -0.032   12.068  -10.000      325.2418     3508.0938
18 163  10.786  49004.762  89.539   0.062   12.160  -10.000      325.2487     3508.1680
18 163  10.786  49004.777  90.055  -0.025   12.073  -10.000      325.2502     3508.1836
 1   2  10.786  41761.793 266.309   0.186   14.970  -10.000     -346.2603    -3734.8008
 2   2  10.786  41761.793 266.309   0.161   13.380  -10.000     -346.2603    -3734.8008
 3   2  10.786  41761.793 266.309   0.096   11.420  -10.000     -346.2603    -3734.8008
 1   2  10.786  41762.852 301.641  -0.010   15.190  -10.000     -346.1621    -3733.7422
 2   2  10.786  41762.852 301.641   0.052   13.540  -10.000     -346.1621    -3733.7422
 3   2  10.786  41762.852 301.641   0.058   11.540  -10.000     -346.1621    -3733.7422
 1   2  10.786  41763.844 334.753   0.155   15.740  -10.000     -346.0701    -3732.7500
 2   2  10.786  41763.844 334.753   0.064   13.810  -10.000     -346.0701    -3732.7500
 3   2  10.786  41763.844 334.753   0.078   11.720  -10.000     -346.0701    -3732.7500
 1   2  10.786  41764.844   8.130   0.208   16.150  -10.000     -345.9774    -3731.7500
 2   2  10.786  41764.844   8.130   0.255   14.250  -10.000     -345.9774    -3731.7500
 3   2  10.786  41764.844   8.130   0.220   12.030  -10.000     -345.9774    -3731.7500
 1   2  10.786  41765.836  41.254   0.023   16.260  -10.000     -345.8854    -3730.7578
 2   2  10.786  41765.836  41.254   0.093   14.310  -10.000     -345.8854    -3730.7578
 3   2  10.786  41765.836  41.254   0.115   12.090  -10.000     -345.8854    -3730.7578
 1   2  10.786  41767.895 109.962  -0.176   15.900  -10.000     -345.6945    -3728.6992
 2   2  10.786  41767.895 109.962   0.007   14.170  -10.000     -345.6945    -3728.6992
 3   2  10.786  41767.895 109.962   0.018   12.020  -10.000     -345.6945    -3728.6992
 1   2  10.786  41768.883 142.943  -0.071   15.460  -10.000     -345.6029    -3727.7109
 2   2  10.786  41768.883 142.943   0.080   13.880  -10.000     -345.6029    -3727.7109
 3   2  10.786  41768.883 142.943   0.040   11.820  -10.000     -345.6029    -3727.7109
 1   2  10.786  41769.863 175.671  -0.016   15.150  -10.000     -345.5120    -3726.7305
 2   2  10.786  41769.863 175.671   0.031   13.570  -10.000     -345.5120    -3726.7305
 3   2  10.786  41769.863 175.671   0.042   11.640  -10.000     -345.5120    -3726.7305
 1   2  10.786  41770.891 209.960  -0.093   14.710  -10.000     -345.4168    -3725.7031
 2   2  10.786  41770.891 209.960   0.176   13.440  -10.000     -345.4168    -3725.7031
 3   2  10.786  41770.891 209.960   0.149   11.540  -10.000     -345.4168    -3725.7031
 1   2  10.786  41771.855 242.161  -0.141   14.410  -10.000     -345.3273    -3724.7383
 2   2  10.786  41771.855 242.161  -0.017   13.050  -10.000     -345.3273    -3724.7383
 3   2  10.786  41771.855 242.161   0.005   11.240  -10.000     -345.3273    -3724.7383
 1   2  10.786  41772.871 276.053  -0.006   14.890  -10.000     -345.2332    -3723.7227
 2   2  10.786  41772.871 276.053   0.119   13.410  -10.000     -345.2332    -3723.7227
 3   2  10.786  41772.871 276.053   0.124   11.490  -10.000     -345.2332    -3723.7227
 1   2  10.786  41773.859 309.045  -0.101   15.190  -10.000     -345.1415    -3722.7344
 2   2  10.786  41773.859 309.045   0.041   13.590  -10.000     -345.1415    -3722.7344
 3   2  10.786  41773.859 309.045   0.030   11.550  -10.000     -345.1415    -3722.7344
 1   2  10.786  41921.539 198.040  -0.063   14.910  -10.000     -331.4499    -3575.0547
 2   2  10.786  41921.539 198.040   0.068   13.460  -10.000     -331.4499    -3575.0547
 3   2  10.786  41921.539 198.040   0.063   11.550  -10.000     -331.4499    -3575.0547
 1   2  10.786  41922.543 231.548  -0.214   14.330  -10.000     -331.3568    -3574.0508
 2   2  10.786  41922.543 231.548  -0.038   13.030  -10.000     -331.3568    -3574.0508
 3   2  10.786  41922.543 231.548   0.008   11.250  -10.000     -331.3568    -3574.0508
 1   2  10.786  41923.539 264.792   0.004   14.770  -10.000     -331.2645    -3573.0547
 2   2  10.786  41923.539 264.792   0.093   13.300  -10.000     -331.2645    -3573.0547
 3   2  10.786  41923.539 264.792   0.063   11.380  -10.000     -331.2645    -3573.0547
 1   2  10.786  41924.523 297.642  -0.140   15.010  -10.000     -331.1732    -3572.0703
 2   2  10.786  41924.523 297.642   0.055   13.510  -10.000     -331.1732    -3572.0703
 3   2  10.786  41924.523 297.642   0.048   11.510  -10.000     -331.1732    -3572.0703
 1   2  10.786  41925.535 331.414  -0.286   15.260  -10.000     -331.0794    -3571.0586
 2   2  10.786  41925.535 331.414   0.001   13.720  -10.000     -331.0794    -3571.0586
 3   2  10.786  41925.535 331.414   0.005   11.630  -10.000     -331.0794    -3571.0586
 1   2  10.786  41926.543   5.054  -0.060   15.850  -10.000     -330.9860    -3570.0508
 2   2  10.786  41926.543   5.054  -0.012   13.960  -10.000     -330.9860    -3570.0508
 3   2  10.786  41926.543   5.054  -0.003   11.790  -10.000     -330.9860    -3570.0508
 1   2  10.786  41927.527  37.903  -0.163   16.050  -10.000     -330.8947    -3569.0664
 2   2  10.786  41927.527  37.903  -0.037   14.160  -10.000     -330.8947    -3569.0664
 3   2  10.786  41927.527  37.903   0.031   11.990  -10.000     -330.8947    -3569.0664
 1   2  10.786  41928.543  71.807  -0.367   15.990  -10.000     -330.8005    -3568.0508
 2   2  10.786  41928.543  71.807  -0.015   14.310  -10.000     -330.8005    -3568.0508
 3   2  10.786  41928.543  71.807   0.027   12.100  -10.000     -330.8005    -3568.0508
 1   2  10.786  41929.539 105.051  -0.123   16.020  -10.000     -330.7082    -3567.0547
 2   2  10.786  41929.539 105.051  -0.036   14.170  -10.000     -330.7082    -3567.0547
 3   2  10.786  41929.539 105.051  -0.027   12.000  -10.000     -330.7082    -3567.0547
 1   2  10.786  42214.590 258.981   0.062   14.760  -10.000     -304.2806    -3282.0039
 2   2  10.786  42214.590 258.981   0.088   13.250  -10.000     -304.2806    -3282.0039
 3   2  10.786  42214.590 258.981   0.060   11.350  -10.000     -304.2806    -3282.0039
 1   2  10.786  42216.570 325.074   0.046   15.520  -10.000     -304.0970    -3280.0234
 2   2  10.786  42216.570 325.074   0.019   13.690  -10.000     -304.0970    -3280.0234
 3   2  10.786  42216.570 325.074  -0.045   11.550  -10.000     -304.0970    -3280.0234
 1   2  10.786  42218.586  32.355   0.170   16.340  -10.000     -303.9101    -3278.0078
 2   2  10.786  42218.586  32.355   0.057   14.220  -10.000     -303.9101    -3278.0078
 3   2  10.786  42218.586  32.355  -0.012   11.920  -10.000     -303.9101    -3278.0078
 1   2  10.786  42219.578  65.468   0.045   16.400  -10.000     -303.8181    -3277.0156
 2   2  10.786  42219.578  65.468   0.043   14.360  -10.000     -303.8181    -3277.0156
 3   2  10.786  42219.578  65.468  -0.042   12.020  -10.000     -303.8181    -3277.0156
 1   2  10.786  42219.578  65.468   0.055   16.410  -10.000     -303.8181    -3277.0156
 2   2  10.786  42219.578  65.468   0.073   14.390  -10.000     -303.8181    -3277.0156
 3   2  10.786  42219.578  65.468   0.038   12.100  -10.000     -303.8181    -3277.0156
 1   2  10.786  42220.574  98.712   0.244   16.460  -10.000     -303.7258    -3276.0195
 2   2  10.786  42220.574  98.712   0.089   14.340  -10.000     -303.7258    -3276.0195
 3   2  10.786  42220.574  98.712   0.069   12.120  -10.000     -303.7258    -3276.0195
 1   2  10.786  42221.582 132.352   0.116   15.810  -10.000     -303.6324    -3275.0117
 2   2  10.786  42221.582 132.352   0.070   13.980  -10.000     -303.6324    -3275.0117
 3   2  10.786  42221.582 132.352  -0.028   11.820  -10.000     -303.6324    -3275.0117
 6  36  10.786  45602.340 289.409   0.018    7.390  -10.000        9.8039      105.7461
 7  36  10.786  45602.340 289.409   0.033    6.591  -10.000        9.8039      105.7461
 8  36  10.786  45602.340 289.409   0.062    6.309  -10.000        9.8039      105.7461
 6  36  10.786  46221.555  76.487   0.007    7.683  -10.000       67.2125      724.9609
 7  36  10.786  46221.555  76.487   0.009    6.781  -10.000       67.2125      724.9609
 8  36  10.786  46221.555  76.487   0.024    6.464  -10.000       67.2125      724.9609
 6  36  10.786  46222.605 111.558  -0.020    7.689  -10.000       67.3099      726.0117
 7  36  10.786  46222.605 111.558  -0.005    6.830  -10.000       67.3099      726.0117
 8  36  10.786  46222.605 111.558  -0.001    6.509  -10.000       67.3099      726.0117
 6  36  10.786  46223.617 145.324  -0.031    7.625  -10.000       67.4037      727.0234
 7  36  10.786  46223.617 145.324   0.001    6.828  -10.000       67.4037      727.0234
 8  36  10.786  46223.617 145.324  -0.026    6.487  -10.000       67.4037      727.0234
 6  36  10.786  46224.523 175.573  -0.010    7.569  -10.000       67.4877      727.9297
 7  36  10.786  46224.523 175.573   0.006    6.779  -10.000       67.4877      727.9297
 8  36  10.786  46224.523 175.573   0.017    6.482  -10.000       67.4877      727.9297
 6  36  10.786  46225.613 211.948   0.036    7.482  -10.000       67.5887      729.0195
 7  36  10.786  46225.613 211.948   0.048    6.712  -10.000       67.5887      729.0195
 8  36  10.786  46225.613 211.948   0.045    6.406  -10.000       67.5887      729.0195
 6  36  10.786  46595.578 319.991  -0.004    7.399  -10.000      101.8889     1098.9844
 7  36  10.786  46595.578 319.991   0.032    6.590  -10.000      101.8889     1098.9844
 8  36  10.786  46595.578 319.991   0.040    6.280  -10.000      101.8889     1098.9844
 6  36  10.786  46597.547  25.700   0.010    7.541  -10.000      102.0714     1100.9531
 7  36  10.786  46597.547  25.700   0.020    6.655  -10.000      102.0714     1100.9531
 8  36  10.786  46597.547  25.700   0.040    6.344  -10.000      102.0714     1100.9531
 6  36  10.786  46961.277 285.661   0.018    7.388  -10.000      135.7935     1464.6836
 7  36  10.786  46961.277 285.661   0.046    6.606  -10.000      135.7935     1464.6836
 8  36  10.786  46961.277 285.661   0.060    6.310  -10.000      135.7935     1464.6836
 6  36  10.786  47313.566 163.757  -0.017    7.595  -10.000      168.4549     1816.9727
 7  36  10.786  47313.566 163.757   0.002    6.801  -10.000      168.4549     1816.9727
 8  36  10.786  47313.566 163.757   0.002    6.490  -10.000      168.4549     1816.9727
 0  56  10.786  45519.633  48.958  -0.178  -44.600    0.590        2.1360       23.0391
 0  56  10.786  45761.883 214.357  -1.067  -64.280    0.730       24.5954      265.2891
 0  56  10.786  45763.871 280.719  -4.224  -78.540    0.880       24.7798      267.2773
 0  56  10.786  45765.891 348.123   1.299  -61.380    0.500       24.9670      269.2969
 0  56  10.786  45769.887 121.498   1.793  -36.510    0.990       25.3375      273.2930
 0  56  10.786  45876.668  85.457  -2.748  -34.940    0.690       35.2374      380.0742
 0  56  10.786  45879.574 182.457   0.431  -62.550    0.830       35.5068      382.9805
 0  56  10.786  45880.707 220.265   0.505  -65.440    1.340       35.6118      384.1133
 0  56  10.786  45881.508 246.993   0.101  -68.110    1.110       35.6861      384.9141
 0  56  10.786  46292.523 285.158  -1.970  -76.130    0.590       73.7921      795.9297
 0  56  10.786  46294.492 350.868   1.191  -59.940    0.510       73.9746      797.8984
 0  56  10.786  46295.484  23.983   0.137  -50.540    0.640       74.0666      798.8906
 0  56  10.786  46308.520  99.047   2.465  -32.380    0.660       75.2751      811.9258
 0  56  10.786  46309.488 131.380  -5.018  -41.440    0.860       75.3649      812.8945
 0  56  10.786  46310.500 165.149  -0.753  -59.350    0.730       75.4587      813.9062
 1 123  10.786  41778.840 115.269   0.389   16.380  -10.000     -344.6798    -3717.7539
 2 123  10.786  41778.840 115.269   0.093   14.200  -10.000     -344.6798    -3717.7539
 3 123  10.786  41778.840 115.269   0.111   12.080  -10.000     -344.6798    -3717.7539
 1 123  10.786  41783.902 284.238  -0.149   14.840  -10.000     -344.2104    -3712.6914
 2 123  10.786  41783.902 284.238   0.129   13.480  -10.000     -344.2104    -3712.6914
 3 123  10.786  41783.902 284.238   0.069   11.470  -10.000     -344.2104    -3712.6914
 1 123  10.786  41784.898 317.483  -0.008   15.380  -10.000     -344.1181    -3711.6953
 2 123  10.786  41784.898 317.483   0.046   13.660  -10.000     -344.1181    -3711.6953
 3 123  10.786  41784.898 317.483  -0.020   11.540  -10.000     -344.1181    -3711.6953
 2 123  10.786  41785.887 350.475   0.235   14.100  -10.000     -344.0265    -3710.7070
 3 123  10.786  41785.887 350.475   0.150   11.870  -10.000     -344.0265    -3710.7070
 3   9  10.786  44135.512 292.170   0.024   11.460  -10.000     -126.1884    -1361.0820
14   9  10.786  44135.512 292.170   0.037   14.270  -10.000     -126.1884    -1361.0820
15   9  10.786  44135.512 292.170   0.052   12.060  -10.000     -126.1884    -1361.0820
16   9  10.786  44135.512 292.170   0.009   10.330  -10.000     -126.1884    -1361.0820
17   9  10.786  44135.512 292.170  -0.042    9.060  -10.000     -126.1884    -1361.0820
 3   9  10.786  43694.551 334.539   0.039   11.680  -10.000     -167.0707    -1802.0430
14   9  10.786  43694.551 334.539   0.002   14.650  -10.000     -167.0707    -1802.0430
15   9  10.786  43694.551 334.539   0.047   12.290  -10.000     -167.0707    -1802.0430
16   9  10.786  43694.551 334.539   0.031   10.500  -10.000     -167.0707    -1802.0430
17   9  10.786  43694.551 334.539  -0.003    9.200  -10.000     -167.0707    -1802.0430
 3   9  10.786  44018.660 352.101   0.023   11.750  -10.000     -137.0219    -1477.9336
14   9  10.786  44018.660 352.101   0.070   14.880  -10.000     -137.0219    -1477.9336
15   9  10.786  44018.660 352.101   0.060   12.400  -10.000     -137.0219    -1477.9336
16   9  10.786  44018.660 352.101   0.035   10.570  -10.000     -137.0219    -1477.9336
17   9  10.786  44018.660 352.101  -0.001    9.250  -10.000     -137.0219    -1477.9336
 3   9  10.786  44020.602  56.898  -0.047   11.990  -10.000     -136.8419    -1475.9922
14   9  10.786  44020.602  56.898  -0.035   15.260  -10.000     -136.8419    -1475.9922
15   9  10.786  44020.602  56.898  -0.004   12.670  -10.000     -136.8419    -1475.9922
16   9  10.786  44020.602  56.898  -0.017   10.780  -10.000     -136.8419    -1475.9922
17   9  10.786  44020.602  56.898  -0.015    9.460  -10.000     -136.8419    -1475.9922
 3   9  10.786  43698.488 105.963  -0.043   11.980  -10.000     -166.7057    -1798.1055
14   9  10.786  43698.488 105.963  -0.079   15.070  -10.000     -166.7057    -1798.1055
15   9  10.786  43698.488 105.963  -0.011   12.630  -10.000     -166.7057    -1798.1055
16   9  10.786  43698.488 105.963  -0.028   10.790  -10.000     -166.7057    -1798.1055
17   9  10.786  43698.488 105.963  -0.045    9.480  -10.000     -166.7057    -1798.1055
 3   9  10.786  43699.480 139.076   0.015   11.820  -10.000     -166.6137    -1797.1133
14   9  10.786  43699.480 139.076  -0.039   14.660  -10.000     -166.6137    -1797.1133
15   9  10.786  43699.480 139.076   0.039   12.430  -10.000     -166.6137    -1797.1133
16   9  10.786  43699.480 139.076  -0.004   10.660  -10.000     -166.6137    -1797.1133
17   9  10.786  43699.480 139.076  -0.043    9.380  -10.000     -166.6137    -1797.1133
 3   9  10.786  43700.480 172.452   0.005   11.620  -10.000     -166.5210    -1796.1133
14   9  10.786  43700.480 172.452  -0.054   14.310  -10.000     -166.5210    -1796.1133
15   9  10.786  43700.480 172.452   0.020   12.200  -10.000     -166.5210    -1796.1133
16   9  10.786  43700.480 172.452  -0.013   10.500  -10.000     -166.5210    -1796.1133
17   9  10.786  43700.480 172.452  -0.044    9.260  -10.000     -166.5210    -1796.1133
 3   9  10.786  43701.520 207.131   0.025   11.440  -10.000     -166.4246    -1795.0742
14   9  10.786  43701.520 207.131   0.063   14.120  -10.000     -166.4246    -1795.0742
15   9  10.786  43701.520 207.131   0.084   12.050  -10.000     -166.4246    -1795.0742
16   9  10.786  43701.520 207.131   0.027   10.370  -10.000     -166.4246    -1795.0742
17   9  10.786  43701.520 207.131  -0.017    9.140  -10.000     -166.4246    -1795.0742
 3   9  10.786  44025.559 222.347   0.019   11.310  -10.000     -136.3824    -1471.0352
14   9  10.786  44025.559 222.347  -0.022   13.840  -10.000     -136.3824    -1471.0352
15   9  10.786  44025.559 222.347   0.088   11.920  -10.000     -136.3824    -1471.0352
16   9  10.786  44025.559 222.347   0.002   10.240  -10.000     -136.3824    -1471.0352
17   9  10.786  44025.559 222.347  -0.018    9.050  -10.000     -136.3824    -1471.0352
