 2  22  28.691  44032.469 194.027   0.009   11.018  -10.000      -72.4610    -2079.0156
 3  22  28.691  44032.469 194.027  -0.029    9.317  -10.000      -72.4610    -2079.0156
 4  22  28.691  44032.469 194.027  -0.032    8.330  -10.000      -72.4610    -2079.0156
 5  22  28.691  44032.469 194.027  -0.105    7.339  -10.000      -72.4610    -2079.0156
 2  22  28.691  44047.504  22.679  -0.039   12.202  -10.000      -71.9370    -2063.9805
 3  22  28.691  44047.504  22.679   0.050   10.093  -10.000      -71.9370    -2063.9805
 4  22  28.691  44047.504  22.679   0.086    8.922  -10.000      -71.9370    -2063.9805
 5  22  28.691  44047.504  22.679   0.139    7.853  -10.000      -71.9370    -2063.9805
 2  22  28.691  44049.496  47.675  -0.076   12.280  -10.000      -71.8676    -2061.9883
 3  22  28.691  44049.496  47.675   0.014   10.150  -10.000      -71.8676    -2061.9883
 4  22  28.691  44049.496  47.675   0.070    8.990  -10.000      -71.8676    -2061.9883
 5  22  28.691  44049.496  47.675   0.110    7.900  -10.000      -71.8676    -2061.9883
 2  22  28.691  44080.418  75.660   0.014   12.415  -10.000      -70.7898    -2031.0664
 3  22  28.691  44080.418  75.660   0.024   10.215  -10.000      -70.7898    -2031.0664
 4  22  28.691  44080.418  75.660   0.066    9.045  -10.000      -70.7898    -2031.0664
 5  22  28.691  44080.418  75.660   0.103    7.955  -10.000      -70.7898    -2031.0664
 2  22  28.691  44141.285 119.377  -0.146   12.253  -10.000      -68.6684    -1970.1992
 3  22  28.691  44141.285 119.377  -0.085   10.164  -10.000      -68.6684    -1970.1992
 4  22  28.691  44141.285 119.377  -0.043    9.019  -10.000      -68.6684    -1970.1992
 5  22  28.691  44141.285 119.377  -0.024    7.934  -10.000      -68.6684    -1970.1992
 2  22  28.691  44387.492 328.602   0.008   11.931  -10.000      -60.0872    -1723.9922
 3  22  28.691  44387.492 328.602   0.029    9.848  -10.000      -60.0872    -1723.9922
 4  22  28.691  44387.492 328.602   0.059    8.711  -10.000      -60.0872    -1723.9922
 5  22  28.691  44387.492 328.602   0.072    7.637  -10.000      -60.0872    -1723.9922
 2  22  28.691  44390.453   5.754   0.004   12.156  -10.000      -59.9840    -1721.0312
 3  22  28.691  44390.453   5.754   0.039   10.014  -10.000      -59.9840    -1721.0312
 2  22  28.691  44391.543  19.429   0.044   12.270  -10.000      -59.9460    -1719.9414
 3  22  28.691  44391.543  19.429   0.060   10.091  -10.000      -59.9460    -1719.9414
 4  22  28.691  44391.543  19.429   0.097    8.923  -10.000      -59.9460    -1719.9414
 5  22  28.691  44391.543  19.429   0.117    7.822  -10.000      -59.9460    -1719.9414
 3  22  28.691  44394.523  56.825   0.032   10.189  -10.000      -59.8422    -1716.9609
 4  22  28.691  44394.523  56.825   0.072    9.013  -10.000      -59.8422    -1716.9609
 5  22  28.691  44394.523  56.825   0.094    7.904  -10.000      -59.8422    -1716.9609
 2  22  28.691  44423.355  58.589   0.003   12.381  -10.000      -58.8373    -1688.1289
 3  22  28.691  44423.355  58.589   0.044   10.204  -10.000      -58.8373    -1688.1289
 4  22  28.691  44423.355  58.589   0.079    9.023  -10.000      -58.8373    -1688.1289
 5  22  28.691  44423.355  58.589   0.113    7.927  -10.000      -58.8373    -1688.1289
 2  22  28.691  44424.398  71.676  -0.002   12.391  -10.000      -58.8009    -1687.0859
 3  22  28.691  44424.398  71.676   0.030   10.212  -10.000      -58.8009    -1687.0859
 2  22  28.691  44425.367  83.831  -0.053   12.362  -10.000      -58.7671    -1686.1172
 3  22  28.691  44425.367  83.831  -0.007   10.203  -10.000      -58.7671    -1686.1172
 4  22  28.691  44425.367  83.831   0.030    9.030  -10.000      -58.7671    -1686.1172
 5  22  28.691  44425.367  83.831   0.068    7.943  -10.000      -58.7671    -1686.1172
 2  22  28.691  44429.414 134.609  -0.181   12.187  -10.000      -58.6261    -1682.0703
 3  22  28.691  44429.414 134.609  -0.107   10.142  -10.000      -58.6261    -1682.0703
 4  22  28.691  44429.414 134.609  -0.060    9.015  -10.000      -58.6261    -1682.0703
 5  22  28.691  44429.414 134.609  -0.035    7.948  -10.000      -58.6261    -1682.0703
 2  22  28.691  44434.375 196.854  -0.008   10.993  -10.000      -58.4532    -1677.1094
 3  22  28.691  44434.375 196.854  -0.015    9.323  -10.000      -58.4532    -1677.1094
 4  22  28.691  44434.375 196.854  -0.013    8.341  -10.000      -58.4532    -1677.1094
 5  22  28.691  44434.375 196.854  -0.065    7.371  -10.000      -58.4532    -1677.1094
 2  22  28.691  44459.340 150.095  -0.260   11.968  -10.000      -57.5831    -1652.1445
 3  22  28.691  44459.340 150.095  -0.160   10.014  -10.000      -57.5831    -1652.1445
 4  22  28.691  44459.340 150.095  -0.138    8.889  -10.000      -57.5831    -1652.1445
 5  22  28.691  44459.340 150.095  -0.110    7.850  -10.000      -57.5831    -1652.1445
 2  22  28.691  44466.344 237.975  -0.020   11.246  -10.000      -57.3390    -1645.1406
 3  22  28.691  44466.344 237.975  -0.003    9.457  -10.000      -57.3390    -1645.1406
 4  22  28.691  44466.344 237.975  -0.021    8.395  -10.000      -57.3390    -1645.1406
 5  22  28.691  44466.344 237.975  -0.036    7.407  -10.000      -57.3390    -1645.1406
 2  22  28.691  44468.309 262.628   0.002   11.460  -10.000      -57.2705    -1643.1758
 3  22  28.691  44468.309 262.628   0.015    9.573  -10.000      -57.2705    -1643.1758
 4  22  28.691  44468.309 262.628   0.008    8.483  -10.000      -57.2705    -1643.1758
 5  22  28.691  44468.309 262.628   0.003    7.469  -10.000      -57.2705    -1643.1758
 2  22  28.691  44491.285 190.922  -0.041   10.992  -10.000      -56.4697    -1620.1992
 3  22  28.691  44491.285 190.922  -0.040    9.325  -10.000      -56.4697    -1620.1992
 4  22  28.691  44491.285 190.922  -0.039    8.340  -10.000      -56.4697    -1620.1992
 5  22  28.691  44491.285 190.922  -0.094    7.365  -10.000      -56.4697    -1620.1992
 2  22  28.691  44492.340 204.155  -0.036   10.979  -10.000      -56.4329    -1619.1445
 3  22  28.691  44492.340 204.155  -0.025    9.314  -10.000      -56.4329    -1619.1445
 4  22  28.691  44492.340 204.155  -0.033    8.316  -10.000      -56.4329    -1619.1445
 5  22  28.691  44492.340 204.155  -0.083    7.344  -10.000      -56.4329    -1619.1445
 2  22  28.691  44493.309 216.310  -0.008   11.090  -10.000      -56.3991    -1618.1758
 3  22  28.691  44493.309 216.310  -0.010    9.370  -10.000      -56.3991    -1618.1758
 4  22  28.691  44493.309 216.310  -0.002    8.370  -10.000      -56.3991    -1618.1758
 5  22  28.691  44493.309 216.310  -0.053    7.380  -10.000      -56.3991    -1618.1758
 2  22  28.691  44494.312 228.906  -0.007   11.191  -10.000      -56.3642    -1617.1719
 3  22  28.691  44494.312 228.906  -0.003    9.424  -10.000      -56.3642    -1617.1719
 4  22  28.691  44494.312 228.906   0.001    8.399  -10.000      -56.3642    -1617.1719
 5  22  28.691  44494.312 228.906  -0.038    7.401  -10.000      -56.3642    -1617.1719
 2  22  28.691  44496.328 254.198   0.030   11.427  -10.000      -56.2939    -1615.1562
 3  22  28.691  44496.328 254.198   0.025    9.552  -10.000      -56.2939    -1615.1562
 4  22  28.691  44496.328 254.198   0.029    8.486  -10.000      -56.2939    -1615.1562
 5  22  28.691  44496.328 254.198  -0.007    7.452  -10.000      -56.2939    -1615.1562
 2  22  28.691  44497.328 266.744   0.039   11.527  -10.000      -56.2590    -1614.1562
 3  22  28.691  44497.328 266.744   0.034    9.607  -10.000      -56.2590    -1614.1562
 4  22  28.691  44497.328 266.744   0.046    8.529  -10.000      -56.2590    -1614.1562
 5  22  28.691  44497.328 266.744   0.018    7.487  -10.000      -56.2590    -1614.1562
 2  22  28.691  44498.344 279.488   0.051   11.635  -10.000      -56.2236    -1613.1406
 3  22  28.691  44498.344 279.488   0.043    9.665  -10.000      -56.2236    -1613.1406
 4  22  28.691  44498.344 279.488   0.071    8.585  -10.000      -56.2236    -1613.1406
 5  22  28.691  44498.344 279.488   0.063    7.545  -10.000      -56.2236    -1613.1406
 2  22  28.691  44499.316 291.691   0.037   11.710  -10.000      -56.1897    -1612.1680
 3  22  28.691  44499.316 291.691   0.035    9.706  -10.000      -56.1897    -1612.1680
 4  22  28.691  44499.316 291.691   0.049    8.594  -10.000      -56.1897    -1612.1680
 5  22  28.691  44499.316 291.691   0.046    7.544  -10.000      -56.1897    -1612.1680
 2  22  28.691  44501.309 316.688   0.036   11.878  -10.000      -56.1203    -1610.1758
 3  22  28.691  44501.309 316.688   0.053    9.821  -10.000      -56.1203    -1610.1758
 4  22  28.691  44501.309 316.688   0.081    8.694  -10.000      -56.1203    -1610.1758
 5  22  28.691  44501.309 316.688   0.066    7.604  -10.000      -56.1203    -1610.1758
 2  22  28.691  44676.613 356.284   0.022   12.121  -10.000      -50.0103    -1434.8711
 3  22  28.691  44676.613 356.284   0.047    9.986  -10.000      -50.0103    -1434.8711
 4  22  28.691  44676.613 356.284   0.107    8.855  -10.000      -50.0103    -1434.8711
 5  22  28.691  44676.613 356.284   0.097    7.737  -10.000      -50.0103    -1434.8711
 2  22  28.691  44679.602  33.779   0.022   12.313  -10.000      -49.9062    -1431.8828
 3  22  28.691  44679.602  33.779   0.050   10.133  -10.000      -49.9062    -1431.8828
 4  22  28.691  44679.602  33.779   0.119    8.991  -10.000      -49.9062    -1431.8828
 5  22  28.691  44679.602  33.779   0.113    7.859  -10.000      -49.9062    -1431.8828
 2  22  28.691  44703.523 333.932   0.035   11.994  -10.000      -49.0724    -1407.9609
 3  22  28.691  44703.523 333.932   0.049    9.893  -10.000      -49.0724    -1407.9609
 4  22  28.691  44703.523 333.932   0.098    8.769  -10.000      -49.0724    -1407.9609
 5  22  28.691  44703.523 333.932   0.063    7.643  -10.000      -49.0724    -1407.9609
 2  22  28.691  44704.645 347.999   0.019   12.061  -10.000      -49.0333    -1406.8398
 3  22  28.691  44704.645 347.999   0.048    9.947  -10.000      -49.0333    -1406.8398
 4  22  28.691  44704.645 347.999   0.109    8.824  -10.000      -49.0333    -1406.8398
 5  22  28.691  44704.645 347.999   0.083    7.697  -10.000      -49.0333    -1406.8398
 2  22  28.691  44712.598  87.789  -0.102   12.316  -10.000      -48.7561    -1398.8867
 3  22  28.691  44712.598  87.789  -0.019   10.197  -10.000      -48.7561    -1398.8867
 4  22  28.691  44712.598  87.789   0.052    9.060  -10.000      -48.7561    -1398.8867
 5  22  28.691  44712.598  87.789   0.044    7.928  -10.000      -48.7561    -1398.8867
 1  22  28.691  44793.488  22.746   0.250   14.545  -10.000      -45.9368    -1317.9961
 2  22  28.691  44793.488  22.746   0.048   12.289  -10.000      -45.9368    -1317.9961
 3  22  28.691  44793.488  22.746   0.060   10.103  -10.000      -45.9368    -1317.9961
 4  22  28.691  44793.488  22.746   0.061    8.897  -10.000      -45.9368    -1317.9961
 5  22  28.691  44793.488  22.746   0.086    7.800  -10.000      -45.9368    -1317.9961
 2  22  28.691  44795.445  47.302   0.015   12.369  -10.000      -45.8686    -1316.0391
 3  22  28.691  44795.445  47.302   0.044   10.179  -10.000      -45.8686    -1316.0391
 4  22  28.691  44795.445  47.302   0.043    8.962  -10.000      -45.8686    -1316.0391
 5  22  28.691  44795.445  47.302   0.081    7.869  -10.000      -45.8686    -1316.0391
 2  22  28.691  44799.449  97.539  -0.075   12.340  -10.000      -45.7291    -1312.0352
 3  22  28.691  44799.449  97.539  -0.030   10.199  -10.000      -45.7291    -1312.0352
 4  22  28.691  44799.449  97.539  -0.013    9.013  -10.000      -45.7291    -1312.0352
 5  22  28.691  44799.449  97.539   0.013    7.921  -10.000      -45.7291    -1312.0352
 2  22  28.691  44803.484 148.170  -0.229   12.028  -10.000      -45.5884    -1308.0000
 3  22  28.691  44803.484 148.170  -0.157   10.035  -10.000      -45.5884    -1308.0000
 4  22  28.691  44803.484 148.170  -0.136    8.904  -10.000      -45.5884    -1308.0000
 5  22  28.691  44803.484 148.170  -0.127    7.841  -10.000      -45.5884    -1308.0000
 2  22  28.691  44806.477 185.713  -0.034   11.083  -10.000      -45.4841    -1305.0078
 3  22  28.691  44806.477 185.713  -0.039    9.387  -10.000      -45.4841    -1305.0078
 4  22  28.691  44806.477 185.713  -0.060    8.370  -10.000      -45.4841    -1305.0078
 5  22  28.691  44806.477 185.713  -0.108    7.394  -10.000      -45.4841    -1305.0078
 2  22  28.691  44809.367 221.983   0.013   11.155  -10.000      -45.3834    -1302.1172
 3  22  28.691  44809.367 221.983   0.006    9.407  -10.000      -45.3834    -1302.1172
 4  22  28.691  44809.367 221.983  -0.017    8.367  -10.000      -45.3834    -1302.1172
 5  22  28.691  44809.367 221.983  -0.066    7.370  -10.000      -45.3834    -1302.1172
 2  22  28.691  44813.391 272.466   0.060   11.592  -10.000      -45.2431    -1298.0938
 3  22  28.691  44813.391 272.466   0.046    9.641  -10.000      -45.2431    -1298.0938
 4  22  28.691  44813.391 272.466   0.021    8.518  -10.000      -45.2431    -1298.0938
 5  22  28.691  44813.391 272.466   0.013    7.487  -10.000      -45.2431    -1298.0938
 2  22  28.691  44829.297 112.045  -0.133   12.269  -10.000      -44.6888    -1282.1875
 3  22  28.691  44829.297 112.045  -0.064   10.177  -10.000      -44.6888    -1282.1875
 4  22  28.691  44829.297 112.045  -0.065    8.984  -10.000      -44.6888    -1282.1875
 5  22  28.691  44829.297 112.045  -0.027    7.914  -10.000      -44.6888    -1282.1875
 2  22  28.691  44834.273 174.488  -0.174   11.289  -10.000      -44.5153    -1277.2109
 3  22  28.691  44834.273 174.488  -0.116    9.550  -10.000      -44.5153    -1277.2109
 4  22  28.691  44834.273 174.488  -0.120    8.506  -10.000      -44.5153    -1277.2109
 5  22  28.691  44834.273 174.488  -0.158    7.499  -10.000      -44.5153    -1277.2109
 2  22  28.691  44850.273  15.245   0.061   12.265  -10.000      -43.9577    -1261.2109
 3  22  28.691  44850.273  15.245   0.075   10.089  -10.000      -43.9577    -1261.2109
 4  22  28.691  44850.273  15.245   0.080    8.891  -10.000      -43.9577    -1261.2109
 2  22  28.691  44852.316  40.879   0.032   12.357  -10.000      -43.8864    -1259.1680
 3  22  28.691  44852.316  40.879   0.053   10.164  -10.000      -43.8864    -1259.1680
 2  22  28.691  44853.281  52.984   0.022   12.393  -10.000      -43.8528    -1258.2031
 3  22  28.691  44853.281  52.984   0.052   10.202  -10.000      -43.8528    -1258.2031
 2  22  28.691  44877.246 353.677   0.071   12.152  -10.000      -43.0176    -1234.2383
 3  22  28.691  44877.246 353.677   0.071    9.997  -10.000      -43.0176    -1234.2383
 2  22  28.691  44878.270   6.519   0.047   12.203  -10.000      -42.9819    -1233.2148
 3  22  28.691  44878.270   6.519   0.060   10.038  -10.000      -42.9819    -1233.2148
 2  22  28.691  44879.234  18.626   0.052   12.274  -10.000      -42.9483    -1232.2500
 3  22  28.691  44879.234  18.626   0.066   10.094  -10.000      -42.9483    -1232.2500
 2  22  28.691  44880.254  31.418   0.070   12.350  -10.000      -42.9127    -1231.2305
 3  22  28.691  44880.254  31.418   0.076   10.150  -10.000      -42.9127    -1231.2305
 1  22  28.691  44881.262  44.063   0.247   14.666  -10.000      -42.8776    -1230.2227
 2  22  28.691  44881.262  44.063   0.036   12.376  -10.000      -42.8776    -1230.2227
 3  22  28.691  44881.262  44.063   0.053   10.176  -10.000      -42.8776    -1230.2227
 1  22  28.691  44882.242  56.365   0.155   14.613  -10.000      -42.8434    -1229.2422
 2  22  28.691  44882.242  56.365   0.027   12.403  -10.000      -42.8434    -1229.2422
 3  22  28.691  44882.242  56.365   0.047   10.203  -10.000      -42.8434    -1229.2422
 2  22  28.691  44883.258  69.108   0.025   12.414  -10.000      -42.8080    -1228.2266
 3  22  28.691  44883.258  69.108   0.044   10.220  -10.000      -42.8080    -1228.2266
 2  22  28.691  44885.262  94.252  -0.067   12.350  -10.000      -42.7382    -1226.2227
 3  22  28.691  44885.262  94.252  -0.024   10.200  -10.000      -42.7382    -1226.2227
 2  22  28.691  44888.262 131.894  -0.137   12.240  -10.000      -42.6336    -1223.2227
 3  22  28.691  44888.262 131.894  -0.082   10.170  -10.000      -42.6336    -1223.2227
 1  22  28.691  45071.594 272.211   0.170   13.412  -10.000      -36.2439    -1039.8906
 2  22  28.691  45071.594 272.211   0.037   11.567  -10.000      -36.2439    -1039.8906
 3  22  28.691  45071.594 272.211   0.049    9.643  -10.000      -36.2439    -1039.8906
 1  22  28.691  45096.621 226.236   0.055   12.712  -10.000      -35.3716    -1014.8633
 2  22  28.691  45096.621 226.236  -0.029   11.147  -10.000      -35.3716    -1014.8633
 3  22  28.691  45096.621 226.236  -0.008    9.409  -10.000      -35.3716    -1014.8633
 4  22  28.691  45096.621 226.236   0.005    8.398  -10.000      -35.3716    -1014.8633
 5  22  28.691  45096.621 226.236  -0.036    7.402  -10.000      -35.3716    -1014.8633
 1  22  28.691  45100.527 275.249   0.164   13.443  -10.000      -35.2354    -1010.9570
 2  22  28.691  45100.527 275.249   0.010   11.563  -10.000      -35.2354    -1010.9570
 3  22  28.691  45100.527 275.249   0.028    9.634  -10.000      -35.2354    -1010.9570
 4  22  28.691  45100.527 275.249   0.059    8.563  -10.000      -35.2354    -1010.9570
 5  22  28.691  45100.527 275.249   0.017    7.494  -10.000      -35.2354    -1010.9570
 2  22  28.691  45102.621 301.518   0.027   11.772  -10.000      -35.1624    -1008.8633
 3  22  28.691  45102.621 301.518   0.042    9.754  -10.000      -35.1624    -1008.8633
 4  22  28.691  45102.621 301.518   0.079    8.652  -10.000      -35.1624    -1008.8633
 5  22  28.691  45102.621 301.518   0.045    7.558  -10.000      -35.1624    -1008.8633
 2  22  28.691  45155.418 243.976  -0.020   11.292  -10.000      -33.3223     -956.0664
 3  22  28.691  45155.418 243.976   0.020    9.502  -10.000      -33.3223     -956.0664
 4  22  28.691  45155.418 243.976   0.034    8.463  -10.000      -33.3223     -956.0664
 5  22  28.691  45155.418 243.976  -0.009    7.438  -10.000      -33.3223     -956.0664
 2  22  28.691  45156.398 256.278   0.003   11.416  -10.000      -33.2881     -955.0859
 3  22  28.691  45156.398 256.278   0.019    9.554  -10.000      -33.2881     -955.0859
 4  22  28.691  45156.398 256.278   0.043    8.504  -10.000      -33.2881     -955.0859
 5  22  28.691  45156.398 256.278  -0.011    7.450  -10.000      -33.2881     -955.0859
 1  22  28.691  45157.484 269.904   0.126   13.339  -10.000      -33.2503     -954.0000
 2  22  28.691  45157.484 269.904   0.041   11.554  -10.000      -33.2503     -954.0000
 3  22  28.691  45157.484 269.904   0.039    9.624  -10.000      -33.2503     -954.0000
 4  22  28.691  45157.484 269.904   0.054    8.545  -10.000      -33.2503     -954.0000
 5  22  28.691  45157.484 269.904   0.009    7.481  -10.000      -33.2503     -954.0000
 1  22  28.691  45158.441 281.912   0.164   13.521  -10.000      -33.2169     -953.0430
 2  22  28.691  45158.441 281.912   0.037   11.638  -10.000      -33.2169     -953.0430
 3  22  28.691  45158.441 281.912   0.038    9.669  -10.000      -33.2169     -953.0430
 4  22  28.691  45158.441 281.912   0.068    8.588  -10.000      -33.2169     -953.0430
 5  22  28.691  45158.441 281.912   0.028    7.512  -10.000      -33.2169     -953.0430
 1  22  28.691  45159.461 294.704   0.231   13.737  -10.000      -33.1814     -952.0234
 2  22  28.691  45159.461 294.704   0.111   11.807  -10.000      -33.1814     -952.0234
 3  22  28.691  45159.461 294.704   0.106    9.790  -10.000      -33.1814     -952.0234
 4  22  28.691  45159.461 294.704   0.131    8.685  -10.000      -33.1814     -952.0234
 5  22  28.691  45159.461 294.704   0.095    7.598  -10.000      -33.1814     -952.0234
 1  22  28.691  45161.414 319.211   0.161   13.920  -10.000      -33.1133     -950.0703
 2  22  28.691  45161.414 319.211   0.001   11.860  -10.000      -33.1133     -950.0703
 3  22  28.691  45161.414 319.211   0.021    9.800  -10.000      -33.1133     -950.0703
 4  22  28.691  45161.414 319.211   0.069    8.690  -10.000      -33.1133     -950.0703
 5  22  28.691  45161.414 319.211   0.067    7.610  -10.000      -33.1133     -950.0703
 2  22  28.691  45162.441 332.100   0.053   12.000  -10.000      -33.0775     -949.0430
 3  22  28.691  45162.441 332.100   0.055    9.890  -10.000      -33.0775     -949.0430
 4  22  28.691  45162.441 332.100   0.085    8.750  -10.000      -33.0775     -949.0430
 5  22  28.691  45162.441 332.100   0.075    7.650  -10.000      -33.0775     -949.0430
 1  22  28.691  45175.383 134.480  -0.207   14.112  -10.000      -32.6264     -936.1016
 2  22  28.691  45175.383 134.480  -0.156   12.212  -10.000      -32.6264     -936.1016
 3  22  28.691  45175.383 134.480  -0.097   10.152  -10.000      -32.6264     -936.1016
 4  22  28.691  45175.383 134.480  -0.047    9.028  -10.000      -32.6264     -936.1016
 5  22  28.691  45175.383 134.480  -0.034    7.949  -10.000      -32.6264     -936.1016
 1  22  28.691  45177.418 160.016  -0.352   13.395  -10.000      -32.5555     -934.0664
 2  22  28.691  45177.418 160.016  -0.227   11.764  -10.000      -32.5555     -934.0664
 3  22  28.691  45177.418 160.016  -0.142    9.879  -10.000      -32.5555     -934.0664
 4  22  28.691  45177.418 160.016  -0.095    8.814  -10.000      -32.5555     -934.0664
 5  22  28.691  45177.418 160.016  -0.118    7.756  -10.000      -32.5555     -934.0664
 1  22  28.691  45235.270 165.895  -0.331   13.122  -10.000      -30.5392     -876.2148
 2  22  28.691  45235.270 165.895  -0.194   11.591  -10.000      -30.5392     -876.2148
 3  22  28.691  45235.270 165.895  -0.133    9.749  -10.000      -30.5392     -876.2148
 4  22  28.691  45235.270 165.895  -0.108    8.690  -10.000      -30.5392     -876.2148
 5  22  28.691  45235.270 165.895  -0.137    7.652  -10.000      -30.5392     -876.2148
 1  22  28.691  45236.262 178.344  -0.237   12.562  -10.000      -30.5046     -875.2227
 2  22  28.691  45236.262 178.344  -0.144   11.183  -10.000      -30.5046     -875.2227
 3  22  28.691  45236.262 178.344  -0.104    9.469  -10.000      -30.5046     -875.2227
 4  22  28.691  45236.262 178.344  -0.092    8.460  -10.000      -30.5046     -875.2227
 5  22  28.691  45236.262 178.344  -0.132    7.467  -10.000      -30.5046     -875.2227
 1  22  28.691  45237.254 190.793  -0.037   12.358  -10.000      -30.4700     -874.2305
 2  22  28.691  45237.254 190.793  -0.018   11.016  -10.000      -30.4700     -874.2305
 3  22  28.691  45237.254 190.793  -0.024    9.342  -10.000      -30.4700     -874.2305
 4  22  28.691  45237.254 190.793  -0.031    8.349  -10.000      -30.4700     -874.2305
 5  22  28.691  45237.254 190.793  -0.090    7.370  -10.000      -30.4700     -874.2305
 1  22  28.691  45238.242 203.194   0.000   12.378  -10.000      -30.4356     -873.2422
 2  22  28.691  45238.242 203.194  -0.015   10.996  -10.000      -30.4356     -873.2422
 3  22  28.691  45238.242 203.194  -0.023    9.314  -10.000      -30.4356     -873.2422
 4  22  28.691  45238.242 203.194  -0.026    8.323  -10.000      -30.4356     -873.2422
 5  22  28.691  45238.242 203.194  -0.088    7.339  -10.000      -30.4356     -873.2422
 1  22  28.691  45239.250 215.839   0.000   12.518  -10.000      -30.4004     -872.2344
 2  22  28.691  45239.250 215.839  -0.007   11.087  -10.000      -30.4004     -872.2344
 3  22  28.691  45239.250 215.839  -0.017    9.361  -10.000      -30.4004     -872.2344
 4  22  28.691  45239.250 215.839  -0.013    8.358  -10.000      -30.4004     -872.2344
 5  22  28.691  45239.250 215.839  -0.066    7.367  -10.000      -30.4004     -872.2344
 1  22  28.691  45240.266 228.582   0.009   12.697  -10.000      -30.3650     -871.2188
 2  22  28.691  45240.266 228.582  -0.002   11.193  -10.000      -30.3650     -871.2188
 3  22  28.691  45240.266 228.582  -0.010    9.416  -10.000      -30.3650     -871.2188
 4  22  28.691  45240.266 228.582  -0.007    8.391  -10.000      -30.3650     -871.2188
 5  22  28.691  45240.266 228.582  -0.067    7.372  -10.000      -30.3650     -871.2188
 0  22  28.691  44331.652 347.966   3.840  -22.000  -10.000      -62.0334    -1779.8320
 0  22  28.691  44446.391 347.617   4.810  -21.200  -10.000      -58.0344    -1665.0938
 0  22  28.691  44447.375 359.968   4.098  -22.300  -10.000      -58.0001    -1664.1094
 0  22  28.691  44449.410  25.505   0.823  -16.300  -10.000      -57.9292    -1662.0742
 0  22  28.691  44691.660 185.081 -10.838  -39.000  -10.000      -49.4859    -1419.8242
 0  22  28.691  44692.672 197.775  -6.222  -43.800  -10.000      -49.4506    -1418.8125
 0  22  28.691  44693.672 210.322   0.357  -42.900  -10.000      -49.4158    -1417.8125
 0  22  28.691  44694.664 222.771   5.290  -44.400  -10.000      -49.3812    -1416.8203
 0  22  28.691  44703.676 335.844   6.843  -19.500  -10.000      -49.0671    -1407.8086
 0  22  28.691  44704.668 348.293  -2.916  -28.600  -10.000      -49.0325    -1406.8164
 0  22  28.691  44705.672   0.890  -7.376  -33.700  -10.000      -48.9975    -1405.8125
 0  22  28.691  44706.668  13.388   7.916   -9.700  -10.000      -48.9628    -1404.8164
 0  22  28.691  44707.676  26.033   0.531  -16.400  -10.000      -48.9277    -1403.8086
 0  22  28.691  44712.664  88.623   1.722   -2.900  -10.000      -48.7538    -1398.8203
 0  22  28.691  44714.672 113.816  -4.287   -7.800  -10.000      -48.6838    -1396.8125
 0  22  28.691  44715.664 126.264  -4.981   -9.100  -10.000      -48.6493    -1395.8203
 0  22  28.691  44775.551 157.679   0.136   -8.200  -10.000      -46.5620    -1335.9336
 0  22  28.691  44778.555 195.370  -6.331  -41.100  -10.000      -46.4573    -1332.9297
 0  22  28.691  45090.668 151.540  -4.014   -8.400  -10.000      -35.5791    -1020.8164
 0  22  28.691  45091.680 164.235  -5.468  -16.400  -10.000      -35.5438    -1019.8047
 0  22  28.691  45093.637 188.789 -12.341  -42.600  -10.000      -35.4756    -1017.8477
11  17  28.691  45190.609 325.532   0.050    5.840  -10.000      -32.0957     -920.8750
12  17  28.691  45190.609 325.532   0.009    5.090  -10.000      -32.0957     -920.8750
13  17  28.691  45190.609 325.532  -0.011    4.810  -10.000      -32.0957     -920.8750
11  17  28.691  45226.477  55.567  -0.016    5.960  -10.000      -30.8456     -885.0078
12  17  28.691  45226.477  55.567  -0.007    5.230  -10.000      -30.8456     -885.0078
13  17  28.691  45226.477  55.567  -0.018    4.950  -10.000      -30.8456     -885.0078
 3 150  28.691  50892.488 228.554  -0.046    9.380  -10.000      166.6349     4781.0039
 5 150  28.691  50892.488 228.554  -0.077    7.362  -10.000      166.6349     4781.0039
 3 150  28.691  50892.602 229.971  -0.055    9.376  -10.000      166.6388     4781.1172
 5 150  28.691  50892.602 229.971  -0.085    7.355  -10.000      166.6388     4781.1172
 3 150  28.691  50893.500 241.243  -0.039    9.432  -10.000      166.6701     4782.0156
 5 150  28.691  50893.500 241.243  -0.068    7.377  -10.000      166.6701     4782.0156
 3 150  28.691  50893.598 242.474  -0.031    9.445  -10.000      166.6735     4782.1133
 5 150  28.691  50893.598 242.474  -0.064    7.382  -10.000      166.6735     4782.1133
 3 150  28.691  50901.574 342.554   0.005    9.882  -10.000      166.9515     4790.0898
 5 150  28.691  50901.574 342.554   0.038    7.639  -10.000      166.9515     4790.0898
 3 150  28.691  50901.641 343.389   0.009    9.889  -10.000      166.9539     4790.1562
 5 150  28.691  50901.641 343.389   0.040    7.643  -10.000      166.9539     4790.1562
 3 150  28.691  50902.637 355.886   0.001    9.938  -10.000      166.9886     4791.1523
 5 150  28.691  50902.637 355.886   0.049    7.688  -10.000      166.9886     4791.1523
 3 150  28.691  50903.578   7.701   0.019   10.001  -10.000      167.0214     4792.0938
 5 150  28.691  50903.578   7.701   0.057    7.725  -10.000      167.0214     4792.0938
 3 150  28.691  50904.441  18.528   0.013   10.041  -10.000      167.0515     4792.9570
 5 150  28.691  50904.441  18.528   0.054    7.756  -10.000      167.0515     4792.9570
 3 150  28.691  50904.523  19.561   0.020   10.052  -10.000      167.0543     4793.0391
 5 150  28.691  50904.523  19.561   0.058    7.763  -10.000      167.0543     4793.0391
 3 150  28.691  50905.633  33.481  -0.006   10.076  -10.000      167.0930     4794.1484
 5 150  28.691  50905.633  33.481   0.047    7.792  -10.000      167.0930     4794.1484
 3 150  28.691  50907.621  58.425   0.047   10.206  -10.000      167.1623     4796.1367
 5 150  28.691  50907.621  58.425   0.095    7.908  -10.000      167.1623     4796.1367
 3 150  28.691  50908.457  68.917   0.033   10.209  -10.000      167.1914     4796.9727
 5 150  28.691  50908.457  68.917   0.058    7.893  -10.000      167.1914     4796.9727
 3 150  28.691  50908.539  69.944   0.025   10.203  -10.000      167.1943     4797.0547
 5 150  28.691  50908.539  69.944   0.051    7.889  -10.000      167.1943     4797.0547
 3 150  28.691  50909.602  83.276  -0.016   10.193  -10.000      167.2313     4798.1172
 5 150  28.691  50909.602  83.276   0.018    7.891  -10.000      167.2313     4798.1172
 3 150  28.691  50909.637  83.716   0.013   10.223  -10.000      167.2325     4798.1523
 5 150  28.691  50909.637  83.716   0.049    7.923  -10.000      167.2325     4798.1523
 3 150  28.691  50910.414  93.472  -0.007   10.216  -10.000      167.2596     4798.9297
 5 150  28.691  50910.414  93.472   0.040    7.938  -10.000      167.2596     4798.9297
 3 150  28.691  50910.512  94.697   0.008   10.233  -10.000      167.2630     4799.0273
 5 150  28.691  50910.512  94.697   0.070    7.971  -10.000      167.2630     4799.0273
 3 150  28.691  50910.598  95.773  -0.003   10.223  -10.000      167.2660     4799.1133
 5 150  28.691  50910.598  95.773   0.038    7.942  -10.000      167.2660     4799.1133
 3 150  28.691  50910.641  96.312   0.000   10.227  -10.000      167.2675     4799.1562
 5 150  28.691  50910.641  96.312   0.044    7.949  -10.000      167.2675     4799.1562
 3 150  28.691  50912.434 118.812  -0.084   10.164  -10.000      167.3300     4800.9492
 5 150  28.691  50912.434 118.812  -0.041    7.916  -10.000      167.3300     4800.9492
 3 150  28.691  50912.516 119.839  -0.049   10.201  -10.000      167.3329     4801.0312
 5 150  28.691  50912.516 119.839  -0.008    7.951  -10.000      167.3329     4801.0312
 3 150  28.691  50912.602 120.921  -0.047   10.204  -10.000      167.3359     4801.1172
 5 150  28.691  50912.602 120.921  -0.031    7.931  -10.000      167.3359     4801.1172
 3 150  28.691  50912.637 121.360  -0.054   10.197  -10.000      167.3371     4801.1523
 5 150  28.691  50912.637 121.360  -0.031    7.932  -10.000      167.3371     4801.1523
 3 150  28.691  50913.422 131.210  -0.086   10.166  -10.000      167.3645     4801.9375
 5 150  28.691  50913.422 131.210  -0.056    7.923  -10.000      167.3645     4801.9375
 3 150  28.691  50913.500 132.193  -0.086   10.165  -10.000      167.3672     4802.0156
 5 150  28.691  50913.500 132.193  -0.060    7.921  -10.000      167.3672     4802.0156
 3 150  28.691  50914.418 143.707  -0.066   10.156  -10.000      167.3992     4802.9336
 5 150  28.691  50914.418 143.707  -0.051    7.930  -10.000      167.3992     4802.9336
 3 150  28.691  50914.504 144.789  -0.056   10.160  -10.000      167.4022     4803.0195
 5 150  28.691  50914.504 144.789  -0.049    7.930  -10.000      167.4022     4803.0195
 3 150  28.691  50914.574 145.668  -0.041   10.169  -10.000      167.4046     4803.0898
 5 150  28.691  50914.574 145.668  -0.047    7.929  -10.000      167.4046     4803.0898
 3 150  28.691  50915.441 156.550  -0.016   10.072  -10.000      167.4349     4803.9570
 5 150  28.691  50915.441 156.550  -0.025    7.888  -10.000      167.4349     4803.9570
 3 150  28.691  50916.418 168.805   0.104    9.913  -10.000      167.4689     4804.9336
 5 150  28.691  50916.418 168.805   0.046    7.790  -10.000      167.4689     4804.9336
 3 150  28.691  50916.496 169.783   0.115    9.899  -10.000      167.4716     4805.0117
 5 150  28.691  50916.496 169.783   0.015    7.744  -10.000      167.4716     4805.0117
 3 150  28.691  50916.578 170.815   0.124    9.882  -10.000      167.4745     4805.0938
 5 150  28.691  50916.578 170.815   0.019    7.732  -10.000      167.4745     4805.0938
 3 150  28.691  50916.633 171.502   0.118    9.858  -10.000      167.4764     4805.1484
 5 150  28.691  50916.633 171.502   0.024    7.726  -10.000      167.4764     4805.1484
 3 150  28.691  50917.434 181.549   0.154    9.657  -10.000      167.5043     4805.9492
 5 150  28.691  50917.434 181.549   0.020    7.573  -10.000      167.5043     4805.9492
18 163  28.691  47919.719   8.407   0.004   10.049  -10.000       63.0234     1808.2344
18 163  28.691  47919.730   8.554  -0.025   10.021  -10.000       63.0238     1808.2461
18 163  28.691  47919.805   9.485   0.005   10.054  -10.000       63.0263     1808.3203
18 163  28.691  47965.125 218.131  -0.032    9.426  -10.000       64.6059     1853.6406
18 163  28.691  47965.141 218.329  -0.043    9.417  -10.000       64.6065     1853.6562
18 163  28.691  48134.234 179.992  -0.014    9.594  -10.000       70.5000     2022.7500
18 163  28.691  48134.250 180.190   0.007    9.611  -10.000       70.5005     2022.7656
18 163  28.691  48134.336 181.266  -0.020    9.561  -10.000       70.5035     2022.8516
18 163  28.691  48134.410 182.197  -0.015    9.547  -10.000       70.5061     2022.9258
18 163  28.691  48165.328 210.133  -0.025    9.404  -10.000       71.5837     2053.8438
18 163  28.691  48165.344 210.331  -0.073    9.357  -10.000       71.5843     2053.8594
18 163  28.691  48181.234  49.713   0.023   10.224  -10.000       72.1381     2069.7500
18 163  28.691  48181.250  49.911  -0.052   10.149  -10.000       72.1386     2069.7656
18 163  28.691  48181.324  50.842  -0.041   10.162  -10.000       72.1412     2069.8398
18 163  28.691  48181.336  50.988   0.010   10.214  -10.000       72.1416     2069.8516
18 163  28.691  48311.273 241.350  -0.008    9.533  -10.000       76.6704     2199.7891
18 163  28.691  48311.289 241.545  -0.036    9.506  -10.000       76.6710     2199.8047
18 163  28.691  48311.379 242.672   0.027    9.573  -10.000       76.6741     2199.8945
18 163  28.691  48311.453 243.605  -0.054    9.497  -10.000       76.6767     2199.9688
18 163  28.691  48338.039 217.186  -0.065    9.390  -10.000       77.6033     2226.5547
18 163  28.691  48338.109 218.068  -0.046    9.413  -10.000       77.6057     2226.6250
18 163  28.691  48338.125 218.263  -0.053    9.406  -10.000       77.6063     2226.6406
18 163  28.691  48358.820 117.933  -0.065   10.243  -10.000       78.3276     2247.3359
18 163  28.691  48358.836 118.128  -0.099   10.209  -10.000       78.3281     2247.3516
18 163  28.691  48358.906 119.012  -0.105   10.204  -10.000       78.3306     2247.4219
18 163  28.691  48528.730  89.841  -0.032   10.247  -10.000       84.2496     2417.2461
18 163  28.691  48528.746  90.038   0.020   10.298  -10.000       84.2501     2417.2617
18 163  28.691  48528.820  90.970  -0.052   10.228  -10.000       84.2527     2417.3359
18 163  28.691  48658.531 278.487  -0.021    9.663  -10.000       88.7736     2547.0469
18 163  28.691  48658.547 278.685  -0.048    9.637  -10.000       88.7741     2547.0625
18 163  28.691  48658.711 280.742  -0.016    9.677  -10.000       88.7798     2547.2266
18 163  28.691  48677.375 154.924  -0.077   10.101  -10.000       89.4303     2565.8906
18 163  28.691  48677.391 155.121  -0.089   10.086  -10.000       89.4309     2565.9062
18 163  28.691  48827.773 242.015  -0.020    9.524  -10.000       94.6723     2716.2891
18 163  28.691  48827.789 242.210  -0.038    9.506  -10.000       94.6728     2716.3047
18 163  28.691  48827.859 243.094  -0.041    9.507  -10.000       94.6753     2716.3750
18 163  28.691  48827.875 243.289  -0.052    9.497  -10.000       94.6758     2716.3906
18 163  28.691  48827.949 244.221  -0.046    9.507  -10.000       94.6784     2716.4648
 6  36  28.691  45473.625 276.606  -0.026    5.871  -10.000      -22.2317     -637.8594
 7  36  28.691  45473.625 276.606  -0.013    5.085  -10.000      -22.2317     -637.8594
 8  36  28.691  45473.625 276.606  -0.011    4.814  -10.000      -22.2317     -637.8594
 6  36  28.691  45486.555  78.838   0.043    6.209  -10.000      -21.7810     -624.9297
 7  36  28.691  45486.555  78.838   0.030    5.315  -10.000      -21.7810     -624.9297
 8  36  28.691  45486.555  78.838   0.041    5.032  -10.000      -21.7810     -624.9297
 7  36  28.691  45489.539 116.283  -0.035    5.380  -10.000      -21.6770     -621.9453
 8  36  28.691  45489.539 116.283  -0.015    5.111  -10.000      -21.6770     -621.9453
 6  36  28.691  45517.445 106.431  -0.025    6.227  -10.000      -20.7044     -594.0391
 7  36  28.691  45517.445 106.431  -0.013    5.369  -10.000      -20.7044     -594.0391
 8  36  28.691  45517.445 106.431  -0.031    5.061  -10.000      -20.7044     -594.0391
 6  36  28.691  45518.438 118.880  -0.063    6.225  -10.000      -20.6698     -593.0469
 7  36  28.691  45518.438 118.880  -0.041    5.384  -10.000      -20.6698     -593.0469
 8  36  28.691  45518.438 118.880  -0.034    5.102  -10.000      -20.6698     -593.0469
 6  36  28.691  45533.461 307.383   0.005    5.901  -10.000      -20.1462     -578.0234
 7  36  28.691  45533.461 307.383   0.023    5.089  -10.000      -20.1462     -578.0234
 8  36  28.691  45533.461 307.383   0.029    4.814  -10.000      -20.1462     -578.0234
 6  36  28.691  45796.676  10.011   0.007    5.998  -10.000      -10.9722     -314.8086
 7  36  28.691  45796.676  10.011   0.014    5.132  -10.000      -10.9722     -314.8086
 8  36  28.691  45796.676  10.011   0.027    4.854  -10.000      -10.9722     -314.8086
 6  36  28.691  45807.531 146.218  -0.063    6.276  -10.000      -10.5938     -303.9531
 7  36  28.691  45807.531 146.218  -0.049    5.451  -10.000      -10.5938     -303.9531
 8  36  28.691  45807.531 146.218  -0.041    5.176  -10.000      -10.5938     -303.9531
 6  36  28.691  45839.547 187.927  -0.088    5.933  -10.000       -9.4780     -271.9375
 7  36  28.691  45839.547 187.927  -0.049    5.260  -10.000       -9.4780     -271.9375
 8  36  28.691  45839.547 187.927  -0.046    5.011  -10.000       -9.4780     -271.9375
 6  36  28.691  45841.500 212.433  -0.077    5.882  -10.000       -9.4099     -269.9844
 7  36  28.691  45841.500 212.433  -0.053    5.187  -10.000       -9.4099     -269.9844
 8  36  28.691  45841.500 212.433  -0.052    4.934  -10.000       -9.4099     -269.9844
 6  36  28.691  45905.406 294.282  -0.014    5.881  -10.000       -7.1826     -206.0781
 7  36  28.691  45905.406 294.282  -0.002    5.075  -10.000       -7.1826     -206.0781
 8  36  28.691  45905.406 294.282   0.002    4.801  -10.000       -7.1826     -206.0781
 6  36  28.691  45929.410 235.466  -0.065    5.865  -10.000       -6.3459     -182.0742
 7  36  28.691  45929.410 235.466  -0.044    5.137  -10.000       -6.3459     -182.0742
 8  36  28.691  45929.410 235.466  -0.056    4.864  -10.000       -6.3459     -182.0742
 6  36  28.691  45931.316 259.384  -0.042    5.869  -10.000       -6.2795     -180.1680
 7  36  28.691  45931.316 259.384  -0.025    5.107  -10.000       -6.2795     -180.1680
 8  36  28.691  45931.316 259.384  -0.003    4.860  -10.000       -6.2795     -180.1680
 6  36  28.691  45953.254 174.639  -0.091    6.052  -10.000       -5.5149     -158.2305
 7  36  28.691  45953.254 174.639  -0.051    5.343  -10.000       -5.5149     -158.2305
 8  36  28.691  45953.254 174.639  -0.046    5.087  -10.000       -5.5149     -158.2305
 6  36  28.691  46200.598  38.128   0.039    6.103  -10.000        3.1059       89.1133
 7  36  28.691  46200.598  38.128   0.035    5.216  -10.000        3.1059       89.1133
 8  36  28.691  46200.598  38.128   0.067    4.954  -10.000        3.1059       89.1133
 6  36  28.691  46224.367 336.371   0.022    5.953  -10.000        3.9344      112.8828
 7  36  28.691  46224.367 336.371   0.034    5.112  -10.000        3.9344      112.8828
 8  36  28.691  46224.367 336.371   0.041    4.832  -10.000        3.9344      112.8828
 6  36  28.691  46259.516  57.388   0.031    6.143  -10.000        5.1594      148.0312
 7  36  28.691  46259.516  57.388   0.037    5.263  -10.000        5.1594      148.0312
 8  36  28.691  46259.516  57.388   0.058    4.990  -10.000        5.1594      148.0312
 6  36  28.691  46260.375  68.171   0.044    6.181  -10.000        5.1894      148.8906
 7  36  28.691  46260.375  68.171   0.031    5.285  -10.000        5.1894      148.8906
 8  36  28.691  46260.375  68.171   0.038    4.998  -10.000        5.1894      148.8906
 6  36  28.691  46573.562  37.820   0.045    6.108  -10.000       16.1051      462.0781
 7  36  28.691  46573.562  37.820   0.038    5.218  -10.000       16.1051      462.0781
 8  36  28.691  46573.562  37.820   0.053    4.940  -10.000       16.1051      462.0781
 6  36  28.691  46597.609 339.542   0.015    5.951  -10.000       16.9432      486.1250
 7  36  28.691  46597.609 339.542   0.015    5.096  -10.000       16.9432      486.1250
 8  36  28.691  46597.609 339.542   0.039    4.833  -10.000       16.9432      486.1250
 6  36  28.691  46600.586  16.890   0.026    6.036  -10.000       17.0469      489.1016
 7  36  28.691  46600.586  16.890   0.020    5.153  -10.000       17.0469      489.1016
 8  36  28.691  46600.586  16.890   0.044    4.885  -10.000       17.0469      489.1016
 6  36  28.691  46601.555  29.045   0.031    6.070  -10.000       17.0807      490.0703
 7  36  28.691  46601.555  29.045   0.022    5.181  -10.000       17.0807      490.0703
 8  36  28.691  46601.555  29.045   0.039    4.905  -10.000       17.0807      490.0703
 6  36  28.691  46610.480 141.039  -0.065    6.273  -10.000       17.3918      498.9961
 7  36  28.691  46610.480 141.039  -0.047    5.445  -10.000       17.3918      498.9961
 8  36  28.691  46610.480 141.039  -0.032    5.175  -10.000       17.3918      498.9961
 6  36  28.691  46611.363 152.116  -0.084    6.244  -10.000       17.4225      499.8789
 7  36  28.691  46611.363 152.116  -0.054    5.447  -10.000       17.4225      499.8789
 8  36  28.691  46611.363 152.116  -0.042    5.179  -10.000       17.4225      499.8789
 6  36  28.691  46612.488 166.232  -0.074    6.152  -10.000       17.4618      501.0039
 7  36  28.691  46612.488 166.232  -0.043    5.401  -10.000       17.4618      501.0039
 8  36  28.691  46612.488 166.232  -0.032    5.143  -10.000       17.4618      501.0039
 6  36  28.691  46653.367 319.151   0.020    5.925  -10.000       18.8865      541.8828
 7  36  28.691  46653.367 319.151   0.017    5.082  -10.000       18.8865      541.8828
 8  36  28.691  46653.367 319.151   0.038    4.820  -10.000       18.8865      541.8828
 6  36  28.691  46885.578 352.764   0.044    6.003  -10.000       26.9799      774.0938
 7  36  28.691  46885.578 352.764   0.041    5.136  -10.000       26.9799      774.0938
 8  36  28.691  46885.578 352.764   0.050    4.856  -10.000       26.9799      774.0938
 6  36  28.691  47076.258 225.273  -0.061    5.883  -10.000       33.6258      964.7734
 7  36  28.691  47076.258 225.273  -0.050    5.157  -10.000       33.6258      964.7734
 8  36  28.691  47076.258 225.273  -0.048    4.902  -10.000       33.6258      964.7734
 3   9  28.691  43694.570 274.323   0.027    9.630  -10.000      -84.2380    -2416.9141
14   9  28.691  43694.570 274.323   0.076   12.480  -10.000      -84.2380    -2416.9141
15   9  28.691  43694.570 274.323   0.047   10.190  -10.000      -84.2380    -2416.9141
16   9  28.691  43694.570 274.323   0.035    8.580  -10.000      -84.2380    -2416.9141
17   9  28.691  43694.570 274.323   0.027    7.460  -10.000      -84.2380    -2416.9141
 3   9  28.691  43698.500 323.633   0.022    9.820  -10.000      -84.1010    -2412.9844
14   9  28.691  43698.500 323.633   0.078   12.920  -10.000      -84.1010    -2412.9844
15   9  28.691  43698.500 323.633   0.048   10.420  -10.000      -84.1010    -2412.9844
16   9  28.691  43698.500 323.633   0.057    8.730  -10.000      -84.1010    -2412.9844
17   9  28.691  43698.500 323.633   0.073    7.580  -10.000      -84.1010    -2412.9844
 3   9  28.691  43699.488 336.031   0.067    9.920  -10.000      -84.0666    -2411.9961
14   9  28.691  43699.488 336.031   0.096   13.040  -10.000      -84.0666    -2411.9961
15   9  28.691  43699.488 336.031   0.096   10.530  -10.000      -84.0666    -2411.9961
16   9  28.691  43699.488 336.031   0.104    8.820  -10.000      -84.0666    -2411.9961
17   9  28.691  43699.488 336.031   0.131    7.670  -10.000      -84.0666    -2411.9961
 3   9  28.691  43700.488 348.580   0.038    9.940  -10.000      -84.0317    -2410.9961
14   9  28.691  43700.488 348.580   0.078   13.110  -10.000      -84.0317    -2410.9961
15   9  28.691  43700.488 348.580   0.052   10.540  -10.000      -84.0317    -2410.9961
16   9  28.691  43700.488 348.580   0.076    8.830  -10.000      -84.0317    -2410.9961
17   9  28.691  43700.488 348.580   0.101    7.670  -10.000      -84.0317    -2410.9961
 3   9  28.691  43701.520   1.519   0.010    9.970  -10.000      -83.9958    -2409.9648
14   9  28.691  43701.520   1.519   0.067   13.200  -10.000      -83.9958    -2409.9648
15   9  28.691  43701.520   1.519   0.027   10.580  -10.000      -83.9958    -2409.9648
16   9  28.691  43701.520   1.519   0.040    8.840  -10.000      -83.9958    -2409.9648
17   9  28.691  43701.520   1.519   0.064    7.670  -10.000      -83.9958    -2409.9648
 3   9  28.691  44017.621   7.729   0.038   10.020  -10.000      -72.9785    -2093.8633
14   9  28.691  44017.621   7.729   0.088   13.260  -10.000      -72.9785    -2093.8633
15   9  28.691  44017.621   7.729   0.053   10.630  -10.000      -72.9785    -2093.8633
16   9  28.691  44017.621   7.729   0.081    8.900  -10.000      -72.9785    -2093.8633
17   9  28.691  44017.621   7.729   0.090    7.710  -10.000      -72.9785    -2093.8633
 3   9  28.691  44020.609  45.225   0.002   10.130  -10.000      -72.8744    -2090.8750
14   9  28.691  44020.609  45.225   0.080   13.460  -10.000      -72.8744    -2090.8750
15   9  28.691  44020.609  45.225   0.029   10.760  -10.000      -72.8744    -2090.8750
16   9  28.691  44020.609  45.225   0.053    9.000  -10.000      -72.8744    -2090.8750
17   9  28.691  44020.609  45.225   0.086    7.820  -10.000      -72.8744    -2090.8750
 3   9  28.691  44166.520  75.998  -0.012   10.180  -10.000      -67.7889    -1944.9648
14   9  28.691  44166.520  75.998  -0.001   13.430  -10.000      -67.7889    -1944.9648
15   9  28.691  44166.520  75.998   0.016   10.810  -10.000      -67.7889    -1944.9648
16   9  28.691  44166.520  75.998   0.036    9.050  -10.000      -67.7889    -1944.9648
17   9  28.691  44166.520  75.998   0.055    7.860  -10.000      -67.7889    -1944.9648
 3   9  28.691  44027.590 132.811  -0.111   10.140  -10.000      -72.6311    -2083.8945
14   9  28.691  44027.590 132.811  -0.208   13.140  -10.000      -72.6311    -2083.8945
15   9  28.691  44027.590 132.811  -0.103   10.730  -10.000      -72.6311    -2083.8945
16   9  28.691  44027.590 132.811  -0.063    9.050  -10.000      -72.6311    -2083.8945
17   9  28.691  44027.590 132.811  -0.045    7.890  -10.000      -72.6311    -2083.8945
 3   9  28.691  44145.551 172.897  -0.095    9.610  -10.000      -68.5197    -1965.9336
14   9  28.691  44145.551 172.897  -0.156   12.140  -10.000      -68.5197    -1965.9336
15   9  28.691  44145.551 172.897  -0.076   10.140  -10.000      -68.5197    -1965.9336
16   9  28.691  44145.551 172.897  -0.095    8.610  -10.000      -68.5197    -1965.9336
17   9  28.691  44145.551 172.897  -0.119    7.520  -10.000      -68.5197    -1965.9336
 0 174  28.691  54302.680 177.144   7.952   -7.570  -10.000      285.4921     8191.1953
 0 174  28.691  54303.672 189.591  19.818  -10.770  -10.000      285.5266     8192.1875
 0 174  28.691  54304.527 200.336  13.529  -26.890  -10.000      285.5565     8193.0430
 0 174  28.691  54307.629 239.249   2.852  -45.120  -10.000      285.6646     8196.1445
 0 174  28.691  54308.672 252.334  -0.319  -45.510  -10.000      285.7009     8197.1875
 0 174  28.691  54309.723 265.518  -6.322  -53.380  -10.000      285.7375     8198.2383
 0 174  28.691  54310.570 276.152  -4.701  -49.500  -10.000      285.7671     8199.0859
 0 174  28.691  54311.711 290.468  -7.247  -48.460  -10.000      285.8069     8200.2266
 0 174  28.691  54312.605 301.685 -10.667  -50.970  -10.000      285.8380     8201.1211
 0 174  28.691  54332.496 191.261  19.315  -12.060  -10.000      286.5313     8221.0117
 0 174  28.691  54336.488 241.348   0.474  -47.390  -10.000      286.6704     8225.0039
 0 174  28.691  54339.523 279.437   1.065  -42.660  -10.000      286.7762     8228.0391
 0 174  28.691  54341.535 304.673  -7.345  -46.580  -10.000      286.8463     8230.0508
