 2  79  33.248  48503.328 199.317   0.035   13.016  -10.000      113.5537     3775.4492
 3  79  33.248  48503.328 199.317  -0.006   10.984  -10.000      113.5537     3775.4492
 4  79  33.248  48503.328 199.317  -0.018    9.620  -10.000      113.5537     3775.4492
 2  79  33.248  48504.262 209.427   0.009   13.020  -10.000      113.5817     3776.3828
 3  79  33.248  48504.262 209.427   0.008   11.003  -10.000      113.5817     3776.3828
 4  79  33.248  48504.262 209.427  -0.018    9.615  -10.000      113.5817     3776.3828
 2  79  33.248  48505.285 220.507   0.019   13.101  -10.000      113.6125     3777.4062
 3  79  33.248  48505.285 220.507   0.019   11.044  -10.000      113.6125     3777.4062
 4  79  33.248  48505.285 220.507   0.004    9.650  -10.000      113.6125     3777.4062
 2  79  33.248  48506.297 231.463   0.010   13.176  -10.000      113.6430     3778.4180
 3  79  33.248  48506.297 231.463   0.024   11.089  -10.000      113.6430     3778.4180
 4  79  33.248  48506.297 231.463   0.009    9.677  -10.000      113.6430     3778.4180
 2  79  33.248  48507.285 242.163   0.026   13.268  -10.000      113.6727     3779.4062
 3  79  33.248  48507.285 242.163   0.016   11.118  -10.000      113.6727     3779.4062
 4  79  33.248  48507.285 242.163   0.014    9.702  -10.000      113.6727     3779.4062
 2  79  33.248  48508.242 252.526   0.024   13.339  -10.000      113.7015     3780.3633
 3  79  33.248  48508.242 252.526   0.016   11.154  -10.000      113.7015     3780.3633
 4  79  33.248  48508.242 252.526   0.005    9.714  -10.000      113.7015     3780.3633
 2  79  33.248  48509.266 263.606   0.038   13.430  -10.000      113.7322     3781.3867
 3  79  33.248  48509.266 263.606   0.036   11.214  -10.000      113.7322     3781.3867
 4  79  33.248  48509.266 263.606   0.007    9.740  -10.000      113.7322     3781.3867
 2  79  33.248  48510.254 274.307   0.028   13.499  -10.000      113.7620     3782.3750
 3  79  33.248  48510.254 274.307   0.038   11.259  -10.000      113.7620     3782.3750
 4  79  33.248  48510.254 274.307   0.019    9.781  -10.000      113.7620     3782.3750
 2  79  33.248  48511.266 285.263   0.043   13.578  -10.000      113.7924     3783.3867
 3  79  33.248  48511.266 285.263   0.042   11.297  -10.000      113.7924     3783.3867
 4  79  33.248  48511.266 285.263   0.030    9.813  -10.000      113.7924     3783.3867
 2  79  33.248  48512.254 295.963   0.038   13.634  -10.000      113.8221     3784.3750
 3  79  33.248  48512.254 295.963   0.055   11.345  -10.000      113.8221     3784.3750
 4  79  33.248  48512.254 295.963   0.027    9.833  -10.000      113.8221     3784.3750
 2  79  33.248  48513.250 306.749   0.050   13.706  -10.000      113.8521     3785.3711
 3  79  33.248  48513.250 306.749   0.072   11.395  -10.000      113.8521     3785.3711
 4  79  33.248  48513.250 306.749   0.055    9.884  -10.000      113.8521     3785.3711
 2  79  33.248  48514.258 317.661   0.077   13.791  -10.000      113.8824     3786.3789
 3  79  33.248  48514.258 317.661   0.085   11.444  -10.000      113.8824     3786.3789
 4  79  33.248  48514.258 317.661   0.068    9.923  -10.000      113.8824     3786.3789
 2  79  33.248  48515.234 328.233   0.052   13.825  -10.000      113.9118     3787.3555
 3  79  33.248  48515.234 328.233   0.078   11.473  -10.000      113.9118     3787.3555
 4  79  33.248  48515.234 328.233   0.072    9.955  -10.000      113.9118     3787.3555
 2  79  33.248  48516.223 338.936   0.074   13.911  -10.000      113.9415     3788.3438
 3  79  33.248  48516.223 338.936   0.078   11.516  -10.000      113.9415     3788.3438
 4  79  33.248  48516.223 338.936   0.071    9.987  -10.000      113.9415     3788.3438
 3  79  33.248  48517.219 349.720   0.096   11.575  -10.000      113.9714     3789.3398
 4  79  33.248  48517.219 349.720   0.078   10.026  -10.000      113.9714     3789.3398
 2  79  33.248  48518.223   0.591   0.094   14.055  -10.000      114.0016     3790.3438
 3  79  33.248  48518.223   0.591   0.085   11.605  -10.000      114.0016     3790.3438
 4  79  33.248  48518.223   0.591   0.070   10.052  -10.000      114.0016     3790.3438
 2  79  33.248  48519.254  11.755   0.093   14.114  -10.000      114.0327     3791.3750
 3  79  33.248  48519.254  11.755   0.106   11.670  -10.000      114.0327     3791.3750
 4  79  33.248  48519.254  11.755   0.087   10.105  -10.000      114.0327     3791.3750
 2  79  33.248  48520.227  22.289   0.079   14.151  -10.000      114.0619     3792.3477
 3  79  33.248  48520.227  22.289   0.105   11.707  -10.000      114.0619     3792.3477
 4  79  33.248  48520.227  22.289   0.088   10.138  -10.000      114.0619     3792.3477
 2  79  33.248  48521.273  33.624   0.093   14.206  -10.000      114.0934     3793.3945
 3  79  33.248  48521.273  33.624   0.089   11.723  -10.000      114.0934     3793.3945
 4  79  33.248  48521.273  33.624   0.092   10.171  -10.000      114.0934     3793.3945
 2  79  33.248  48522.246  44.154   0.116   14.276  -10.000      114.1227     3794.3672
 3  79  33.248  48522.246  44.154   0.124   11.796  -10.000      114.1227     3794.3672
 4  79  33.248  48522.246  44.154   0.100   10.213  -10.000      114.1227     3794.3672
 2  79  33.248  48523.238  54.899   0.110   14.302  -10.000      114.1525     3795.3594
 3  79  33.248  48523.238  54.899   0.112   11.812  -10.000      114.1525     3795.3594
 4  79  33.248  48523.238  54.899   0.127   10.266  -10.000      114.1525     3795.3594
 2  79  33.248  49617.207  20.028   0.146   14.209  -10.000      147.0556     4889.3281
 3  79  33.248  49617.207  20.028   0.132   11.727  -10.000      147.0556     4889.3281
 4  79  33.248  49617.207  20.028   0.131   10.175  -10.000      147.0556     4889.3281
 3  79  33.248  49619.312  42.830   0.094   11.761  -10.000      147.1190     4891.4336
 4  79  33.248  49619.312  42.830   0.103   10.212  -10.000      147.1190     4891.4336
 2  79  33.248  49620.301  53.531   0.228   14.417  -10.000      147.1487     4892.4219
 3  79  33.248  49620.301  53.531   0.151   11.848  -10.000      147.1487     4892.4219
 4  79  33.248  49620.301  53.531   0.143   10.280  -10.000      147.1487     4892.4219
 2  79  33.248  49621.289  64.232   0.306   14.513  -10.000      147.1784     4893.4102
 3  79  33.248  49621.289  64.232   0.172   11.889  -10.000      147.1784     4893.4102
 4  79  33.248  49621.289  64.232   0.170   10.328  -10.000      147.1784     4893.4102
 3  79  33.248  49623.238  85.336   0.060   11.835  -10.000      147.2370     4895.3594
 4  79  33.248  49623.238  85.336   0.065   10.282  -10.000      147.2370     4895.3594
 2  79  33.248  49624.262  96.416   0.108   14.392  -10.000      147.2678     4896.3828
 3  79  33.248  49624.262  96.416   0.011   11.816  -10.000      147.2678     4896.3828
 4  79  33.248  49624.262  96.416   0.033   10.283  -10.000      147.2678     4896.3828
 2  79  33.248  49625.289 107.540   0.133   14.437  -10.000      147.2987     4897.4102
 3  79  33.248  49625.289 107.540   0.017   11.851  -10.000      147.2987     4897.4102
 4  79  33.248  49625.289 107.540   0.041   10.324  -10.000      147.2987     4897.4102
 2  79  33.248  49626.289 118.367  -0.045   14.279  -10.000      147.3288     4898.4102
 3  79  33.248  49626.289 118.367  -0.090   11.772  -10.000      147.3288     4898.4102
 4  79  33.248  49626.289 118.367  -0.069   10.246  -10.000      147.3288     4898.4102
 2  79  33.248  49631.254 172.123  -0.097   13.433  -10.000      147.4781     4903.3750
 3  79  33.248  49631.254 172.123  -0.124   11.260  -10.000      147.4781     4903.3750
 4  79  33.248  49631.254 172.123  -0.131    9.838  -10.000      147.4781     4903.3750
 2  79  33.248  49632.277 183.208   0.059   13.215  -10.000      147.5089     4904.3984
 3  79  33.248  49632.277 183.208  -0.011   11.116  -10.000      147.5089     4904.3984
 4  79  33.248  49632.277 183.208  -0.039    9.720  -10.000      147.5089     4904.3984
 2  79  33.248  49633.262 193.865   0.067   13.064  -10.000      147.5385     4905.3828
 3  79  33.248  49633.262 193.865   0.032   11.041  -10.000      147.5385     4905.3828
 4  79  33.248  49633.262 193.865   0.016    9.674  -10.000      147.5385     4905.3828
 2  79  33.248  49634.266 204.736   0.049   13.039  -10.000      147.5687     4906.3867
 3  79  33.248  49634.266 204.736   0.010   10.998  -10.000      147.5687     4906.3867
 4  79  33.248  49634.266 204.736  -0.018    9.614  -10.000      147.5687     4906.3867
 2  79  33.248  46606.355 179.523  -0.042   13.219  -10.000       56.4987     1878.4766
 3  79  33.248  46606.355 179.523  -0.053   11.148  -10.000       56.4987     1878.4766
 4  79  33.248  46606.355 179.523  -0.076    9.744  -10.000       56.4987     1878.4766
 1  79  33.248  46607.266 189.378   0.073   14.584  -10.000       56.5261     1879.3867
 2  79  33.248  46607.266 189.378  -0.042   12.998  -10.000       56.5261     1879.3867
 3  79  33.248  46607.266 189.378  -0.009   11.034  -10.000       56.5261     1879.3867
 4  79  33.248  46607.266 189.378  -0.060    9.629  -10.000       56.5261     1879.3867
 2  79  33.248  46608.215 199.657  -0.016   12.965  -10.000       56.5546     1880.3359
 3  79  33.248  46608.215 199.657  -0.037   10.952  -10.000       56.5546     1880.3359
 4  79  33.248  46608.215 199.657  -0.057    9.581  -10.000       56.5546     1880.3359
 1  79  33.248  46609.195 210.273   0.089   14.605  -10.000       56.5841     1881.3164
 2  79  33.248  46609.195 210.273  -0.070   12.945  -10.000       56.5841     1881.3164
 3  79  33.248  46609.195 210.273  -0.052   10.945  -10.000       56.5841     1881.3164
 4  79  33.248  46609.195 210.273  -0.073    9.560  -10.000       56.5841     1881.3164
 2  79  33.248  46610.391 223.215  -0.065   13.038  -10.000       56.6200     1882.5117
 3  79  33.248  46610.391 223.215  -0.033   11.002  -10.000       56.6200     1882.5117
 4  79  33.248  46610.391 223.215  -0.057    9.594  -10.000       56.6200     1882.5117
 2  79  33.248  46611.203 232.013  -0.084   13.086  -10.000       56.6445     1883.3242
 3  79  33.248  46611.203 232.013  -0.038   11.029  -10.000       56.6445     1883.3242
 4  79  33.248  46611.203 232.013  -0.064    9.605  -10.000       56.6445     1883.3242
 1  79  33.248  46612.188 242.672   0.023   14.930  -10.000       56.6741     1884.3086
 2  79  33.248  46612.188 242.672  -0.046   13.200  -10.000       56.6741     1884.3086
 3  79  33.248  46612.188 242.672  -0.003   11.101  -10.000       56.6741     1884.3086
 4  79  33.248  46612.188 242.672  -0.040    9.649  -10.000       56.6741     1884.3086
 1  79  33.248  46613.188 253.499  -0.001   15.032  -10.000       56.7042     1885.3086
 2  79  33.248  46613.188 253.499  -0.045   13.277  -10.000       56.7042     1885.3086
 3  79  33.248  46613.188 253.499  -0.011   11.131  -10.000       56.7042     1885.3086
 4  79  33.248  46613.188 253.499  -0.029    9.682  -10.000       56.7042     1885.3086
 1  79  33.248  46614.188 264.327   0.083   15.238  -10.000       56.7342     1886.3086
 2  79  33.248  46614.188 264.327  -0.038   13.359  -10.000       56.7342     1886.3086
 3  79  33.248  46614.188 264.327  -0.001   11.180  -10.000       56.7342     1886.3086
 4  79  33.248  46614.188 264.327  -0.036    9.699  -10.000       56.7342     1886.3086
 2  79  33.248  46615.191 275.197  -0.033   13.444  -10.000       56.7644     1887.3125
 3  79  33.248  46615.191 275.197   0.018   11.243  -10.000       56.7644     1887.3125
 4  79  33.248  46615.191 275.197  -0.016    9.748  -10.000       56.7644     1887.3125
 1  79  33.248  46616.191 286.024   0.060   15.443  -10.000       56.7945     1888.3125
 2  79  33.248  46616.191 286.024   0.002   13.541  -10.000       56.7945     1888.3125
 3  79  33.248  46616.191 286.024   0.011   11.268  -10.000       56.7945     1888.3125
 4  79  33.248  46616.191 286.024  -0.011    9.773  -10.000       56.7945     1888.3125
 2  79  33.248  46617.188 296.809  -0.031   13.570  -10.000       56.8245     1889.3086
 3  79  33.248  46617.188 296.809  -0.032   11.261  -10.000       56.8245     1889.3086
 4  79  33.248  46617.188 296.809  -0.032    9.776  -10.000       56.8245     1889.3086
 2  79  33.248  46618.188 307.638  -0.071   13.589  -10.000       56.8545     1890.3086
 3  79  33.248  46618.188 307.638   0.001   11.327  -10.000       56.8545     1890.3086
 4  79  33.248  46618.188 307.638  -0.018    9.813  -10.000       56.8545     1890.3086
 2  79  33.248  46619.184 318.422  -0.015   13.704  -10.000       56.8845     1891.3047
 3  79  33.248  46619.184 318.422  -0.005   11.357  -10.000       56.8845     1891.3047
 4  79  33.248  46619.184 318.422  -0.013    9.844  -10.000       56.8845     1891.3047
 2  79  33.248  46620.184 329.251  -0.031   13.748  -10.000       56.9146     1892.3047
 3  79  33.248  46620.184 329.251   0.020   11.419  -10.000       56.9146     1892.3047
 4  79  33.248  46620.184 329.251  -0.003    9.883  -10.000       56.9146     1892.3047
 2  79  33.248  46621.336 341.727   0.017   13.870  -10.000       56.9492     1893.4570
 3  79  33.248  46621.336 341.727   0.036   11.485  -10.000       56.9492     1893.4570
 4  79  33.248  46621.336 341.727   0.011    9.935  -10.000       56.9492     1893.4570
 2  79  33.248  46622.184 350.906  -0.023   13.882  -10.000       56.9747     1894.3047
 3  79  33.248  46622.184 350.906   0.030   11.513  -10.000       56.9747     1894.3047
 4  79  33.248  46622.184 350.906   0.013    9.965  -10.000       56.9747     1894.3047
 2  79  33.248  46623.184   1.733  -0.005   13.962  -10.000       57.0048     1895.3047
 3  79  33.248  46623.184   1.733   0.040   11.565  -10.000       57.0048     1895.3047
 4  79  33.248  46623.184   1.733   0.018   10.003  -10.000       57.0048     1895.3047
 2  79  33.248  46624.184  12.561  -0.020   14.006  -10.000       57.0349     1896.3047
 3  79  33.248  46624.184  12.561   0.049   11.616  -10.000       57.0349     1896.3047
 4  79  33.248  46624.184  12.561   0.020   10.041  -10.000       57.0349     1896.3047
 2  79  33.248  46625.188  23.431  -0.007   14.070  -10.000       57.0651     1897.3086
 3  79  33.248  46625.188  23.431   0.057   11.662  -10.000       57.0651     1897.3086
 4  79  33.248  46625.188  23.431   0.050   10.103  -10.000       57.0651     1897.3086
 2  79  33.248  46626.191  34.301  -0.034   14.081  -10.000       57.0953     1898.3125
 3  79  33.248  46626.191  34.301   0.032   11.668  -10.000       57.0953     1898.3125
 4  79  33.248  46626.191  34.301   0.029   10.110  -10.000       57.0953     1898.3125
 2  79  33.248  46627.191  45.129   0.034   14.198  -10.000       57.1254     1899.3125
 3  79  33.248  46627.191  45.129   0.057   11.732  -10.000       57.1254     1899.3125
 4  79  33.248  46627.191  45.129   0.052   10.168  -10.000       57.1254     1899.3125
 2  79  33.248  46628.191  55.956   0.015   14.209  -10.000       57.1554     1900.3125
 3  79  33.248  46628.191  55.956   0.073   11.775  -10.000       57.1554     1900.3125
 4  79  33.248  46628.191  55.956   0.044   10.186  -10.000       57.1554     1900.3125
 2  79  33.248  46629.199  66.868  -0.012   14.199  -10.000       57.1857     1901.3203
 3  79  33.248  46629.199  66.868   0.048   11.770  -10.000       57.1857     1901.3203
 4  79  33.248  46629.199  66.868   0.040   10.203  -10.000       57.1857     1901.3203
 2  79  33.248  46630.199  77.697  -0.031   14.208  -10.000       57.2158     1902.3203
 3  79  33.248  46630.199  77.697   0.060   11.811  -10.000       57.2158     1902.3203
 4  79  33.248  46630.199  77.697   0.058   10.250  -10.000       57.2158     1902.3203
 2  79  33.248  46631.188  88.397  -0.072   14.196  -10.000       57.2455     1903.3086
 3  79  33.248  46631.188  88.397   0.016   11.799  -10.000       57.2455     1903.3086
 4  79  33.248  46631.188  88.397  -0.004   10.222  -10.000       57.2455     1903.3086
 2  79  33.248  46632.199  99.352  -0.071   14.219  -10.000       57.2760     1904.3203
 3  79  33.248  46632.199  99.352  -0.009   11.805  -10.000       57.2760     1904.3203
 4  79  33.248  46632.199  99.352  -0.013   10.247  -10.000       57.2760     1904.3203
 2  79  33.248  46635.273 132.638  -0.200   14.148  -10.000       57.3684     1907.3945
 3  79  33.248  46635.273 132.638  -0.091   11.812  -10.000       57.3684     1907.3945
 4  79  33.248  46635.273 132.638  -0.098   10.263  -10.000       57.3684     1907.3945
 2  79  33.248  46636.180 142.450  -0.192   14.123  -10.000       57.3957     1908.3008
 3  79  33.248  46636.180 142.450  -0.108   11.787  -10.000       57.3957     1908.3008
 4  79  33.248  46636.180 142.450  -0.111   10.254  -10.000       57.3957     1908.3008
 2  79  33.248  46637.184 153.321  -0.183   13.962  -10.000       57.4259     1909.3047
 3  79  33.248  46637.184 153.321  -0.129   11.663  -10.000       57.4259     1909.3047
 4  79  33.248  46637.184 153.321  -0.127   10.163  -10.000       57.4259     1909.3047
 2  79  33.248  44826.355 346.272  -0.020   13.859  -10.000        2.9619       98.4766
 3  79  33.248  44826.355 346.272  -0.003   11.462  -10.000        2.9619       98.4766
 2  79  33.248  44827.297 356.465  -0.006   13.931  -10.000        2.9902       99.4180
 3  79  33.248  44827.297 356.465   0.012   11.517  -10.000        2.9902       99.4180
 2  79  33.248  44829.316  18.332  -0.003   14.052  -10.000        3.0509      101.4375
 3  79  33.248  44829.316  18.332  -0.002   11.587  -10.000        3.0509      101.4375
 2  79  33.248  44830.297  28.948   0.043   14.138  -10.000        3.0804      102.4180
 3  79  33.248  44830.297  28.948   0.061   11.681  -10.000        3.0804      102.4180
 3  79  33.248  44831.285  39.649   0.035   11.691  -10.000        3.1101      103.4062
 2  79  33.248  44832.297  50.603   0.062   14.244  -10.000        3.1406      104.4180
 3  79  33.248  44832.297  50.603   0.064   11.755  -10.000        3.1406      104.4180
 2  79  33.248  44833.281  61.262   0.019   14.222  -10.000        3.1702      105.4023
 3  79  33.248  44833.281  61.262   0.050   11.762  -10.000        3.1702      105.4023
 2  79  33.248  44834.398  73.358   0.051   14.276  -10.000        3.2038      106.5195
 3  79  33.248  44834.398  73.358   0.062   11.799  -10.000        3.2038      106.5195
 2  79  33.248  44835.402  84.228  -0.021   14.237  -10.000        3.2340      107.5234
 3  79  33.248  44835.402  84.228   0.025   11.797  -10.000        3.2340      107.5234
 2  79  33.248  44836.438  95.437  -0.037   14.245  -10.000        3.2651      108.5586
 3  79  33.248  44836.438  95.437   0.004   11.807  -10.000        3.2651      108.5586
 2  79  33.248  44845.230 190.644   0.112   13.137  -10.000        3.5296      117.3516
 3  79  33.248  44845.230 190.644   0.066   11.097  -10.000        3.5296      117.3516
 2  79  33.248  44847.246 212.468  -0.076   12.952  -10.000        3.5902      119.3672
 3  79  33.248  44847.246 212.468  -0.055   10.946  -10.000        3.5902      119.3672
 2  79  33.248  44848.238 223.212  -0.077   13.026  -10.000        3.6200      120.3594
 3  79  33.248  44848.238 223.212  -0.050   10.985  -10.000        3.6200      120.3594
 2  79  33.248  44849.258 234.251  -0.066   13.120  -10.000        3.6507      121.3789
 3  79  33.248  44849.258 234.251  -0.045   11.030  -10.000        3.6507      121.3789
 2  79  33.248  44850.258 245.078  -0.071   13.192  -10.000        3.6808      122.3789
 3  79  33.248  44850.258 245.078  -0.050   11.062  -10.000        3.6808      122.3789
 2  79  33.248  44851.254 255.864  -0.027   13.311  -10.000        3.7107      123.3750
 3  79  33.248  44851.254 255.864  -0.028   11.122  -10.000        3.7107      123.3750
 2  79  33.248  44852.246 266.607  -0.030   13.384  -10.000        3.7406      124.3672
 3  79  33.248  44852.246 266.607  -0.001   11.189  -10.000        3.7406      124.3672
 2  79  33.248  44853.262 277.604  -0.030   13.462  -10.000        3.7711      125.3828
 3  79  33.248  44853.262 277.604  -0.011   11.222  -10.000        3.7711      125.3828
 2  79  33.248  44854.254 288.347  -0.021   13.530  -10.000        3.8010      126.3750
 3  79  33.248  44854.254 288.347  -0.012   11.252  -10.000        3.8010      126.3750
 2  79  33.248  44855.246 299.090  -0.015   13.600  -10.000        3.8308      127.3672
 3  79  33.248  44855.246 299.090   0.015   11.315  -10.000        3.8308      127.3672
 2  79  33.248  44856.242 309.875   0.004   13.676  -10.000        3.8608      128.3633
 3  79  33.248  44856.242 309.875   0.017   11.350  -10.000        3.8608      128.3633
 2  79  33.248  44857.242 320.703   0.031   13.762  -10.000        3.8908      129.3633
 3  79  33.248  44857.242 320.703   0.025   11.394  -10.000        3.8908      129.3633
 2  79  33.248  44880.230 209.612   0.024   13.036  -10.000        4.5823      152.3516
 3  79  33.248  44880.230 209.612  -0.016   10.979  -10.000        4.5823      152.3516
 2  79  33.248  44881.223 220.356  -0.007   13.074  -10.000        4.6121      153.3438
 3  79  33.248  44881.223 220.356  -0.042   10.982  -10.000        4.6121      153.3438
 2  79  33.248  44882.273 231.733  -0.049   13.119  -10.000        4.6437      154.3945
 3  79  33.248  44882.273 231.733  -0.025   11.041  -10.000        4.6437      154.3945
 2  79  33.248  44883.203 241.799  -0.025   13.214  -10.000        4.6717      155.3242
 3  79  33.248  44883.203 241.799  -0.027   11.074  -10.000        4.6717      155.3242
 2  79  33.248  44884.230 252.923  -0.041   13.277  -10.000        4.7026      156.3516
 3  79  33.248  44884.230 252.923  -0.007   11.133  -10.000        4.7026      156.3516
 2  79  33.248  45174.438 155.189  -0.038   14.062  -10.000       13.4311      446.5586
 3  79  33.248  45174.438 155.189  -0.034   11.729  -10.000       13.4311      446.5586
 2  79  33.248  45175.457 166.228   0.064   13.817  -10.000       13.4617      447.5781
 3  79  33.248  45175.457 166.228   0.042   11.577  -10.000       13.4617      447.5781
 2  79  33.248  45176.426 176.717   0.175   13.532  -10.000       13.4909      448.5469
 3  79  33.248  45176.426 176.717   0.107   11.374  -10.000       13.4909      448.5469
 2  79  33.248  45178.414 198.246   0.024   13.006  -10.000       13.5507      450.5352
 3  79  33.248  45178.414 198.246  -0.006   10.986  -10.000       13.5507      450.5352
 2  79  33.248  45179.352 208.397  -0.076   12.930  -10.000       13.5789      451.4727
 3  79  33.248  45179.352 208.397  -0.061   10.932  -10.000       13.5789      451.4727
 2  79  33.248  45180.344 219.140  -0.081   12.991  -10.000       13.6087      452.4648
 3  79  33.248  45180.344 219.140  -0.058   10.962  -10.000       13.6087      452.4648
 2  79  33.248  45181.277 229.249  -0.072   13.077  -10.000       13.6368      453.3984
 3  79  33.248  45181.277 229.249  -0.058   11.000  -10.000       13.6368      453.3984
 2  79  33.248  45182.285 240.161  -0.074   13.154  -10.000       13.6671      454.4062
 3  79  33.248  45182.285 240.161  -0.052   11.043  -10.000       13.6671      454.4062
 2  79  33.248  45183.309 251.242  -0.078   13.228  -10.000       13.6979      455.4297
 3  79  33.248  45183.309 251.242  -0.037   11.097  -10.000       13.6979      455.4297
 2  79  33.248  45184.332 262.324  -0.062   13.321  -10.000       13.7287      456.4531
 3  79  33.248  45184.332 262.324  -0.029   11.144  -10.000       13.7287      456.4531
 2  79  33.248  45186.305 283.683  -0.058   13.469  -10.000       13.7880      458.4258
 3  79  33.248  45186.305 283.683  -0.034   11.217  -10.000       13.7880      458.4258
 2  79  33.248  45187.336 294.849  -0.025   13.565  -10.000       13.8190      459.4570
 3  79  33.248  45187.336 294.849  -0.016   11.270  -10.000       13.8190      459.4570
 2  79  33.248  45188.324 305.550  -0.034   13.615  -10.000       13.8487      460.4453
 3  79  33.248  45188.324 305.550  -0.018   11.301  -10.000       13.8487      460.4453
 2  79  33.248  45189.355 316.716  -0.003   13.706  -10.000       13.8798      461.4766
 3  79  33.248  45189.355 316.716  -0.001   11.355  -10.000       13.8798      461.4766
 2  79  33.248  45190.375 327.755  -0.013   13.757  -10.000       13.9104      462.4961
 3  79  33.248  45190.375 327.755  -0.002   11.392  -10.000       13.9104      462.4961
 2  79  33.248  45191.371 338.540  -0.026   13.809  -10.000       13.9404      463.4922
 3  79  33.248  45191.371 338.540  -0.008   11.428  -10.000       13.9404      463.4922
 2  79  33.248  45192.367 349.326  -0.044   13.852  -10.000       13.9703      464.4883
 3  79  33.248  45192.367 349.326  -0.010   11.467  -10.000       13.9703      464.4883
 2  79  33.248  45193.391   0.407  -0.027   13.933  -10.000       14.0011      465.5117
 3  79  33.248  45193.391   0.407   0.018   11.538  -10.000       14.0011      465.5117
 2  79  33.248  45194.383  11.150  -0.041   13.977  -10.000       14.0310      466.5039
 3  79  33.248  45194.383  11.150  -0.011   11.551  -10.000       14.0310      466.5039
 2  79  33.248  45198.395  54.588   0.001   14.192  -10.000       14.1516      470.5156
 3  79  33.248  45198.395  54.588   0.041   11.740  -10.000       14.1516      470.5156
 2  79  33.248  45199.336  64.781   0.003   14.211  -10.000       14.1799      471.4570
 3  79  33.248  45199.336  64.781   0.037   11.755  -10.000       14.1799      471.4570
 2  79  33.248  45201.367  86.775  -0.030   14.234  -10.000       14.2410      473.4883
 3  79  33.248  45201.367  86.775   0.015   11.794  -10.000       14.2410      473.4883
 2  79  33.248  45203.270 107.373  -0.093   14.211  -10.000       14.2983      475.3906
 3  79  33.248  45203.270 107.373  -0.053   11.781  -10.000       14.2983      475.3906
 2  79  33.248  45204.262 118.116  -0.126   14.197  -10.000       14.3281      476.3828
 3  79  33.248  45204.262 118.116  -0.072   11.790  -10.000       14.3281      476.3828
 2  79  33.248  45205.285 129.197  -0.147   14.197  -10.000       14.3589      477.4062
 3  79  33.248  45205.285 129.197  -0.103   11.791  -10.000       14.3589      477.4062
 2  79  33.248  45207.293 150.937  -0.089   14.107  -10.000       14.4193      479.4141
 3  79  33.248  45207.293 150.937  -0.063   11.761  -10.000       14.4193      479.4141
 2  79  33.248  45208.328 162.146   0.035   13.930  -10.000       14.4504      480.4492
 3  79  33.248  45208.328 162.146   0.032   11.661  -10.000       14.4504      480.4492
 2  79  33.248  45209.273 172.381   0.131   13.651  -10.000       14.4788      481.3945
 3  79  33.248  45209.273 172.381   0.087   11.465  -10.000       14.4788      481.3945
 2  79  33.248  45210.316 183.674   0.131   13.276  -10.000       14.5102      482.4375
 3  79  33.248  45210.316 183.674   0.081   11.200  -10.000       14.5102      482.4375
 2  79  33.248  45211.277 194.079   0.068   13.064  -10.000       14.5391      483.3984
 3  79  33.248  45211.277 194.079   0.036   11.044  -10.000       14.5391      483.3984
 2  79  33.248  45212.281 204.949  -0.022   12.969  -10.000       14.5693      484.4023
 3  79  33.248  45212.281 204.949  -0.019   10.970  -10.000       14.5693      484.4023
 2  79  33.248  45213.281 215.776  -0.089   12.959  -10.000       14.5994      485.4023
 3  79  33.248  45213.281 215.776  -0.070   10.940  -10.000       14.5994      485.4023
 2  79  33.248  45214.281 226.604  -0.082   13.047  -10.000       14.6295      486.4023
 3  79  33.248  45214.281 226.604  -0.044   11.004  -10.000       14.6295      486.4023
 3  79  33.248  45488.242 312.963  -0.044   11.299  -10.000       22.8693      760.3633
 4  79  33.248  45488.242 312.963  -0.044    9.800  -10.000       22.8693      760.3633
 3  79  33.248  45490.262 334.830  -0.024   11.398  -10.000       22.9301      762.3828
 4  79  33.248  45490.262 334.830  -0.021    9.883  -10.000       22.9301      762.3828
 3  79  33.248  45493.227   6.932  -0.047   11.498  -10.000       23.0193      765.3477
 4  79  33.248  45493.227   6.932  -0.051    9.951  -10.000       23.0193      765.3477
 2  79  33.248  45496.266  39.838  -0.036   14.105  -10.000       23.1107      768.3867
 3  79  33.248  45496.266  39.838  -0.013   11.643  -10.000       23.1107      768.3867
 4  79  33.248  45496.266  39.838  -0.015   10.084  -10.000       23.1107      768.3867
 3  79  33.248  45498.227  61.070  -0.013   11.699  -10.000       23.1696      770.3477
 4  79  33.248  45498.227  61.070  -0.004   10.148  -10.000       23.1696      770.3477
 2  79  33.248  45501.277  94.103  -0.127   14.152  -10.000       23.2614      773.3984
 3  79  33.248  45501.277  94.103  -0.055   11.744  -10.000       23.2614      773.3984
 4  79  33.248  45501.277  94.103  -0.039   10.204  -10.000       23.2614      773.3984
 3  79  33.248  45505.242 137.033  -0.160   11.747  -10.000       23.3806      777.3633
 4  79  33.248  45505.242 137.033  -0.155   10.215  -10.000       23.3806      777.3633
 3  79  33.248  45508.223 169.304   0.010   11.468  -10.000       23.4703      780.3438
 4  79  33.248  45508.223 169.304   0.001   10.028  -10.000       23.4703      780.3438
 2  79  33.248  45509.238 180.301   0.168   13.405  -10.000       23.5008      781.3594
 3  79  33.248  45509.238 180.301   0.069   11.253  -10.000       23.5008      781.3594
 4  79  33.248  45509.238 180.301   0.033    9.839  -10.000       23.5008      781.3594
 2  79  33.248  45512.238 212.785  -0.061   12.969  -10.000       23.5911      784.3594
 3  79  33.248  45512.238 212.785  -0.073   10.929  -10.000       23.5911      784.3594
 4  79  33.248  45512.238 212.785  -0.081    9.554  -10.000       23.5911      784.3594
 2  79  33.248  45513.258 223.824  -0.064   13.043  -10.000       23.6217      785.3789
 3  79  33.248  45513.258 223.824  -0.039   10.998  -10.000       23.6217      785.3789
 4  79  33.248  45513.258 223.824  -0.072    9.580  -10.000       23.6217      785.3789
 2  79  33.248  45514.246 234.524  -0.116   13.071  -10.000       23.6515      786.3672
 3  79  33.248  45514.246 234.524  -0.080   10.995  -10.000       23.6515      786.3672
 4  79  33.248  45514.246 234.524  -0.089    9.584  -10.000       23.6515      786.3672
 2  79  33.248  45515.238 245.267  -0.090   13.174  -10.000       23.6813      787.3594
 3  79  33.248  45515.238 245.267  -0.089   11.024  -10.000       23.6813      787.3594
 4  79  33.248  45515.238 245.267  -0.088    9.607  -10.000       23.6813      787.3594
 2  79  33.248  45648.219 245.136  -0.061   13.202  -10.000       27.6809      920.3398
 3  79  33.248  45648.219 245.136  -0.049   11.064  -10.000       27.6809      920.3398
 4  79  33.248  45648.219 245.136  -0.044    9.650  -10.000       27.6809      920.3398
 2  79  33.248  45649.238 256.175  -0.059   13.281  -10.000       27.7116      921.3594
 3  79  33.248  45649.238 256.175  -0.069   11.082  -10.000       27.7116      921.3594
 4  79  33.248  45649.238 256.175  -0.087    9.629  -10.000       27.7116      921.3594
 3  79  33.248  45658.172 352.905   0.034   11.525  -10.000       27.9803      930.2930
 4  79  33.248  45658.172 352.905   0.032    9.990  -10.000       27.9803      930.2930
 2  79  33.248  49933.414 203.818   0.041   13.028  -10.000      156.5662     5205.5352
 3  79  33.248  49933.414 203.818  -0.007   10.981  -10.000      156.5662     5205.5352
 4  79  33.248  49933.414 203.818  -0.072    9.560  -10.000      156.5662     5205.5352
 5  79  33.248  49933.414 203.818  -0.075    8.293  -10.000      156.5662     5205.5352
 3  79  33.248  49934.387 214.349  -0.029   10.977  -10.000      156.5954     5206.5078
 4  79  33.248  49934.387 214.349  -0.088    9.549  -10.000      156.5954     5206.5078
 5  79  33.248  49934.387 214.349  -0.094    8.265  -10.000      156.5954     5206.5078
 3  79  33.248  49935.387 225.176  -0.076   10.966  -10.000      156.6255     5207.5078
 4  79  33.248  49935.387 225.176  -0.144    9.511  -10.000      156.6255     5207.5078
 5  79  33.248  49935.387 225.176  -0.135    8.227  -10.000      156.6255     5207.5078
 3  79  33.248  49936.379 235.920   0.013   11.093  -10.000      156.6553     5208.5000
 4  79  33.248  49936.379 235.920  -0.058    9.618  -10.000      156.6553     5208.5000
 5  79  33.248  49936.379 235.920  -0.063    8.303  -10.000      156.6553     5208.5000
 2  79  33.248  49937.344 246.363   0.039   13.311  -10.000      156.6843     5209.4648
 3  79  33.248  49937.344 246.363   0.003   11.120  -10.000      156.6843     5209.4648
 4  79  33.248  49937.344 246.363  -0.072    9.625  -10.000      156.6843     5209.4648
 3  79  33.248  49939.371 268.319  -0.008   11.189  -10.000      156.7453     5211.4922
 5  79  33.248  49939.371 268.319  -0.060    8.333  -10.000      156.7453     5211.4922
 3  79  33.248  49941.359 289.847   0.033   11.301  -10.000      156.8051     5213.4805
 5  79  33.248  49941.359 289.847  -0.005    8.410  -10.000      156.8051     5213.4805
 3  79  33.248  49942.340 300.460   0.020   11.324  -10.000      156.8346     5214.4609
 5  79  33.248  49942.340 300.460  -0.033    8.397  -10.000      156.8346     5214.4609
 3  79  33.248  49943.344 311.331   0.043   11.380  -10.000      156.8648     5215.4648
 5  79  33.248  49943.344 311.331  -0.029    8.415  -10.000      156.8648     5215.4648
 3  79  33.248  49944.379 322.542   0.009   11.384  -10.000      156.8960     5216.5000
 5  79  33.248  49944.379 322.542  -0.041    8.422  -10.000      156.8960     5216.5000
 3  79  33.248  49945.379 333.369   0.052   11.468  -10.000      156.9260     5217.5000
 5  79  33.248  49945.379 333.369   0.012    8.498  -10.000      156.9260     5217.5000
 3  79  33.248  49946.367 344.070   0.099   11.556  -10.000      156.9557     5218.4883
 5  79  33.248  49946.367 344.070   0.016    8.526  -10.000      156.9557     5218.4883
 3  79  33.248  49947.324 354.430   0.039   11.536  -10.000      156.9845     5219.4453
 5  79  33.248  49947.324 354.430   0.021    8.556  -10.000      156.9845     5219.4453
 3  79  33.248  49948.320   5.213   0.060   11.598  -10.000      157.0145     5220.4414
 5  79  33.248  49948.320   5.213   0.008    8.568  -10.000      157.0145     5220.4414
 3  79  33.248  49949.324  16.084   0.074   11.655  -10.000      157.0447     5221.4453
 5  79  33.248  49949.324  16.084   0.052    8.642  -10.000      157.0447     5221.4453
 3  79  33.248  49950.312  26.785   0.043   11.657  -10.000      157.0744     5222.4336
 5  79  33.248  49950.312  26.785   0.034    8.649  -10.000      157.0744     5222.4336
 3  79  33.248  49952.309  48.400   0.049   11.734  -10.000      157.1344     5224.4297
 5  79  33.248  49952.309  48.400   0.024    8.697  -10.000      157.1344     5224.4297
 3  79  33.248  49953.383  60.029   0.053   11.763  -10.000      157.1667     5225.5039
 5  79  33.248  49953.383  60.029   0.034    8.732  -10.000      157.1667     5225.5039
 3  79  33.248  49954.340  70.395   0.037   11.766  -10.000      157.1955     5226.4609
 5  79  33.248  49954.340  70.395   0.023    8.742  -10.000      157.1955     5226.4609
 3  79  33.248  49955.297  80.755   0.033   11.794  -10.000      157.2243     5227.4180
 5  79  33.248  49955.297  80.755   0.035    8.787  -10.000      157.2243     5227.4180
 3  79  33.248  49956.371  92.390  -0.018   11.776  -10.000      157.2566     5228.4922
 5  79  33.248  49956.371  92.390  -0.036    8.753  -10.000      157.2566     5228.4922
 3  79  33.248  49957.359 103.090  -0.053   11.770  -10.000      157.2864     5229.4805
 5  79  33.248  49957.359 103.090  -0.077    8.748  -10.000      157.2864     5229.4805
 3  79  33.248  49958.320 113.494  -0.057   11.792  -10.000      157.3153     5230.4414
 5  79  33.248  49958.320 113.494  -0.065    8.792  -10.000      157.3153     5230.4414
 3  79  33.248  49959.348 124.618  -0.069   11.811  -10.000      157.3462     5231.4688
 5  79  33.248  49959.348 124.618  -0.088    8.808  -10.000      157.3462     5231.4688
 3  79  33.248  49960.305 134.978  -0.096   11.810  -10.000      157.3749     5232.4258
 5  79  33.248  49960.305 134.978  -0.101    8.833  -10.000      157.3749     5232.4258
 3  79  33.248  49962.367 157.313  -0.135   11.591  -10.000      157.4370     5234.4883
 5  79  33.248  49962.367 157.313  -0.157    8.697  -10.000      157.4370     5234.4883
 3  79  33.248  49985.285  45.461  -0.021   11.655  -10.000      158.1263     5257.4062
 5  79  33.248  49985.285  45.461  -0.002    8.663  -10.000      158.1263     5257.4062
 3  79  33.248  49986.281  56.245  -0.008   11.695  -10.000      158.1562     5258.4023
 5  79  33.248  49986.281  56.245   0.008    8.698  -10.000      158.1562     5258.4023
 3  79  33.248  49987.285  67.115  -0.015   11.708  -10.000      158.1864     5259.4062
 5  79  33.248  49987.285  67.115   0.023    8.735  -10.000      158.1864     5259.4062
 3  79  33.248  49992.211 120.449  -0.088   11.780  -10.000      158.3346     5264.3320
 5  79  33.248  49992.211 120.449  -0.067    8.814  -10.000      158.3346     5264.3320
 3  79  33.248  49993.215 131.320  -0.131   11.769  -10.000      158.3648     5265.3359
 5  79  33.248  49993.215 131.320  -0.109    8.813  -10.000      158.3648     5265.3359
 3  79  33.248  50007.305 283.881  -0.025   11.226  -10.000      158.7886     5279.4258
 5  79  33.248  50007.305 283.881  -0.049    8.361  -10.000      158.7886     5279.4258
 3  79  33.248  50009.305 305.535  -0.022   11.297  -10.000      158.8487     5281.4258
 5  79  33.248  50009.305 305.535  -0.018    8.417  -10.000      158.8487     5281.4258
 3  79  33.248  50011.266 326.766   0.007   11.397  -10.000      158.9077     5283.3867
 5  79  33.248  50011.266 326.766  -0.003    8.467  -10.000      158.9077     5283.3867
 3  79  33.248  50017.258  31.646   0.130   11.758  -10.000      159.0879     5289.3789
 5  79  33.248  50017.258  31.646   0.138    8.764  -10.000      159.0879     5289.3789
 3  79  33.248  50018.273  42.643   0.056   11.723  -10.000      159.1185     5290.3945
 5  79  33.248  50018.273  42.643   0.034    8.692  -10.000      159.1185     5290.3945
 3  79  33.248  50019.266  53.388   0.059   11.756  -10.000      159.1483     5291.3867
 5  79  33.248  50019.266  53.388   0.065    8.749  -10.000      159.1483     5291.3867
 2 150  33.248  50305.219 269.594   0.036   13.472  -10.000      167.7489     5577.3398
 3 150  33.248  50305.219 269.594   0.025   11.227  -10.000      167.7489     5577.3398
 4 150  33.248  50305.219 269.594   0.027    9.776  -10.000      167.7489     5577.3398
 2 150  33.248  50306.281 281.096   0.015   13.528  -10.000      167.7808     5578.4023
 3 150  33.248  50306.281 281.096   0.011   11.254  -10.000      167.7808     5578.4023
 4 150  33.248  50306.281 281.096   0.012    9.788  -10.000      167.7808     5578.4023
 2 150  33.248  50307.297 292.094   0.041   13.614  -10.000      167.8114     5579.4180
 3 150  33.248  50307.297 292.094   0.072   11.348  -10.000      167.8114     5579.4180
 4 150  33.248  50307.297 292.094   0.070    9.867  -10.000      167.8114     5579.4180
 2 150  33.248  50310.277 324.366   0.049   13.800  -10.000      167.9010     5582.3984
 3 150  33.248  50310.277 324.366   0.046   11.427  -10.000      167.9010     5582.3984
 4 150  33.248  50310.277 324.366   0.055    9.927  -10.000      167.9010     5582.3984
 2 150  33.248  50311.250 334.896   0.095   13.908  -10.000      167.9303     5583.3711
 3 150  33.248  50311.250 334.896   0.068   11.490  -10.000      167.9303     5583.3711
 4 150  33.248  50311.250 334.896   0.079    9.983  -10.000      167.9303     5583.3711
 2 150  33.248  50312.285 346.108   0.056   13.934  -10.000      167.9614     5584.4062
 3 150  33.248  50312.285 346.108   0.078   11.543  -10.000      167.9614     5584.4062
 4 150  33.248  50312.285 346.108   0.085   10.022  -10.000      167.9614     5584.4062
 2 150  33.248  50313.277 356.852   0.082   14.022  -10.000      167.9913     5585.3984
 3 150  33.248  50313.277 356.852   0.060   11.566  -10.000      167.9913     5585.3984
 4 150  33.248  50313.277 356.852   0.074   10.044  -10.000      167.9913     5585.3984
 2 150  33.248  50314.266   7.553   0.086   14.084  -10.000      168.0210     5586.3867
 3 150  33.248  50314.266   7.553   0.079   11.626  -10.000      168.0210     5586.3867
 4 150  33.248  50314.266   7.553   0.099   10.103  -10.000      168.0210     5586.3867
 2 150  33.248  50315.215  17.831   0.037   14.090  -10.000      168.0495     5587.3359
 3 150  33.248  50315.215  17.831   0.015   11.602  -10.000      168.0495     5587.3359
 4 150  33.248  50315.215  17.831   0.085   10.123  -10.000      168.0495     5587.3359
 2 150  33.248  50316.223  28.740   0.018   14.113  -10.000      168.0798     5588.3438
 3 150  33.248  50316.223  28.740   0.033   11.652  -10.000      168.0798     5588.3438
 4 150  33.248  50316.223  28.740   0.091   10.157  -10.000      168.0798     5588.3438
 2 150  33.248  50317.230  39.655  -0.007   14.133  -10.000      168.1102     5589.3516
 3 150  33.248  50317.230  39.655   0.043   11.699  -10.000      168.1102     5589.3516
 4 150  33.248  50317.230  39.655   0.092   10.190  -10.000      168.1102     5589.3516
 2 150  33.248  50318.242  50.609   0.016   14.198  -10.000      168.1406     5590.3633
 3 150  33.248  50318.242  50.609   0.027   11.718  -10.000      168.1406     5590.3633
 4 150  33.248  50318.242  50.609   0.109   10.239  -10.000      168.1406     5590.3633
 2 150  33.248  50319.230  61.309   0.012   14.215  -10.000      168.1703     5591.3516
 3 150  33.248  50319.230  61.309   0.025   11.737  -10.000      168.1703     5591.3516
 4 150  33.248  50319.230  61.309   0.093   10.245  -10.000      168.1703     5591.3516
 2 150  33.248  50320.230  72.136   0.004   14.226  -10.000      168.2004     5592.3516
 3 150  33.248  50320.230  72.136   0.035   11.769  -10.000      168.2004     5592.3516
 4 150  33.248  50320.230  72.136   0.111   10.286  -10.000      168.2004     5592.3516
 2 150  33.248  50321.219  82.837  -0.046   14.208  -10.000      168.2301     5593.3398
 3 150  33.248  50321.219  82.837   0.009   11.777  -10.000      168.2301     5593.3398
 4 150  33.248  50321.219  82.837   0.071   10.280  -10.000      168.2301     5593.3398
 2 150  33.248  50322.254  94.043  -0.052   14.227  -10.000      168.2612     5594.3750
 3 150  33.248  50322.254  94.043  -0.009   11.790  -10.000      168.2612     5594.3750
 4 150  33.248  50322.254  94.043   0.052   10.295  -10.000      168.2612     5594.3750
 2 150  33.248  50323.254 104.875  -0.069   14.231  -10.000      168.2913     5595.3750
 3 150  33.248  50323.254 104.875  -0.038   11.790  -10.000      168.2913     5595.3750
 4 150  33.248  50323.254 104.875   0.041   10.317  -10.000      168.2913     5595.3750
 2 150  33.248  50324.258 115.741  -0.107   14.212  -10.000      168.3215     5596.3789
 3 150  33.248  50324.258 115.741  -0.078   11.777  -10.000      168.3215     5596.3789
 4 150  33.248  50324.258 115.741   0.003   10.310  -10.000      168.3215     5596.3789
 2 150  33.248  50325.223 126.189  -0.114   14.225  -10.000      168.3505     5597.3438
 3 150  33.248  50325.223 126.189  -0.099   11.786  -10.000      168.3505     5597.3438
 4 150  33.248  50325.223 126.189  -0.025   10.315  -10.000      168.3505     5597.3438
 2 150  33.248  50326.180 136.555  -0.157   14.188  -10.000      168.3793     5598.3008
 3 150  33.248  50326.180 136.555  -0.136   11.771  -10.000      168.3793     5598.3008
 4 150  33.248  50326.180 136.555  -0.073   10.296  -10.000      168.3793     5598.3008
 2 150  33.248  50327.266 148.310  -0.244   13.999  -10.000      168.4120     5599.3867
 3 150  33.248  50327.266 148.310  -0.172   11.682  -10.000      168.4120     5599.3867
 2 150  33.248  50328.375 160.323  -0.200   13.754  -10.000      168.4453     5600.4961
 3 150  33.248  50328.375 160.323  -0.148   11.520  -10.000      168.4453     5600.4961
 4 150  33.248  50328.375 160.323  -0.094   10.099  -10.000      168.4453     5600.4961
 2 150  33.248  50330.219 180.286   0.014   13.252  -10.000      168.5008     5602.3398
 3 150  33.248  50330.219 180.286   0.003   11.187  -10.000      168.5008     5602.3398
 4 150  33.248  50330.219 180.286   0.033    9.839  -10.000      168.5008     5602.3398
 2 150  33.248  50332.207 201.813   0.021   13.004  -10.000      168.5606     5604.3281
 3 150  33.248  50332.207 201.813  -0.040   10.948  -10.000      168.5606     5604.3281
 4 150  33.248  50332.207 201.813   0.001    9.635  -10.000      168.5606     5604.3281
 2 150  33.248  50333.191 212.470   0.014   13.042  -10.000      168.5902     5605.3125
 3 150  33.248  50333.191 212.470  -0.054   10.947  -10.000      168.5902     5605.3125
 4 150  33.248  50333.191 212.470  -0.027    9.608  -10.000      168.5902     5605.3125
 2 150  33.248  50334.203 223.429   0.049   13.153  -10.000      168.6206     5606.3242
 3 150  33.248  50334.203 223.429  -0.032   11.004  -10.000      168.6206     5606.3242
 4 150  33.248  50334.203 223.429   0.009    9.661  -10.000      168.6206     5606.3242
 2 150  33.248  50335.219 234.426   0.059   13.246  -10.000      168.6512     5607.3398
 3 150  33.248  50335.219 234.426  -0.048   11.027  -10.000      168.6512     5607.3398
 4 150  33.248  50335.219 234.426  -0.053    9.620  -10.000      168.6512     5607.3398
 2 150  33.248  50336.223 245.292   0.026   13.291  -10.000      168.6814     5608.3438
 3 150  33.248  50336.223 245.292  -0.013   11.100  -10.000      168.6814     5608.3438
 4 150  33.248  50336.223 245.292   0.028    9.723  -10.000      168.6814     5608.3438
 2 150  33.248  50337.188 255.740   0.057   13.394  -10.000      168.7104     5609.3086
 3 150  33.248  50337.188 255.740  -0.029   11.120  -10.000      168.7104     5609.3086
 4 150  33.248  50337.188 255.740   0.019    9.734  -10.000      168.7104     5609.3086
 2 150  33.248  50338.266 267.413   0.019   13.439  -10.000      168.7428     5610.3867
 3 150  33.248  50338.266 267.413  -0.018   11.175  -10.000      168.7428     5610.3867
 4 150  33.248  50338.266 267.413   0.019    9.762  -10.000      168.7428     5610.3867
 2 150  33.248  50340.176 288.100   0.042   13.592  -10.000      168.8003     5612.2969
 3 150  33.248  50340.176 288.100  -0.024   11.239  -10.000      168.8003     5612.2969
 4 150  33.248  50340.176 288.100   0.013    9.801  -10.000      168.8003     5612.2969
 2 150  33.248  50341.195 299.136   0.075   13.690  -10.000      168.8309     5613.3164
 3 150  33.248  50341.195 299.136  -0.021   11.279  -10.000      168.8309     5613.3164
 4 150  33.248  50341.195 299.136  -0.011    9.802  -10.000      168.8309     5613.3164
 2 150  33.248  50342.211 310.133  -0.003   13.670  -10.000      168.8615     5614.3320
 3 150  33.248  50342.211 310.133  -0.028   11.305  -10.000      168.8615     5614.3320
 4 150  33.248  50342.211 310.133   0.028    9.864  -10.000      168.8615     5614.3320
 2 150  33.248  50344.238 332.084   0.014   13.810  -10.000      168.9225     5616.3594
 3 150  33.248  50344.238 332.084  -0.006   11.405  -10.000      168.9225     5616.3594
 4 150  33.248  50344.238 332.084   0.074    9.969  -10.000      168.9225     5616.3594
 2 150  33.248  50347.227   4.438  -0.017   13.965  -10.000      169.0123     5619.3477
 3 150  33.248  50347.227   4.438   0.014   11.549  -10.000      169.0123     5619.3477
 4 150  33.248  50347.227   4.438   0.073   10.066  -10.000      169.0123     5619.3477
 3 150  33.248  50349.176  25.549   0.027   11.638  -10.000      169.0710     5621.2969
 4 150  33.248  50349.176  25.549   0.091   10.149  -10.000      169.0710     5621.2969
 2 150  33.248  50357.188 112.297  -0.091   14.222  -10.000      169.3119     5629.3086
 3 150  33.248  50357.188 112.297  -0.074   11.772  -10.000      169.3119     5629.3086
 4 150  33.248  50357.188 112.297  -0.001   10.295  -10.000      169.3119     5629.3086
