 0  22  10.717  43969.527  76.399   2.432   12.100  -10.000     -141.7878    -1519.5430
 0  22  10.717  43971.535 143.844  -2.575   -2.300  -10.000     -141.6004    -1517.5352
 0  22  10.717  44298.531 328.104  -1.408  -21.100  -10.000     -111.0886    -1190.5391
 0  22  10.717  44300.543  35.681  -3.520    2.200  -10.000     -110.9009    -1188.5273
 0  22  10.717  44653.609  15.683   0.937   -5.900  -10.000      -77.9564     -835.4609
 0  22  10.717  44654.461  44.289  -3.962    1.300  -10.000      -77.8770     -834.6094
 0  22  10.717  44655.410  76.174  -5.432    4.200  -10.000      -77.7884     -833.6602
 0  22  10.717  44691.473 207.565   5.397   -9.200  -10.000      -74.4234     -797.5977
 0  22  10.717  44692.523 242.861  -0.460  -18.700  -10.000      -74.3254     -796.5469
 0  22  10.717  44693.531 276.715   0.607  -24.300  -10.000      -74.2313     -795.5391
 0  22  10.717  44694.305 302.695   3.948  -16.600  -10.000      -74.1592     -794.7656
 0  22  10.717  44704.348 280.052   0.996  -23.700  -10.000      -73.2221     -784.7227
 0  22  10.717  44706.527 353.271   3.240   -7.300  -10.000      -73.0187     -782.5430
 0  22  10.717  44707.504  26.076  -3.210   -3.200  -10.000      -72.9276     -781.5664
 0  22  10.717  44713.520 228.150  -1.476  -19.000  -10.000      -72.3662     -775.5508
 0  22  10.717  44714.336 255.575  -4.172  -24.900  -10.000      -72.2901     -774.7344
 0  22  10.717  44715.535 295.856  -2.455  -24.900  -10.000      -72.1782     -773.5352
 0  22  10.717  44772.383  45.450  -3.774    1.300  -10.000      -66.8737     -716.6875
 0  22  10.717  44774.379 112.503  -0.700   11.900  -10.000      -66.6875     -714.6914
 0  22  10.717  44775.309 143.731   0.547    0.900  -10.000      -66.6007     -713.7617
 0  22  10.717  44777.336 211.833   3.328  -10.200  -10.000      -66.4116     -711.7344
 0  22  10.717  44778.344 245.687  -4.927  -23.600  -10.000      -66.3175     -710.7266
 0  22  10.717  45089.418 255.111   0.589  -20.100  -10.000      -37.2914     -399.6523
 0  22  10.717  45090.449 289.752  -0.464  -24.900  -10.000      -37.1951     -398.6211
 0  22  10.717  45091.434 322.818  -1.656  -20.400  -10.000      -37.1033     -397.6367
 0  22  10.717  45093.434  30.001  -2.732    0.600  -10.000      -36.9167     -395.6367
 1  22  10.717  43934.535 340.961   0.022   11.908  -10.000     -145.0529    -1554.5352
 2  22  10.717  43934.535 340.961   0.007   10.910  -10.000     -145.0529    -1554.5352
 3  22  10.717  43934.535 340.961   0.002    9.681  -10.000     -145.0529    -1554.5352
 2  22  10.717  43940.613 185.131   0.096   10.712  -10.000     -144.4857    -1548.4570
 3  22  10.717  43940.613 185.131   0.083    9.649  -10.000     -144.4857    -1548.4570
 4  22  10.717  43940.613 185.131   0.057    9.040  -10.000     -144.4857    -1548.4570
 5  22  10.717  43940.613 185.131   0.014    8.451  -10.000     -144.4857    -1548.4570
 1  22  10.717  43941.535 216.101  -0.034   11.030  -10.000     -144.3997    -1547.5352
 2  22  10.717  43941.535 216.101  -0.012   10.372  -10.000     -144.3997    -1547.5352
 3  22  10.717  43941.535 216.101   0.015    9.406  -10.000     -144.3997    -1547.5352
 2  22  10.717  43944.559 317.659  -0.023   10.720  -10.000     -144.1176    -1544.5117
 3  22  10.717  43944.559 317.659  -0.022    9.556  -10.000     -144.1176    -1544.5117
 4  22  10.717  43944.559 317.659  -0.034    8.913  -10.000     -144.1176    -1544.5117
 5  22  10.717  43944.559 317.659  -0.053    8.304  -10.000     -144.1176    -1544.5117
 2  22  10.717  43945.457 347.844  -0.016   10.932  -10.000     -144.0338    -1543.6133
 3  22  10.717  43945.457 347.844  -0.018    9.690  -10.000     -144.0338    -1543.6133
 4  22  10.717  43945.457 347.844  -0.012    9.034  -10.000     -144.0338    -1543.6133
 5  22  10.717  43945.457 347.844  -0.035    8.393  -10.000     -144.0338    -1543.6133
 2  22  10.717  43979.410  48.373   0.037   11.346  -10.000     -140.8656    -1509.6602
 3  22  10.717  43979.410  48.373   0.010    9.982  -10.000     -140.8656    -1509.6602
 4  22  10.717  43979.410  48.373   0.002    9.271  -10.000     -140.8656    -1509.6602
 5  22  10.717  43979.410  48.373  -0.012    8.601  -10.000     -140.8656    -1509.6602
 2  22  10.717  43980.484  84.457   0.004   11.357  -10.000     -140.7654    -1508.5859
 3  22  10.717  43980.484  84.457  -0.006   10.024  -10.000     -140.7654    -1508.5859
 4  22  10.717  43980.484  84.457  -0.019    9.314  -10.000     -140.7654    -1508.5859
 5  22  10.717  43980.484  84.457  -0.027    8.656  -10.000     -140.7654    -1508.5859
 2  22  10.717  44047.297 168.788   0.113   10.825  -10.000     -134.5311    -1441.7734
 3  22  10.717  44047.297 168.788   0.074    9.712  -10.000     -134.5311    -1441.7734
 4  22  10.717  44047.297 168.788   0.038    9.082  -10.000     -134.5311    -1441.7734
 5  22  10.717  44047.297 168.788   0.003    8.492  -10.000     -134.5311    -1441.7734
 2  22  10.717  44647.527 171.378   0.101   10.796  -10.000      -78.5239     -841.5430
 3  22  10.717  44647.527 171.378   0.068    9.693  -10.000      -78.5239     -841.5430
 4  22  10.717  44647.527 171.378   0.032    9.066  -10.000      -78.5239     -841.5430
 5  22  10.717  44647.527 171.378   0.004    8.484  -10.000      -78.5239     -841.5430
 2  22  10.717  44649.531 238.692   0.053   10.312  -10.000      -78.3370     -839.5391
 3  22  10.717  44649.531 238.692   0.042    9.334  -10.000      -78.3370     -839.5391
 4  22  10.717  44649.531 238.692   0.030    8.774  -10.000      -78.3370     -839.5391
 5  22  10.717  44649.531 238.692  -0.001    8.229  -10.000      -78.3370     -839.5391
 2  22  10.717  44676.480  63.954  -0.014   11.346  -10.000      -75.8223     -812.5898
 3  22  10.717  44676.480  63.954  -0.018    9.999  -10.000      -75.8223     -812.5898
 4  22  10.717  44676.480  63.954  -0.022    9.290  -10.000      -75.8223     -812.5898
 5  22  10.717  44676.480  63.954  -0.008    8.646  -10.000      -75.8223     -812.5898
 2  22  10.717  44677.461  96.891  -0.019   11.293  -10.000      -75.7309     -811.6094
 3  22  10.717  44677.461  96.891  -0.019    9.995  -10.000      -75.7309     -811.6094
 4  22  10.717  44677.461  96.891  -0.040    9.288  -10.000      -75.7309     -811.6094
 5  22  10.717  44677.461  96.891  -0.051    8.637  -10.000      -75.7309     -811.6094
 2  22  10.717  44679.484 164.861   0.081   10.820  -10.000      -75.5421     -809.5859
 3  22  10.717  44679.484 164.861   0.060    9.717  -10.000      -75.5421     -809.5859
 4  22  10.717  44679.484 164.861   0.014    9.075  -10.000      -75.5421     -809.5859
 5  22  10.717  44679.484 164.861   0.001    8.503  -10.000      -75.5421     -809.5859
 2  22  10.717  44680.504 199.108   0.063   10.602  -10.000      -75.4469     -808.5664
 3  22  10.717  44680.504 199.108   0.068    9.574  -10.000      -75.4469     -808.5664
 4  22  10.717  44680.504 199.108   0.032    8.963  -10.000      -75.4469     -808.5664
 5  22  10.717  44680.504 199.108   0.033    8.425  -10.000      -75.4469     -808.5664
 2  22  10.717  44703.340 246.198   0.045   10.319  -10.000      -73.3161     -785.7305
 3  22  10.717  44703.340 246.198   0.050    9.349  -10.000      -73.3161     -785.7305
 4  22  10.717  44703.340 246.198   0.023    8.770  -10.000      -73.3161     -785.7305
 5  22  10.717  44703.340 246.198   0.007    8.237  -10.000      -73.3161     -785.7305
 2  22  10.717  44704.473 284.252  -0.003   10.504  -10.000      -73.2104     -784.5977
 3  22  10.717  44704.473 284.252  -0.003    9.432  -10.000      -73.2104     -784.5977
 4  22  10.717  44704.473 284.252  -0.035    8.808  -10.000      -73.2104     -784.5977
 5  22  10.717  44704.473 284.252  -0.047    8.241  -10.000      -73.2104     -784.5977
 2  22  10.717  44706.496 352.222  -0.005   10.970  -10.000      -73.0216     -782.5742
 3  22  10.717  44706.496 352.222  -0.010    9.716  -10.000      -73.0216     -782.5742
 4  22  10.717  44706.496 352.222  -0.027    9.033  -10.000      -73.0216     -782.5742
 5  22  10.717  44706.496 352.222  -0.025    8.413  -10.000      -73.0216     -782.5742
 2  22  10.717  44711.375 156.113   0.075   10.875  -10.000      -72.5664     -777.6953
 3  22  10.717  44711.375 156.113   0.053    9.753  -10.000      -72.5664     -777.6953
 4  22  10.717  44711.375 156.113   0.006    9.102  -10.000      -72.5664     -777.6953
 5  22  10.717  44711.375 156.113  -0.011    8.520  -10.000      -72.5664     -777.6953
 2  22  10.717  44712.477 193.115   0.106   10.683  -10.000      -72.4636     -776.5938
 3  22  10.717  44712.477 193.115   0.090    9.626  -10.000      -72.4636     -776.5938
 4  22  10.717  44712.477 193.115   0.057    9.013  -10.000      -72.4636     -776.5938
 5  22  10.717  44712.477 193.115   0.037    8.451  -10.000      -72.4636     -776.5938
 2  22  10.717  44713.453 225.920  -0.027   10.271  -10.000      -72.3724     -775.6172
 3  22  10.717  44713.453 225.920   0.013    9.339  -10.000      -72.3724     -775.6172
 4  22  10.717  44713.453 225.920   0.003    8.779  -10.000      -72.3724     -775.6172
 5  22  10.717  44713.453 225.920  -0.006    8.254  -10.000      -72.3724     -775.6172
 2  22  10.717  44795.285  94.774   0.010   11.332  -10.000      -64.7367     -693.7852
 3  22  10.717  44795.285  94.774  -0.009   10.010  -10.000      -64.7367     -693.7852
 4  22  10.717  44795.285  94.774  -0.034    9.297  -10.000      -64.7367     -693.7852
 5  22  10.717  44795.285  94.774  -0.050    8.639  -10.000      -64.7367     -693.7852
 1  22  10.717  45004.582 285.352  -0.021   11.281  -10.000      -45.2074     -484.4883
 2  22  10.717  45004.582 285.352  -0.005   10.509  -10.000      -45.2074     -484.4883
 3  22  10.717  45004.582 285.352   0.009    9.448  -10.000      -45.2074     -484.4883
 4  22  10.717  45004.582 285.352  -0.023    8.823  -10.000      -45.2074     -484.4883
 5  22  10.717  45004.582 285.352  -0.032    8.258  -10.000      -45.2074     -484.4883
 1  22  10.717  45005.578 318.812  -0.024   11.635  -10.000      -45.1144     -483.4922
 2  22  10.717  45005.578 318.812  -0.026   10.725  -10.000      -45.1144     -483.4922
 3  22  10.717  45005.578 318.812  -0.017    9.566  -10.000      -45.1144     -483.4922
 4  22  10.717  45005.578 318.812  -0.029    8.922  -10.000      -45.1144     -483.4922
 5  22  10.717  45005.578 318.812  -0.035    8.325  -10.000      -45.1144     -483.4922
 1  22  10.717  45006.539 351.091   0.000   11.980  -10.000      -45.0247     -482.5312
 2  22  10.717  45006.539 351.091  -0.012   10.956  -10.000      -45.0247     -482.5312
 3  22  10.717  45006.539 351.091   0.000    9.722  -10.000      -45.0247     -482.5312
 4  22  10.717  45006.539 351.091  -0.031    9.026  -10.000      -45.0247     -482.5312
 5  22  10.717  45006.539 351.091  -0.028    8.407  -10.000      -45.0247     -482.5312
 2  22  10.717  45007.598  26.650  -0.049   11.148  -10.000      -44.9260     -481.4727
 3  22  10.717  45007.598  26.650  -0.051    9.831  -10.000      -44.9260     -481.4727
 4  22  10.717  45007.598  26.650  -0.078    9.111  -10.000      -44.9260     -481.4727
 5  22  10.717  45007.598  26.650  -0.060    8.481  -10.000      -44.9260     -481.4727
 1  22  10.717  45008.594  60.110   0.017   12.505  -10.000      -44.8330     -480.4766
 2  22  10.717  45008.594  60.110  -0.006   11.345  -10.000      -44.8330     -480.4766
 3  22  10.717  45008.594  60.110  -0.003   10.005  -10.000      -44.8330     -480.4766
 4  22  10.717  45008.594  60.110  -0.026    9.277  -10.000      -44.8330     -480.4766
 5  22  10.717  45008.594  60.110  -0.051    8.594  -10.000      -44.8330     -480.4766
 1  22  10.717  45009.566  92.784   0.044   12.465  -10.000      -44.7423     -479.5039
 2  22  10.717  45009.566  92.784   0.023   11.353  -10.000      -44.7423     -479.5039
 3  22  10.717  45009.566  92.784  -0.003   10.020  -10.000      -44.7423     -479.5039
 4  22  10.717  45009.566  92.784  -0.021    9.312  -10.000      -44.7423     -479.5039
 5  22  10.717  45009.566  92.784  -0.022    8.667  -10.000      -44.7423     -479.5039
 1  22  10.717  45096.355 128.151  -0.088   11.887  -10.000      -36.6440     -392.7148
 2  22  10.717  45096.355 128.151  -0.024   11.017  -10.000      -36.6440     -392.7148
 3  22  10.717  45096.355 128.151  -0.031    9.824  -10.000      -36.6440     -392.7148
 4  22  10.717  45096.355 128.151  -0.065    9.150  -10.000      -36.6440     -392.7148
 5  22  10.717  45096.355 128.151  -0.073    8.544  -10.000      -36.6440     -392.7148
 1  22  10.717  45349.594 354.785  -0.008   12.005  -10.000      -13.0145     -139.4766
 2  22  10.717  45349.594 354.785  -0.005   10.987  -10.000      -13.0145     -139.4766
 3  22  10.717  45349.594 354.785  -0.002    9.735  -10.000      -13.0145     -139.4766
 4  22  10.717  45349.594 354.785  -0.014    9.055  -10.000      -13.0145     -139.4766
 5  22  10.717  45349.594 354.785  -0.031    8.414  -10.000      -13.0145     -139.4766
 1  22  10.717  45351.594  61.967   0.017   12.510  -10.000      -12.8279     -137.4766
 2  22  10.717  45351.594  61.967   0.006   11.362  -10.000      -12.8279     -137.4766
 3  22  10.717  45351.594  61.967   0.003   10.015  -10.000      -12.8279     -137.4766
 4  22  10.717  45351.594  61.967  -0.015    9.292  -10.000      -12.8279     -137.4766
 5  22  10.717  45351.594  61.967  -0.021    8.628  -10.000      -12.8279     -137.4766
 1  22  10.717  45352.594  95.559  -0.048   12.353  -10.000      -12.7346     -136.4766
 2  22  10.717  45352.594  95.559  -0.009   11.310  -10.000      -12.7346     -136.4766
 3  22  10.717  45352.594  95.559  -0.021    9.997  -10.000      -12.7346     -136.4766
 4  22  10.717  45352.594  95.559  -0.053    9.277  -10.000      -12.7346     -136.4766
 5  22  10.717  45352.594  95.559  -0.062    8.626  -10.000      -12.7346     -136.4766
23   4  10.717  40989.598  56.338  -0.016    3.203  -10.000     -419.8435    -4499.4727
24   4  10.717  40989.598  56.338  -0.030    4.625  -10.000     -419.8435    -4499.4727
25   4  10.717  40989.598  56.338   0.059    6.408  -10.000     -419.8435    -4499.4727
27   4  10.717  40989.598  56.338   0.036    5.998  -10.000     -419.8435    -4499.4727
23   4  10.717  40990.461  85.331  -0.039    3.210  -10.000     -419.7630    -4498.6094
24   4  10.717  40990.461  85.331  -0.018    4.642  -10.000     -419.7630    -4498.6094
25   4  10.717  40990.461  85.331   0.086    6.427  -10.000     -419.7630    -4498.6094
27   4  10.717  40990.461  85.331   0.083    6.028  -10.000     -419.7630    -4498.6094
23   4  10.717  40997.434 319.548  -0.024    2.775  -10.000     -419.1124    -4491.6367
24   4  10.717  40997.434 319.548  -0.027    3.997  -10.000     -419.1124    -4491.6367
25   4  10.717  40997.434 319.548  -0.029    5.582  -10.000     -419.1124    -4491.6367
27   4  10.717  40997.434 319.548   0.020    5.155  -10.000     -419.1124    -4491.6367
23   4  10.717  41016.402 236.744   0.046    2.543  -10.000     -417.3424    -4472.6680
24   4  10.717  41016.402 236.744   0.045    3.517  -10.000     -417.3424    -4472.6680
25   4  10.717  41016.402 236.744  -0.002    4.932  -10.000     -417.3424    -4472.6680
27   4  10.717  41016.402 236.744   0.038    4.390  -10.000     -417.3424    -4472.6680
23   4  10.717  41017.441 271.648  -0.017    2.578  -10.000     -417.2454    -4471.6289
24   4  10.717  41017.441 271.648  -0.033    3.625  -10.000     -417.2454    -4471.6289
25   4  10.717  41017.441 271.648  -0.065    5.100  -10.000     -417.2454    -4471.6289
27   4  10.717  41017.441 271.648  -0.049    4.570  -10.000     -417.2454    -4471.6289
23   4  10.717  41018.418 304.453  -0.007    2.725  -10.000     -417.1543    -4470.6523
24   4  10.717  41018.418 304.453  -0.026    3.883  -10.000     -417.1543    -4470.6523
25   4  10.717  41018.418 304.453  -0.072    5.400  -10.000     -417.1543    -4470.6523
27   4  10.717  41018.418 304.453   0.015    4.990  -10.000     -417.1543    -4470.6523
23   4  10.717  41027.461 248.214   0.023    2.530  -10.000     -416.3105    -4461.6094
24   4  10.717  41027.461 248.214   0.023    3.523  -10.000     -416.3105    -4461.6094
25   4  10.717  41027.461 248.214  -0.030    4.940  -10.000     -416.3105    -4461.6094
27   4  10.717  41027.461 248.214   0.013    4.408  -10.000     -416.3105    -4461.6094
23   4  10.717  41042.445  31.564   0.000    3.122  -10.000     -414.9123    -4446.6250
24   4  10.717  41042.445  31.564  -0.008    4.525  -10.000     -414.9123    -4446.6250
25   4  10.717  41042.445  31.564   0.052    6.265  -10.000     -414.9123    -4446.6250
27   4  10.717  41042.445  31.564   0.077    5.892  -10.000     -414.9123    -4446.6250
23   4  10.717  41047.391 197.677   0.064    2.785  -10.000     -414.4509    -4441.6797
24   4  10.717  41047.391 197.677   0.054    3.835  -10.000     -414.4509    -4441.6797
25   4  10.717  41047.391 197.677   0.041    5.327  -10.000     -414.4509    -4441.6797
27   4  10.717  41047.391 197.677   0.071    4.810  -10.000     -414.4509    -4441.6797
23   4  10.717  41048.367 230.482   0.001    2.510  -10.000     -414.3598    -4440.7031
24   4  10.717  41048.367 230.482  -0.019    3.467  -10.000     -414.3598    -4440.7031
25   4  10.717  41048.367 230.482  -0.037    4.912  -10.000     -414.3598    -4440.7031
27   4  10.717  41048.367 230.482  -0.073    4.295  -10.000     -414.3598    -4440.7031
23   4  10.717  41050.434 299.894  -0.006    2.705  -10.000     -414.1670    -4438.6367
24   4  10.717  41050.434 299.894  -0.026    3.845  -10.000     -414.1670    -4438.6367
25   4  10.717  41050.434 299.894  -0.069    5.358  -10.000     -414.1670    -4438.6367
27   4  10.717  41050.434 299.894   0.020    4.943  -10.000     -414.1670    -4438.6367
23   4  10.717  41051.352 330.732  -0.024    2.822  -10.000     -414.0813    -4437.7188
24   4  10.717  41051.352 330.732  -0.017    4.090  -10.000     -414.0813    -4437.7188
25   4  10.717  41051.352 330.732  -0.052    5.660  -10.000     -414.0813    -4437.7188
27   4  10.717  41051.352 330.732  -0.006    5.245  -10.000     -414.0813    -4437.7188
23   4  10.717  41053.367  38.441  -0.013    3.140  -10.000     -413.8932    -4435.7031
24   4  10.717  41053.367  38.441  -0.012    4.560  -10.000     -413.8932    -4435.7031
25   4  10.717  41053.367  38.441   0.153    6.410  -10.000     -413.8932    -4435.7031
27   4  10.717  41053.367  38.441   0.114    5.977  -10.000     -413.8932    -4435.7031
23   4  10.717  41054.422  73.872  -0.020    3.233  -10.000     -413.7948    -4434.6484
24   4  10.717  41054.422  73.872  -0.020    4.663  -10.000     -413.7948    -4434.6484
25   4  10.717  41054.422  73.872   0.062    6.435  -10.000     -413.7948    -4434.6484
27   4  10.717  41054.422  73.872  -0.013    5.970  -10.000     -413.7948    -4434.6484
23   4  10.717  41055.422 107.457  -0.006    3.190  -10.000     -413.7015    -4433.6484
24   4  10.717  41055.422 107.457  -0.017    4.523  -10.000     -413.7015    -4433.6484
25   4  10.717  41055.422 107.457  -0.127    6.060  -10.000     -413.7015    -4433.6484
27   4  10.717  41055.422 107.457  -0.053    5.707  -10.000     -413.7015    -4433.6484
23   4  10.717  41058.430 208.499   0.000    2.650  -10.000     -413.4208    -4430.6406
24   4  10.717  41058.430 208.499  -0.039    3.642  -10.000     -413.4208    -4430.6406
25   4  10.717  41058.430 208.499  -0.040    5.132  -10.000     -413.4208    -4430.6406
27   4  10.717  41058.430 208.499  -0.077    4.537  -10.000     -413.4208    -4430.6406
23   4  10.717  41066.441 117.620  -0.023    3.115  -10.000     -412.6733    -4422.6289
24   4  10.717  41066.441 117.620  -0.033    4.403  -10.000     -412.6733    -4422.6289
25   4  10.717  41066.441 117.620  -0.109    5.950  -10.000     -412.6733    -4422.6289
27   4  10.717  41066.441 117.620  -0.039    5.575  -10.000     -412.6733    -4422.6289
23   4  10.717  41067.434 150.952   0.017    2.952  -10.000     -412.5807    -4421.6367
24   4  10.717  41067.434 150.952   0.022    4.112  -10.000     -412.5807    -4421.6367
25   4  10.717  41067.434 150.952  -0.066    5.577  -10.000     -412.5807    -4421.6367
27   4  10.717  41067.434 150.952  -0.002    5.135  -10.000     -412.5807    -4421.6367
23   4  10.717  41077.332 123.453  -0.031    3.068  -10.000     -411.6571    -4411.7383
24   4  10.717  41077.332 123.453  -0.035    4.332  -10.000     -411.6571    -4411.7383
25   4  10.717  41077.332 123.453  -0.180    5.798  -10.000     -411.6571    -4411.7383
27   4  10.717  41077.332 123.453  -0.059    5.460  -10.000     -411.6571    -4411.7383
23   4  10.717  41082.336 291.544  -0.011    2.663  -10.000     -411.1902    -4406.7344
24   4  10.717  41082.336 291.544  -0.027    3.778  -10.000     -411.1902    -4406.7344
25   4  10.717  41082.336 291.544  -0.076    5.270  -10.000     -411.1902    -4406.7344
27   4  10.717  41082.336 291.544   0.001    4.830  -10.000     -411.1902    -4406.7344
23   4  10.717  41083.387 326.843  -0.013    2.817  -10.000     -411.0921    -4405.6836
24   4  10.717  41083.387 326.843  -0.018    4.060  -10.000     -411.0921    -4405.6836
25   4  10.717  41083.387 326.843  -0.052    5.625  -10.000     -411.0921    -4405.6836
27   4  10.717  41083.387 326.843   0.035    5.245  -10.000     -411.0921    -4405.6836
23   4  10.717  41085.418  35.068  -0.023    3.115  -10.000     -410.9026    -4403.6523
24   4  10.717  41085.418  35.068  -0.041    4.513  -10.000     -410.9026    -4403.6523
25   4  10.717  41085.418  35.068   0.069    6.305  -10.000     -410.9026    -4403.6523
27   4  10.717  41085.418  35.068   0.089    5.930  -10.000     -410.9026    -4403.6523
23   4  10.717  41090.383 201.852   0.029    2.725  -10.000     -410.4393    -4398.6875
24   4  10.717  41090.383 201.852   0.016    3.763  -10.000     -410.4393    -4398.6875
25   4  10.717  41090.383 201.852   0.003    5.250  -10.000     -410.4393    -4398.6875
27   4  10.717  41090.383 201.852   0.011    4.707  -10.000     -410.4393    -4398.6875
23   4  10.717  41092.395 269.429   0.022    2.608  -10.000     -410.2516    -4396.6758
24   4  10.717  41092.395 269.429   0.016    3.658  -10.000     -410.2516    -4396.6758
25   4  10.717  41092.395 269.429   0.025    5.170  -10.000     -410.2516    -4396.6758
27   4  10.717  41092.395 269.429   0.021    4.618  -10.000     -410.2516    -4396.6758
23   4  10.717  41100.348 176.583   0.063    2.873  -10.000     -409.5095    -4388.7227
24   4  10.717  41100.348 176.583   0.070    3.973  -10.000     -409.5095    -4388.7227
25   4  10.717  41100.348 176.583   0.019    5.443  -10.000     -409.5095    -4388.7227
27   4  10.717  41100.348 176.583   0.052    4.943  -10.000     -409.5095    -4388.7227
23   4  10.717  41101.332 209.652   0.028    2.670  -10.000     -409.4176    -4387.7383
24   4  10.717  41101.332 209.652  -0.003    3.667  -10.000     -409.4176    -4387.7383
25   4  10.717  41101.332 209.652  -0.039    5.120  -10.000     -409.4176    -4387.7383
27   4  10.717  41101.332 209.652  -0.072    4.527  -10.000     -409.4176    -4387.7383
23   4  10.717  41106.355  18.391  -0.003    3.062  -10.000     -408.9489    -4382.7148
24   4  10.717  41106.355  18.391  -0.033    4.420  -10.000     -408.9489    -4382.7148
25   4  10.717  41106.355  18.391  -0.077    6.045  -10.000     -408.9489    -4382.7148
27   4  10.717  41106.355  18.391  -0.049    5.665  -10.000     -408.9489    -4382.7148
23   4  10.717  41107.324  50.933   0.004    3.205  -10.000     -408.8585    -4381.7461
24   4  10.717  41107.324  50.933  -0.009    4.625  -10.000     -408.8585    -4381.7461
25   4  10.717  41107.324  50.933   0.021    6.347  -10.000     -408.8585    -4381.7461
27   4  10.717  41107.324  50.933   0.114    6.052  -10.000     -408.8585    -4381.7461
23   4  10.717  41108.238  81.639  -0.041    3.210  -10.000     -408.7732    -4380.8320
24   4  10.717  41108.238  81.639  -0.044    4.625  -10.000     -408.7732    -4380.8320
25   4  10.717  41108.238  81.639  -0.113    6.240  -10.000     -408.7732    -4380.8320
27   4  10.717  41108.238  81.639  -0.027    5.932  -10.000     -408.7732    -4380.8320
23   4  10.717  41109.266 116.147  -0.020    3.128  -10.000     -408.6774    -4379.8047
24   4  10.717  41109.266 116.147  -0.040    4.412  -10.000     -408.6774    -4379.8047
25   4  10.717  41109.266 116.147  -0.157    5.923  -10.000     -408.6774    -4379.8047
27   4  10.717  41109.266 116.147  -0.058    5.580  -10.000     -408.6774    -4379.8047
23   4  10.717  41114.324 286.073  -0.008    2.643  -10.000     -408.2054    -4374.7461
24   4  10.717  41114.324 286.073  -0.025    3.738  -10.000     -408.2054    -4374.7461
25   4  10.717  41114.324 286.073  -0.064    5.230  -10.000     -408.2054    -4374.7461
27   4  10.717  41114.324 286.073  -0.007    4.763  -10.000     -408.2054    -4374.7461
23   4  10.717  41115.316 319.406   0.007    2.805  -10.000     -408.1128    -4373.7539
24   4  10.717  41115.316 319.406  -0.013    4.010  -10.000     -408.1128    -4373.7539
25   4  10.717  41115.316 319.406  -0.058    5.552  -10.000     -408.1128    -4373.7539
27   4  10.717  41115.316 319.406   0.049    5.182  -10.000     -408.1128    -4373.7539
23   4  10.717  41123.297 227.483   0.018    2.540  -10.000     -407.3681    -4365.7734
24   4  10.717  41123.297 227.483  -0.030    3.472  -10.000     -407.3681    -4365.7734
25   4  10.717  41123.297 227.483  -0.053    4.915  -10.000     -407.3681    -4365.7734
27   4  10.717  41123.297 227.483  -0.065    4.323  -10.000     -407.3681    -4365.7734
23   4  10.717  41124.293 260.936   0.019    2.570  -10.000     -407.2752    -4364.7773
24   4  10.717  41124.293 260.936  -0.009    3.570  -10.000     -407.2752    -4364.7773
25   4  10.717  41124.293 260.936  -0.058    5.010  -10.000     -407.2752    -4364.7773
27   4  10.717  41124.293 260.936   0.003    4.510  -10.000     -407.2752    -4364.7773
23   4  10.717  41130.293 102.491  -0.018    3.198  -10.000     -406.7153    -4358.7773
24   4  10.717  41130.293 102.491  -0.034    4.545  -10.000     -406.7153    -4358.7773
25   4  10.717  41130.293 102.491  -0.033    6.203  -10.000     -406.7153    -4358.7773
27   4  10.717  41130.293 102.491  -0.015    5.803  -10.000     -406.7153    -4358.7773
23   4  10.717  41132.301 169.937   0.060    2.900  -10.000     -406.5280    -4356.7695
24   4  10.717  41132.301 169.937   0.058    4.005  -10.000     -406.5280    -4356.7695
25   4  10.717  41132.301 169.937  -0.003    5.472  -10.000     -406.5280    -4356.7695
27   4  10.717  41132.301 169.937   0.054    5.002  -10.000     -406.5280    -4356.7695
23   4  10.717  41133.273 202.610   0.052    2.743  -10.000     -406.4372    -4355.7969
24   4  10.717  41133.273 202.610   0.010    3.750  -10.000     -406.4372    -4355.7969
25   4  10.717  41133.273 202.610  -0.004    5.235  -10.000     -406.4372    -4355.7969
27   4  10.717  41133.273 202.610  -0.010    4.677  -10.000     -406.4372    -4355.7969
23   4  10.717  41134.215 234.229   0.008    2.508  -10.000     -406.3494    -4354.8555
24   4  10.717  41134.215 234.229   0.018    3.493  -10.000     -406.3494    -4354.8555
25   4  10.717  41134.215 234.229  -0.017    4.920  -10.000     -406.3494    -4354.8555
27   4  10.717  41134.215 234.229  -0.014    4.340  -10.000     -406.3494    -4354.8555
23   4  10.717  41136.199 300.883   0.004    2.720  -10.000     -406.1642    -4352.8711
24   4  10.717  41136.199 300.883  -0.017    3.863  -10.000     -406.1642    -4352.8711
25   4  10.717  41136.199 300.883  -0.069    5.368  -10.000     -406.1642    -4352.8711
27   4  10.717  41136.199 300.883   0.031    4.965  -10.000     -406.1642    -4352.8711
23   4  10.717  41139.215  42.188   0.009    3.178  -10.000     -405.8828    -4349.8555
24   4  10.717  41139.215  42.188   0.005    4.597  -10.000     -405.8828    -4349.8555
25   4  10.717  41139.215  42.188   0.038    6.318  -10.000     -405.8828    -4349.8555
27   4  10.717  41139.215  42.188   0.069    5.958  -10.000     -405.8828    -4349.8555
23   4  10.717  41140.215  75.773  -0.013    3.240  -10.000     -405.7895    -4348.8555
24   4  10.717  41140.215  75.773  -0.020    4.660  -10.000     -405.7895    -4348.8555
25   4  10.717  41140.215  75.773   0.101    6.470  -10.000     -405.7895    -4348.8555
27   4  10.717  41140.215  75.773   0.081    6.060  -10.000     -405.7895    -4348.8555
23   4  10.717  41141.230 109.896  -0.017    3.168  -10.000     -405.6947    -4347.8398
24   4  10.717  41141.230 109.896  -0.035    4.483  -10.000     -405.6947    -4347.8398
25   4  10.717  41141.230 109.896  -0.027    6.133  -10.000     -405.6947    -4347.8398
27   4  10.717  41141.230 109.896  -0.079    5.650  -10.000     -405.6947    -4347.8398
18 163  10.717  47866.598 304.514  -0.027    9.651  -10.000      221.8459     2377.5273
18 163  10.717  47866.609 304.909  -0.035    9.645  -10.000      221.8470     2377.5391
18 163  10.717  47884.727 193.491   0.086    9.779  -10.000      223.5375     2395.6562
18 163  10.717  47884.738 193.887   0.041    9.732  -10.000      223.5386     2395.6680
18 163  10.717  47915.734 155.089  -0.037    9.825  -10.000      226.4308     2426.6641
18 163  10.717  47915.746 155.479   0.049    9.909  -10.000      226.4319     2426.6758
18 163  10.717  47945.676  80.859  -0.026   10.155  -10.000      229.2246     2456.6055
18 163  10.717  47945.691  81.387   0.005   10.186  -10.000      229.2261     2456.6211
18 163  10.717  47968.605 131.100  -0.008    9.984  -10.000      231.3642     2479.5352
18 163  10.717  47968.621 131.627   0.003    9.993  -10.000      231.3656     2479.5508
18 163  10.717  47968.695 134.121  -0.001    9.974  -10.000      231.3726     2479.6250
18 163  10.717  47968.711 134.643   0.010    9.982  -10.000      231.3740     2479.6406
18 163  10.717  47968.785 137.137  -0.052    9.906  -10.000      231.3809     2479.7148
18 163  10.717  47968.797 137.532  -0.016    9.940  -10.000      231.3820     2479.7266
18 163  10.717  48012.070 151.150   0.053    9.934  -10.000      235.4199     2523.0000
18 163  10.717  48012.160 154.166   0.065    9.931  -10.000      235.4282     2523.0898
18 163  10.717  48012.234 156.660  -0.034    9.820  -10.000      235.4352     2523.1641
18 163  10.717  48012.250 157.181   0.056    9.907  -10.000      235.4366     2523.1797
18 163  10.717  48012.324 159.675   0.079    9.919  -10.000      235.4435     2523.2539
18 163  10.717  48012.340 160.203   0.038    9.875  -10.000      235.4450     2523.2695
18 163  10.717  48032.957 132.764   0.000    9.983  -10.000      237.3688     2543.8867
18 163  10.717  48033.047 135.780   0.003    9.969  -10.000      237.3772     2543.9766
18 163  10.717  48033.121 138.274   0.027    9.979  -10.000      237.3841     2544.0508
18 163  10.717  48033.211 141.290  -0.031    9.904  -10.000      237.3925     2544.1406
18 163  10.717  48033.223 141.685   0.007    9.939  -10.000      237.3936     2544.1523
18 163  10.717  48100.105 228.373  -0.006    9.469  -10.000      243.6344     2611.0352
18 163  10.717  48100.117 228.768   0.006    9.479  -10.000      243.6355     2611.0469
18 163  10.717  48100.191 231.262   0.028    9.493  -10.000      243.6424     2611.1211
18 163  10.717  48100.207 231.784   0.034    9.497  -10.000      243.6438     2611.1367
18 163  10.717  48100.281 234.278   0.008    9.465  -10.000      243.6508     2611.2109
18 163  10.717  48160.781 106.556  -0.027   10.107  -10.000      249.2960     2671.7109
18 163  10.717  48160.797 107.084  -0.019   10.113  -10.000      249.2975     2671.7266
18 163  10.717  48160.871 109.578   0.009   10.130  -10.000      249.3044     2671.8008
18 163  10.717  48172.957 155.561   0.020    9.879  -10.000      250.4321     2683.8867
18 163  10.717  48172.973 156.088   0.061    9.918  -10.000      250.4336     2683.9023
18 163  10.717  48173.047 158.577   0.039    9.884  -10.000      250.4405     2683.9766
18 163  10.717  48173.062 159.104  -0.002    9.841  -10.000      250.4420     2683.9922
18 163  10.717  48226.883 167.003   0.059    9.863  -10.000      255.4639     2737.8125
18 163  10.717  48226.898 167.531  -0.019    9.782  -10.000      255.4654     2737.8281
18 163  10.717  48260.906 229.900   0.034    9.502  -10.000      258.6386     2771.8359
18 163  10.717  48260.922 230.427   0.000    9.467  -10.000      258.6401     2771.8516
18 163  10.717  48285.699 342.729   0.000    9.841  -10.000      260.9520     2796.6289
18 163  10.717  48285.711 343.125  -0.014    9.828  -10.000      260.9531     2796.6406
18 163  10.717  48285.801 346.146  -0.010    9.845  -10.000      260.9615     2796.7305
18 163  10.717  48312.000 146.206  -0.017    9.890  -10.000      263.4061     2822.9297
18 163  10.717  48312.180 152.249   0.032    9.908  -10.000      263.4229     2823.1094
18 163  10.717  48351.367  28.608  -0.011   10.030  -10.000      267.0795     2862.2969
18 163  10.717  48351.379  29.004   0.003   10.045  -10.000      267.0806     2862.3086
18 163  10.717  48351.453  31.498  -0.083    9.970  -10.000      267.0875     2862.3828
18 163  10.717  48351.469  32.025   0.009   10.064  -10.000      267.0890     2862.3984
18 163  10.717  48351.633  37.529   0.075   10.154  -10.000      267.1042     2862.5625
18 163  10.717  48351.648  38.057  -0.005   10.077  -10.000      267.1057     2862.5781
18 163  10.717  48351.723  40.551  -0.017   10.075  -10.000      267.1126     2862.6523
18 163  10.717  48351.734  40.946  -0.017   10.077  -10.000      267.1137     2862.6641
18 163  10.717  48370.387 307.507  -0.030    9.661  -10.000      268.8542     2881.3164
18 163  10.717  48412.504 282.283  -0.012    9.573  -10.000      272.7841     2923.4336
18 163  10.717  48412.516 282.678  -0.002    9.584  -10.000      272.7852     2923.4453
18 163  10.717  48412.605 285.688  -0.010    9.588  -10.000      272.7936     2923.5352
18 163  10.717  48412.680 288.182  -0.004    9.604  -10.000      272.8005     2923.6094
18 163  10.717  48412.695 288.710  -0.016    9.594  -10.000      272.8020     2923.6250
18 163  10.717  48439.617 113.049   0.060   10.163  -10.000      275.3140     2950.5469
18 163  10.717  48467.148 317.867  -0.019    9.715  -10.000      277.8830     2978.0781
18 163  10.717  48467.164 318.395   0.001    9.737  -10.000      277.8844     2978.0938
18 163  10.717  48467.238 320.889  -0.010    9.737  -10.000      277.8914     2978.1680
18 163  10.717  48467.250 321.284   0.005    9.753  -10.000      277.8925     2978.1797
18 163  10.717  48502.594  68.522   0.067   10.243  -10.000      281.1903     3013.5234
18 163  10.717  48502.684  71.543  -0.025   10.156  -10.000      281.1987     3013.6133
18 163  10.717  48518.250 234.437   0.075    9.531  -10.000      282.6512     3029.1797
18 163  10.717  48518.324 236.931   0.031    9.485  -10.000      282.6581     3029.2539
18 163  10.717  48518.500 242.842   0.022    9.476  -10.000      282.6746     3029.4297
18 163  10.717  48558.059 131.671  -0.021    9.968  -10.000      286.3658     3068.9883
18 163  10.717  48558.074 132.198  -0.046    9.940  -10.000      286.3672     3069.0039
18 163  10.717  48558.148 134.681   0.019    9.991  -10.000      286.3741     3069.0781
18 163  10.717  48558.164 135.209  -0.032    9.937  -10.000      286.3756     3069.0938
18 163  10.717  48558.238 137.703  -0.004    9.951  -10.000      286.3825     3069.1680
18 163  10.717  48558.250 138.098  -0.009    9.944  -10.000      286.3836     3069.1797
18 163  10.717  48569.629 160.334   0.006    9.843  -10.000      287.4454     3080.5586
18 163  10.717  48606.672 324.657  -0.016    9.746  -10.000      290.9018     3117.6016
18 163  10.717  48626.918 284.755   0.012    9.607  -10.000      292.7910     3137.8477
18 163  10.717  48626.930 285.150  -0.015    9.582  -10.000      292.7921     3137.8594
18 163  10.717  48627.008 287.776  -0.006    9.600  -10.000      292.7994     3137.9375
18 163  10.717  48710.625 216.595   0.003    9.551  -10.000      300.6017     3221.5547
18 163  10.717  48710.637 216.980   0.019    9.564  -10.000      300.6027     3221.5664
18 163  10.717  48710.711 219.474   0.018    9.545  -10.000      300.6096     3221.6406
18 163  10.717  48710.727 220.001   0.003    9.526  -10.000      300.6111     3221.6562
18 163  10.717  48710.801 222.495  -0.010    9.497  -10.000      300.6180     3221.7305
18 163  10.717  48710.812 222.891   0.008    9.512  -10.000      300.6191     3221.7422
18 163  10.717  48777.535 304.200  -0.061    9.615  -10.000      306.8450     3288.4648
18 163  10.717  48777.551 304.717  -0.028    9.651  -10.000      306.8464     3288.4805
18 163  10.717  48777.625 307.211  -0.038    9.652  -10.000      306.8534     3288.5547
18 163  10.717  48777.641 307.738  -0.006    9.686  -10.000      306.8548     3288.5703
18 163  10.717  48777.711 310.100   0.017    9.719  -10.000      306.8614     3288.6406
18 163  10.717  48777.727 310.627  -0.011    9.694  -10.000      306.8629     3288.6562
18 163  10.717  48777.801 313.121  -0.031    9.683  -10.000      306.8698     3288.7305
18 163  10.717  48777.816 313.649  -0.043    9.673  -10.000      306.8712     3288.7461
18 163  10.717  48810.941 346.366  -0.009    9.847  -10.000      309.9621     3321.8711
18 163  10.717  48810.957 346.882  -0.013    9.844  -10.000      309.9636     3321.8867
18 163  10.717  48811.031 349.376  -0.018    9.849  -10.000      309.9705     3321.9609
18 163  10.717  48811.047 349.904   0.031    9.901  -10.000      309.9720     3321.9766
18 163  10.717  48811.121 352.397  -0.003    9.876  -10.000      309.9789     3322.0508
18 163  10.717  48970.094 292.511  -0.003    9.622  -10.000      324.8125     3481.0234
18 163  10.717  48970.109 293.038  -0.013    9.614  -10.000      324.8140     3481.0391
18 163  10.717  48970.184 295.532  -0.036    9.602  -10.000      324.8209     3481.1133
18 163  10.717  48970.199 296.060  -0.016    9.624  -10.000      324.8224     3481.1289
18 163  10.717  48970.273 298.553  -0.019    9.632  -10.000      324.8293     3481.2031
18 163  10.717  48970.289 299.070  -0.042    9.611  -10.000      324.8307     3481.2188
18 163  10.717  49015.852  29.586   0.023   10.068  -10.000      329.0822     3526.7812
18 163  10.717  49015.867  30.114   0.006   10.053  -10.000      329.0836     3526.7969
18 163  10.717  49042.402 201.456   0.099    9.750  -10.000      331.5596     3553.3320
18 163  10.717  49042.477 203.950   0.138    9.773  -10.000      331.5665     3553.4062
18 163  10.717  49042.492 204.478   0.089    9.720  -10.000      331.5680     3553.4219
 1   2  10.717  41771.773  50.724   0.098   12.550  -10.000     -346.8591    -3717.2969
 2   2  10.717  41771.773  50.724   0.071   11.390  -10.000     -346.8591    -3717.2969
 3   2  10.717  41771.773  50.724   0.060   10.040  -10.000     -346.8591    -3717.2969
 1   2  10.717  41772.793  84.979  -0.002   12.460  -10.000     -346.7639    -3716.2773
 2   2  10.717  41772.793  84.979   0.008   11.360  -10.000     -346.7639    -3716.2773
 3   2  10.717  41772.793  84.979   0.011   10.040  -10.000     -346.7639    -3716.2773
 1   2  10.717  41773.793 118.564  -0.125   12.000  -10.000     -346.6707    -3715.2773
 2   2  10.717  41773.793 118.564  -0.041   11.100  -10.000     -346.6707    -3715.2773
 3   2  10.717  41773.793 118.564  -0.046    9.870  -10.000     -346.6707    -3715.2773
 1   2  10.717  42214.531 163.586   0.072   11.620  -10.000     -305.5456    -3274.5391
 2   2  10.717  42214.531 163.586   0.112   10.860  -10.000     -305.5456    -3274.5391
 3   2  10.717  42214.531 163.586   0.097    9.760  -10.000     -305.5456    -3274.5391
 1   2  10.717  42216.543 231.163  -0.025   10.890  -10.000     -305.3579    -3272.5273
 2   2  10.717  42216.543 231.163   0.010   10.280  -10.000     -305.3579    -3272.5273
 3   2  10.717  42216.543 231.163  -0.004    9.300  -10.000     -305.3579    -3272.5273
 1   2  10.717  42218.551 298.608  -0.004   11.440  -10.000     -305.1705    -3270.5195
 2   2  10.717  42218.551 298.608  -0.008   10.600  -10.000     -305.1705    -3270.5195
 3   2  10.717  42218.551 298.608  -0.045    9.450  -10.000     -305.1705    -3270.5195
 1   2  10.717  42219.539 331.809   0.030   11.820  -10.000     -305.0783    -3269.5312
 2   2  10.717  42219.539 331.809   0.032   10.870  -10.000     -305.0783    -3269.5312
 3   2  10.717  42219.539 331.809   0.023    9.660  -10.000     -305.0783    -3269.5312
 1   2  10.717  42220.523   4.878   0.114   12.220  -10.000     -304.9865    -3268.5469
 2   2  10.717  42220.523   4.878   0.092   11.150  -10.000     -304.9865    -3268.5469
 3   2  10.717  42220.523   4.878   0.067    9.850  -10.000     -304.9865    -3268.5469
 1   2  10.717  42221.520  38.331   0.071   12.450  -10.000     -304.8935    -3267.5508
 2   2  10.717  42221.520  38.331   0.020   11.280  -10.000     -304.8935    -3267.5508
 3   2  10.717  42221.520  38.331  -0.042    9.890  -10.000     -304.8935    -3267.5508
 0 125  10.717  37353.512 315.044   2.546  -17.000  -10.000     -759.1249    -8135.5586
 0 125  10.717  37367.570  67.302  12.937   26.000  -10.000     -757.8130    -8121.5000
 0 125  10.717  37415.398 233.921   1.246  -16.000  -10.000     -753.3502    -8073.6719
 0 125  10.717  38130.379 131.111   6.056   19.000  -10.000     -686.6358    -7358.6914
 0 125  10.717  38148.359  15.117 -10.002  -17.000  -10.000     -684.9580    -7340.7109
 0 125  10.717  38417.602  59.326  -0.787    8.000  -10.000     -659.8352    -7071.4688
 0 125  10.717  38459.551  28.477   0.848    3.000  -10.000     -655.9209    -7029.5195
 0 125  10.717  38477.461 270.088   4.308  -19.000  -10.000     -654.2498    -7011.6094
 0 125  10.717  38530.250 243.347   1.306  -17.000  -10.000     -649.3240    -6958.8203
