 1  79  25.967  45666.500  26.105   0.057   11.778  -10.000        6.0725      157.6875
 2  79  25.967  45666.500  26.105   0.035   10.403  -10.000        6.0725      157.6875
 3  79  25.967  45666.500  26.105   0.020    8.843  -10.000        6.0725      157.6875
 4  79  25.967  45666.500  26.105   0.044    8.042  -10.000        6.0725      157.6875
 1  79  25.967  45676.492 164.632  -0.212   10.943  -10.000        6.4573      167.6797
 2  79  25.967  45676.492 164.632  -0.054   10.093  -10.000        6.4573      167.6797
 3  79  25.967  45676.492 164.632  -0.044    8.821  -10.000        6.4573      167.6797
 4  79  25.967  45676.492 164.632  -0.029    8.122  -10.000        6.4573      167.6797
 2  79  25.967  45687.445 316.481   0.045    9.880  -10.000        6.8791      178.6328
 3  79  25.967  45687.445 316.481   0.021    8.482  -10.000        6.8791      178.6328
 1  79  25.967  45691.453  12.044   0.082   11.671  -10.000        7.0335      182.6406
 2  79  25.967  45691.453  12.044  -0.014   10.254  -10.000        7.0335      182.6406
 3  79  25.967  45691.453  12.044  -0.017    8.730  -10.000        7.0335      182.6406
 4  79  25.967  45691.453  12.044   0.002    7.935  -10.000        7.0335      182.6406
 2  79  25.967  45692.375  24.824  -0.019   10.340  -10.000        7.0690      183.5625
 3  79  25.967  45692.375  24.824  -0.006    8.810  -10.000        7.0690      183.5625
 4  79  25.967  45692.375  24.824   0.006    7.998  -10.000        7.0690      183.5625
 1  79  25.967  45693.379  38.742   0.002   11.840  -10.000        7.1076      184.5664
 2  79  25.967  45693.379  38.742  -0.042   10.417  -10.000        7.1076      184.5664
 3  79  25.967  45693.379  38.742  -0.049    8.846  -10.000        7.1076      184.5664
 4  79  25.967  45693.379  38.742  -0.029    8.033  -10.000        7.1076      184.5664
 1  79  25.967  45694.383  52.660   0.014   11.950  -10.000        7.1463      185.5703
 2  79  25.967  45694.383  52.660  -0.058   10.483  -10.000        7.1463      185.5703
 3  79  25.967  45694.383  52.660  -0.027    8.936  -10.000        7.1463      185.5703
 4  79  25.967  45694.383  52.660  -0.014    8.111  -10.000        7.1463      185.5703
 2  79  25.967  45704.359 190.970  -0.103    8.815  -10.000        7.5305      195.5469
 3  79  25.967  45704.359 190.970  -0.056    7.958  -10.000        7.5305      195.5469
 4  79  25.967  45704.359 190.970  -0.042    7.414  -10.000        7.5305      195.5469
 1  79  25.967  45705.340 204.563   0.198    9.550  -10.000        7.5682      196.5273
 2  79  25.967  45705.340 204.563   0.009    8.851  -10.000        7.5682      196.5273
 3  79  25.967  45705.340 204.563   0.027    7.968  -10.000        7.5682      196.5273
 4  79  25.967  45705.340 204.563   0.036    7.420  -10.000        7.5682      196.5273
 1  79  25.967  45706.336 218.372   0.140    9.697  -10.000        7.6066      197.5234
 2  79  25.967  45706.336 218.372   0.021    8.985  -10.000        7.6066      197.5234
 3  79  25.967  45706.336 218.372   0.021    8.022  -10.000        7.6066      197.5234
 4  79  25.967  45706.336 218.372   0.016    7.434  -10.000        7.6066      197.5234
 1  79  25.967  45707.348 232.398   0.069    9.869  -10.000        7.6456      198.5352
 2  79  25.967  45707.348 232.398  -0.014    9.098  -10.000        7.6456      198.5352
 3  79  25.967  45707.348 232.398  -0.008    8.067  -10.000        7.6456      198.5352
 4  79  25.967  45707.348 232.398   0.002    7.464  -10.000        7.6456      198.5352
 2  79  25.967  49803.672 141.910   0.034   10.599  -10.000      165.3942     4294.8594
 3  79  25.967  49803.672 141.910   0.016    9.136  -10.000      165.3942     4294.8594
 4  79  25.967  49803.672 141.910   0.025    8.362  -10.000      165.3942     4294.8594
 5  79  25.967  49803.672 141.910   0.015    7.622  -10.000      165.3942     4294.8594
 2  79  25.967  49804.688 155.995  -0.169   10.252  -10.000      165.4333     4295.8750
 3  79  25.967  49804.688 155.995  -0.119    8.925  -10.000      165.4333     4295.8750
 4  79  25.967  49804.688 155.995  -0.073    8.216  -10.000      165.4333     4295.8750
 5  79  25.967  49804.688 155.995  -0.078    7.507  -10.000      165.4333     4295.8750
 2  79  25.967  49805.664 169.530  -0.628    9.294  -10.000      165.4709     4296.8516
 3  79  25.967  49805.664 169.530  -0.407    8.309  -10.000      165.4709     4296.8516
 4  79  25.967  49805.664 169.530  -0.313    7.719  -10.000      165.4709     4296.8516
 5  79  25.967  49805.664 169.530  -0.263    7.130  -10.000      165.4709     4296.8516
 2  79  25.967  49807.664 197.260  -0.056    8.780  -10.000      165.5479     4298.8516
 3  79  25.967  49807.664 197.260  -0.022    7.926  -10.000      165.5479     4298.8516
 4  79  25.967  49807.664 197.260   0.012    7.409  -10.000      165.5479     4298.8516
 5  79  25.967  49807.664 197.260  -0.012    6.868  -10.000      165.5479     4298.8516
 2  79  25.967  49808.676 211.284   0.031    8.923  -10.000      165.5869     4299.8633
 3  79  25.967  49808.676 211.284   0.038    8.002  -10.000      165.5869     4299.8633
 4  79  25.967  49808.676 211.284   0.041    7.437  -10.000      165.5869     4299.8633
 5  79  25.967  49808.676 211.284   0.024    6.887  -10.000      165.5869     4299.8633
 2  79  25.967  49809.621 224.390   0.041    9.071  -10.000      165.6233     4300.8086
 3  79  25.967  49809.621 224.390   0.050    8.084  -10.000      165.6233     4300.8086
 4  79  25.967  49809.621 224.390   0.055    7.493  -10.000      165.6233     4300.8086
 5  79  25.967  49809.621 224.390   0.024    6.903  -10.000      165.6233     4300.8086
 2  79  25.967  49810.656 238.738   0.059    9.232  -10.000      165.6632     4301.8438
 3  79  25.967  49810.656 238.738   0.043    8.148  -10.000      165.6632     4301.8438
 4  79  25.967  49810.656 238.738   0.048    7.527  -10.000      165.6632     4301.8438
 5  79  25.967  49810.656 238.738   0.041    6.934  -10.000      165.6632     4301.8438
 2  79  25.967  49811.625 252.169   0.076    9.376  -10.000      165.7005     4302.8125
 3  79  25.967  49811.625 252.169   0.068    8.234  -10.000      165.7005     4302.8125
 4  79  25.967  49811.625 252.169   0.068    7.580  -10.000      165.7005     4302.8125
 5  79  25.967  49811.625 252.169   0.043    6.943  -10.000      165.7005     4302.8125
 2  79  25.967  49812.641 266.254   0.069    9.485  -10.000      165.7396     4303.8281
 3  79  25.967  49812.641 266.254   0.050    8.275  -10.000      165.7396     4303.8281
 4  79  25.967  49812.641 266.254   0.053    7.601  -10.000      165.7396     4303.8281
 5  79  25.967  49812.641 266.254   0.035    6.950  -10.000      165.7396     4303.8281
 2  79  25.967  49813.648 280.223   0.074    9.602  -10.000      165.7784     4304.8359
 3  79  25.967  49813.648 280.223   0.057    8.339  -10.000      165.7784     4304.8359
 4  79  25.967  49813.648 280.223   0.053    7.635  -10.000      165.7784     4304.8359
 5  79  25.967  49813.648 280.223   0.039    6.967  -10.000      165.7784     4304.8359
 2  79  25.967  49814.652 294.142   0.074    9.715  -10.000      165.8171     4305.8398
 3  79  25.967  49814.652 294.142   0.060    8.403  -10.000      165.8171     4305.8398
 4  79  25.967  49814.652 294.142   0.051    7.673  -10.000      165.8171     4305.8398
 5  79  25.967  49814.652 294.142   0.039    6.987  -10.000      165.8171     4305.8398
 2  79  25.967  49815.625 307.623   0.062    9.829  -10.000      165.8545     4306.8125
 3  79  25.967  49815.625 307.623   0.041    8.461  -10.000      165.8545     4306.8125
 4  79  25.967  49815.625 307.623   0.044    7.722  -10.000      165.8545     4306.8125
 5  79  25.967  49815.625 307.623   0.042    7.027  -10.000      165.8545     4306.8125
 2  79  25.967  49816.609 321.273   0.058    9.930  -10.000      165.8924     4307.7969
 3  79  25.967  49816.609 321.273   0.042    8.526  -10.000      165.8924     4307.7969
 4  79  25.967  49816.609 321.273   0.038    7.762  -10.000      165.8924     4307.7969
 5  79  25.967  49816.609 321.273   0.042    7.057  -10.000      165.8924     4307.7969
 2  79  25.967  49817.594 334.918   0.040   10.020  -10.000      165.9303     4308.7812
 3  79  25.967  49817.594 334.918   0.020    8.571  -10.000      165.9303     4308.7812
 4  79  25.967  49817.594 334.918   0.027    7.802  -10.000      165.9303     4308.7812
 5  79  25.967  49817.594 334.918   0.049    7.100  -10.000      165.9303     4308.7812
 2  79  25.967  49818.594 348.783   0.036   10.125  -10.000      165.9688     4309.7812
 3  79  25.967  49818.594 348.783   0.028    8.652  -10.000      165.9688     4309.7812
 4  79  25.967  49818.594 348.783   0.033    7.865  -10.000      165.9688     4309.7812
 5  79  25.967  49818.594 348.783   0.054    7.148  -10.000      165.9688     4309.7812
 2  79  25.967  49819.578   2.428   0.032   10.234  -10.000      166.0067     4310.7656
 3  79  25.967  49819.578   2.428   0.012    8.712  -10.000      166.0067     4310.7656
 4  79  25.967  49819.578   2.428   0.037    7.930  -10.000      166.0067     4310.7656
 5  79  25.967  49819.578   2.428   0.060    7.201  -10.000      166.0067     4310.7656
 2  79  25.967  49821.574  30.103   0.026   10.423  -10.000      166.0836     4312.7617
 3  79  25.967  49821.574  30.103   0.013    8.858  -10.000      166.0836     4312.7617
 4  79  25.967  49821.574  30.103   0.026    8.043  -10.000      166.0836     4312.7617
 5  79  25.967  49821.574  30.103   0.057    7.303  -10.000      166.0836     4312.7617
 2  79  25.967  49822.582  44.072  -0.025   10.472  -10.000      166.1224     4313.7695
 3  79  25.967  49822.582  44.072  -0.014    8.911  -10.000      166.1224     4313.7695
 4  79  25.967  49822.582  44.072   0.006    8.095  -10.000      166.1224     4313.7695
 5  79  25.967  49822.582  44.072   0.044    7.354  -10.000      166.1224     4313.7695
 2  79  25.967  49823.574  57.832  -0.040   10.516  -10.000      166.1606     4314.7617
 3  79  25.967  49823.574  57.832  -0.018    8.961  -10.000      166.1606     4314.7617
 4  79  25.967  49823.574  57.832   0.006    8.147  -10.000      166.1606     4314.7617
 5  79  25.967  49823.574  57.832   0.041    7.401  -10.000      166.1606     4314.7617
 2  79  25.967  49824.570  71.636  -0.074   10.510  -10.000      166.1990     4315.7578
 3  79  25.967  49824.570  71.636  -0.043    8.971  -10.000      166.1990     4315.7578
 4  79  25.967  49824.570  71.636  -0.014    8.165  -10.000      166.1990     4315.7578
 5  79  25.967  49824.570  71.636   0.020    7.421  -10.000      166.1990     4315.7578
 2  79  25.967  49825.566  85.446  -0.080   10.523  -10.000      166.2374     4316.7539
 3  79  25.967  49825.566  85.446  -0.038    9.007  -10.000      166.2374     4316.7539
 4  79  25.967  49825.566  85.446  -0.016    8.198  -10.000      166.2374     4316.7539
 5  79  25.967  49825.566  85.446   0.015    7.455  -10.000      166.2374     4316.7539
 2  79  25.967  49826.578  99.476  -0.049   10.541  -10.000      166.2763     4317.7656
 3  79  25.967  49826.578  99.476  -0.008    9.051  -10.000      166.2763     4317.7656
 4  79  25.967  49826.578  99.476   0.009    8.249  -10.000      166.2763     4317.7656
 5  79  25.967  49826.578  99.476   0.030    7.506  -10.000      166.2763     4317.7656
 2  79  25.967  49827.574 113.286   0.106   10.680  -10.000      166.3147     4318.7617
 3  79  25.967  49827.574 113.286   0.078    9.152  -10.000      166.3147     4318.7617
 4  79  25.967  49827.574 113.286   0.074    8.342  -10.000      166.3147     4318.7617
 5  79  25.967  49827.574 113.286   0.087    7.603  -10.000      166.3147     4318.7617
23   4  25.967  40648.441 298.098  -0.066    1.528  -10.000     -187.1720    -4860.3711
24   4  25.967  40648.441 298.098  -0.082    2.895  -10.000     -187.1720    -4860.3711
25   4  25.967  40648.441 298.098  -0.084    4.585  -10.000     -187.1720    -4860.3711
26   4  25.967  40648.441 298.098  -0.137    5.618  -10.000     -187.1720    -4860.3711
27   4  25.967  40648.441 298.098  -0.037    4.110  -10.000     -187.1720    -4860.3711
23   4  25.967  40649.402 311.418  -0.052    1.618  -10.000     -187.1349    -4859.4102
24   4  25.967  40649.402 311.418  -0.057    3.053  -10.000     -187.1349    -4859.4102
25   4  25.967  40649.402 311.418  -0.085    4.745  -10.000     -187.1349    -4859.4102
26   4  25.967  40649.402 311.418   0.052    5.975  -10.000     -187.1349    -4859.4102
27   4  25.967  40649.402 311.418   0.010    4.342  -10.000     -187.1349    -4859.4102
23   4  25.967  40660.379 103.596  -0.066    2.235  -10.000     -186.7122    -4848.4336
24   4  25.967  40660.379 103.596  -0.060    3.880  -10.000     -186.7122    -4848.4336
25   4  25.967  40660.379 103.596  -0.085    5.675  -10.000     -186.7122    -4848.4336
26   4  25.967  40660.379 103.596   0.121    7.003  -10.000     -186.7122    -4848.4336
27   4  25.967  40660.379 103.596  -0.044    5.302  -10.000     -186.7122    -4848.4336
23   4  25.967  40665.324 172.156   0.141    1.988  -10.000     -186.5218    -4843.4883
24   4  25.967  40665.324 172.156   0.257    3.303  -10.000     -186.5218    -4843.4883
25   4  25.967  40665.324 172.156   0.250    4.895  -10.000     -186.5218    -4843.4883
26   4  25.967  40665.324 172.156   0.216    5.920  -10.000     -186.5218    -4843.4883
27   4  25.967  40665.324 172.156   0.323    4.368  -10.000     -186.5218    -4843.4883
23   4  25.967  40675.332 310.897  -0.054    1.612  -10.000     -186.1364    -4833.4805
24   4  25.967  40675.332 310.897  -0.055    3.050  -10.000     -186.1364    -4833.4805
25   4  25.967  40675.332 310.897  -0.107    4.717  -10.000     -186.1364    -4833.4805
26   4  25.967  40675.332 310.897   0.080    5.997  -10.000     -186.1364    -4833.4805
27   4  25.967  40675.332 310.897   0.002    4.327  -10.000     -186.1364    -4833.4805
23   4  25.967  40677.312 338.351  -0.040    1.762  -10.000     -186.0601    -4831.5000
24   4  25.967  40677.312 338.351  -0.051    3.287  -10.000     -186.0601    -4831.5000
25   4  25.967  40677.312 338.351  -0.042    5.065  -10.000     -186.0601    -4831.5000
26   4  25.967  40677.312 338.351   0.073    6.287  -10.000     -186.0601    -4831.5000
27   4  25.967  40677.312 338.351   0.025    4.675  -10.000     -186.0601    -4831.5000
23   4  25.967  40682.312  47.670  -0.094    2.090  -10.000     -185.8676    -4826.5000
24   4  25.967  40682.312  47.670  -0.111    3.778  -10.000     -185.8676    -4826.5000
25   4  25.967  40682.312  47.670  -0.090    5.653  -10.000     -185.8676    -4826.5000
26   4  25.967  40682.312  47.670  -0.098    6.775  -10.000     -185.8676    -4826.5000
27   4  25.967  40682.312  47.670  -0.065    5.293  -10.000     -185.8676    -4826.5000
23   4  25.967  40684.293  75.130  -0.073    2.192  -10.000     -185.7913    -4824.5195
24   4  25.967  40684.293  75.130  -0.076    3.885  -10.000     -185.7913    -4824.5195
25   4  25.967  40684.293  75.130  -0.058    5.752  -10.000     -185.7913    -4824.5195
26   4  25.967  40684.293  75.130  -0.090    6.850  -10.000     -185.7913    -4824.5195
27   4  25.967  40684.293  75.130  -0.046    5.375  -10.000     -185.7913    -4824.5195
23   4  25.967  40689.289 144.393   0.034    2.385  -10.000     -185.5989    -4819.5234
24   4  25.967  40689.289 144.393   0.088    3.975  -10.000     -185.5989    -4819.5234
25   4  25.967  40689.289 144.393   0.012    5.668  -10.000     -185.5989    -4819.5234
26   4  25.967  40689.289 144.393  -0.040    6.722  -10.000     -185.5989    -4819.5234
27   4  25.967  40689.289 144.393   0.101    5.300  -10.000     -185.5989    -4819.5234
23   4  25.967  40702.281 324.509  -0.050    1.682  -10.000     -185.0986    -4806.5312
24   4  25.967  40702.281 324.509  -0.046    3.175  -10.000     -185.0986    -4806.5312
25   4  25.967  40702.281 324.509  -0.084    4.883  -10.000     -185.0986    -4806.5312
26   4  25.967  40702.281 324.509   0.026    6.093  -10.000     -185.0986    -4806.5312
27   4  25.967  40702.281 324.509   0.016    4.505  -10.000     -185.0986    -4806.5312
23   4  25.967  40706.273  19.852  -0.080    1.947  -10.000     -184.9449    -4802.5391
24   4  25.967  40706.273  19.852  -0.088    3.595  -10.000     -184.9449    -4802.5391
25   4  25.967  40706.273  19.852  -0.076    5.435  -10.000     -184.9449    -4802.5391
26   4  25.967  40706.273  19.852  -0.110    6.525  -10.000     -184.9449    -4802.5391
27   4  25.967  40706.273  19.852  -0.018    5.088  -10.000     -184.9449    -4802.5391
23   4  25.967  40707.254  33.448  -0.074    2.030  -10.000     -184.9071    -4801.5586
24   4  25.967  40707.254  33.448  -0.089    3.697  -10.000     -184.9071    -4801.5586
25   4  25.967  40707.254  33.448  -0.058    5.570  -10.000     -184.9071    -4801.5586
26   4  25.967  40707.254  33.448   0.006    6.762  -10.000     -184.9071    -4801.5586
27   4  25.967  40707.254  33.448  -0.051    5.182  -10.000     -184.9071    -4801.5586
23   4  25.967  40708.289  47.796  -0.109    2.075  -10.000     -184.8672    -4800.5234
24   4  25.967  40708.289  47.796  -0.129    3.760  -10.000     -184.8672    -4800.5234
25   4  25.967  40708.289  47.796  -0.120    5.622  -10.000     -184.8672    -4800.5234
26   4  25.967  40708.289  47.796   0.153    7.028  -10.000     -184.8672    -4800.5234
27   4  25.967  40708.289  47.796  -0.051    5.307  -10.000     -184.8672    -4800.5234
23   4  25.967  40709.254  61.172  -0.085    2.142  -10.000     -184.8301    -4799.5586
24   4  25.967  40709.254  61.172  -0.085    3.847  -10.000     -184.8301    -4799.5586
25   4  25.967  40709.254  61.172  -0.038    5.747  -10.000     -184.8301    -4799.5586
26   4  25.967  40709.254  61.172   0.253    7.170  -10.000     -184.8301    -4799.5586
27   4  25.967  40709.254  61.172  -0.049    5.352  -10.000     -184.8301    -4799.5586
23   4  25.967  40710.246  74.932  -0.090    2.175  -10.000     -184.7919    -4798.5664
24   4  25.967  40710.246  74.932  -0.088    3.872  -10.000     -184.7919    -4798.5664
25   4  25.967  40710.246  74.932  -0.042    5.767  -10.000     -184.7919    -4798.5664
26   4  25.967  40710.246  74.932  -0.045    6.895  -10.000     -184.7919    -4798.5664
27   4  25.967  40710.246  74.932  -0.034    5.387  -10.000     -184.7919    -4798.5664
23   4  25.967  40714.238 130.276   0.055    2.403  -10.000     -184.6381    -4794.5742
24   4  25.967  40714.238 130.276   0.148    4.073  -10.000     -184.6381    -4794.5742
25   4  25.967  40714.238 130.276   0.109    5.823  -10.000     -184.6381    -4794.5742
26   4  25.967  40714.238 130.276   0.059    6.885  -10.000     -184.6381    -4794.5742
27   4  25.967  40714.238 130.276   0.186    5.460  -10.000     -184.6381    -4794.5742
23   4  25.967  40716.238 158.005   0.125    2.370  -10.000     -184.5611    -4792.5742
24   4  25.967  40716.238 158.005   0.254    3.940  -10.000     -184.5611    -4792.5742
25   4  25.967  40716.238 158.005   0.183    5.590  -10.000     -184.5611    -4792.5742
26   4  25.967  40716.238 158.005   0.185    6.685  -10.000     -184.5611    -4792.5742
27   4  25.967  40716.238 158.005   0.296    5.205  -10.000     -184.5611    -4792.5742
23   4  25.967  40717.234 171.810   0.169    2.027  -10.000     -184.5228    -4791.5781
24   4  25.967  40717.234 171.810   0.318    3.382  -10.000     -184.5228    -4791.5781
25   4  25.967  40717.234 171.810   0.312    4.980  -10.000     -184.5228    -4791.5781
26   4  25.967  40717.234 171.810   0.340    6.068  -10.000     -184.5228    -4791.5781
27   4  25.967  40717.234 171.810   0.406    4.477  -10.000     -184.5228    -4791.5781
23   4  25.967  40718.234 185.674  -0.078    1.270  -10.000     -184.4842    -4790.5781
24   4  25.967  40718.234 185.674  -0.105    2.180  -10.000     -184.4842    -4790.5781
25   4  25.967  40718.234 185.674  -0.002    3.753  -10.000     -184.4842    -4790.5781
26   4  25.967  40718.234 185.674   0.000    4.775  -10.000     -184.4842    -4790.5781
27   4  25.967  40718.234 185.674  -0.112    2.930  -10.000     -184.4842    -4790.5781
23   4  25.967  40728.215 324.042  -0.060    1.670  -10.000     -184.0999    -4780.5977
24   4  25.967  40728.215 324.042  -0.087    3.130  -10.000     -184.0999    -4780.5977
25   4  25.967  40728.215 324.042  -0.079    4.882  -10.000     -184.0999    -4780.5977
26   4  25.967  40728.215 324.042   0.004    6.065  -10.000     -184.0999    -4780.5977
27   4  25.967  40728.215 324.042   0.042    4.525  -10.000     -184.0999    -4780.5977
23   4  25.967  40729.223 338.011  -0.060    1.740  -10.000     -184.0611    -4779.5898
24   4  25.967  40729.223 338.011  -0.080    3.255  -10.000     -184.0611    -4779.5898
25   4  25.967  40729.223 338.011  -0.074    5.030  -10.000     -184.0611    -4779.5898
26   4  25.967  40729.223 338.011  -0.018    6.193  -10.000     -184.0611    -4779.5898
27   4  25.967  40729.223 338.011   0.011    4.657  -10.000     -184.0611    -4779.5898
23   4  25.967  40837.625  40.853  -0.072    2.075  -10.000     -179.8865    -4671.1875
24   4  25.967  40837.625  40.853  -0.076    3.767  -10.000     -179.8865    -4671.1875
25   4  25.967  40837.625  40.853   0.011    5.702  -10.000     -179.8865    -4671.1875
26   4  25.967  40837.625  40.853   0.141    6.963  -10.000     -179.8865    -4671.1875
27   4  25.967  40837.625  40.853  -0.003    5.300  -10.000     -179.8865    -4671.1875
23   4  25.967  40838.633  54.822  -0.081    2.130  -10.000     -179.8477    -4670.1797
24   4  25.967  40838.633  54.822  -0.077    3.843  -10.000     -179.8477    -4670.1797
25   4  25.967  40838.633  54.822   0.079    5.852  -10.000     -179.8477    -4670.1797
26   4  25.967  40838.633  54.822   0.319    7.225  -10.000     -179.8477    -4670.1797
27   4  25.967  40838.633  54.822   0.025    5.415  -10.000     -179.8477    -4670.1797
23   4  25.967  40850.621 221.023  -0.056    1.173  -10.000     -179.3860    -4658.1914
24   4  25.967  40850.621 221.023  -0.084    2.118  -10.000     -179.3860    -4658.1914
25   4  25.967  40850.621 221.023   0.033    3.723  -10.000     -179.3860    -4658.1914
26   4  25.967  40850.621 221.023   0.022    4.738  -10.000     -179.3860    -4658.1914
27   4  25.967  40850.621 221.023  -0.085    2.908  -10.000     -179.3860    -4658.1914
23   4  25.967  40861.605  13.304  -0.052    1.940  -10.000     -178.9630    -4647.2070
24   4  25.967  40861.605  13.304  -0.061    3.572  -10.000     -178.9630    -4647.2070
25   4  25.967  40861.605  13.304  -0.062    5.392  -10.000     -178.9630    -4647.2070
26   4  25.967  40861.605  13.304   0.023    6.600  -10.000     -178.9630    -4647.2070
27   4  25.967  40861.605  13.304   0.008    5.050  -10.000     -178.9630    -4647.2070
23   4  25.967  40862.602  27.114  -0.068    2.000  -10.000     -178.9247    -4646.2109
24   4  25.967  40862.602  27.114  -0.076    3.662  -10.000     -178.9247    -4646.2109
25   4  25.967  40862.602  27.114  -0.057    5.517  -10.000     -178.9247    -4646.2109
26   4  25.967  40862.602  27.114   0.037    6.738  -10.000     -178.9247    -4646.2109
27   4  25.967  40862.602  27.114   0.025    5.200  -10.000     -178.9247    -4646.2109
23   4  25.967  40864.594  54.734  -0.089    2.122  -10.000     -178.8480    -4644.2188
24   4  25.967  40864.594  54.734  -0.081    3.837  -10.000     -178.8480    -4644.2188
25   4  25.967  40864.594  54.734  -0.039    5.735  -10.000     -178.8480    -4644.2188
26   4  25.967  40864.594  54.734   0.102    7.007  -10.000     -178.8480    -4644.2188
27   4  25.967  40864.594  54.734  -0.015    5.375  -10.000     -178.8480    -4644.2188
23   4  25.967  40873.570 179.182   0.009    1.585  -10.000     -178.5023    -4635.2422
24   4  25.967  40873.570 179.182   0.005    2.630  -10.000     -178.5023    -4635.2422
25   4  25.967  40873.570 179.182   0.004    4.155  -10.000     -178.5023    -4635.2422
26   4  25.967  40873.570 179.182  -0.037    5.150  -10.000     -178.5023    -4635.2422
27   4  25.967  40873.570 179.182  -0.011    3.475  -10.000     -178.5023    -4635.2422
23   4  25.967  40875.527 206.312  -0.070    1.085  -10.000     -178.4269    -4633.2852
24   4  25.967  40875.527 206.312  -0.094    1.947  -10.000     -178.4269    -4633.2852
25   4  25.967  40875.527 206.312   0.072    3.557  -10.000     -178.4269    -4633.2852
26   4  25.967  40875.527 206.312   0.003    4.503  -10.000     -178.4269    -4633.2852
27   4  25.967  40875.527 206.312  -0.075    2.678  -10.000     -178.4269    -4633.2852
23   4  25.967  40928.465 220.210  -0.039    1.185  -10.000     -176.3883    -4580.3477
24   4  25.967  40928.465 220.210  -0.069    2.122  -10.000     -176.3883    -4580.3477
25   4  25.967  40928.465 220.210   0.051    3.727  -10.000     -176.3883    -4580.3477
26   4  25.967  40928.465 220.210   0.108    4.810  -10.000     -176.3883    -4580.3477
27   4  25.967  40928.465 220.210  -0.075    2.903  -10.000     -176.3883    -4580.3477
23   4  25.967  40929.414 233.372  -0.031    1.265  -10.000     -176.3517    -4579.3984
24   4  25.967  40929.414 233.372  -0.077    2.270  -10.000     -176.3517    -4579.3984
25   4  25.967  40929.414 233.372   0.006    3.880  -10.000     -176.3517    -4579.3984
26   4  25.967  40929.414 233.372   0.019    4.930  -10.000     -176.3517    -4579.3984
27   4  25.967  40929.414 233.372  -0.058    3.152  -10.000     -176.3517    -4579.3984
23   4  25.967  40931.469 261.859  -0.020    1.408  -10.000     -176.2726    -4577.3438
24   4  25.967  40931.469 261.859  -0.045    2.595  -10.000     -176.2726    -4577.3438
25   4  25.967  40931.469 261.859  -0.062    4.185  -10.000     -176.2726    -4577.3438
26   4  25.967  40931.469 261.859  -0.107    5.200  -10.000     -176.2726    -4577.3438
27   4  25.967  40931.469 261.859  -0.022    3.630  -10.000     -176.2726    -4577.3438
23   4  25.967  40935.414 316.555  -0.035    1.658  -10.000     -176.1207    -4573.3984
24   4  25.967  40935.414 316.555  -0.044    3.108  -10.000     -176.1207    -4573.3984
25   4  25.967  40935.414 316.555  -0.045    4.837  -10.000     -176.1207    -4573.3984
26   4  25.967  40935.414 316.555  -0.060    5.918  -10.000     -176.1207    -4573.3984
27   4  25.967  40935.414 316.555   0.043    4.435  -10.000     -176.1207    -4573.3984
23   4  25.967  41101.215  95.136  -0.082    2.210  -10.000     -169.7357    -4407.5977
24   4  25.967  41101.215  95.136  -0.134    3.822  -10.000     -169.7357    -4407.5977
25   4  25.967  41101.215  95.136  -0.054    5.735  -10.000     -169.7357    -4407.5977
26   4  25.967  41101.215  95.136  -0.282    6.632  -10.000     -169.7357    -4407.5977
27   4  25.967  41101.215  95.136  -0.129    5.257  -10.000     -169.7357    -4407.5977
23   4  25.967  41102.191 108.677  -0.055    2.250  -10.000     -169.6981    -4406.6211
24   4  25.967  41102.191 108.677  -0.070    3.860  -10.000     -169.6981    -4406.6211
25   4  25.967  41102.191 108.677  -0.045    5.698  -10.000     -169.6981    -4406.6211
26   4  25.967  41102.191 108.677  -0.010    6.852  -10.000     -169.6981    -4406.6211
27   4  25.967  41102.191 108.677  -0.033    5.290  -10.000     -169.6981    -4406.6211
23   4  25.967  41104.195 136.456   0.018    2.375  -10.000     -169.6210    -4404.6172
24   4  25.967  41104.195 136.456   0.064    3.983  -10.000     -169.6210    -4404.6172
25   4  25.967  41104.195 136.456   0.029    5.730  -10.000     -169.6210    -4404.6172
26   4  25.967  41104.195 136.456   0.118    6.930  -10.000     -169.6210    -4404.6172
27   4  25.967  41104.195 136.456   0.050    5.305  -10.000     -169.6210    -4404.6172
23   4  25.967  41106.191 164.130   0.119    2.225  -10.000     -169.5441    -4402.6211
24   4  25.967  41106.191 164.130   0.197    3.657  -10.000     -169.5441    -4402.6211
25   4  25.967  41106.191 164.130   0.175    5.312  -10.000     -169.5441    -4402.6211
26   4  25.967  41106.191 164.130   0.024    6.242  -10.000     -169.5441    -4402.6211
27   4  25.967  41106.191 164.130   0.254    4.858  -10.000     -169.5441    -4402.6211
23   4  25.967  41107.195 178.050  -0.040    1.580  -10.000     -169.5054    -4401.6172
24   4  25.967  41107.195 178.050  -0.055    2.638  -10.000     -169.5054    -4401.6172
25   4  25.967  41107.195 178.050  -0.012    4.218  -10.000     -169.5054    -4401.6172
26   4  25.967  41107.195 178.050   0.000    5.270  -10.000     -169.5054    -4401.6172
27   4  25.967  41107.195 178.050  -0.083    3.493  -10.000     -169.5054    -4401.6172
23   4  25.967  41108.188 191.805  -0.105    1.105  -10.000     -169.4672    -4400.6250
24   4  25.967  41108.188 191.805  -0.151    1.938  -10.000     -169.4672    -4400.6250
25   4  25.967  41108.188 191.805  -0.010    3.517  -10.000     -169.4672    -4400.6250
26   4  25.967  41108.188 191.805  -0.068    4.472  -10.000     -169.4672    -4400.6250
27   4  25.967  41108.188 191.805  -0.133    2.658  -10.000     -169.4672    -4400.6250
23   4  25.967  41109.203 205.884  -0.056    1.098  -10.000     -169.4281    -4399.6094
24   4  25.967  41109.203 205.884  -0.076    1.963  -10.000     -169.4281    -4399.6094
25   4  25.967  41109.203 205.884   0.071    3.553  -10.000     -169.4281    -4399.6094
26   4  25.967  41109.203 205.884   0.133    4.628  -10.000     -169.4281    -4399.6094
27   4  25.967  41109.203 205.884  -0.040    2.707  -10.000     -169.4281    -4399.6094
 2  18  25.967  44561.953 193.186  -0.188    8.688  -10.000      -36.4634     -946.8594
 3  18  25.967  44561.953 193.186  -0.093    7.889  -10.000      -36.4634     -946.8594
 9  18  25.967  44561.953 193.186  -0.051    7.133  -10.000      -36.4634     -946.8594
10  18  25.967  44561.953 193.186  -0.022    6.533  -10.000      -36.4634     -946.8594
 2  18  25.967  45264.953 219.248  -0.021    8.953  -10.000       -9.3910     -243.8594
 3  18  25.967  45264.953 219.248   0.013    8.019  -10.000       -9.3910     -243.8594
 9  18  25.967  45264.953 219.248   0.025    7.186  -10.000       -9.3910     -243.8594
10  18  25.967  45264.953 219.248   0.043    6.546  -10.000       -9.3910     -243.8594
 2  18  25.967  45265.984 233.545  -0.012    9.111  -10.000       -9.3513     -242.8281
 3  18  25.967  45265.984 233.545   0.022    8.103  -10.000       -9.3513     -242.8281
 9  18  25.967  45265.984 233.545   0.035    7.223  -10.000       -9.3513     -242.8281
10  18  25.967  45265.984 233.545   0.031    6.533  -10.000       -9.3513     -242.8281
 2  18  25.967  44984.816 295.565  -0.016    9.638  -10.000      -20.1790     -523.9961
 3  18  25.967  44984.816 295.565  -0.002    8.349  -10.000      -20.1790     -523.9961
 9  18  25.967  44984.816 295.565  -0.012    7.282  -10.000      -20.1790     -523.9961
10  18  25.967  44984.816 295.565   0.015    6.522  -10.000      -20.1790     -523.9961
 2  18  25.967  45010.785 295.583   0.013    9.667  -10.000      -19.1789     -498.0273
 3  18  25.967  45010.785 295.583   0.021    8.372  -10.000      -19.1789     -498.0273
 9  18  25.967  45010.785 295.583   0.040    7.334  -10.000      -19.1789     -498.0273
10  18  25.967  45010.785 295.583   0.037    6.544  -10.000      -19.1789     -498.0273
 2  18  25.967  45011.742 308.850   0.000    9.777  -10.000      -19.1421     -497.0703
 3  18  25.967  45011.742 308.850   0.021    8.447  -10.000      -19.1421     -497.0703
 9  18  25.967  45011.742 308.850   0.019    7.357  -10.000      -19.1421     -497.0703
10  18  25.967  45011.742 308.850   0.034    6.567  -10.000      -19.1421     -497.0703
 2  18  25.967  44985.816 309.428   0.008    9.790  -10.000      -20.1405     -522.9961
 3  18  25.967  44985.816 309.428   0.006    8.435  -10.000      -20.1405     -522.9961
 9  18  25.967  44985.816 309.428   0.020    7.360  -10.000      -20.1405     -522.9961
10  18  25.967  44985.816 309.428   0.046    6.580  -10.000      -20.1405     -522.9961
 2  18  25.967  44908.953 323.832   0.010    9.903  -10.000      -23.1005     -599.8594
 3  18  25.967  44908.953 323.832   0.009    8.505  -10.000      -23.1005     -599.8594
 9  18  25.967  44908.953 323.832   0.028    7.407  -10.000      -23.1005     -599.8594
10  18  25.967  44908.953 323.832   0.051    6.607  -10.000      -23.1005     -599.8594
 2  18  25.967  45012.812 323.689   0.020    9.912  -10.000      -19.1009     -496.0000
 3  18  25.967  45012.812 323.689   0.013    8.508  -10.000      -19.1009     -496.0000
 9  18  25.967  45012.812 323.689   0.016    7.394  -10.000      -19.1009     -496.0000
10  18  25.967  45012.812 323.689   0.038    6.594  -10.000      -19.1009     -496.0000
 2  18  25.967  44909.977 338.020   0.005   10.008  -10.000      -23.0611     -598.8359
 3  18  25.967  44909.977 338.020   0.012    8.578  -10.000      -23.0611     -598.8359
 9  18  25.967  44909.977 338.020   0.033    7.457  -10.000      -23.0611     -598.8359
10  18  25.967  44909.977 338.020   0.052    6.637  -10.000      -23.0611     -598.8359
 2  18  25.967  44910.980 351.937  -0.010   10.106  -10.000      -23.0224     -597.8320
 3  18  25.967  44910.980 351.937   0.002    8.644  -10.000      -23.0224     -597.8320
 9  18  25.967  44910.980 351.937   0.028    7.503  -10.000      -23.0224     -597.8320
10  18  25.967  44910.980 351.937   0.031    6.653  -10.000      -23.0224     -597.8320
 2  18  25.967  44911.988   5.909  -0.019   10.208  -10.000      -22.9836     -596.8242
 3  18  25.967  44911.988   5.909   0.005    8.722  -10.000      -22.9836     -596.8242
 9  18  25.967  44911.988   5.909   0.033    7.561  -10.000      -22.9836     -596.8242
10  18  25.967  44911.988   5.909   0.059    6.721  -10.000      -22.9836     -596.8242
 2  18  25.967  44912.969  19.502  -0.017   10.304  -10.000      -22.9458     -595.8438
 3  18  25.967  44912.969  19.502  -0.008    8.779  -10.000      -22.9458     -595.8438
 9  18  25.967  44912.969  19.502   0.027    7.609  -10.000      -22.9458     -595.8438
10  18  25.967  44912.969  19.502   0.063    6.769  -10.000      -22.9458     -595.8438
 2  18  25.967  44913.969  33.365  -0.037   10.383  -10.000      -22.9073     -594.8438
 3  18  25.967  44913.969  33.365  -0.021    8.842  -10.000      -22.9073     -594.8438
 9  18  25.967  44913.969  33.365   0.029    7.673  -10.000      -22.9073     -594.8438
10  18  25.967  44913.969  33.365   0.044    6.803  -10.000      -22.9073     -594.8438
 2  18  25.967  44940.910  46.869  -0.069   10.445  -10.000      -21.8698     -567.9023
 3  18  25.967  44940.910  46.869  -0.014    8.925  -10.000      -21.8698     -567.9023
 9  18  25.967  44940.910  46.869   0.016    7.725  -10.000      -21.8698     -567.9023
10  18  25.967  44940.910  46.869   0.058    6.875  -10.000      -21.8698     -567.9023
 2  18  25.967  44941.926  60.949  -0.069   10.493  -10.000      -21.8307     -566.8867
 3  18  25.967  44941.926  60.949  -0.049    8.937  -10.000      -21.8307     -566.8867
 9  18  25.967  44941.926  60.949  -0.023    7.732  -10.000      -21.8307     -566.8867
10  18  25.967  44941.926  60.949   0.039    6.902  -10.000      -21.8307     -566.8867
 2  18  25.967  44215.969  76.621  -0.122   10.474  -10.000      -49.7872    -1292.8438
 3  18  25.967  44215.969  76.621  -0.060    8.969  -10.000      -49.7872    -1292.8438
 9  18  25.967  44215.969  76.621  -0.029    7.775  -10.000      -49.7872    -1292.8438
10  18  25.967  44215.969  76.621   0.010    6.925  -10.000      -49.7872    -1292.8438
 2  18  25.967  44217.902 103.428  -0.061   10.523  -10.000      -49.7127    -1290.9102
 3  18  25.967  44217.902 103.428  -0.035    9.028  -10.000      -49.7127    -1290.9102
 9  18  25.967  44217.902 103.428  -0.031    7.835  -10.000      -49.7127    -1290.9102
10  18  25.967  44217.902 103.428   0.030    7.025  -10.000      -49.7127    -1290.9102
 2  18  25.967  44945.934 116.511   0.070   10.644  -10.000      -21.6764     -562.8789
 3  18  25.967  44945.934 116.511   0.050    9.130  -10.000      -21.6764     -562.8789
 9  18  25.967  44945.934 116.511   0.029    7.930  -10.000      -21.6764     -562.8789
10  18  25.967  44945.934 116.511   0.050    7.090  -10.000      -21.6764     -562.8789
 3 150  25.967  50543.262 315.236   0.057    8.513  -10.000      193.8757     5034.4492
 5 150  25.967  50543.262 315.236   0.047    7.049  -10.000      193.8757     5034.4492
 3 150  25.967  50568.250 301.663   0.025    8.412  -10.000      194.8380     5059.4375
 5 150  25.967  50568.250 301.663   0.019    6.987  -10.000      194.8380     5059.4375
 3 150  25.967  50570.234 329.172   0.012    8.535  -10.000      194.9144     5061.4219
 5 150  25.967  50570.234 329.172   0.037    7.072  -10.000      194.9144     5061.4219
 3 150  25.967  50571.219 342.823   0.014    8.605  -10.000      194.9523     5062.4062
 5 150  25.967  50571.219 342.823   0.026    7.100  -10.000      194.9523     5062.4062
 3 150  25.967  50572.215 356.633   0.024    8.693  -10.000      194.9906     5063.4023
 5 150  25.967  50572.215 356.633   0.036    7.157  -10.000      194.9906     5063.4023
 3 150  25.967  50573.227  10.657  -0.008    8.732  -10.000      195.0296     5064.4141
 5 150  25.967  50573.227  10.657   0.031    7.199  -10.000      195.0296     5064.4141
 3 150  25.967  50575.238  38.546  -0.020    8.873  -10.000      195.1071     5066.4258
 5 150  25.967  50575.238  38.546   0.033    7.317  -10.000      195.1071     5066.4258
 3 150  25.967  50576.211  52.031  -0.038    8.923  -10.000      195.1445     5067.3984
 5 150  25.967  50576.211  52.031   0.022    7.364  -10.000      195.1445     5067.3984
 3 150  25.967  50576.246  52.520  -0.044    8.919  -10.000      195.1459     5067.4336
 5 150  25.967  50576.246  52.520   0.025    7.368  -10.000      195.1459     5067.4336
 3 150  25.967  50578.215  79.810  -0.056    8.981  -10.000      195.2217     5069.4023
 5 150  25.967  50578.215  79.810   0.001    7.429  -10.000      195.2217     5069.4023
 3 150  25.967  50578.242  80.189  -0.044    8.994  -10.000      195.2227     5069.4297
 5 150  25.967  50578.242  80.189   0.017    7.446  -10.000      195.2227     5069.4297
 3 150  25.967  50579.281  94.598   0.071    9.123  -10.000      195.2628     5070.4688
 5 150  25.967  50579.281  94.598   0.096    7.557  -10.000      195.2628     5070.4688
 3 150  25.967  50580.215 107.540   0.027    9.093  -10.000      195.2987     5071.4023
 5 150  25.967  50580.215 107.540   0.047    7.546  -10.000      195.2987     5071.4023
 3 150  25.967  50580.250 108.029   0.054    9.121  -10.000      195.3001     5071.4375
 5 150  25.967  50580.250 108.029   0.071    7.572  -10.000      195.3001     5071.4375
 3 150  25.967  50581.219 121.459   0.098    9.189  -10.000      195.3374     5072.4062
 5 150  25.967  50581.219 121.459   0.075    7.620  -10.000      195.3374     5072.4062
 3 150  25.967  50581.242 121.783   0.108    9.200  -10.000      195.3383     5072.4297
 5 150  25.967  50581.242 121.783   0.081    7.627  -10.000      195.3383     5072.4297
 3 150  25.967  50582.203 135.104   0.049    9.169  -10.000      195.3753     5073.3906
 5 150  25.967  50582.203 135.104   0.035    7.628  -10.000      195.3753     5073.3906
 3 150  25.967  50582.262 135.917   0.037    9.158  -10.000      195.3775     5073.4492
 5 150  25.967  50582.262 135.917   0.026    7.622  -10.000      195.3775     5073.4492
 3 150  25.967  50583.223 149.238   0.013    9.114  -10.000      195.4146     5074.4102
 5 150  25.967  50583.223 149.238   0.006    7.615  -10.000      195.4146     5074.4102
 3 150  25.967  50583.258 149.727   0.024    9.123  -10.000      195.4159     5074.4453
 5 150  25.967  50583.258 149.727   0.011    7.619  -10.000      195.4159     5074.4453
 3 150  25.967  50584.215 162.993  -0.180    8.729  -10.000      195.4528     5075.4023
 5 150  25.967  50584.215 162.993  -0.122    7.386  -10.000      195.4528     5075.4023
 3 150  25.967  50584.246 163.427  -0.181    8.716  -10.000      195.4540     5075.4336
 5 150  25.967  50584.246 163.427  -0.122    7.379  -10.000      195.4540     5075.4336
 3 150  25.967  50808.512  32.542  -0.003    8.856  -10.000      204.0904     5299.6992
 5 150  25.967  50808.512  32.542   0.053    7.310  -10.000      204.0904     5299.6992
 3 150  25.967  50809.402  44.885  -0.016    8.913  -10.000      204.1247     5300.5898
 5 150  25.967  50809.402  44.885   0.075    7.389  -10.000      204.1247     5300.5898
 3 150  25.967  50809.488  46.077  -0.015    8.920  -10.000      204.1280     5300.6758
 5 150  25.967  50809.488  46.077   0.050    7.369  -10.000      204.1280     5300.6758
 3 150  25.967  50810.398  58.694  -0.023    8.958  -10.000      204.1630     5301.5859
 5 150  25.967  50810.398  58.694   0.044    7.406  -10.000      204.1630     5301.5859
 3 150  25.967  50810.508  60.211  -0.028    8.956  -10.000      204.1673     5301.6953
 5 150  25.967  50810.508  60.211   0.049    7.415  -10.000      204.1673     5301.6953
 3 150  25.967  50811.461  73.427  -0.038    8.982  -10.000      204.2040     5302.6484
 5 150  25.967  50811.461  73.427   0.030    7.437  -10.000      204.2040     5302.6484
 3 150  25.967  50811.543  74.564  -0.029    8.994  -10.000      204.2071     5302.7305
 5 150  25.967  50811.543  74.564   0.036    7.447  -10.000      204.2071     5302.7305
 3 150  25.967  50812.379  86.155  -0.011    9.034  -10.000      204.2393     5303.5664
 5 150  25.967  50812.379  86.155   0.032    7.473  -10.000      204.2393     5303.5664
 3 150  25.967  50812.480  87.561  -0.014    9.032  -10.000      204.2432     5303.6680
 5 150  25.967  50812.480  87.561   0.024    7.468  -10.000      204.2432     5303.6680
 3 150  25.967  50812.547  88.484   0.011    9.058  -10.000      204.2458     5303.7344
 5 150  25.967  50812.547  88.484   0.050    7.496  -10.000      204.2458     5303.7344
 3 150  25.967  50814.523 115.884   0.062    9.141  -10.000      204.3219     5305.7109
 5 150  25.967  50814.523 115.884   0.064    7.589  -10.000      204.3219     5305.7109
 3 150  25.967  50815.457 128.826   0.063    9.172  -10.000      204.3578     5306.6445
 5 150  25.967  50815.457 128.826   0.059    7.632  -10.000      204.3578     5306.6445
 3 150  25.967  50816.410 142.042   0.030    9.150  -10.000      204.3946     5307.5977
 5 150  25.967  50816.410 142.042   0.042    7.649  -10.000      204.3946     5307.5977
 2 150  25.967  50817.340 154.929  -0.046   10.397  -10.000      204.4304     5308.5273
 3 150  25.967  50817.340 154.929  -0.029    9.028  -10.000      204.4304     5308.5273
 5 150  25.967  50817.340 154.929  -0.021    7.570  -10.000      204.4304     5308.5273
 3 150  25.967  50817.449 156.445  -0.065    8.973  -10.000      204.4346     5308.6367
 5 150  25.967  50817.449 156.445  -0.048    7.533  -10.000      204.4346     5308.6367
 3 150  25.967  50891.320 100.558  -0.006    9.054  -10.000      207.2793     5382.5078
 4 150  25.967  50891.320 100.558   0.014    8.256  -10.000      207.2793     5382.5078
 5 150  25.967  50891.320 100.558   0.042    7.522  -10.000      207.2793     5382.5078
 3 150  25.967  50891.367 101.212  -0.018    9.043  -10.000      207.2811     5382.5547
 4 150  25.967  50891.367 101.212   0.005    8.248  -10.000      207.2811     5382.5547
 5 150  25.967  50891.367 101.212   0.035    7.517  -10.000      207.2811     5382.5547
 3 150  25.967  50892.301 114.153   0.066    9.141  -10.000      207.3171     5383.4883
 4 150  25.967  50892.301 114.153   0.059    8.329  -10.000      207.3171     5383.4883
 5 150  25.967  50892.301 114.153   0.072    7.591  -10.000      207.3171     5383.4883
 3 150  25.967  50892.418 115.779   0.067    9.145  -10.000      207.3216     5383.6055
 4 150  25.967  50892.418 115.779   0.069    8.343  -10.000      207.3216     5383.6055
 5 150  25.967  50892.418 115.779   0.095    7.619  -10.000      207.3216     5383.6055
 3 150  25.967  50893.277 127.689   0.060    9.166  -10.000      207.3547     5384.4648
 4 150  25.967  50893.277 127.689   0.051    8.362  -10.000      207.3547     5384.4648
 5 150  25.967  50893.277 127.689   0.049    7.618  -10.000      207.3547     5384.4648
 3 150  25.967  50893.348 128.666   0.044    9.152  -10.000      207.3574     5384.5352
 4 150  25.967  50893.348 128.666   0.045    8.359  -10.000      207.3574     5384.5352
 5 150  25.967  50893.348 128.666   0.043    7.615  -10.000      207.3574     5384.5352
 3 150  25.967  50897.340 184.010  -0.295    7.893  -10.000      207.5111     5388.5273
 4 150  25.967  50897.340 184.010  -0.208    7.395  -10.000      207.5111     5388.5273
 5 150  25.967  50897.340 184.010  -0.191    6.864  -10.000      207.5111     5388.5273
 3 150  25.967  50902.270 252.356   0.048    8.214  -10.000      207.7010     5393.4570
 4 150  25.967  50902.270 252.356   0.051    7.564  -10.000      207.7010     5393.4570
 5 150  25.967  50902.270 252.356   0.041    6.941  -10.000      207.7010     5393.4570
 3 150  25.967  50903.359 267.462   0.048    8.278  -10.000      207.7430     5394.5469
 4 150  25.967  50903.359 267.462   0.055    7.606  -10.000      207.7430     5394.5469
 5 150  25.967  50903.359 267.462   0.043    6.959  -10.000      207.7430     5394.5469
 3 150  25.967  50904.281 280.245   0.053    8.335  -10.000      207.7785     5395.4688
 4 150  25.967  50904.281 280.245   0.047    7.629  -10.000      207.7785     5395.4688
 5 150  25.967  50904.281 280.245   0.043    6.971  -10.000      207.7785     5395.4688
 3 150  25.967  50905.266 293.890   0.034    8.376  -10.000      207.8164     5396.4531
 4 150  25.967  50905.266 293.890   0.046    7.667  -10.000      207.8164     5396.4531
 5 150  25.967  50905.266 293.890   0.037    6.984  -10.000      207.8164     5396.4531
 3 150  25.967  50905.309 294.489   0.041    8.386  -10.000      207.8180     5396.4961
 4 150  25.967  50905.309 294.489   0.042    7.665  -10.000      207.8180     5396.4961
 5 150  25.967  50905.309 294.489   0.035    6.984  -10.000      207.8180     5396.4961
 3 150  25.967  50907.297 322.053   0.034    8.521  -10.000      207.8946     5398.4844
 4 150  25.967  50907.297 322.053   0.038    7.765  -10.000      207.8946     5398.4844
 5 150  25.967  50907.297 322.053   0.047    7.064  -10.000      207.8946     5398.4844
 3 150  25.967  50908.344 336.566   0.029    8.588  -10.000      207.9349     5399.5312
 4 150  25.967  50908.344 336.566   0.041    7.822  -10.000      207.9349     5399.5312
 5 150  25.967  50908.344 336.566   0.067    7.122  -10.000      207.9349     5399.5312
 3 150  25.967  50910.250   2.994   0.008    8.711  -10.000      208.0083     5401.4375
 4 150  25.967  50910.250   2.994   0.029    7.925  -10.000      208.0083     5401.4375
 5 150  25.967  50910.250   2.994   0.055    7.198  -10.000      208.0083     5401.4375
 3 150  25.967  50910.324   4.021   0.011    8.719  -10.000      208.0112     5401.5117
 4 150  25.967  50910.324   4.021   0.028    7.928  -10.000      208.0112     5401.5117
 5 150  25.967  50910.324   4.021   0.053    7.199  -10.000      208.0112     5401.5117
 3 150  25.967  50911.254  16.908   0.013    8.786  -10.000      208.0470     5402.4414
 4 150  25.967  50911.254  16.908   0.040    7.994  -10.000      208.0470     5402.4414
 5 150  25.967  50911.254  16.908   0.068    7.259  -10.000      208.0470     5402.4414
 3 150  25.967  50912.250  30.718   0.003    8.851  -10.000      208.0853     5403.4375
 4 150  25.967  50912.250  30.718   0.011    8.031  -10.000      208.0853     5403.4375
 5 150  25.967  50912.250  30.718   0.060    7.309  -10.000      208.0853     5403.4375
 3 150  25.967  50912.312  31.586   0.004    8.857  -10.000      208.0877     5403.5000
 4 150  25.967  50912.312  31.586   0.015    8.040  -10.000      208.0877     5403.5000
 5 150  25.967  50912.312  31.586   0.057    7.309  -10.000      208.0877     5403.5000
 3 150  25.967  50912.344  32.020  -0.002    8.854  -10.000      208.0889     5403.5312
 4 150  25.967  50912.344  32.020   0.021    8.048  -10.000      208.0889     5403.5312
 5 150  25.967  50912.344  32.020   0.063    7.317  -10.000      208.0889     5403.5312
 3 150  25.967  50913.242  44.473  -0.014    8.913  -10.000      208.1235     5404.4297
 4 150  25.967  50913.242  44.473   0.001    8.092  -10.000      208.1235     5404.4297
 5 150  25.967  50913.242  44.473   0.046    7.358  -10.000      208.1235     5404.4297
 3 150  25.967  50913.309  45.396  -0.025    8.907  -10.000      208.1261     5404.4961
 4 150  25.967  50913.309  45.396   0.004    8.099  -10.000      208.1261     5404.4961
 5 150  25.967  50913.309  45.396   0.041    7.357  -10.000      208.1261     5404.4961
 3 150  25.967  50913.344  45.884  -0.027    8.907  -10.000      208.1275     5404.5312
 4 150  25.967  50913.344  45.884   0.002    8.100  -10.000      208.1275     5404.5312
 5 150  25.967  50913.344  45.884   0.038    7.356  -10.000      208.1275     5404.5312
 3 150  25.967  50914.246  58.392  -0.029    8.951  -10.000      208.1622     5405.4336
 4 150  25.967  50914.246  58.392  -0.005    8.137  -10.000      208.1622     5405.4336
 5 150  25.967  50914.246  58.392   0.038    7.399  -10.000      208.1622     5405.4336
 3 150  25.967  50914.305  59.205  -0.023    8.959  -10.000      208.1645     5405.4922
 4 150  25.967  50914.305  59.205  -0.004    8.140  -10.000      208.1645     5405.4922
 5 150  25.967  50914.305  59.205   0.048    7.412  -10.000      208.1645     5405.4922
 3 150  25.967  50915.254  72.361  -0.052    8.964  -10.000      208.2010     5406.4414
 4 150  25.967  50915.254  72.361  -0.033    8.149  -10.000      208.2010     5406.4414
 5 150  25.967  50915.254  72.361   0.012    7.415  -10.000      208.2010     5406.4414
 3 150  25.967  50915.293  72.905  -0.059    8.959  -10.000      208.2025     5406.4805
 4 150  25.967  50915.293  72.905  -0.036    8.147  -10.000      208.2025     5406.4805
 5 150  25.967  50915.293  72.905   0.012    7.417  -10.000      208.2025     5406.4805
 3 150  25.967  50916.238  86.012  -0.045    9.000  -10.000      208.2389     5407.4258
 4 150  25.967  50916.238  86.012  -0.019    8.196  -10.000      208.2389     5407.4258
 5 150  25.967  50916.238  86.012   0.010    7.451  -10.000      208.2389     5407.4258
 3 150  25.967  50916.277  86.550  -0.048    8.997  -10.000      208.2404     5407.4648
 4 150  25.967  50916.277  86.550  -0.026    8.190  -10.000      208.2404     5407.4648
 5 150  25.967  50916.277  86.550   0.017    7.459  -10.000      208.2404     5407.4648
 3 150  25.967  50917.238  99.877  -0.021    9.038  -10.000      208.2774     5408.4258
 4 150  25.967  50917.238  99.877   0.002    8.243  -10.000      208.2774     5408.4258
 5 150  25.967  50917.238  99.877   0.023    7.500  -10.000      208.2774     5408.4258
 3 150  25.967  50917.277 100.415  -0.012    9.048  -10.000      208.2789     5408.4648
 4 150  25.967  50917.277 100.415   0.006    8.248  -10.000      208.2789     5408.4648
 5 150  25.967  50917.277 100.415   0.034    7.513  -10.000      208.2789     5408.4648
18 163  25.967  47959.820 139.620   0.085    9.337  -10.000       94.3878     2451.0078
18 163  25.967  47959.836 139.837   0.051    9.303  -10.000       94.3884     2451.0234
18 163  25.967  47982.391  92.524   0.008    9.187  -10.000       95.2570     2473.5781
18 163  25.967  47982.406  92.741   0.010    9.189  -10.000       95.2576     2473.5938
18 163  25.967  47982.480  93.771   0.023    9.202  -10.000       95.2605     2473.6680
18 163  25.967  47982.496  93.988  -0.008    9.172  -10.000       95.2611     2473.6836
18 163  25.967  47982.570  95.015  -0.001    9.181  -10.000       95.2639     2473.7578
18 163  25.967  47982.582  95.177   0.019    9.200  -10.000       95.2644     2473.7695
18 163  25.967  48010.379 120.542   0.127    9.345  -10.000       96.3348     2501.5664
18 163  25.967  48010.395 120.759   0.117    9.336  -10.000       96.3354     2501.5820
18 163  25.967  48046.992 268.130   0.071    8.442  -10.000       97.7448     2538.1797
18 163  25.967  48047.168 270.569   0.057    8.438  -10.000       97.7516     2538.3555
18 163  25.967  48047.242 271.596   0.062    8.448  -10.000       97.7544     2538.4297
18 163  25.967  48047.258 271.813   0.078    8.464  -10.000       97.7550     2538.4453
18 163  25.967  48058.086  61.930  -0.019    9.097  -10.000       98.1720     2549.2734
18 163  25.967  48058.277  64.583   0.004    9.126  -10.000       98.1794     2549.4648
18 163  25.967  48058.352  65.613  -0.048    9.077  -10.000       98.1823     2549.5391
18 163  25.967  48058.367  65.827   0.011    9.136  -10.000       98.1829     2549.5547
18 163  25.967  48150.992 269.937   0.068    8.447  -10.000      101.7498     2642.1797
18 163  25.967  48151.008 270.154   0.066    8.446  -10.000      101.7504     2642.1953
18 163  25.967  48151.082 271.184   0.055    8.439  -10.000      101.7533     2642.2695
18 163  25.967  48151.098 271.401   0.052    8.437  -10.000      101.7539     2642.2852
18 163  25.967  48151.172 272.428   0.067    8.455  -10.000      101.7567     2642.3594
18 163  25.967  48151.188 272.645   0.047    8.436  -10.000      101.7573     2642.3750
18 163  25.967  48199.867 227.519   0.054    8.248  -10.000      103.6320     2691.0547
18 163  25.967  48199.883 227.736   0.039    8.234  -10.000      103.6326     2691.0703
18 163  25.967  48199.957 228.763   0.044    8.244  -10.000      103.6355     2691.1445
18 163  25.967  48199.969 228.925   0.060    8.261  -10.000      103.6359     2691.1562
18 163  25.967  48235.855   6.443   0.036    8.885  -10.000      105.0179     2727.0430
18 163  25.967  48235.945   7.688   0.013    8.868  -10.000      105.0214     2727.1328
18 163  25.967  48236.031   8.880   0.057    8.918  -10.000      105.0247     2727.2188
18 163  25.967  48236.047   9.097   0.047    8.909  -10.000      105.0253     2727.2344
18 163  25.967  48248.297 178.923  -0.420    8.092  -10.000      105.4970     2739.4844
18 163  25.967  48248.492 181.631  -0.357    8.056  -10.000      105.5045     2739.6797
18 163  25.967  48248.758 185.315  -0.252    8.039  -10.000      105.5148     2739.9453
18 163  25.967  48248.832 186.345  -0.224    8.038  -10.000      105.5176     2740.0195
18 163  25.967  48248.848 186.559  -0.255    8.001  -10.000      105.5182     2740.0352
18 163  25.967  48248.938 187.806  -0.169    8.055  -10.000      105.5217     2740.1250
18 163  25.967  48305.527 252.339   0.055    8.361  -10.000      107.7009     2796.7148
18 163  25.967  48305.543 252.556   0.044    8.351  -10.000      107.7015     2796.7305
18 163  25.967  48305.617 253.586   0.071    8.382  -10.000      107.7044     2796.8047
18 163  25.967  48305.633 253.803   0.081    8.392  -10.000      107.7050     2796.8203
18 163  25.967  48305.707 254.831   0.077    8.392  -10.000      107.7079     2796.8945
18 163  25.967  48305.719 254.995   0.116    8.432  -10.000      107.7083     2796.9062
18 163  25.967  48305.797 256.078   0.067    8.387  -10.000      107.7113     2796.9844
18 163  25.967  48319.305  83.342  -0.028    9.143  -10.000      108.2315     2810.4922
18 163  25.967  48319.320  83.559   0.014    9.184  -10.000      108.2321     2810.5078
18 163  25.967  48319.395  84.589  -0.052    9.120  -10.000      108.2350     2810.5820
18 163  25.967  48319.406  84.751  -0.036    9.135  -10.000      108.2354     2810.5938
18 163  25.967  48319.484  85.833  -0.025    9.148  -10.000      108.2384     2810.6719
18 163  25.967  48319.496  85.995  -0.019    9.154  -10.000      108.2389     2810.6836
18 163  25.967  48355.375 223.404   0.065    8.237  -10.000      109.6206     2846.5625
18 163  25.967  48355.391 223.621   0.046    8.220  -10.000      109.6212     2846.5781
18 163  25.967  48355.480 224.868   0.051    8.231  -10.000      109.6246     2846.6680
18 163  25.967  48386.738 298.210   0.033    8.534  -10.000      110.8284     2877.9258
18 163  25.967  48404.953 190.734  -0.083    8.081  -10.000      111.5298     2896.1406
18 163  25.967  48404.969 190.951  -0.081    8.078  -10.000      111.5304     2896.1562
18 163  25.967  48405.043 191.978  -0.134    8.010  -10.000      111.5333     2896.2305
18 163  25.967  48405.055 192.140  -0.112    8.029  -10.000      111.5337     2896.2422
18 163  25.967  48498.133  42.534   0.030    9.074  -10.000      115.1181     2989.3203
18 163  25.967  48498.148  42.748  -0.028    9.017  -10.000      115.1187     2989.3359
18 163  25.967  48509.348 198.009   0.016    8.107  -10.000      115.5500     3000.5352
18 163  25.967  48509.422 199.039  -0.035    8.053  -10.000      115.5529     3000.6094
18 163  25.967  48509.438 199.256  -0.008    8.079  -10.000      115.5535     3000.6250
18 163  25.967  48509.617 201.747   0.008    8.092  -10.000      115.5604     3000.8047
18 163  25.967  48545.258 335.852   0.067    8.754  -10.000      116.9329     3036.4453
18 163  25.967  48545.273 336.069   0.051    8.739  -10.000      116.9335     3036.4609
18 163  25.967  48545.348 337.096   0.048    8.741  -10.000      116.9364     3036.5352
18 163  25.967  48545.359 337.258   0.044    8.737  -10.000      116.9368     3036.5469
18 163  25.967  48572.895 358.995   0.044    8.856  -10.000      117.9972     3064.0820
18 163  25.967  48573.086   1.648   0.029    8.854  -10.000      118.0046     3064.2734
18 163  25.967  48594.859 303.503   0.046    8.578  -10.000      118.8431     3086.0469
18 163  25.967  48594.934 304.533   0.070    8.607  -10.000      118.8459     3086.1211
18 163  25.967  48594.949 304.750   0.071    8.610  -10.000      118.8465     3086.1367
18 163  25.967  48595.023 305.780   0.037    8.582  -10.000      118.8494     3086.2109
18 163  25.967  48595.039 305.994   0.093    8.639  -10.000      118.8500     3086.2266
18 163  25.967  48700.238 324.426   0.054    8.685  -10.000      122.9012     3191.4258
18 163  25.967  48700.250 324.591   0.044    8.676  -10.000      122.9016     3191.4375
18 163  25.967  48726.094 322.874   0.036    8.659  -10.000      123.8969     3217.2812
18 163  25.967  48726.109 323.091   0.051    8.675  -10.000      123.8975     3217.2969
18 163  25.967  48726.180 324.066   0.051    8.681  -10.000      123.9002     3217.3672
18 163  25.967  48726.195 324.283   0.060    8.691  -10.000      123.9008     3217.3828
18 163  25.967  48726.270 325.313   0.044    8.679  -10.000      123.9036     3217.4570
18 163  25.967  48726.285 325.530   0.056    8.692  -10.000      123.9043     3217.4727
18 163  25.967  48790.855 140.702   0.076    9.328  -10.000      126.3908     3282.0430
18 163  25.967  48790.871 140.919   0.079    9.331  -10.000      126.3914     3282.0586
18 163  25.967  48790.945 141.946   0.046    9.297  -10.000      126.3943     3282.1328
18 163  25.967  48790.961 142.163   0.066    9.316  -10.000      126.3949     3282.1484
18 163  25.967  48791.031 143.138   0.055    9.304  -10.000      126.3976     3282.2188
18 163  25.967  48791.047 143.355   0.048    9.298  -10.000      126.3982     3282.2344
18 163  25.967  48791.121 144.385   0.076    9.323  -10.000      126.4011     3282.3086
18 163  25.967  48791.137 144.602   0.036    9.283  -10.000      126.4017     3282.3242
18 163  25.967  48797.078 226.969   0.043    8.233  -10.000      126.6305     3288.2656
18 163  25.967  48797.094 227.186   0.048    8.240  -10.000      126.6311     3288.2812
18 163  25.967  48797.164 228.161   0.029    8.226  -10.000      126.6338     3288.3516
18 163  25.967  48797.180 228.378   0.038    8.236  -10.000      126.6344     3288.3672
18 163  25.967  48797.254 229.406   0.029    8.232  -10.000      126.6372     3288.4414
18 163  25.967  48797.270 229.622   0.038    8.242  -10.000      126.6378     3288.4570
18 163  25.967  48797.344 230.652   0.071    8.280  -10.000      126.6407     3288.5312
18 163  25.967  48797.359 230.869   0.039    8.249  -10.000      126.6413     3288.5469
18 163  25.967  49049.945 132.599   0.091    9.338  -10.000      136.3683     3541.1328
18 163  25.967  49049.961 132.819   0.071    9.319  -10.000      136.3689     3541.1484
 0  29  25.967  44537.930 220.137   2.135   37.100    3.800      -37.3885     -970.8828
 0  29  25.967  45342.812 218.654  -2.943   32.600    3.800       -6.3926     -166.0000
 0  29  25.967  45005.785 226.265   5.425   39.100    3.800      -19.3715     -503.0273
 0  29  25.967  44542.941 289.617   8.602   51.000    3.800      -37.1955     -965.8711
 0  29  25.967  44571.902 331.118   3.374   59.700    3.800      -36.0802     -936.9102
 0  29  25.967  44572.922 345.252   2.012   62.300    3.800      -36.0410     -935.8906
 0  29  25.967  44573.934 359.278   4.389   67.100    3.800      -36.0020     -934.8789
 0  29  25.967  45383.680  65.217  -9.453   76.500    3.800       -4.8188     -125.1328
 0  29  25.967  45384.633  78.431  -2.079   85.400    3.800       -4.7821     -124.1797
 0  29  25.967  45386.684 106.862   0.399   96.400    3.800       -4.7032     -122.1289
 0  29  25.967  45387.648 120.238 -11.725   84.800    3.800       -4.6660     -121.1641
 0  29  25.967  45388.715 135.022   3.021   95.200    3.800       -4.6249     -120.0977
 0  29  25.967  44947.898 143.751   0.966   91.700    3.800      -21.6007     -560.9141
 0  29  25.967  45338.852 163.741  -1.518   86.500    3.800       -6.5452     -169.9609
 0  29  25.967  45339.770 176.468   2.873   79.600    3.800       -6.5098     -169.0430
 0  29  25.967  45340.801 190.765 -23.757   25.300    3.800       -6.4701     -168.0117
 1   2  25.967  41579.898 251.384  -0.014   10.090  -10.000     -151.3017    -3928.9141
 2   2  25.967  41579.898 251.384  -0.053    9.240  -10.000     -151.3017    -3928.9141
 3   2  25.967  41579.898 251.384  -0.142    8.020  -10.000     -151.3017    -3928.9141
 1   2  25.967  41582.953 293.730  -0.193   10.470  -10.000     -151.1841    -3925.8594
 2   2  25.967  41582.953 293.730  -0.107    9.530  -10.000     -151.1841    -3925.8594
 3   2  25.967  41582.953 293.730  -0.071    8.270  -10.000     -151.1841    -3925.8594
 1   2  25.967  41583.910 306.996  -0.072   10.780  -10.000     -151.1472    -3924.9023
 2   2  25.967  41583.910 306.996  -0.061    9.700  -10.000     -151.1472    -3924.9023
 3   2  25.967  41583.910 306.996  -0.087    8.330  -10.000     -151.1472    -3924.9023
 1   2  25.967  41647.801 112.747  -0.109   11.760  -10.000     -148.6868    -3861.0117
 2   2  25.967  41647.801 112.747   0.026   10.600  -10.000     -148.6868    -3861.0117
 3   2  25.967  41647.801 112.747  -0.023    9.050  -10.000     -148.6868    -3861.0117
 1   2  25.967  41649.801 140.477  -0.007   11.790  -10.000     -148.6098    -3859.0117
 2   2  25.967  41649.801 140.477   0.090   10.660  -10.000     -148.6098    -3859.0117
 3   2  25.967  41649.801 140.477  -0.021    9.100  -10.000     -148.6098    -3859.0117
 1   2  25.967  41651.824 168.525   0.217   11.120  -10.000     -148.5319    -3856.9883
 2   2  25.967  41651.824 168.525   0.159   10.130  -10.000     -148.5319    -3856.9883
 3   2  25.967  41651.824 168.525   0.071    8.820  -10.000     -148.5319    -3856.9883
 1   2  25.967  41653.797 195.875   0.030    9.370  -10.000     -148.4559    -3855.0156
 2   2  25.967  41653.797 195.875  -0.145    8.700  -10.000     -148.4559    -3855.0156
 3   2  25.967  41653.797 195.875  -0.096    7.860  -10.000     -148.4559    -3855.0156
 1   2  25.967  41655.750 222.951   0.052    9.690  -10.000     -148.3807    -3853.0625
 2   2  25.967  41655.750 222.951  -0.064    8.950  -10.000     -148.3807    -3853.0625
 3   2  25.967  41655.750 222.951  -0.036    7.990  -10.000     -148.3807    -3853.0625
 1   2  25.967  41658.773 264.869   0.004   10.290  -10.000     -148.2643    -3850.0391
 2   2  25.967  41658.773 264.869  -0.034    9.370  -10.000     -148.2643    -3850.0391
 3   2  25.967  41658.773 264.869  -0.029    8.190  -10.000     -148.2643    -3850.0391
 1   2  25.967  41762.637 264.781   0.026   10.310  -10.000     -144.2645    -3746.1758
 2   2  25.967  41762.637 264.781  -0.033    9.370  -10.000     -144.2645    -3746.1758
 3   2  25.967  41762.637 264.781  -0.019    8.200  -10.000     -144.2645    -3746.1758
 1   2  25.967  41925.914   8.377  -0.046   11.510  -10.000     -137.9767    -3582.8984
 2   2  25.967  41925.914   8.377  -0.063   10.180  -10.000     -137.9767    -3582.8984
 3   2  25.967  41925.914   8.377  -0.089    8.640  -10.000     -137.9767    -3582.8984
 6  36  25.967  45371.438 255.498   0.003    6.002  -10.000       -5.2903     -137.3750
 7  36  25.967  45371.438 255.498   0.010    5.485  -10.000       -5.2903     -137.3750
 8  36  25.967  45371.438 255.498   0.007    5.332  -10.000       -5.2903     -137.3750
 6  36  25.967  45373.496 284.037   0.030    6.009  -10.000       -5.2110     -135.3164
 7  36  25.967  45373.496 284.037   0.021    5.441  -10.000       -5.2110     -135.3164
 8  36  25.967  45373.496 284.037   0.031    5.292  -10.000       -5.2110     -135.3164
 6  36  25.967  45435.316  61.085  -0.003    6.272  -10.000       -2.8303      -73.4961
 7  36  25.967  45435.316  61.085  -0.009    5.605  -10.000       -2.8303      -73.4961
 8  36  25.967  45435.316  61.085  -0.007    5.424  -10.000       -2.8303      -73.4961
 6  36  25.967  45473.207 226.383  -0.016    6.025  -10.000       -1.3712      -35.6055
 7  36  25.967  45473.207 226.383  -0.001    5.562  -10.000       -1.3712      -35.6055
 8  36  25.967  45473.207 226.383  -0.008    5.416  -10.000       -1.3712      -35.6055
 6  36  25.967  45635.617 317.961   0.020    6.021  -10.000        4.8832      126.8047
 7  36  25.967  45635.617 317.961   0.026    5.429  -10.000        4.8832      126.8047
 8  36  25.967  45635.617 317.961   0.026    5.262  -10.000        4.8832      126.8047
 6  36  25.967  45637.582 345.200   0.019    6.061  -10.000        4.9589      128.7695
 7  36  25.967  45637.582 345.200   0.018    5.437  -10.000        4.9589      128.7695
 8  36  25.967  45637.582 345.200   0.023    5.268  -10.000        4.9589      128.7695
 6  36  25.967  45701.559 152.141  -0.014    6.572  -10.000        7.4226      192.7461
 7  36  25.967  45701.559 152.141  -0.029    5.951  -10.000        7.4226      192.7461
 8  36  25.967  45701.559 152.141  -0.040    5.770  -10.000        7.4226      192.7461
 6  36  25.967  45796.344  26.198   0.027    6.176  -10.000       11.0728      287.5312
 7  36  25.967  45796.344  26.198   0.019    5.517  -10.000       11.0728      287.5312
 8  36  25.967  45796.344  26.198   0.013    5.330  -10.000       11.0728      287.5312
 6  36  25.967  45797.301  39.466   0.000    6.200  -10.000       11.1096      288.4883
 7  36  25.967  45797.301  39.466  -0.005    5.536  -10.000       11.1096      288.4883
 8  36  25.967  45797.301  39.466  -0.007    5.352  -10.000       11.1096      288.4883
 6  36  25.967  45806.223 163.155  -0.029    6.505  -10.000       11.4532      297.4102
 7  36  25.967  45806.223 163.155  -0.025    5.935  -10.000       11.4532      297.4102
 8  36  25.967  45806.223 163.155  -0.036    5.763  -10.000       11.4532      297.4102
 6  36  25.967  45930.688  88.677   0.000    6.362  -10.000       16.2463      421.8750
 7  36  25.967  45930.688  88.677  -0.001    5.707  -10.000       16.2463      421.8750
 8  36  25.967  45930.688  88.677   0.006    5.532  -10.000       16.2463      421.8750
 6  36  25.967  46070.523 227.297  -0.011    6.029  -10.000       21.6314      561.7109
 7  36  25.967  46070.523 227.297   0.011    5.571  -10.000       21.6314      561.7109
 8  36  25.967  46070.523 227.297   0.003    5.424  -10.000       21.6314      561.7109
 6  36  25.967  46073.547 269.212   0.022    6.012  -10.000       21.7478      564.7344
 7  36  25.967  46073.547 269.212   0.029    5.477  -10.000       21.7478      564.7344
 8  36  25.967  46073.547 269.212   0.013    5.307  -10.000       21.7478      564.7344
 6  36  25.967  46087.441 101.839   0.019    6.431  -10.000       22.2829      578.6289
 7  36  25.967  46087.441 101.839   0.012    5.779  -10.000       22.2829      578.6289
 8  36  25.967  46087.441 101.839   0.007    5.595  -10.000       22.2829      578.6289
 6  36  25.967  46095.426 212.531   0.008    6.063  -10.000       22.5904      586.6133
 7  36  25.967  46095.426 212.531   0.012    5.612  -10.000       22.5904      586.6133
 8  36  25.967  46095.426 212.531  -0.003    5.464  -10.000       22.5904      586.6133
 6  36  25.967  46201.242 239.520   0.003    6.026  -10.000       26.6653      692.4297
 7  36  25.967  46201.242 239.520   0.004    5.528  -10.000       26.6653      692.4297
 8  36  25.967  46201.242 239.520  -0.018    5.362  -10.000       26.6653      692.4297
 6  36  25.967  46205.230 294.811   0.016    5.994  -10.000       26.8189      696.4180
 7  36  25.967  46205.230 294.811   0.024    5.430  -10.000       26.8189      696.4180
 8  36  25.967  46205.230 294.811   0.009    5.253  -10.000       26.8189      696.4180
 6  36  25.967  46574.219  10.291   0.041    6.140  -10.000       41.0286     1065.4062
 7  36  25.967  46574.219  10.291   0.032    5.489  -10.000       41.0286     1065.4062
 8  36  25.967  46574.219  10.291   0.039    5.317  -10.000       41.0286     1065.4062
 6  36  25.967  46576.207  37.856   0.025    6.218  -10.000       41.1052     1067.3945
 7  36  25.967  46576.207  37.856   0.017    5.553  -10.000       41.1052     1067.3945
 8  36  25.967  46576.207  37.856   0.030    5.383  -10.000       41.1052     1067.3945
 6  36  25.967  46596.191 314.911   0.005    6.004  -10.000       41.8748     1087.3789
 7  36  25.967  46596.191 314.911   0.011    5.415  -10.000       41.8748     1087.3789
 8  36  25.967  46596.191 314.911   0.001    5.238  -10.000       41.8748     1087.3789
 6  36  25.967  46858.395 349.971   0.043    6.095  -10.000       51.9721     1349.5820
 7  36  25.967  46858.395 349.971   0.019    5.444  -10.000       51.9721     1349.5820
 8  36  25.967  46858.395 349.971   0.017    5.267  -10.000       51.9721     1349.5820
 6  36  25.967  47524.625 226.277   0.000    6.041  -10.000       77.6285     2015.8125
 7  36  25.967  47524.625 226.277   0.001    5.564  -10.000       77.6285     2015.8125
 8  36  25.967  47524.625 226.277  -0.027    5.397  -10.000       77.6285     2015.8125
 6  36  25.967  47642.324  58.005   0.006    6.272  -10.000       82.1611     2133.5117
 7  36  25.967  47642.324  58.005   0.001    5.606  -10.000       82.1611     2133.5117
 8  36  25.967  47642.324  58.005   0.008    5.429  -10.000       82.1611     2133.5117
 6  36  25.967  47676.207 167.739  -0.170    6.315  -10.000       83.4659     2167.3945
 7  36  25.967  47676.207 167.739  -0.110    5.823  -10.000       83.4659     2167.3945
 8  36  25.967  47676.207 167.739  -0.116    5.661  -10.000       83.4659     2167.3945
 6  36  25.967  47676.227 168.011  -0.193    6.289  -10.000       83.4667     2167.4141
 7  36  25.967  47676.227 168.011  -0.124    5.808  -10.000       83.4667     2167.4141
 8  36  25.967  47676.227 168.011  -0.125    5.650  -10.000       83.4667     2167.4141
 6  36  25.967  47958.445 120.558   0.036    6.524  -10.000       94.3349     2449.6328
 7  36  25.967  47958.445 120.558   0.023    5.878  -10.000       94.3349     2449.6328
 8  36  25.967  47958.445 120.558   0.022    5.701  -10.000       94.3349     2449.6328
 6  36  25.967  47959.445 134.423   0.023    6.571  -10.000       94.3734     2450.6328
 7  36  25.967  47959.445 134.423  -0.006    5.917  -10.000       94.3734     2450.6328
 8  36  25.967  47959.445 134.423  -0.004    5.745  -10.000       94.3734     2450.6328
 6  36  25.967  47961.434 161.988  -0.116    6.428  -10.000       94.4500     2452.6211
 7  36  25.967  47961.434 161.988  -0.067    5.899  -10.000       94.4500     2452.6211
 8  36  25.967  47961.434 161.988  -0.075    5.728  -10.000       94.4500     2452.6211
 6  36  25.967  47962.281 173.738  -0.231    6.174  -10.000       94.4826     2453.4688
 7  36  25.967  47962.281 173.738  -0.130    5.755  -10.000       94.4826     2453.4688
 8  36  25.967  47962.281 173.738  -0.128    5.609  -10.000       94.4826     2453.4688
 6  36  25.967  47962.445 176.012  -0.227    6.142  -10.000       94.4889     2453.6328
 7  36  25.967  47962.445 176.012  -0.127    5.735  -10.000       94.4889     2453.6328
 8  36  25.967  47962.445 176.012  -0.131    5.586  -10.000       94.4889     2453.6328
 6  36  25.967  47963.301 187.872  -0.080    6.093  -10.000       94.5219     2454.4883
 7  36  25.967  47963.301 187.872  -0.028    5.692  -10.000       94.5219     2454.4883
 8  36  25.967  47963.301 187.872  -0.045    5.543  -10.000       94.5219     2454.4883
 0 170  25.967  50497.590  42.067   3.702   84.110    0.370      192.1169     4988.7773
 0 170  25.967  50499.809  72.823   1.871   90.930    0.400      192.2023     4990.9961
 0 170  25.967  50502.629 111.923   3.529   98.700    0.380      192.3109     4993.8164
 0 170  25.967  50527.570  97.701  -5.668   95.190    0.420      193.2714     5018.7578
 0 170  25.967  50530.609 139.834   0.925   91.590    0.470      193.3884     5021.7969
 0 170  25.967  50531.613 153.748  -0.826   90.460    0.400      193.4271     5022.8008
 0 170  25.967  50533.523 180.231  -4.498   61.030    0.710      193.5006     5024.7109
 0 170  25.967  50534.508 193.881  -6.050   41.900    0.500      193.5386     5025.6953
 0 170  25.967  50535.504 207.686  -2.129   37.070    0.490      193.5769     5026.6914
 0 170  25.967  50536.504 221.550   4.688   39.160    0.500      193.6154     5027.6914
 3   9  25.967  44017.480 204.873  -0.011    7.930  -10.000      -57.4309    -1491.3320
14   9  25.967  44017.480 204.873  -0.010    9.110  -10.000      -57.4309    -1491.3320
15   9  25.967  44017.480 204.873  -0.009    8.190  -10.000      -57.4309    -1491.3320
16   9  25.967  44017.480 204.873  -0.015    7.410  -10.000      -57.4309    -1491.3320
17   9  25.967  44017.480 204.873   0.007    6.860  -10.000      -57.4309    -1491.3320
 3   9  25.967  44019.480 232.600  -0.026    8.050  -10.000      -57.3539    -1489.3320
14   9  25.967  44019.480 232.600  -0.009    9.470  -10.000      -57.3539    -1489.3320
15   9  25.967  44019.480 232.600   0.005    8.370  -10.000      -57.3539    -1489.3320
16   9  25.967  44019.480 232.600   0.002    7.500  -10.000      -57.3539    -1489.3320
17   9  25.967  44019.480 232.600  -0.007    6.870  -10.000      -57.3539    -1489.3320
 3   9  25.967  44024.500 302.189  -0.020    8.370  -10.000      -57.1606    -1484.3125
14   9  25.967  44024.500 302.189   0.000   10.270  -10.000      -57.1606    -1484.3125
15   9  25.967  44024.500 302.189   0.004    8.750  -10.000      -57.1606    -1484.3125
16   9  25.967  44024.500 302.189  -0.011    7.670  -10.000      -57.1606    -1484.3125
17   9  25.967  44024.500 302.189   0.016    6.970  -10.000      -57.1606    -1484.3125
 3   9  25.967  44028.488 357.480  -0.014    8.660  -10.000      -57.0070    -1480.3242
14   9  25.967  44028.488 357.480   0.009   10.830  -10.000      -57.0070    -1480.3242
15   9  25.967  44028.488 357.480   0.002    9.070  -10.000      -57.0070    -1480.3242
16   9  25.967  44028.488 357.480   0.008    7.900  -10.000      -57.0070    -1480.3242
17   9  25.967  44028.488 357.480   0.034    7.140  -10.000      -57.0070    -1480.3242
 3   9  25.967  44135.891  46.456  -0.037    8.900  -10.000      -52.8710    -1372.9219
14   9  25.967  44135.891  46.456  -0.054   11.170  -10.000      -52.8710    -1372.9219
15   9  25.967  44135.891  46.456  -0.021    9.330  -10.000      -52.8710    -1372.9219
16   9  25.967  44135.891  46.456   0.013    8.130  -10.000      -52.8710    -1372.9219
17   9  25.967  44135.891  46.456   0.059    7.360  -10.000      -52.8710    -1372.9219
 3   9  25.967  44015.480 177.146  -0.318    8.120  -10.000      -57.5079    -1493.3320
14   9  25.967  44015.480 177.146  -0.521    9.380  -10.000      -57.5079    -1493.3320
15   9  25.967  44015.480 177.146  -0.296    8.440  -10.000      -57.5079    -1493.3320
16   9  25.967  44015.480 177.146  -0.214    7.630  -10.000      -57.5079    -1493.3320
17   9  25.967  44015.480 177.146  -0.169    7.040  -10.000      -57.5079    -1493.3320
