 2  79  11.262  44829.398  52.317  -0.173   14.622  -10.000      -58.8547     -662.8359
 3  79  11.262  44829.398  52.317  -0.086   12.875  -10.000      -58.8547     -662.8359
 2  79  11.262  44830.426  85.156  -0.040   14.800  -10.000      -58.7635     -661.8086
 3  79  11.262  44830.426  85.156  -0.014   13.009  -10.000      -58.7635     -661.8086
 2  79  11.262  44831.359 114.999   0.154   14.795  -10.000      -58.6806     -660.8750
 3  79  11.262  44831.359 114.999   0.114   13.034  -10.000      -58.6806     -660.8750
 2  79  11.262  44832.422 148.962   0.046   14.321  -10.000      -58.5862     -659.8125
 3  79  11.262  44832.422 148.962  -0.011   12.682  -10.000      -58.5862     -659.8125
 2  79  11.262  44833.410 180.552   0.229   14.284  -10.000      -58.4985     -658.8242
 3  79  11.262  44833.410 180.552   0.169   12.708  -10.000      -58.4985     -658.8242
 2  79  11.262  44834.438 213.392  -0.364   13.262  -10.000      -58.4072     -657.7969
 3  79  11.262  44834.438 213.392  -0.260   11.962  -10.000      -58.4072     -657.7969
 2  79  11.262  44835.438 245.358   0.121   13.660  -10.000      -58.3185     -656.7969
 3  79  11.262  44835.438 245.358   0.046   12.187  -10.000      -58.3185     -656.7969
 2  79  11.262  44880.387 242.168   0.135   13.651  -10.000      -54.3273     -611.8477
 3  79  11.262  44880.387 242.168   0.039   12.167  -10.000      -54.3273     -611.8477
 2  79  11.262  44881.359 273.259   0.035   13.818  -10.000      -54.2409     -610.8750
 3  79  11.262  44881.359 273.259   0.003   12.293  -10.000      -54.2409     -610.8750
 2  79  11.262  44883.316 335.816  -0.081   14.175  -10.000      -54.0672     -608.9180
 3  79  11.262  44883.316 335.816  -0.046   12.526  -10.000      -54.0672     -608.9180
 2  79  11.262  44884.359   9.154  -0.111   14.401  -10.000      -53.9746     -607.8750
 3  79  11.262  44884.359   9.154  -0.076   12.670  -10.000      -53.9746     -607.8750
 2  79  11.262  45179.426  81.011   0.012   14.859  -10.000      -27.7750     -312.8086
 3  79  11.262  45179.426  81.011  -0.008   13.014  -10.000      -27.7750     -312.8086
 2  79  11.262  45180.391 111.852   0.126   14.802  -10.000      -27.6893     -311.8438
 3  79  11.262  45180.391 111.852   0.071   13.011  -10.000      -27.6893     -311.8438
 2  79  11.262  45181.402 144.192   0.100   14.418  -10.000      -27.5995     -310.8320
 3  79  11.262  45181.402 144.192   0.041   12.762  -10.000      -27.5995     -310.8320
 2  79  11.262  45182.398 176.033   0.227   14.316  -10.000      -27.5110     -309.8359
 3  79  11.262  45182.398 176.033   0.138   12.702  -10.000      -27.5110     -309.8359
 2  79  11.262  45183.406 208.247  -0.254   13.453  -10.000      -27.4215     -308.8281
 3  79  11.262  45183.406 208.247  -0.223   12.059  -10.000      -27.4215     -308.8281
 2  79  11.262  45184.383 239.464   0.064   13.564  -10.000      -27.3348     -307.8516
 3  79  11.262  45184.383 239.464   0.027   12.146  -10.000      -27.3348     -307.8516
 2  79  11.262  45186.426 304.768  -0.049   13.968  -10.000      -27.1534     -305.8086
 3  79  11.262  45186.426 304.768  -0.036   12.387  -10.000      -27.1534     -305.8086
 2  79  11.262  45187.383 335.359  -0.066   14.186  -10.000      -27.0684     -304.8516
 3  79  11.262  45187.383 335.359  -0.055   12.514  -10.000      -27.0684     -304.8516
 2  79  11.262  45188.402   7.949  -0.139   14.364  -10.000      -26.9779     -303.8320
 3  79  11.262  45188.402   7.949  -0.104   12.635  -10.000      -26.9779     -303.8320
 2  79  11.262  45189.430  40.788  -0.142   14.587  -10.000      -26.8867     -302.8047
 3  79  11.262  45189.430  40.788  -0.090   12.818  -10.000      -26.8867     -302.8047
 2  79  11.262  45190.410  72.129  -0.085   14.768  -10.000      -26.7996     -301.8242
 3  79  11.262  45190.410  72.129  -0.050   12.968  -10.000      -26.7996     -301.8242
 2  79  11.262  45191.402 103.844   0.066   14.817  -10.000      -26.7115     -300.8320
 3  79  11.262  45191.402 103.844   0.046   13.029  -10.000      -26.7115     -300.8320
 2  79  11.262  45192.410 136.059   0.150   14.548  -10.000      -26.6221     -299.8242
 3  79  11.262  45192.410 136.059   0.073   12.844  -10.000      -26.6221     -299.8242
 2  79  11.262  45193.422 168.399   0.180   14.321  -10.000      -26.5322     -298.8125
 3  79  11.262  45193.422 168.399   0.132   12.734  -10.000      -26.5322     -298.8125
 2  79  11.262  45198.430 328.475  -0.079   14.118  -10.000      -26.0876     -293.8047
 3  79  11.262  45198.430 328.475  -0.048   12.486  -10.000      -26.0876     -293.8047
 2  79  11.262  45199.414 359.940  -0.113   14.327  -10.000      -26.0002     -292.8203
 3  79  11.262  45199.414 359.940  -0.084   12.612  -10.000      -26.0002     -292.8203
 2  79  11.262  45200.438  32.655  -0.139   14.541  -10.000      -25.9093     -291.7969
 3  79  11.262  45200.438  32.655  -0.091   12.778  -10.000      -25.9093     -291.7969
 3  79  11.262  45665.402 135.348   0.048   12.824  -10.000       15.3760      173.1680
 3  79  11.262  45666.309 164.317   0.057   12.678  -10.000       15.4564      174.0742
 4  79  11.262  45666.309 164.317   0.015   11.662  -10.000       15.4564      174.0742
 3  79  11.262  45676.305 123.844   0.033   12.887  -10.000       16.3440      184.0703
 4  79  11.262  45676.305 123.844   0.015   11.840  -10.000       16.3440      184.0703
 3  79  11.262  45686.230  81.124  -0.001   13.021  -10.000       17.2253      193.9961
 4  79  11.262  45686.230  81.124   0.012   11.945  -10.000       17.2253      193.9961
 3  79  11.262  45687.211 112.465   0.004   12.941  -10.000       17.3124      194.9766
 4  79  11.262  45687.211 112.465   0.012   11.898  -10.000       17.3124      194.9766
 3  79  11.262  45688.242 145.429   0.012   12.726  -10.000       17.4040      196.0078
 2  79  11.262  45689.332 180.266   0.263   14.321  -10.000       17.5007      197.0977
 3  79  11.262  45689.332 180.266   0.172   12.713  -10.000       17.5007      197.0977
 4  79  11.262  45689.332 180.266   0.132   11.712  -10.000       17.5007      197.0977
 2  79  11.262  45690.207 208.236  -0.297   13.411  -10.000       17.5784      197.9727
 3  79  11.262  45690.207 208.236  -0.236   12.046  -10.000       17.5784      197.9727
 4  79  11.262  45690.207 208.236  -0.166   11.193  -10.000       17.5784      197.9727
 2  79  11.262  45691.219 240.575   0.110   13.616  -10.000       17.6683      198.9844
 3  79  11.262  45691.219 240.575   0.057   12.179  -10.000       17.6683      198.9844
 4  79  11.262  45691.219 240.575   0.041   11.258  -10.000       17.6683      198.9844
 2  79  11.262  45692.211 272.291   0.044   13.820  -10.000       17.7564      199.9766
 3  79  11.262  45692.211 272.291   0.005   12.291  -10.000       17.7564      199.9766
 4  79  11.262  45692.211 272.291   0.008   11.344  -10.000       17.7564      199.9766
 2  79  11.262  45693.191 303.631  -0.038   13.969  -10.000       17.8434      200.9570
 3  79  11.262  45693.191 303.631   0.004   12.421  -10.000       17.8434      200.9570
 4  79  11.262  45693.191 303.631  -0.012   11.413  -10.000       17.8434      200.9570
 2  79  11.262  45694.203 335.972  -0.057   14.200  -10.000       17.9333      201.9688
 3  79  11.262  45694.203 335.972  -0.062   12.511  -10.000       17.9333      201.9688
 4  79  11.262  45694.203 335.972  -0.053   11.489  -10.000       17.9333      201.9688
 2  79  11.262  45695.223   8.561  -0.094   14.414  -10.000       18.0238      202.9883
 3  79  11.262  45695.223   8.561  -0.073   12.669  -10.000       18.0238      202.9883
 4  79  11.262  45695.223   8.561  -0.070   11.608  -10.000       18.0238      202.9883
 2  79  11.262  45701.207 199.852   0.215   14.065  -10.000       18.5551      208.9727
 3  79  11.262  45701.207 199.852   0.154   12.542  -10.000       18.5551      208.9727
 4  79  11.262  45701.207 199.852   0.147   11.597  -10.000       18.5551      208.9727
 2  79  11.262  45705.133 325.341  -0.064   14.110  -10.000       18.9037      212.8984
 3  79  11.262  45705.133 325.341  -0.018   12.502  -10.000       18.9037      212.8984
 4  79  11.262  45705.133 325.341  -0.027   11.475  -10.000       18.9037      212.8984
 2  79  11.262  45706.156 358.055  -0.117   14.309  -10.000       18.9946      213.9219
 3  79  11.262  45706.156 358.055  -0.073   12.613  -10.000       18.9946      213.9219
 4  79  11.262  45706.156 358.055  -0.074   11.558  -10.000       18.9946      213.9219
 2  79  11.262  45707.156  30.021  -0.129   14.536  -10.000       19.0834      214.9219
 3  79  11.262  45707.156  30.021  -0.083   12.774  -10.000       19.0834      214.9219
 4  79  11.262  45707.156  30.021  -0.073   11.702  -10.000       19.0834      214.9219
 2  79  11.262  47401.465 188.932   0.159   14.142  -10.000      169.5248     1909.2305
 3  79  11.262  47401.465 188.932   0.128   12.614  -10.000      169.5248     1909.2305
 4  79  11.262  47401.465 188.932   0.124   11.657  -10.000      169.5248     1909.2305
 2  79  11.262  47402.430 219.776  -0.311   13.233  -10.000      169.6105     1910.1953
 3  79  11.262  47402.430 219.776  -0.216   11.946  -10.000      169.6105     1910.1953
 4  79  11.262  47402.430 219.776  -0.148   11.109  -10.000      169.6105     1910.1953
 2  79  11.262  47403.457 252.614   0.158   13.759  -10.000      169.7017     1911.2227
 3  79  11.262  47403.457 252.614   0.085   12.265  -10.000      169.7017     1911.2227
 4  79  11.262  47403.457 252.614   0.094   11.353  -10.000      169.7017     1911.2227
 2  79  11.262  47404.457 284.579   0.029   13.894  -10.000      169.7905     1912.2227
 3  79  11.262  47404.457 284.579   0.010   12.345  -10.000      169.7905     1912.2227
 4  79  11.262  47404.457 284.579   0.016   11.384  -10.000      169.7905     1912.2227
 2  79  11.262  47407.434  19.726  -0.089   14.510  -10.000      170.0548     1915.1992
 3  79  11.262  47407.434  19.726  -0.069   12.738  -10.000      170.0548     1915.1992
 4  79  11.262  47407.434  19.726  -0.055   11.677  -10.000      170.0548     1915.1992
 2  79  11.262  47408.434  51.691  -0.073   14.719  -10.000      170.1436     1916.1992
 3  79  11.262  47408.434  51.691  -0.065   12.893  -10.000      170.1436     1916.1992
 4  79  11.262  47408.434  51.691  -0.039   11.826  -10.000      170.1436     1916.1992
 2  79  11.262  47409.410  82.908   0.041   14.885  -10.000      170.2303     1917.1758
 3  79  11.262  47409.410  82.908   0.028   13.051  -10.000      170.2303     1917.1758
 4  79  11.262  47409.410  82.908   0.041   11.976  -10.000      170.2303     1917.1758
 2  79  11.262  47410.430 115.494   0.138   14.774  -10.000      170.3208     1918.1953
 3  79  11.262  47410.430 115.494   0.087   13.003  -10.000      170.3208     1918.1953
 4  79  11.262  47410.430 115.494   0.089   11.960  -10.000      170.3208     1918.1953
 2  79  11.262  47411.438 147.711   0.094   14.380  -10.000      170.4103     1919.2031
 3  79  11.262  47411.438 147.711   0.033   12.733  -10.000      170.4103     1919.2031
 4  79  11.262  47411.438 147.711  -0.016   11.694  -10.000      170.4103     1919.2031
 2  79  11.262  47413.379 209.767  -0.416   13.266  -10.000      170.5827     1921.1445
 3  79  11.262  47413.379 209.767  -0.282   11.981  -10.000      170.5827     1921.1445
 4  79  11.262  47413.379 209.767  -0.212   11.131  -10.000      170.5827     1921.1445
 2  79  11.262  47414.445 243.858   0.136   13.664  -10.000      170.6774     1922.2109
 3  79  11.262  47414.445 243.858   0.067   12.202  -10.000      170.6774     1922.2109
 4  79  11.262  47414.445 243.858   0.078   11.303  -10.000      170.6774     1922.2109
 2  79  11.262  47415.441 275.696   0.042   13.844  -10.000      170.7658     1923.2070
 3  79  11.262  47415.441 275.696   0.029   12.329  -10.000      170.7658     1923.2070
 4  79  11.262  47415.441 275.696   0.026   11.372  -10.000      170.7658     1923.2070
 2  79  11.262  47416.383 305.788   0.010   14.035  -10.000      170.8494     1924.1484
 3  79  11.262  47416.383 305.788   0.003   12.431  -10.000      170.8494     1924.1484
 4  79  11.262  47416.383 305.788   0.013   11.447  -10.000      170.8494     1924.1484
 2  79  11.262  47417.387 337.879  -0.054   14.219  -10.000      170.9386     1925.1523
 3  79  11.262  47417.387 337.879  -0.041   12.542  -10.000      170.9386     1925.1523
 4  79  11.262  47417.387 337.879  -0.019   11.531  -10.000      170.9386     1925.1523
 2  79  11.262  47418.387   9.844  -0.101   14.417  -10.000      171.0273     1926.1523
 3  79  11.262  47418.387   9.844  -0.049   12.700  -10.000      171.0273     1926.1523
 4  79  11.262  47418.387   9.844  -0.036   11.648  -10.000      171.0273     1926.1523
 2  79  11.262  47419.367  41.182  -0.120   14.612  -10.000      171.1144     1927.1328
 3  79  11.262  47419.367  41.182  -0.080   12.830  -10.000      171.1144     1927.1328
 4  79  11.262  47419.367  41.182  -0.065   11.757  -10.000      171.1144     1927.1328
 2  79  11.262  47420.359  72.900  -0.018   14.836  -10.000      171.2025     1928.1250
 3  79  11.262  47420.359  72.900  -0.001   13.018  -10.000      171.2025     1928.1250
 4  79  11.262  47420.359  72.900   0.006   11.932  -10.000      171.2025     1928.1250
 2  79  11.262  47421.367 105.117   0.074   14.814  -10.000      171.2920     1929.1328
 3  79  11.262  47421.367 105.117   0.058   13.036  -10.000      171.2920     1929.1328
 4  79  11.262  47421.367 105.117   0.063   11.977  -10.000      171.2920     1929.1328
 2  79  11.262  47422.352 136.582   0.083   14.476  -10.000      171.3794     1930.1172
 3  79  11.262  47422.352 136.582   0.077   12.845  -10.000      171.3794     1930.1172
 4  79  11.262  47422.352 136.582   0.056   11.818  -10.000      171.3794     1930.1172
 2  79  11.262  47423.441 171.420   0.142   14.263  -10.000      171.4762     1931.2070
 3  79  11.262  47423.441 171.420   0.103   12.690  -10.000      171.4762     1931.2070
 4  79  11.262  47423.441 171.420   0.106   11.725  -10.000      171.4762     1931.2070
 2  79  11.262  47424.379 201.385  -0.233   13.593  -10.000      171.5594     1932.1445
 3  79  11.262  47424.379 201.385  -0.156   12.214  -10.000      171.5594     1932.1445
 4  79  11.262  47424.379 201.385  -0.084   11.350  -10.000      171.5594     1932.1445
 2  79  11.262  47425.355 232.603   0.008   13.484  -10.000      171.6461     1933.1211
 3  79  11.262  47425.355 232.603   0.030   12.136  -10.000      171.6461     1933.1211
 4  79  11.262  47425.355 232.603   0.041   11.247  -10.000      171.6461     1933.1211
 2  79  11.262  47427.426 298.779   0.071   14.038  -10.000      171.8299     1935.1914
 3  79  11.262  47427.426 298.779   0.023   12.416  -10.000      171.8299     1935.1914
 4  79  11.262  47427.426 298.779   0.028   11.436  -10.000      171.8299     1935.1914
 2  79  11.262  47428.340 327.997  -0.048   14.145  -10.000      171.9111     1936.1055
 3  79  11.262  47428.340 327.997  -0.028   12.504  -10.000      171.9111     1936.1055
 4  79  11.262  47428.340 327.997  -0.020   11.491  -10.000      171.9111     1936.1055
 2  79  11.262  47430.348  32.179  -0.103   14.574  -10.000      172.0894     1938.1133
 3  79  11.262  47430.348  32.179  -0.056   12.811  -10.000      172.0894     1938.1133
 4  79  11.262  47430.348  32.179  -0.056   11.728  -10.000      172.0894     1938.1133
 2  79  11.262  47431.395  65.638  -0.097   14.749  -10.000      172.1823     1939.1602
 3  79  11.262  47431.395  65.638  -0.026   12.981  -10.000      172.1823     1939.1602
 4  79  11.262  47431.395  65.638  -0.006   11.906  -10.000      172.1823     1939.1602
 2  79  11.262  47432.398  97.729  -0.004   14.790  -10.000      172.2715     1940.1641
 3  79  11.262  47432.398  97.729   0.011   13.018  -10.000      172.2715     1940.1641
 4  79  11.262  47432.398  97.729  -0.006   11.927  -10.000      172.2715     1940.1641
 2  79  11.262  47433.371 128.820   0.156   14.632  -10.000      172.3578     1941.1367
 3  79  11.262  47433.371 128.820   0.105   12.923  -10.000      172.3578     1941.1367
 4  79  11.262  47433.371 128.820   0.078   11.877  -10.000      172.3578     1941.1367
 2  79  11.262  47434.375 160.911   0.153   14.343  -10.000      172.4470     1942.1406
 3  79  11.262  47434.375 160.911   0.105   12.741  -10.000      172.4470     1942.1406
 4  79  11.262  47434.375 160.911   0.088   11.747  -10.000      172.4470     1942.1406
 2  79  11.262  48852.480 130.935   0.264   14.716  -10.000      298.3637     3360.2461
 3  79  11.262  48852.480 130.935   0.109   12.913  -10.000      298.3637     3360.2461
 4  79  11.262  48852.480 130.935   0.091   11.879  -10.000      298.3637     3360.2461
 2  79  11.262  48854.480 194.865  -0.019   13.901  -10.000      298.5413     3362.2461
 3  79  11.262  48854.480 194.865  -0.024   12.415  -10.000      298.5413     3362.2461
 4  79  11.262  48854.480 194.865  -0.031   11.462  -10.000      298.5413     3362.2461
 2  79  11.262  48858.402 320.229   0.021   14.158  -10.000      298.8895     3366.1680
 3  79  11.262  48858.402 320.229  -0.004   12.493  -10.000      298.8895     3366.1680
 4  79  11.262  48858.402 320.229  -0.022   11.463  -10.000      298.8895     3366.1680
 2  79  11.262  48860.402  24.159  -0.058   14.571  -10.000      299.0671     3368.1680
 3  79  11.262  48860.402  24.159  -0.027   12.803  -10.000      299.0671     3368.1680
 4  79  11.262  48860.402  24.159  -0.045   11.706  -10.000      299.0671     3368.1680
 2  79  11.262  48862.457  89.835   0.046   14.875  -10.000      299.2495     3370.2227
 3  79  11.262  48862.457  89.835   0.025   13.047  -10.000      299.2495     3370.2227
 4  79  11.262  48862.457  89.835   0.022   11.962  -10.000      299.2495     3370.2227
 2  79  11.262  48870.375 342.938   0.000   14.315  -10.000      299.9526     3378.1406
 3  79  11.262  48870.375 342.938  -0.035   12.575  -10.000      299.9526     3378.1406
 4  79  11.262  48870.375 342.938  -0.039   11.532  -10.000      299.9526     3378.1406
 2  79  11.262  48872.352  46.121  -0.063   14.697  -10.000      300.1281     3380.1172
 3  79  11.262  48872.352  46.121  -0.021   12.912  -10.000      300.1281     3380.1172
 4  79  11.262  48872.352  46.121  -0.025   11.818  -10.000      300.1281     3380.1172
 2  79  11.262  48874.387 111.171   0.093   14.776  -10.000      300.3088     3382.1523
 3  79  11.262  48874.387 111.171   0.098   13.043  -10.000      300.3088     3382.1523
 4  79  11.262  48874.387 111.171   0.053   11.944  -10.000      300.3088     3382.1523
 2  79  11.262  48875.434 144.635   0.093   14.407  -10.000      300.4018     3383.1992
 3  79  11.262  48875.434 144.635   0.052   12.770  -10.000      300.4018     3383.1992
 4  79  11.262  48875.434 144.635   0.026   11.751  -10.000      300.4018     3383.1992
 2  79  11.262  48876.426 176.353   0.241   14.328  -10.000      300.4899     3384.1914
 3  79  11.262  48876.426 176.353   0.160   12.722  -10.000      300.4899     3384.1914
 4  79  11.262  48876.426 176.353   0.139   11.737  -10.000      300.4899     3384.1914
 2  79  11.262  48877.336 205.444  -0.393   13.363  -10.000      300.5707     3385.1016
 3  79  11.262  48877.336 205.444  -0.295   12.023  -10.000      300.5707     3385.1016
 4  79  11.262  48877.336 205.444  -0.217   11.173  -10.000      300.5707     3385.1016
 2  79  11.262  48879.410 271.747   0.129   13.900  -10.000      300.7549     3387.1758
 3  79  11.262  48879.410 271.747   0.070   12.353  -10.000      300.7549     3387.1758
 4  79  11.262  48879.410 271.747   0.054   11.388  -10.000      300.7549     3387.1758
 2  79  11.262  48880.340 301.465   0.033   14.022  -10.000      300.8374     3388.1055
 3  79  11.262  48880.340 301.465   0.034   12.440  -10.000      300.8374     3388.1055
 4  79  11.262  48880.340 301.465   0.028   11.445  -10.000      300.8374     3388.1055
 2  79  11.262  48881.359 334.050   0.006   14.247  -10.000      300.9279     3389.1250
 3  79  11.262  48881.359 334.050  -0.035   12.527  -10.000      300.9279     3389.1250
 4  79  11.262  48881.359 334.050  -0.014   11.520  -10.000      300.9279     3389.1250
 2  79  11.262  48882.363   6.141  -0.074   14.414  -10.000      301.0171     3390.1289
 3  79  11.262  48882.363   6.141  -0.025   12.704  -10.000      301.0171     3390.1289
 4  79  11.262  48882.363   6.141  -0.038   11.629  -10.000      301.0171     3390.1289
 2  79  11.262  48883.367  38.232  -0.057   14.657  -10.000      301.1062     3391.1328
 3  79  11.262  48883.367  38.232  -0.036   12.860  -10.000      301.1062     3391.1328
 4  79  11.262  48883.367  38.232  -0.034   11.776  -10.000      301.1062     3391.1328
 2  79  11.262  48885.363 102.041   0.105   14.869  -10.000      301.2834     3393.1289
 3  79  11.262  48885.363 102.041   0.068   13.059  -10.000      301.2834     3393.1289
 4  79  11.262  48885.363 102.041   0.034   11.957  -10.000      301.2834     3393.1289
 2  79  11.262  48886.352 133.627   0.106   14.529  -10.000      301.3712     3394.1172
 3  79  11.262  48886.352 133.627   0.050   12.837  -10.000      301.3712     3394.1172
 4  79  11.262  48886.352 133.627   0.026   11.802  -10.000      301.3712     3394.1172
 2  79  11.262  48887.359 165.850   0.216   14.374  -10.000      301.4607     3395.1250
 3  79  11.262  48887.359 165.850   0.138   12.752  -10.000      301.4607     3395.1250
 4  79  11.262  48887.359 165.850   0.108   11.749  -10.000      301.4607     3395.1250
 2  79  11.262  48888.324 196.688  -0.088   13.809  -10.000      301.5464     3396.0898
 3  79  11.262  48888.324 196.688  -0.070   12.352  -10.000      301.5464     3396.0898
 4  79  11.262  48888.324 196.688  -0.067   11.412  -10.000      301.5464     3396.0898
 2  79  11.262  48889.332 228.900  -0.014   13.465  -10.000      301.6358     3397.0977
 3  79  11.262  48889.332 228.900  -0.022   12.088  -10.000      301.6358     3397.0977
 4  79  11.262  48889.332 228.900  -0.022   11.189  -10.000      301.6358     3397.0977
 2  79  11.262  48890.297 259.750   0.166   13.832  -10.000      301.7215     3398.0625
 3  79  11.262  48890.297 259.750   0.074   12.295  -10.000      301.7215     3398.0625
 4  79  11.262  48890.297 259.750   0.050   11.340  -10.000      301.7215     3398.0625
 2  79  11.262  48891.316 292.335   0.063   13.981  -10.000      301.8120     3399.0820
 3  79  11.262  48891.316 292.335   0.023   12.387  -10.000      301.8120     3399.0820
 4  79  11.262  48891.316 292.335   0.021   11.409  -10.000      301.8120     3399.0820
 2  79  11.262  48893.383 358.385  -0.015   14.413  -10.000      301.9955     3401.1484
 3  79  11.262  48893.383 358.385  -0.015   12.672  -10.000      301.9955     3401.1484
 4  79  11.262  48893.383 358.385  -0.037   11.596  -10.000      301.9955     3401.1484
 0 156  11.262  49695.320  72.477   1.456  -40.560    0.120      373.2013     4203.0859
 0 156  11.262  49697.340 137.032  -2.174  -46.480    0.360      373.3806     4205.1055
 0 156  11.262  49697.371 138.032  -1.030  -46.480    0.480      373.3834     4205.1367
 0 156  11.262  49698.375 170.123  -0.548  -63.610    0.100      373.4726     4206.1406
 0 156  11.262  49749.301 357.979   0.674  -60.450    0.090      377.9944     4257.0664
 0 156  11.262  49753.473 131.331  -0.650  -41.220    0.450      378.3648     4261.2383
 3   9  11.262  43866.711 239.821   0.000   12.120  -10.000     -144.3338    -1625.5234
14   9  11.262  43866.711 239.821   0.037   14.000  -10.000     -144.3338    -1625.5234
15   9  11.262  43866.711 239.821   0.006   12.550  -10.000     -144.3338    -1625.5234
16   9  11.262  43866.711 239.821   0.029   11.320  -10.000     -144.3338    -1625.5234
17   9  11.262  43866.711 239.821   0.001   10.330  -10.000     -144.3338    -1625.5234
 3   9  11.262  43867.691 271.159   0.060   12.340  -10.000     -144.2468    -1624.5430
14   9  11.262  43867.691 271.159   0.085   14.380  -10.000     -144.2468    -1624.5430
15   9  11.262  43867.691 271.159   0.071   12.800  -10.000     -144.2468    -1624.5430
16   9  11.262  43867.691 271.159   0.066   11.470  -10.000     -144.2468    -1624.5430
17   9  11.262  43867.691 271.159   0.056   10.460  -10.000     -144.2468    -1624.5430
 3   9  11.262  43868.699 303.376  -0.016   12.400  -10.000     -144.1573    -1623.5352
14   9  11.262  43868.699 303.376  -0.020   14.580  -10.000     -144.1573    -1623.5352
15   9  11.262  43868.699 303.376  -0.008   12.880  -10.000     -144.1573    -1623.5352
16   9  11.262  43868.699 303.376   0.007   11.500  -10.000     -144.1573    -1623.5352
17   9  11.262  43868.699 303.376  -0.006   10.450  -10.000     -144.1573    -1623.5352
 3   9  11.262  43869.711 335.715  -0.041   12.530  -10.000     -144.0675    -1622.5234
14   9  11.262  43869.711 335.715  -0.081   14.830  -10.000     -144.0675    -1622.5234
15   9  11.262  43869.711 335.715  -0.045   13.020  -10.000     -144.0675    -1622.5234
16   9  11.262  43869.711 335.715  -0.016   11.590  -10.000     -144.0675    -1622.5234
17   9  11.262  43869.711 335.715  -0.034   10.500  -10.000     -144.0675    -1622.5234
 3   9  11.262  44085.949  47.815  -0.071   12.870  -10.000     -124.8672    -1406.2852
14   9  11.262  44085.949  47.815  -0.151   15.370  -10.000     -124.8672    -1406.2852
15   9  11.262  44085.949  47.815  -0.069   13.400  -10.000     -124.8672    -1406.2852
16   9  11.262  44085.949  47.815  -0.040   11.870  -10.000     -124.8672    -1406.2852
17   9  11.262  44085.949  47.815  -0.065   10.720  -10.000     -124.8672    -1406.2852
