 2  79  13.442  44825.340 251.369  -0.019   12.074  -10.000      -49.3018     -662.6992
 3  79  13.442  44825.340 251.369  -0.034   10.433  -10.000      -49.3018     -662.6992
 2  79  13.442  44827.234 302.109   0.059   12.524  -10.000      -49.1608     -660.8047
 3  79  13.442  44827.234 302.109   0.019   10.688  -10.000      -49.1608     -660.8047
 2  79  13.442  44829.250 356.092   0.034   12.867  -10.000      -49.0109     -658.7891
 3  79  13.442  44829.250 356.092   0.008   10.915  -10.000      -49.0109     -658.7891
 2  79  13.442  44830.227  22.247   0.021   13.036  -10.000      -48.9382     -657.8125
 3  79  13.442  44830.227  22.247   0.017   11.054  -10.000      -48.9382     -657.8125
 2  79  13.442  44831.234  49.238   0.021   13.196  -10.000      -48.8632     -656.8047
 3  79  13.442  44831.234  49.238  -0.004   11.160  -10.000      -48.8632     -656.8047
 2  79  13.442  44832.234  76.021  -0.040   13.219  -10.000      -48.7888     -655.8047
 3  79  13.442  44832.234  76.021  -0.046   11.200  -10.000      -48.7888     -655.8047
 2  79  13.442  44833.227 102.594  -0.035   13.148  -10.000      -48.7150     -654.8125
 3  79  13.442  44833.227 102.594  -0.047   11.174  -10.000      -48.7150     -654.8125
 2  79  13.442  44844.211  36.781   0.029   13.137  -10.000      -47.8978     -643.8281
 3  79  13.442  44844.211  36.781   0.001   11.111  -10.000      -47.8978     -643.8281
 2  79  13.442  44845.199  63.250  -0.033   13.202  -10.000      -47.8243     -642.8398
 3  79  13.442  44845.199  63.250  -0.014   11.203  -10.000      -47.8243     -642.8398
 2  79  13.442  44846.230  90.869   0.000   13.246  -10.000      -47.7476     -641.8086
 3  79  13.442  44846.230  90.869  -0.020   11.233  -10.000      -47.7476     -641.8086
 2  79  13.442  44847.207 117.024  -0.016   13.030  -10.000      -47.6749     -640.8320
 3  79  13.442  44847.207 117.024  -0.040   11.102  -10.000      -47.6749     -640.8320
 2  79  13.442  44848.199 143.597   0.010   12.759  -10.000      -47.6011     -639.8398
 3  79  13.442  44848.199 143.597  -0.022   10.944  -10.000      -47.6011     -639.8398
 2  79  13.442  44849.230 171.216  -0.025   12.645  -10.000      -47.5244     -638.8086
 3  79  13.442  44849.230 171.216  -0.041   10.881  -10.000      -47.5244     -638.8086
 2  79  13.442  44850.227 197.894  -0.112   11.934  -10.000      -47.4503     -637.8125
 3  79  13.442  44850.227 197.894  -0.086   10.397  -10.000      -47.4503     -637.8125
 2  79  13.442  44851.223 224.572   0.014   11.885  -10.000      -47.3762     -636.8164
 3  79  13.442  44851.223 224.572  -0.027   10.318  -10.000      -47.3762     -636.8164
 2  79  13.442  44852.215 251.145  -0.013   12.079  -10.000      -47.3024     -635.8242
 3  79  13.442  44852.215 251.145  -0.033   10.433  -10.000      -47.3024     -635.8242
 2  79  13.442  44853.215 277.927   0.028   12.318  -10.000      -47.2280     -634.8242
 3  79  13.442  44853.215 277.927  -0.008   10.563  -10.000      -47.2280     -634.8242
 2  79  13.442  44854.215 304.709   0.045   12.529  -10.000      -47.1536     -633.8242
 3  79  13.442  44854.215 304.709   0.010   10.690  -10.000      -47.1536     -633.8242
 2  79  13.442  44855.191 330.864   0.033   12.697  -10.000      -47.0809     -632.8477
 3  79  13.442  44855.191 330.864   0.012   10.804  -10.000      -47.0809     -632.8477
 2  79  13.442  44856.195 357.751   0.049   12.894  -10.000      -47.0062     -631.8438
 3  79  13.442  44856.195 357.751   0.015   10.930  -10.000      -47.0062     -631.8438
 2  79  13.442  44857.199  24.637   0.014   13.046  -10.000      -46.9316     -630.8398
 3  79  13.442  44857.199  24.637   0.022   11.072  -10.000      -46.9316     -630.8398
 2  79  13.442  44858.262  53.094   0.015   13.209  -10.000      -46.8525     -629.7773
 3  79  13.442  44858.262  53.094   0.009   11.189  -10.000      -46.8525     -629.7773
 2  79  13.442  44880.195 280.526   0.046   12.356  -10.000      -45.2208     -607.8438
 3  79  13.442  44880.195 280.526  -0.006   10.575  -10.000      -45.2208     -607.8438
 2  79  13.442  44881.184 306.995   0.055   12.555  -10.000      -45.1472     -606.8555
 3  79  13.442  44881.184 306.995   0.010   10.700  -10.000      -45.1472     -606.8555
 2  79  13.442  44882.223 334.823   0.028   12.719  -10.000      -45.0699     -605.8164
 3  79  13.442  44882.223 334.823   0.026   10.836  -10.000      -45.0699     -605.8164
 2  79  13.442  44883.141 359.409   0.035   12.892  -10.000      -45.0016     -604.8984
 3  79  13.442  44883.141 359.409   0.002   10.925  -10.000      -45.0016     -604.8984
 2  79  13.442  44884.145  26.296   0.025   13.068  -10.000      -44.9270     -603.8945
 3  79  13.442  44884.145  26.296   0.015   11.074  -10.000      -44.9270     -603.8945
 2  79  13.442  44885.168  53.705   0.040   13.237  -10.000      -44.8508     -602.8711
 3  79  13.442  44885.168  53.705   0.006   11.189  -10.000      -44.8508     -602.8711
 2  79  13.442  45173.359 212.144   0.083   11.893  -10.000      -23.4107     -314.6797
 3  79  13.442  45173.359 212.144   0.024   10.335  -10.000      -23.4107     -314.6797
 2  79  13.442  45175.371 266.022   0.019   12.220  -10.000      -23.2610     -312.6680
 3  79  13.442  45175.371 266.022  -0.011   10.512  -10.000      -23.2610     -312.6680
 2  79  13.442  45178.348 345.742   0.034   12.798  -10.000      -23.0396     -309.6914
 3  79  13.442  45178.348 345.742   0.000   10.859  -10.000      -23.0396     -309.6914
 2  79  13.442  45181.234  63.055  -0.020   13.214  -10.000      -22.8248     -306.8047
 3  79  13.442  45181.234  63.055  -0.022   11.194  -10.000      -22.8248     -306.8047
 2  79  13.442  45182.238  89.942  -0.060   13.189  -10.000      -22.7502     -305.8008
 3  79  13.442  45182.238  89.942  -0.055   11.199  -10.000      -22.7502     -305.8008
 2  79  13.442  45183.242 116.829  -0.035   13.013  -10.000      -22.6755     -304.7969
 3  79  13.442  45183.242 116.829  -0.053   11.091  -10.000      -22.6755     -304.7969
 2  79  13.442  45184.211 142.774   0.006   12.760  -10.000      -22.6034     -303.8281
 3  79  13.442  45184.211 142.774  -0.014   10.955  -10.000      -22.6034     -303.8281
 2  79  13.442  45186.254 197.490  -0.114   11.944  -10.000      -22.4514     -301.7852
 3  79  13.442  45186.254 197.490  -0.098   10.394  -10.000      -22.4514     -301.7852
 2  79  13.442  45187.234 223.749   0.006   11.870  -10.000      -22.3785     -300.8047
 3  79  13.442  45187.234 223.749  -0.031   10.310  -10.000      -22.3785     -300.8047
 2  79  13.442  45188.230 250.426  -0.008   12.078  -10.000      -22.3044     -299.8086
 3  79  13.442  45188.230 250.426  -0.036   10.427  -10.000      -22.3044     -299.8086
 2  79  13.442  45189.281 278.569   0.037   12.332  -10.000      -22.2262     -298.7578
 3  79  13.442  45189.281 278.569  -0.007   10.566  -10.000      -22.2262     -298.7578
 2  79  13.442  45190.285 305.456   0.043   12.532  -10.000      -22.1515     -297.7539
 3  79  13.442  45190.285 305.456   0.007   10.690  -10.000      -22.1515     -297.7539
 2  79  13.442  45191.293 332.448   0.031   12.706  -10.000      -22.0765     -296.7461
 3  79  13.442  45191.293 332.448   0.016   10.816  -10.000      -22.0765     -296.7461
 2  79  13.442  45192.293 359.230   0.025   12.881  -10.000      -22.0021     -295.7461
 3  79  13.442  45192.293 359.230   0.001   10.923  -10.000      -22.0021     -295.7461
 2  79  13.442  45193.270  25.385   0.001   13.038  -10.000      -21.9295     -294.7695
 3  79  13.442  45193.270  25.385   0.001   11.055  -10.000      -21.9295     -294.7695
 2  79  13.442  45194.270  52.167  -0.036   13.154  -10.000      -21.8551     -293.7695
 3  79  13.442  45194.270  52.167  -0.029   11.147  -10.000      -21.8551     -293.7695
 2  79  13.442  45198.289 159.819   0.007   12.704  -10.000      -21.5561     -289.7500
 3  79  13.442  45198.289 159.819  -0.022   10.916  -10.000      -21.5561     -289.7500
 2  79  13.442  45199.262 185.869  -0.093   12.336  -10.000      -21.4837     -288.7773
 3  79  13.442  45199.262 185.869  -0.091   10.663  -10.000      -21.4837     -288.7773
 2  79  13.442  45200.277 213.070   0.075   11.884  -10.000      -21.4081     -287.7617
 3  79  13.442  45200.277 213.070   0.022   10.332  -10.000      -21.4081     -287.7617
 2  79  13.442  45201.270 239.643   0.006   12.004  -10.000      -21.3343     -286.7695
 3  79  13.442  45201.270 239.643  -0.029   10.388  -10.000      -21.3343     -286.7695
 2  79  13.442  45203.320 294.568   0.023   12.434  -10.000      -21.1818     -284.7188
 3  79  13.442  45203.320 294.568  -0.007   10.631  -10.000      -21.1818     -284.7188
 2  79  13.442  45211.180 145.060   0.009   12.748  -10.000      -20.5971     -276.8594
 3  79  13.442  45211.180 145.060  -0.028   10.932  -10.000      -20.5971     -276.8594
 2  79  13.442  45212.199 172.366  -0.051   12.611  -10.000      -20.5212     -275.8398
 3  79  13.442  45212.199 172.366  -0.053   10.864  -10.000      -20.5212     -275.8398
 2  79  13.442  45213.191 198.938  -0.101   11.914  -10.000      -20.4474     -274.8477
 3  79  13.442  45213.191 198.938  -0.086   10.375  -10.000      -20.4474     -274.8477
 2  79  13.442  45214.191 225.721   0.027   11.907  -10.000      -20.3730     -273.8477
 3  79  13.442  45214.191 225.721  -0.031   10.319  -10.000      -20.3730     -273.8477
 2  79  13.442  45648.121 327.370   0.051   12.691  -10.000       11.9094      160.0820
 3  79  13.442  45648.121 327.370   0.001   10.778  -10.000       11.9094      160.0820
 4  79  13.442  45648.121 327.370   0.010    9.758  -10.000       11.9094      160.0820
 2  79  13.442  45648.121 327.370   0.053   12.693  -10.000       11.9094      160.0820
 3  79  13.442  45648.121 327.370   0.016   10.793  -10.000       11.9094      160.0820
 4  79  13.442  45648.121 327.370   0.024    9.772  -10.000       11.9094      160.0820
 2  79  13.442  45649.148 354.885   0.063   12.888  -10.000       11.9858      161.1094
 3  79  13.442  45649.148 354.885   0.012   10.913  -10.000       11.9858      161.1094
 4  79  13.442  45649.148 354.885   0.016    9.863  -10.000       11.9858      161.1094
 2  79  13.442  45650.137  21.353   0.056   13.064  -10.000       12.0593      162.0977
 3  79  13.442  45650.137  21.353  -0.012   11.021  -10.000       12.0593      162.0977
 4  79  13.442  45650.137  21.353   0.007    9.964  -10.000       12.0593      162.0977
 2  79  13.442  45665.098  62.042   0.033   13.264  -10.000       13.1723      177.0586
 3  79  13.442  45665.098  62.042  -0.003   11.210  -10.000       13.1723      177.0586
 4  79  13.442  45665.098  62.042   0.009   10.129  -10.000       13.1723      177.0586
 2  79  13.442  45666.078  88.301   0.042   13.295  -10.000       13.2453      178.0391
 3  79  13.442  45666.078  88.301  -0.003   11.252  -10.000       13.2453      178.0391
 4  79  13.442  45666.078  88.301  -0.009   10.161  -10.000       13.2453      178.0391
 2  79  13.442  45668.082 141.971   0.063   12.823  -10.000       13.3944      180.0430
 3  79  13.442  45668.082 141.971  -0.034   10.938  -10.000       13.3944      180.0430
 4  79  13.442  45668.082 141.971  -0.040    9.935  -10.000       13.3944      180.0430
 1  79  13.442  45864.301 357.166  -0.053   14.543  -10.000       27.9921      376.2617
 2  79  13.442  45864.301 357.166   0.030   12.871  -10.000       27.9921      376.2617
 3  79  13.442  45864.301 357.166  -0.002   10.910  -10.000       27.9921      376.2617
 4  79  13.442  45864.301 357.166   0.010    9.866  -10.000       27.9921      376.2617
 1  79  13.442  45867.309  77.723   0.008   15.132  -10.000       28.2159      379.2695
 2  79  13.442  45867.309  77.723  -0.019   13.241  -10.000       28.2159      379.2695
 3  79  13.442  45867.309  77.723  -0.021   11.227  -10.000       28.2159      379.2695
 4  79  13.442  45867.309  77.723  -0.016   10.141  -10.000       28.2159      379.2695
 1  79  13.442  45868.352 105.656  -0.080   14.863  -10.000       28.2935      380.3125
 2  79  13.442  45868.352 105.656  -0.026   13.133  -10.000       28.2935      380.3125
 3  79  13.442  45868.352 105.656  -0.029   11.179  -10.000       28.2935      380.3125
 4  79  13.442  45868.352 105.656  -0.024   10.118  -10.000       28.2935      380.3125
 1  79  13.442  45869.371 132.961  -0.050   14.414  -10.000       28.3693      381.3320
 2  79  13.442  45869.371 132.961   0.023   12.869  -10.000       28.3693      381.3320
 3  79  13.442  45869.371 132.961  -0.013   11.010  -10.000       28.3693      381.3320
 4  79  13.442  45869.371 132.961  -0.031    9.980  -10.000       28.3693      381.3320
 1  79  13.442  45870.359 159.429  -0.097   14.134  -10.000       28.4429      382.3203
 2  79  13.442  45870.359 159.429   0.005   12.702  -10.000       28.4429      382.3203
 3  79  13.442  45870.359 159.429  -0.027   10.911  -10.000       28.4429      382.3203
 4  79  13.442  45870.359 159.429  -0.044    9.909  -10.000       28.4429      382.3203
 1  79  13.442  45871.363 186.316  -0.227   13.609  -10.000       28.5175      383.3242
 2  79  13.442  45871.363 186.316  -0.083   12.334  -10.000       28.5175      383.3242
 3  79  13.442  45871.363 186.316  -0.076   10.669  -10.000       28.5175      383.3242
 4  79  13.442  45871.363 186.316  -0.057    9.739  -10.000       28.5175      383.3242
 1  79  13.442  45872.367 213.203   0.036   13.039  -10.000       28.5922      384.3281
 2  79  13.442  45872.367 213.203   0.064   11.873  -10.000       28.5922      384.3281
 3  79  13.442  45872.367 213.203   0.018   10.328  -10.000       28.5922      384.3281
 4  79  13.442  45872.367 213.203   0.007    9.439  -10.000       28.5922      384.3281
 1  79  13.442  45873.367 239.986  -0.089   13.215  -10.000       28.6666      385.3281
 2  79  13.442  45873.367 239.986  -0.010   11.991  -10.000       28.6666      385.3281
 3  79  13.442  45873.367 239.986  -0.043   10.375  -10.000       28.6666      385.3281
 4  79  13.442  45873.367 239.986  -0.048    9.458  -10.000       28.6666      385.3281
 1  79  13.442  45874.355 266.454  -0.054   13.580  -10.000       28.7402      386.3164
 2  79  13.442  45874.355 266.454   0.030   12.234  -10.000       28.7402      386.3164
 3  79  13.442  45874.355 266.454  -0.018   10.507  -10.000       28.7402      386.3164
 4  79  13.442  45874.355 266.454  -0.010    9.562  -10.000       28.7402      386.3164
 1  79  13.442  45875.352 293.132   0.064   14.011  -10.000       28.8143      387.3125
 2  79  13.442  45875.352 293.132   0.046   12.447  -10.000       28.8143      387.3125
 3  79  13.442  45875.352 293.132   0.007   10.639  -10.000       28.8143      387.3125
 4  79  13.442  45875.352 293.132   0.026    9.669  -10.000       28.8143      387.3125
 1  79  13.442  45876.363 320.228   0.104   14.340  -10.000       28.8895      388.3242
 2  79  13.442  45876.363 320.228   0.036   12.626  -10.000       28.8895      388.3242
 3  79  13.442  45876.363 320.228   0.011   10.756  -10.000       28.8895      388.3242
 4  79  13.442  45876.363 320.228   0.021    9.745  -10.000       28.8895      388.3242
 2  79  13.442  45877.348 346.593   0.020   12.789  -10.000       28.9628      389.3086
 3  79  13.442  45877.348 346.593   0.010   10.872  -10.000       28.9628      389.3086
 4  79  13.442  45877.348 346.593   0.009    9.825  -10.000       28.9628      389.3086
 2  79  13.442  45878.352  13.480   0.026   12.980  -10.000       29.0374      390.3125
 3  79  13.442  45878.352  13.480   0.009   11.001  -10.000       29.0374      390.3125
 4  79  13.442  45878.352  13.480   0.018    9.941  -10.000       29.0374      390.3125
 2  79  13.442  45879.340  39.948   0.023   13.148  -10.000       29.1110      391.3008
 3  79  13.442  45879.340  39.948   0.016   11.139  -10.000       29.1110      391.3008
 4  79  13.442  45879.340  39.948   0.031   10.068  -10.000       29.1110      391.3008
 2  79  13.442  45880.348  66.939  -0.011   13.234  -10.000       29.1859      392.3086
 3  79  13.442  45880.348  66.939  -0.009   11.218  -10.000       29.1859      392.3086
 4  79  13.442  45880.348  66.939  -0.005   10.129  -10.000       29.1859      392.3086
 2  79  13.442  45881.340  93.512  -0.035   13.202  -10.000       29.2598      393.3008
 3  79  13.442  45881.340  93.512  -0.008   11.241  -10.000       29.2598      393.3008
 4  79  13.442  45881.340  93.512  -0.013   10.155  -10.000       29.2598      393.3008
 2  79  13.442  45882.336 120.190  -0.014   12.993  -10.000       29.3339      394.2969
 3  79  13.442  45882.336 120.190  -0.021   11.098  -10.000       29.3339      394.2969
 4  79  13.442  45882.336 120.190  -0.027   10.053  -10.000       29.3339      394.2969
 2  79  13.442  45883.352 147.391   0.051   12.778  -10.000       29.4094      395.3125
 3  79  13.442  45883.352 147.391  -0.007   10.946  -10.000       29.4094      395.3125
 4  79  13.442  45883.352 147.391  -0.019    9.943  -10.000       29.4094      395.3125
 1  79  13.442  45886.352 227.738  -0.020   13.120  -10.000       29.6326      398.3125
 2  79  13.442  45886.352 227.738   0.030   11.927  -10.000       29.6326      398.3125
 3  79  13.442  45886.352 227.738  -0.014   10.346  -10.000       29.6326      398.3125
 4  79  13.442  45886.352 227.738  -0.019    9.448  -10.000       29.6326      398.3125
 2  79  13.442  45887.363 254.834   0.035   12.154  -10.000       29.7079      399.3242
 3  79  13.442  45887.363 254.834   0.001   10.481  -10.000       29.7079      399.3242
 4  79  13.442  45887.363 254.834  -0.005    9.540  -10.000       29.7079      399.3242
 2  79  13.442  47409.199 333.149  -0.003   12.677  -10.000      142.9254     1921.1602
 3  79  13.442  47409.199 333.149  -0.004   10.799  -10.000      142.9254     1921.1602
 4  79  13.442  47409.199 333.149   0.015    9.783  -10.000      142.9254     1921.1602
 2  79  13.442  47410.199 359.934   0.027   12.888  -10.000      142.9998     1922.1602
 3  79  13.442  47410.199 359.934   0.003   10.929  -10.000      142.9998     1922.1602
 4  79  13.442  47410.199 359.934   0.033    9.901  -10.000      142.9998     1922.1602
 2  79  13.442  47411.223  27.345   0.010   13.060  -10.000      143.0760     1923.1836
 3  79  13.442  47411.223  27.345   0.006   11.070  -10.000      143.0760     1923.1836
 4  79  13.442  47411.223  27.345   0.025   10.010  -10.000      143.0760     1923.1836
 2  79  13.442  47413.188  79.964  -0.033   13.228  -10.000      143.2221     1925.1484
 3  79  13.442  47413.188  79.964  -0.039   11.212  -10.000      143.2221     1925.1484
 4  79  13.442  47413.188  79.964  -0.020   10.141  -10.000      143.2221     1925.1484
 2  79  13.442  47414.172 106.331   0.001   13.154  -10.000      143.2954     1926.1328
 3  79  13.442  47414.172 106.331  -0.022   11.183  -10.000      143.2954     1926.1328
 4  79  13.442  47414.172 106.331   0.004   10.144  -10.000      143.2954     1926.1328
 2  79  13.442  47415.176 133.215   0.059   12.902  -10.000      143.3700     1927.1367
 3  79  13.442  47415.176 133.215  -0.002   11.019  -10.000      143.3700     1927.1367
 4  79  13.442  47415.176 133.215  -0.005   10.004  -10.000      143.3700     1927.1367
 2  79  13.442  47416.180 160.104   0.031   12.728  -10.000      143.4447     1928.1406
 3  79  13.442  47416.180 160.104  -0.013   10.925  -10.000      143.4447     1928.1406
 4  79  13.442  47416.180 160.104  -0.011    9.942  -10.000      143.4447     1928.1406
 2  79  13.442  47417.164 186.465  -0.003   12.409  -10.000      143.5180     1929.1250
 3  79  13.442  47417.164 186.465  -0.024   10.718  -10.000      143.5180     1929.1250
 4  79  13.442  47417.164 186.465  -0.015    9.778  -10.000      143.5180     1929.1250
 2  79  13.442  47418.164 213.250   0.098   11.907  -10.000      143.5924     1930.1250
 3  79  13.442  47418.164 213.250   0.030   10.340  -10.000      143.5924     1930.1250
 4  79  13.442  47418.164 213.250   0.045    9.477  -10.000      143.5924     1930.1250
 2  79  13.442  47419.152 239.716  -0.092   11.907  -10.000      143.6659     1931.1133
 3  79  13.442  47419.152 239.716  -0.088   10.329  -10.000      143.6659     1931.1133
 2  79  13.442  47420.160 266.710   0.009   12.215  -10.000      143.7409     1932.1211
 3  79  13.442  47420.160 266.710  -0.022   10.504  -10.000      143.7409     1932.1211
 4  79  13.442  47420.160 266.710   0.007    9.580  -10.000      143.7409     1932.1211
 2  79  13.442  47421.152 293.286  -0.009   12.393  -10.000      143.8147     1933.1133
 3  79  13.442  47421.152 293.286  -0.018   10.615  -10.000      143.8147     1933.1133
 4  79  13.442  47421.152 293.286   0.003    9.646  -10.000      143.8147     1933.1133
 2  79  13.442  47422.156 320.169  -0.039   12.551  -10.000      143.8894     1934.1172
 3  79  13.442  47422.156 320.169  -0.050   10.695  -10.000      143.8894     1934.1172
 4  79  13.442  47422.156 320.169  -0.015    9.709  -10.000      143.8894     1934.1172
 2  79  13.442  47423.145 346.641   0.029   12.798  -10.000      143.9629     1935.1055
 3  79  13.442  47423.145 346.641   0.013   10.876  -10.000      143.9629     1935.1055
 4  79  13.442  47423.145 346.641   0.032    9.848  -10.000      143.9629     1935.1055
 2  79  13.442  47424.148  13.524   0.032   12.986  -10.000      144.0376     1936.1094
 3  79  13.442  47424.148  13.524   0.007   11.000  -10.000      144.0376     1936.1094
 4  79  13.442  47424.148  13.524   0.032    9.955  -10.000      144.0376     1936.1094
 2  79  13.442  47425.156  40.518  -0.021   13.108  -10.000      144.1125     1937.1172
 3  79  13.442  47425.156  40.518  -0.008   11.118  -10.000      144.1125     1937.1172
 4  79  13.442  47425.156  40.518   0.028   10.067  -10.000      144.1125     1937.1172
 2  79  13.442  47427.164  94.290  -0.012   13.221  -10.000      144.2619     1939.1250
 3  79  13.442  47427.164  94.290  -0.011   11.236  -10.000      144.2619     1939.1250
 4  79  13.442  47427.164  94.290   0.015   10.183  -10.000      144.2619     1939.1250
 2  79  13.442  47428.145 120.547   0.027   13.030  -10.000      144.3349     1940.1055
 3  79  13.442  47428.145 120.547  -0.019   11.097  -10.000      144.3349     1940.1055
 4  79  13.442  47428.145 120.547  -0.001   10.077  -10.000      144.3349     1940.1055
 2  79  13.442  47429.145 147.332   0.059   12.786  -10.000      144.4093     1941.1055
 3  79  13.442  47429.145 147.332   0.000   10.953  -10.000      144.4093     1941.1055
 4  79  13.442  47429.145 147.332  -0.001    9.961  -10.000      144.4093     1941.1055
 2  79  13.442  47430.129 173.694  -0.042   12.609  -10.000      144.4825     1942.0898
 3  79  13.442  47430.129 173.694  -0.034   10.875  -10.000      144.4825     1942.0898
 4  79  13.442  47430.129 173.694  -0.018    9.913  -10.000      144.4825     1942.0898
 2  79  13.442  47431.133 200.583  -0.021   11.948  -10.000      144.5572     1943.0938
 3  79  13.442  47431.133 200.583  -0.008   10.420  -10.000      144.5572     1943.0938
 4  79  13.442  47431.133 200.583   0.012    9.546  -10.000      144.5572     1943.0938
 2  79  13.442  47432.125 227.159  -0.004   11.888  -10.000      144.6310     1944.0859
 3  79  13.442  47432.125 227.159  -0.040   10.317  -10.000      144.6310     1944.0859
 4  79  13.442  47432.125 227.159  -0.029    9.436  -10.000      144.6310     1944.0859
 2  79  13.442  47433.133 254.147   0.001   12.115  -10.000      144.7060     1945.0938
 3  79  13.442  47433.133 254.147  -0.020   10.457  -10.000      144.7060     1945.0938
 4  79  13.442  47433.133 254.147  -0.005    9.538  -10.000      144.7060     1945.0938
 2  79  13.442  47434.137 281.036  -0.007   12.306  -10.000      144.7807     1946.0977
 3  79  13.442  47434.137 281.036  -0.005   10.578  -10.000      144.7807     1946.0977
 4  79  13.442  47434.137 281.036   0.016    9.626  -10.000      144.7807     1946.0977
 2  79  13.442  48503.238 114.071   0.030   13.109  -10.000      224.3169     3015.1992
 3  79  13.442  48503.238 114.071  -0.002   11.160  -10.000      224.3169     3015.1992
 4  79  13.442  48503.238 114.071   0.003   10.114  -10.000      224.3169     3015.1992
 2  79  13.442  48504.199 139.807   0.062   12.839  -10.000      224.3884     3016.1602
 3  79  13.442  48504.199 139.807   0.023   11.005  -10.000      224.3884     3016.1602
 4  79  13.442  48504.199 139.807  -0.002    9.980  -10.000      224.3884     3016.1602
 2  79  13.442  48505.188 166.273   0.032   12.722  -10.000      224.4619     3017.1484
 3  79  13.442  48505.188 166.273  -0.033   10.902  -10.000      224.4619     3017.1484
 4  79  13.442  48505.188 166.273  -0.019    9.933  -10.000      224.4619     3017.1484
 2  79  13.442  48506.238 194.414   0.091   12.249  -10.000      224.5400     3018.1992
 3  79  13.442  48506.238 194.414   0.053   10.615  -10.000      224.5400     3018.1992
 4  79  13.442  48506.238 194.414   0.054    9.699  -10.000      224.5400     3018.1992
 2  79  13.442  48507.215 220.573   0.044   11.884  -10.000      224.6127     3019.1758
 3  79  13.442  48507.215 220.573   0.010   10.336  -10.000      224.6127     3019.1758
 4  79  13.442  48507.215 220.573   0.009    9.452  -10.000      224.6127     3019.1758
 2  79  13.442  48508.191 246.725  -0.060   11.997  -10.000      224.6853     3020.1523
 3  79  13.442  48508.191 246.725  -0.057   10.391  -10.000      224.6853     3020.1523
 4  79  13.442  48508.191 246.725  -0.034    9.491  -10.000      224.6853     3020.1523
 2  79  13.442  48509.199 273.719   0.009   12.268  -10.000      224.7603     3021.1602
 3  79  13.442  48509.199 273.719  -0.009   10.545  -10.000      224.7603     3021.1602
 4  79  13.442  48509.199 273.719   0.011    9.602  -10.000      224.7603     3021.1602
 2  79  13.442  48510.195 300.394  -0.004   12.449  -10.000      224.8344     3022.1562
 3  79  13.442  48510.195 300.394  -0.023   10.639  -10.000      224.8344     3022.1562
 4  79  13.442  48510.195 300.394  -0.009    9.654  -10.000      224.8344     3022.1562
 2  79  13.442  48511.203 327.387   0.030   12.670  -10.000      224.9094     3023.1641
 3  79  13.442  48511.203 327.387  -0.004   10.773  -10.000      224.9094     3023.1641
 4  79  13.442  48511.203 327.387   0.035    9.783  -10.000      224.9094     3023.1641
 2  79  13.442  48512.207 354.271   0.040   12.860  -10.000      224.9841     3024.1680
 3  79  13.442  48512.207 354.271  -0.002   10.896  -10.000      224.9841     3024.1680
 4  79  13.442  48512.207 354.271   0.029    9.873  -10.000      224.9841     3024.1680
 2  79  13.442  48514.215  48.049   0.029   13.198  -10.000      225.1335     3026.1758
 3  79  13.442  48514.215  48.049   0.001   11.160  -10.000      225.1335     3026.1758
 4  79  13.442  48514.215  48.049   0.029   10.098  -10.000      225.1335     3026.1758
 2  79  13.442  48515.211  74.724  -0.020   13.238  -10.000      225.2076     3027.1719
 3  79  13.442  48515.211  74.724   0.004   11.248  -10.000      225.2076     3027.1719
 4  79  13.442  48515.211  74.724   0.015   10.167  -10.000      225.2076     3027.1719
 2  79  13.442  48516.207 101.404  -0.028   13.163  -10.000      225.2817     3028.1680
 3  79  13.442  48516.207 101.404  -0.022   11.203  -10.000      225.2817     3028.1680
 4  79  13.442  48516.207 101.404  -0.019   10.135  -10.000      225.2817     3028.1680
 2  79  13.442  48517.199 127.974   0.061   12.968  -10.000      225.3555     3029.1602
 3  79  13.442  48517.199 127.974   0.013   11.072  -10.000      225.3555     3029.1602
 4  79  13.442  48517.199 127.974   0.024   10.061  -10.000      225.3555     3029.1602
 2  79  13.442  48518.207 154.968   0.038   12.741  -10.000      225.4305     3030.1680
 3  79  13.442  48518.207 154.968   0.008   10.948  -10.000      225.4305     3030.1680
 4  79  13.442  48518.207 154.968  -0.019    9.935  -10.000      225.4305     3030.1680
 2  79  13.442  48519.227 182.274   0.045   12.564  -10.000      225.5063     3031.1875
 3  79  13.442  48519.227 182.274   0.031   10.848  -10.000      225.5063     3031.1875
 4  79  13.442  48519.227 182.274   0.026    9.881  -10.000      225.5063     3031.1875
 2  79  13.442  48520.195 208.218   0.050   11.881  -10.000      225.5784     3032.1562
 3  79  13.442  48520.195 208.218   0.062   10.390  -10.000      225.5784     3032.1562
 4  79  13.442  48520.195 208.218   0.067    9.516  -10.000      225.5784     3032.1562
 2  79  13.442  48521.223 235.734  -0.029   11.936  -10.000      225.6548     3033.1836
 3  79  13.442  48521.223 235.734  -0.072   10.327  -10.000      225.6548     3033.1836
 4  79  13.442  48521.223 235.734  -0.058    9.436  -10.000      225.6548     3033.1836
 2  79  13.442  48522.207 262.095  -0.031   12.141  -10.000      225.7280     3034.1680
 3  79  13.442  48522.207 262.095  -0.026   10.482  -10.000      225.7280     3034.1680
 4  79  13.442  48522.207 262.095  -0.009    9.553  -10.000      225.7280     3034.1680
 2  79  13.442  48523.199 288.671   0.007   12.376  -10.000      225.8019     3035.1602
 3  79  13.442  48523.199 288.671   0.005   10.619  -10.000      225.8019     3035.1602
 4  79  13.442  48523.199 288.671   0.012    9.643  -10.000      225.8019     3035.1602
 2  79  13.442  49934.332 282.096   0.039   12.360  -10.000      330.7836     4446.2930
 3  79  13.442  49934.332 282.096   0.022   10.610  -10.000      330.7836     4446.2930
 4  79  13.442  49934.332 282.096  -0.031    9.582  -10.000      330.7836     4446.2930
 5  79  13.442  49934.332 282.096  -0.007    8.698  -10.000      330.7836     4446.2930
 3  79  13.442  49935.340 309.089  -0.025   10.673  -10.000      330.8586     4447.3008
 4  79  13.442  49935.340 309.089  -0.059    9.630  -10.000      330.8586     4447.3008
 5  79  13.442  49935.340 309.089  -0.002    8.748  -10.000      330.8586     4447.3008
 3  79  13.442  49936.316 335.248  -0.010   10.802  -10.000      330.9312     4448.2773
 4  79  13.442  49936.316 335.248  -0.022    9.754  -10.000      330.9312     4448.2773
 5  79  13.442  49936.316 335.248   0.010    8.820  -10.000      330.9312     4448.2773
 2  79  13.442  49937.293   1.395   0.068   12.940  -10.000      331.0039     4449.2539
 3  79  13.442  49937.293   1.395  -0.002   10.932  -10.000      331.0039     4449.2539
 4  79  13.442  49937.293   1.395   0.008    9.882  -10.000      331.0039     4449.2539
 3  79  13.442  49938.316  28.806   0.005   11.077  -10.000      331.0800     4450.2773
 4  79  13.442  49938.316  28.806   0.013   10.004  -10.000      331.0800     4450.2773
 5  79  13.442  49938.316  28.806   0.038    9.024  -10.000      331.0800     4450.2773
 3  79  13.442  49939.309  55.382  -0.008   11.182  -10.000      331.1538     4451.2695
 5  79  13.442  49939.309  55.382   0.034    9.115  -10.000      331.1538     4451.2695
 3  79  13.442  49941.301 108.732  -0.018   11.175  -10.000      331.3020     4453.2617
 5  79  13.442  49941.301 108.732  -0.022    9.123  -10.000      331.3020     4453.2617
 3  79  13.442  49942.273 134.791   0.092   11.103  -10.000      331.3744     4454.2344
 5  79  13.442  49942.273 134.791   0.044    9.106  -10.000      331.3744     4454.2344
 3  79  13.442  49943.262 161.257   0.029   10.967  -10.000      331.4479     4455.2227
 5  79  13.442  49943.262 161.257  -0.021    9.015  -10.000      331.4479     4455.2227
 3  79  13.442  49944.273 188.350   0.140   10.843  -10.000      331.5232     4456.2344
 5  79  13.442  49944.273 188.350   0.083    8.966  -10.000      331.5232     4456.2344
 3  79  13.442  49945.266 214.926   0.062   10.372  -10.000      331.5970     4457.2266
 5  79  13.442  49945.266 214.926   0.015    8.628  -10.000      331.5970     4457.2266
 3  79  13.442  49946.258 241.501  -0.057   10.368  -10.000      331.6708     4458.2188
 5  79  13.442  49946.258 241.501  -0.045    8.613  -10.000      331.6708     4458.2188
 3  79  13.442  49947.238 267.759  -0.019   10.511  -10.000      331.7438     4459.1992
 5  79  13.442  49947.238 267.759  -0.005    8.681  -10.000      331.7438     4459.1992
 3  79  13.442  49948.234 294.434   0.004   10.642  -10.000      331.8179     4460.1953
 5  79  13.442  49948.234 294.434   0.013    8.736  -10.000      331.8179     4460.1953
 3  79  13.442  49949.238 321.317   0.034   10.784  -10.000      331.8925     4461.1992
 5  79  13.442  49949.238 321.317   0.057    8.833  -10.000      331.8925     4461.1992
 3  79  13.442  49950.238 348.102   0.000   10.869  -10.000      331.9669     4462.1992
 5  79  13.442  49950.238 348.102   0.016    8.861  -10.000      331.9669     4462.1992
 3  79  13.442  49952.242  41.770   0.007   11.138  -10.000      332.1160     4464.2031
 5  79  13.442  49952.242  41.770   0.033    9.065  -10.000      332.1160     4464.2031
 3  79  13.442  49953.281  69.598   0.009   11.243  -10.000      332.1933     4465.2422
 5  79  13.442  49953.281  69.598   0.046    9.170  -10.000      332.1933     4465.2422
 3  79  13.442  49955.234 121.915   0.063   11.169  -10.000      332.3387     4467.1953
 5  79  13.442  49955.234 121.915   0.003    9.110  -10.000      332.3387     4467.1953
 2 150  13.442  50305.285 137.087   0.101   12.903  -10.000      358.3808     4817.2461
 3 150  13.442  50305.285 137.087   0.042   11.039  -10.000      358.3808     4817.2461
 4 150  13.442  50305.285 137.087   0.022   10.014  -10.000      358.3808     4817.2461
 2 150  13.442  50306.301 164.290   0.022   12.715  -10.000      358.4564     4818.2617
 3 150  13.442  50306.301 164.290  -0.013   10.924  -10.000      358.4564     4818.2617
 4 150  13.442  50306.301 164.290  -0.033    9.920  -10.000      358.4564     4818.2617
 2 150  13.442  50307.254 189.811   0.138   12.449  -10.000      358.5273     4819.2148
 3 150  13.442  50307.254 189.811   0.113   10.783  -10.000      358.5273     4819.2148
 4 150  13.442  50307.254 189.811   0.095    9.829  -10.000      358.5273     4819.2148
 2 150  13.442  50310.262 270.374  -0.108   12.126  -10.000      358.7510     4822.2227
 3 150  13.442  50310.262 270.374  -0.039   10.501  -10.000      358.7510     4822.2227
 4 150  13.442  50310.262 270.374  -0.028    9.554  -10.000      358.7510     4822.2227
 2 150  13.442  50311.188 295.170  -0.043   12.372  -10.000      358.8199     4823.1484
 3 150  13.442  50311.188 295.170  -0.018   10.622  -10.000      358.8199     4823.1484
 4 150  13.442  50311.188 295.170  -0.005    9.644  -10.000      358.8199     4823.1484
 2 150  13.442  50312.188 321.943  -0.047   12.555  -10.000      358.8943     4824.1484
 3 150  13.442  50312.188 321.943  -0.030   10.723  -10.000      358.8943     4824.1484
 4 150  13.442  50312.188 321.943  -0.022    9.708  -10.000      358.8943     4824.1484
 2 150  13.442  50313.211 349.354  -0.052   12.735  -10.000      358.9704     4825.1719
 3 150  13.442  50313.211 349.354  -0.029   10.846  -10.000      358.9704     4825.1719
 4 150  13.442  50313.211 349.354  -0.005    9.821  -10.000      358.9704     4825.1719
 2 150  13.442  50314.184  15.403  -0.034   12.933  -10.000      359.0428     4826.1445
 3 150  13.442  50314.184  15.403  -0.032   10.970  -10.000      359.0428     4826.1445
 4 150  13.442  50314.184  15.403  -0.008    9.923  -10.000      359.0428     4826.1445
 2 150  13.442  50315.191  42.396  -0.062   13.077  -10.000      359.1178     4827.1523
 3 150  13.442  50315.191  42.396  -0.062   11.072  -10.000      359.1178     4827.1523
 4 150  13.442  50315.191  42.396  -0.022   10.025  -10.000      359.1178     4827.1523
 2 150  13.442  50316.203  69.500  -0.055   13.196  -10.000      359.1931     4828.1641
 3 150  13.442  50316.203  69.500  -0.034   11.199  -10.000      359.1931     4828.1641
 4 150  13.442  50316.203  69.500   0.022   10.162  -10.000      359.1931     4828.1641
 2 150  13.442  50317.211  96.482  -0.028   13.194  -10.000      359.2680     4829.1719
 3 150  13.442  50317.211  96.482  -0.021   11.221  -10.000      359.2680     4829.1719
 4 150  13.442  50317.211  96.482  -0.006   10.159  -10.000      359.2680     4829.1719
 2 150  13.442  50318.195 122.849   0.101   13.074  -10.000      359.3412     4830.1562
 3 150  13.442  50318.195 122.849   0.052   11.151  -10.000      359.3412     4830.1562
 4 150  13.442  50318.195 122.849   0.044   10.109  -10.000      359.3412     4830.1562
 2 150  13.442  50319.191 149.524   0.071   12.789  -10.000      359.4153     4831.1523
 3 150  13.442  50319.191 149.524   0.013   10.961  -10.000      359.4153     4831.1523
 4 150  13.442  50319.191 149.524   0.013    9.971  -10.000      359.4153     4831.1523
 2 150  13.442  50320.203 176.627   0.045   12.663  -10.000      359.4906     4832.1641
 3 150  13.442  50320.203 176.627   0.009   10.895  -10.000      359.4906     4832.1641
 4 150  13.442  50320.203 176.627   0.008    9.920  -10.000      359.4906     4832.1641
 2 150  13.442  50321.184 202.885   0.166   12.080  -10.000      359.5636     4833.1445
 3 150  13.442  50321.184 202.885   0.115   10.504  -10.000      359.5636     4833.1445
 4 150  13.442  50321.184 202.885   0.107    9.608  -10.000      359.5636     4833.1445
 2 150  13.442  50322.184 229.669  -0.059   11.854  -10.000      359.6380     4834.1445
 3 150  13.442  50322.184 229.669  -0.038   10.332  -10.000      359.6380     4834.1445
 4 150  13.442  50322.184 229.669  -0.023    9.451  -10.000      359.6380     4834.1445
 2 150  13.442  50323.180 256.344  -0.088   12.042  -10.000      359.7121     4835.1406
 3 150  13.442  50323.180 256.344  -0.059   10.427  -10.000      359.7121     4835.1406
 4 150  13.442  50323.180 256.344  -0.046    9.502  -10.000      359.7121     4835.1406
 2 150  13.442  50324.203 283.755  -0.057   12.276  -10.000      359.7882     4836.1641
 3 150  13.442  50324.203 283.755  -0.016   10.578  -10.000      359.7882     4836.1641
 4 150  13.442  50324.203 283.755  -0.011    9.606  -10.000      359.7882     4836.1641
 2 150  13.442  50325.172 309.705  -0.026   12.493  -10.000      359.8603     4837.1328
 3 150  13.442  50325.172 309.705  -0.021   10.680  -10.000      359.8603     4837.1328
 4 150  13.442  50325.172 309.705  -0.001    9.690  -10.000      359.8603     4837.1328
 2 150  13.442  50326.160 336.171  -0.034   12.666  -10.000      359.9338     4838.1211
 3 150  13.442  50326.160 336.171  -0.023   10.793  -10.000      359.9338     4838.1211
 4 150  13.442  50326.160 336.171  -0.001    9.778  -10.000      359.9338     4838.1211
 0 119  13.442  48474.352  60.414   3.579   37.860    0.790      222.1678     2986.3125
 0 119  13.442  48486.344  21.594   1.630   26.600    0.400      223.0600     2998.3047
 0 119  13.442  49184.414 357.550   0.216   17.670    0.310      274.9932     3696.3750
 0 119  13.442  49185.406  24.115  -1.162   24.760    0.290      275.0670     3697.3672
 0 119  13.442  49186.410  51.010  -2.641   30.660    0.520      275.1417     3698.3711
 0 119  13.442  49187.371  76.740  -0.870   38.050    0.420      275.2132     3699.3320
 0 119  13.442  49188.391 104.052   2.929   43.140    0.660      275.2890     3700.3516
 0 119  13.442  49224.352 347.168   0.893   15.910    0.330      277.9644     3736.3125
 0 119  13.442  49231.340 174.331   3.005   22.240    0.840      278.4843     3743.3008
 0 119  13.442  49234.332 254.465  -1.217   -9.180    0.670      278.7068     3746.2930
 0 119  13.442  49238.301   0.758   0.148   18.260    0.440      279.0021     3750.2617
 0 119  13.442  49241.289  80.793  -2.878   37.070    0.600      279.2244     3753.2500
 0 119  13.442  49242.273 107.150   1.231   42.140    0.680      279.2976     3754.2344
 0 119  13.442  49577.387  82.266  -5.543   34.620    0.840      304.2285     4089.3477
 0 119  13.442  49582.375 215.870  -2.383    3.660    0.600      304.5996     4094.3359
 0 119  13.442  49583.344 241.809  -4.345  -13.130    0.800      304.6717     4095.3047
 0 119  13.442  49585.371 296.115  -2.387   -4.010    1.250      304.8225     4097.3320
 0 119  13.442  49585.371 296.115  -4.487   -6.110    0.720      304.8225     4097.3320
 0 119  13.442  49610.285 243.369  -3.080  -12.070    0.680      306.6760     4122.2461
 0 119  13.442  49611.277 269.934  -5.864  -12.120    0.800      306.7498     4123.2383
 0 119  13.442  49615.301  17.699  -3.306   20.290    0.500      307.0492     4127.2617
 0 119  13.442  49893.516 268.934  -1.389   -7.700    0.810      327.7470     4405.4766
 0 119  13.442  49973.281 245.248  -2.124  -11.100    0.890      333.6812     4485.2422
 0 119  13.442  49998.258 194.183  -0.472   14.010    1.000      335.5394     4510.2188
 0 119  13.442  49998.266 194.392  -0.132   14.290    0.770      335.5400     4510.2266
 0 119  13.442  50342.340  49.493  -0.498   32.190    0.640      361.1375     4854.3008
 0 119  13.442  50714.320 292.006   2.612    0.770    0.390      388.8111     5226.2812
 0 119  13.442  50726.305 252.971   0.841   -7.200    0.630      389.7027     5238.2656
 0 119  13.442  50728.289 306.123   2.896    5.780    0.710      389.8503     5240.2500
 0 119  13.442  50729.234 331.436   1.490   12.450    0.400      389.9207     5241.1953
 0 119  13.442  50730.258 358.846   0.545   18.270    0.640      389.9968     5242.2188
 0 119  13.442  50731.211  24.368   0.708   26.730    0.230      390.0677     5243.1719
 0 151  13.442  49893.516 268.934  -1.389   -7.700    0.810      327.7470     4405.4766
 0 151  13.442  49973.281 245.248  -2.124  -11.100    0.890      333.6812     4485.2422
 0 151  13.442  49998.258 194.183  -0.472   14.010    1.000      335.5394     4510.2188
 0 151  13.442  49998.266 194.392  -0.132   14.290    0.770      335.5400     4510.2266
 0 151  13.442  50342.340  49.493  -0.498   32.190    0.640      361.1375     4854.3008
 0 151  13.442  50714.320 292.006   2.612    0.770    0.390      388.8111     5226.2812
 0 151  13.442  50726.305 252.971   0.841   -7.200    0.630      389.7027     5238.2656
 0 151  13.442  50728.289 306.123   2.896    5.780    0.710      389.8503     5240.2500
 0 151  13.442  50729.234 331.436   1.490   12.450    0.400      389.9207     5241.1953
 0 151  13.442  50730.258 358.846   0.545   18.270    0.640      389.9968     5242.2188
 0 151  13.442  50731.211  24.368   0.708   26.730    0.230      390.0677     5243.1719
