 0  22  13.672  43971.398  11.044   4.109   70.100  -10.000     -110.9693    -1517.2109
 0  22  13.672  43973.410  64.015 -11.266   69.000  -10.000     -110.8222    -1515.1992
 0  22  13.672  43976.371 141.976   1.504   82.200  -10.000     -110.6056    -1512.2383
 0  22  13.672  43978.320 193.302   1.877   61.200  -10.000     -110.4631    -1510.2891
 0  22  13.672  43980.348 246.682   0.279   33.900  -10.000     -110.3148    -1508.2617
 0  22  13.672  44179.590  92.834  -6.816   76.500  -10.000      -95.7421    -1309.0195
 0  22  13.672  44180.574 118.751   0.253   88.100  -10.000      -95.6701    -1308.0352
 0  22  13.672  44181.594 145.596   0.029   77.200  -10.000      -95.5956    -1307.0156
 0  22  13.672  44298.414 341.537   0.053   58.800  -10.000      -87.0513    -1190.1953
 0  22  13.672  44300.434  34.711  -2.622   71.700  -10.000      -86.9036    -1188.1758
 0  22  13.672  44302.406  86.652  16.541  101.700  -10.000      -86.7593    -1186.2031
 0  22  13.672  44331.348 128.697   7.745   96.300  -10.000      -84.6425    -1157.2617
 0  22  13.672  44332.371 155.643  -3.353   68.300  -10.000      -84.5677    -1156.2383
 0  22  13.672  44336.391 261.480   0.678   35.000  -10.000      -84.2737    -1152.2188
 0  22  13.672  44337.473 289.970   2.139   43.100  -10.000      -84.1945    -1151.1367
 0  22  13.672  44363.293 249.832  -0.807   32.900  -10.000      -82.3060    -1125.3164
 0  22  13.672  44364.293 276.163   3.065   38.600  -10.000      -82.2329    -1124.3164
 0  22  13.672  44593.527 192.025   2.135   61.900  -10.000      -65.4666     -895.0820
 0  22  13.672  44595.516 244.377  -2.934   30.500  -10.000      -65.3212     -893.0938
 0  22  13.672  44596.531 271.118   2.955   39.100  -10.000      -65.2469     -892.0781
 0  22  13.672  44653.438 329.490  -0.036   53.100  -10.000      -61.0848     -835.1719
 0  22  13.672  44654.410 355.100  -3.761   58.000  -10.000      -61.0136     -834.1992
 0  22  13.672  44655.367  20.299   0.011   69.600  -10.000      -60.9436     -833.2422
 0  22  13.672  44656.359  46.424  -3.018   73.000  -10.000      -60.8710     -832.2500
 0  22  13.672  44692.355 274.219  -0.530   35.200  -10.000      -58.2383     -796.2539
 0  22  13.672  44693.359 300.653  -1.995   42.300  -10.000      -58.1649     -795.2500
 0  22  13.672  44694.352 326.777   2.009   54.000  -10.000      -58.0923     -794.2578
 0  22  13.672  44704.316 229.157   1.104   41.000  -10.000      -57.3635     -784.2930
 0  22  13.672  44706.371 283.258  -6.209   31.100  -10.000      -57.2132     -782.2383
 0  22  13.672  44714.312 132.359  -5.651   81.900  -10.000      -56.6323     -774.2969
 0  22  13.672  44715.328 159.101  -5.610   64.800  -10.000      -56.5581     -773.2812
 0  22  13.672  45090.281 311.813  -0.478   47.700  -10.000      -29.1339     -398.3281
 0  22  13.672  45091.285 338.246   4.247   62.100  -10.000      -29.0604     -397.3242
 0  22  13.672  45093.262  30.290   2.048   74.900  -10.000      -28.9159     -395.3477
 2  22  13.672  43969.336 316.739  -0.051   11.061  -10.000     -111.1202    -1519.2734
 3  22  13.672  43969.336 316.739  -0.034    9.784  -10.000     -111.1202    -1519.2734
 4  22  13.672  43969.336 316.739  -0.031    9.074  -10.000     -111.1202    -1519.2734
 5  22  13.672  43969.336 316.739  -0.041    8.398  -10.000     -111.1202    -1519.2734
 2  22  13.672  44210.512 187.023   0.255   11.150  -10.000      -93.4805    -1278.0977
 3  22  13.672  44210.512 187.023   0.184    9.987  -10.000      -93.4805    -1278.0977
 4  22  13.672  44210.512 187.023   0.147    9.321  -10.000      -93.4805    -1278.0977
 5  22  13.672  44210.512 187.023   0.116    8.701  -10.000      -93.4805    -1278.0977
 2  22  13.672  44254.500 265.257   0.026   10.699  -10.000      -90.2632    -1234.1094
 3  22  13.672  44254.500 265.257   0.025    9.591  -10.000      -90.2632    -1234.1094
 4  22  13.672  44254.500 265.257   0.022    8.952  -10.000      -90.2632    -1234.1094
 5  22  13.672  44254.500 265.257   0.016    8.351  -10.000      -90.2632    -1234.1094
 2  22  13.672  44255.469 290.764  -0.016   10.880  -10.000      -90.1923    -1233.1406
 3  22  13.672  44255.469 290.764  -0.008    9.680  -10.000      -90.1923    -1233.1406
 4  22  13.672  44255.469 290.764  -0.004    9.007  -10.000      -90.1923    -1233.1406
 5  22  13.672  44255.469 290.764  -0.004    8.374  -10.000      -90.1923    -1233.1406
 2  22  13.672  44257.426 342.293  -0.062   11.260  -10.000      -90.0492    -1231.1836
 3  22  13.672  44257.426 342.293  -0.053    9.902  -10.000      -90.0492    -1231.1836
 4  22  13.672  44257.426 342.293  -0.041    9.170  -10.000      -90.0492    -1231.1836
 5  22  13.672  44257.426 342.293  -0.024    8.493  -10.000      -90.0492    -1231.1836
 2  22  13.672  44259.438  35.263  -0.111   11.649  -10.000      -89.9020    -1229.1719
 3  22  13.672  44259.438  35.263  -0.087   10.184  -10.000      -89.9020    -1229.1719
 4  22  13.672  44259.438  35.263  -0.071    9.406  -10.000      -89.9020    -1229.1719
 5  22  13.672  44259.438  35.263  -0.052    8.684  -10.000      -89.9020    -1229.1719
 2  22  13.672  44646.387 143.839   0.136   11.496  -10.000      -61.6004     -842.2227
 3  22  13.672  44646.387 143.839   0.074   10.188  -10.000      -61.6004     -842.2227
 4  22  13.672  44646.387 143.839   0.030    9.451  -10.000      -61.6004     -842.2227
 5  22  13.672  44646.387 143.839   0.005    8.779  -10.000      -61.6004     -842.2227
 1  22  13.672  44647.367 169.655   0.133   12.318  -10.000      -61.5287     -841.2422
 2  22  13.672  44647.367 169.655   0.156   11.424  -10.000      -61.5287     -841.2422
 3  22  13.672  44647.367 169.655   0.101   10.165  -10.000      -61.5287     -841.2422
 4  22  13.672  44647.367 169.655   0.066    9.454  -10.000      -61.5287     -841.2422
 5  22  13.672  44647.367 169.655   0.037    8.793  -10.000      -61.5287     -841.2422
 2  22  13.672  44648.371 196.088  -0.033   10.495  -10.000      -61.4553     -840.2383
 3  22  13.672  44648.371 196.088  -0.006    9.538  -10.000      -61.4553     -840.2383
 4  22  13.672  44648.371 196.088   0.010    8.970  -10.000      -61.4553     -840.2383
 5  22  13.672  44648.371 196.088   0.004    8.416  -10.000      -61.4553     -840.2383
 2  22  13.672  44649.375 222.521   0.069   10.338  -10.000      -61.3819     -839.2344
 3  22  13.672  44649.375 222.521   0.039    9.384  -10.000      -61.3819     -839.2344
 4  22  13.672  44649.375 222.521   0.038    8.825  -10.000      -61.3819     -839.2344
 5  22  13.672  44649.375 222.521   0.022    8.284  -10.000      -61.3819     -839.2344
 2  22  13.672  44650.375 248.851   0.027   10.554  -10.000      -61.3087     -838.2344
 3  22  13.672  44650.375 248.851   0.010    9.498  -10.000      -61.3087     -838.2344
 4  22  13.672  44650.375 248.851   0.014    8.896  -10.000      -61.3087     -838.2344
 5  22  13.672  44650.375 248.851  -0.007    8.306  -10.000      -61.3087     -838.2344
 2  22  13.672  44655.391  20.915  -0.081   11.560  -10.000      -60.9419     -833.2188
 3  22  13.672  44655.391  20.915  -0.073   10.108  -10.000      -60.9419     -833.2188
 4  22  13.672  44655.391  20.915  -0.063    9.336  -10.000      -60.9419     -833.2188
 5  22  13.672  44655.391  20.915  -0.060    8.609  -10.000      -60.9419     -833.2188
 2  22  13.672  44656.363  46.526  -0.085   11.752  -10.000      -60.8708     -832.2461
 3  22  13.672  44656.363  46.526  -0.072   10.260  -10.000      -60.8708     -832.2461
 4  22  13.672  44656.363  46.526  -0.053    9.478  -10.000      -60.8708     -832.2461
 5  22  13.672  44656.363  46.526  -0.043    8.742  -10.000      -60.8708     -832.2461
 2  22  13.672  44676.449 215.399  -0.040   10.169  -10.000      -59.4017     -812.1602
 3  22  13.672  44676.449 215.399  -0.020    9.289  -10.000      -59.4017     -812.1602
 4  22  13.672  44676.449 215.399  -0.014    8.746  -10.000      -59.4017     -812.1602
 5  22  13.672  44676.449 215.399  -0.005    8.240  -10.000      -59.4017     -812.1602
 2  22  13.672  44677.383 239.981   0.030   10.470  -10.000      -59.3334     -811.2266
 3  22  13.672  44677.383 239.981   0.031    9.473  -10.000      -59.3334     -811.2266
 4  22  13.672  44677.383 239.981   0.017    8.869  -10.000      -59.3334     -811.2266
 5  22  13.672  44677.383 239.981  -0.001    8.297  -10.000      -59.3334     -811.2266
 2  22  13.672  44678.414 267.135   0.007   10.698  -10.000      -59.2580     -810.1953
 3  22  13.672  44678.414 267.135   0.019    9.594  -10.000      -59.2580     -810.1953
 4  22  13.672  44678.414 267.135   0.006    8.942  -10.000      -59.2580     -810.1953
 5  22  13.672  44678.414 267.135  -0.005    8.333  -10.000      -59.2580     -810.1953
 2  22  13.672  44679.398 293.053  -0.018   10.897  -10.000      -59.1860     -809.2109
 3  22  13.672  44679.398 293.053  -0.006    9.693  -10.000      -59.1860     -809.2109
 4  22  13.672  44679.398 293.053  -0.007    9.012  -10.000      -59.1860     -809.2109
 5  22  13.672  44679.398 293.053  -0.011    8.371  -10.000      -59.1860     -809.2109
 2  22  13.672  44703.305 202.518  -0.238   10.075  -10.000      -57.4375     -785.3047
 3  22  13.672  44703.305 202.518  -0.145    9.246  -10.000      -57.4375     -785.3047
 4  22  13.672  44703.305 202.518  -0.101    8.732  -10.000      -57.4375     -785.3047
 5  22  13.672  44703.305 202.518  -0.086    8.223  -10.000      -57.4375     -785.3047
 2  22  13.672  44704.348 229.980   0.071   10.413  -10.000      -57.3612     -784.2617
 3  22  13.672  44704.348 229.980   0.054    9.442  -10.000      -57.3612     -784.2617
 4  22  13.672  44704.348 229.980   0.027    8.844  -10.000      -57.3612     -784.2617
 5  22  13.672  44704.348 229.980  -0.002    8.278  -10.000      -57.3612     -784.2617
 2  22  13.672  44711.352  54.396  -0.107   11.778  -10.000      -56.8489     -777.2578
 3  22  13.672  44711.352  54.396  -0.072   10.300  -10.000      -56.8489     -777.2578
 4  22  13.672  44711.352  54.396  -0.057    9.511  -10.000      -56.8489     -777.2578
 5  22  13.672  44711.352  54.396  -0.055    8.763  -10.000      -56.8489     -777.2578
 2  22  13.672  44712.324  80.007  -0.038   11.925  -10.000      -56.7778     -776.2852
 3  22  13.672  44712.324  80.007  -0.023   10.429  -10.000      -56.7778     -776.2852
 4  22  13.672  44712.324  80.007  -0.017    9.632  -10.000      -56.7778     -776.2852
 5  22  13.672  44712.324  80.007  -0.014    8.886  -10.000      -56.7778     -776.2852
 2  22  13.672  44914.539   4.429  -0.096   11.407  -10.000      -41.9877     -574.0703
 3  22  13.672  44914.539   4.429  -0.081   10.000  -10.000      -41.9877     -574.0703
 2  22  13.672  44954.555 338.062  -0.053   11.235  -10.000      -39.0609     -534.0547
 3  22  13.672  44954.555 338.062  -0.051    9.881  -10.000      -39.0609     -534.0547
 2  22  13.672  44955.469   2.130  -0.120   11.364  -10.000      -38.9941     -533.1406
 3  22  13.672  44955.469   2.130  -0.096    9.971  -10.000      -38.9941     -533.1406
 2  22  13.672  44956.512  29.592  -0.116   11.600  -10.000      -38.9178     -532.0977
 3  22  13.672  44956.512  29.592  -0.097   10.140  -10.000      -38.9178     -532.0977
 2  22  13.672  44959.500 108.274   0.101   11.921  -10.000      -38.6992     -529.1094
 3  22  13.672  44959.500 108.274   0.046   10.433  -10.000      -38.6992     -529.1094
 2  22  13.672  44960.500 134.604   0.182   11.640  -10.000      -38.6261     -528.1094
 3  22  13.672  44960.500 134.604   0.090   10.262  -10.000      -38.6261     -528.1094
 2  22  13.672  44961.539 161.963   0.111   11.405  -10.000      -38.5501     -527.0703
 3  22  13.672  44961.539 161.963   0.054   10.134  -10.000      -38.5501     -527.0703
 2  22  13.672  44965.539 267.286   0.021   10.713  -10.000      -38.2575     -523.0703
 3  22  13.672  44965.539 267.286   0.012    9.588  -10.000      -38.2575     -523.0703
 2  22  13.672  44966.555 294.028  -0.019   10.904  -10.000      -38.1833     -522.0547
 3  22  13.672  44966.555 294.028  -0.025    9.679  -10.000      -38.1833     -522.0547
 2  22  13.672  44967.539 319.947  -0.023   11.115  -10.000      -38.1113     -521.0703
 3  22  13.672  44967.539 319.947  -0.029    9.805  -10.000      -38.1113     -521.0703
 2  22  13.672  44968.578 347.307  -0.046   11.315  -10.000      -38.0353     -520.0312
 3  22  13.672  44968.578 347.307  -0.050    9.931  -10.000      -38.0353     -520.0312
 2  22  13.672  44994.551 311.180  -0.048   11.020  -10.000      -36.1356     -494.0586
 3  22  13.672  44994.551 311.180  -0.037    9.754  -10.000      -36.1356     -494.0586
 4  22  13.672  44994.551 311.180  -0.025    9.060  -10.000      -36.1356     -494.0586
 5  22  13.672  44994.551 311.180  -0.023    8.402  -10.000      -36.1356     -494.0586
 2  22  13.672  44995.578 338.231  -0.063   11.226  -10.000      -36.0605     -493.0312
 3  22  13.672  44995.578 338.231  -0.051    9.882  -10.000      -36.0605     -493.0312
 4  22  13.672  44995.578 338.231  -0.051    9.143  -10.000      -36.0605     -493.0312
 5  22  13.672  44995.578 338.231  -0.041    8.462  -10.000      -36.0605     -493.0312
 2  22  13.672  45003.449 185.479   0.223   11.173  -10.000      -35.4848     -485.1602
 3  22  13.672  45003.449 185.479   0.173   10.015  -10.000      -35.4848     -485.1602
 4  22  13.672  45003.449 185.479   0.119    9.325  -10.000      -35.4848     -485.1602
 5  22  13.672  45003.449 185.479   0.075    8.685  -10.000      -35.4848     -485.1602
 1  22  13.672  45004.430 211.296  -0.039   10.671  -10.000      -35.4131     -484.1797
 2  22  13.672  45004.430 211.296  -0.124   10.075  -10.000      -35.4131     -484.1797
 3  22  13.672  45004.430 211.296  -0.058    9.247  -10.000      -35.4131     -484.1797
 4  22  13.672  45004.430 211.296  -0.032    8.727  -10.000      -35.4131     -484.1797
 5  22  13.672  45004.430 211.296  -0.020    8.226  -10.000      -35.4131     -484.1797
 1  22  13.672  45005.430 237.627   0.097   11.147  -10.000      -35.3399     -483.1797
 2  22  13.672  45005.430 237.627   0.022   10.439  -10.000      -35.3399     -483.1797
 3  22  13.672  45005.430 237.627   0.027    9.456  -10.000      -35.3399     -483.1797
 4  22  13.672  45005.430 237.627   0.035    8.878  -10.000      -35.3399     -483.1797
 5  22  13.672  45005.430 237.627   0.018    8.312  -10.000      -35.3399     -483.1797
 1  22  13.672  45006.387 262.826   0.019   11.448  -10.000      -35.2699     -482.2227
 2  22  13.672  45006.387 262.826   0.007   10.658  -10.000      -35.2699     -482.2227
 3  22  13.672  45006.387 262.826   0.014    9.568  -10.000      -35.2699     -482.2227
 4  22  13.672  45006.387 262.826   0.018    8.940  -10.000      -35.2699     -482.2227
 5  22  13.672  45006.387 262.826  -0.001    8.330  -10.000      -35.2699     -482.2227
 2  22  13.672  45007.488 291.831  -0.027   10.878  -10.000      -35.1894     -481.1211
 3  22  13.672  45007.488 291.831  -0.007    9.686  -10.000      -35.1894     -481.1211
 4  22  13.672  45007.488 291.831  -0.009    9.006  -10.000      -35.1894     -481.1211
 5  22  13.672  45007.488 291.831  -0.014    8.366  -10.000      -35.1894     -481.1211
 2  22  13.672  45008.441 316.927  -0.042   11.072  -10.000      -35.1196     -480.1680
 3  22  13.672  45008.441 316.927  -0.032    9.787  -10.000      -35.1196     -480.1680
 4  22  13.672  45008.441 316.927  -0.021    9.085  -10.000      -35.1196     -480.1680
 5  22  13.672  45008.441 316.927  -0.020    8.419  -10.000      -35.1196     -480.1680
 1  22  13.672  45009.434 343.052  -0.062   12.398  -10.000      -35.0471     -479.1758
 2  22  13.672  45009.434 343.052  -0.064   11.264  -10.000      -35.0471     -479.1758
 3  22  13.672  45009.434 343.052  -0.047    9.912  -10.000      -35.0471     -479.1758
 4  22  13.672  45009.434 343.052  -0.052    9.162  -10.000      -35.0471     -479.1758
 5  22  13.672  45009.434 343.052  -0.063    8.457  -10.000      -35.0471     -479.1758
 1  22  13.672  45095.281  83.465   0.042   13.314  -10.000      -28.7682     -393.3281
 2  22  13.672  45095.281  83.465  -0.020   11.941  -10.000      -28.7682     -393.3281
 3  22  13.672  45095.281  83.465  -0.019   10.437  -10.000      -28.7682     -393.3281
 4  22  13.672  45095.281  83.465  -0.020    9.635  -10.000      -28.7682     -393.3281
 5  22  13.672  45095.281  83.465  -0.011    8.896  -10.000      -28.7682     -393.3281
 1  22  13.672  46070.324 196.856  -0.145   10.971  -10.000       42.5468      581.7148
 2  22  13.672  46070.324 196.856  -0.159   10.339  -10.000       42.5468      581.7148
 3  22  13.672  46070.324 196.856  -0.091    9.432  -10.000       42.5468      581.7148
 4  22  13.672  46070.324 196.856  -0.049    8.894  -10.000       42.5468      581.7148
 5  22  13.672  46070.324 196.856  -0.082    8.316  -10.000       42.5468      581.7148
 1  22  13.672  46070.434 199.736  -0.183   10.790  -10.000       42.5548      581.8242
 2  22  13.672  46070.434 199.736  -0.227   10.168  -10.000       42.5548      581.8242
 3  22  13.672  46070.434 199.736  -0.149    9.301  -10.000       42.5548      581.8242
 4  22  13.672  46070.434 199.736  -0.094    8.788  -10.000       42.5548      581.8242
 5  22  13.672  46070.434 199.736  -0.105    8.244  -10.000       42.5548      581.8242
 1  22  13.672  46070.496 201.381  -0.203   10.700  -10.000       42.5594      581.8867
 2  22  13.672  46070.496 201.381  -0.277   10.067  -10.000       42.5594      581.8867
 3  22  13.672  46070.496 201.381  -0.186    9.227  -10.000       42.5594      581.8867
 4  22  13.672  46070.496 201.381  -0.138    8.713  -10.000       42.5594      581.8867
 5  22  13.672  46070.496 201.381  -0.151    8.173  -10.000       42.5594      581.8867
 2  79  13.672  45666.539   4.982   0.015   11.523  -10.000       13.0138      177.9297
 3  79  13.672  45666.539   4.982  -0.016   10.068  -10.000       13.0138      177.9297
 4  79  13.672  45666.539   4.982  -0.009    9.308  -10.000       13.0138      177.9297
 2  79  13.672  45692.426 326.592  -0.029   11.164  -10.000       14.9072      203.8164
 3  79  13.672  45692.426 326.592  -0.047    9.822  -10.000       14.9072      203.8164
 4  79  13.672  45692.426 326.592  -0.042    9.102  -10.000       14.9072      203.8164
 2  79  13.672  45693.426 352.923  -0.046   11.359  -10.000       14.9803      204.8164
 3  79  13.672  45693.426 352.923  -0.086    9.926  -10.000       14.9803      204.8164
 4  79  13.672  45693.426 352.923  -0.081    9.177  -10.000       14.9803      204.8164
 2  79  13.672  45694.434  19.459  -0.073   11.555  -10.000       15.0541      205.8242
 3  79  13.672  45694.434  19.459  -0.076   10.095  -10.000       15.0541      205.8242
 4  79  13.672  45694.434  19.459  -0.073    9.318  -10.000       15.0541      205.8242
 2  79  13.672  45704.398 281.838  -0.013   10.809  -10.000       15.7829      215.7891
 3  79  13.672  45704.398 281.838  -0.007    9.640  -10.000       15.7829      215.7891
 4  79  13.672  45704.398 281.838   0.011    8.995  -10.000       15.7829      215.7891
 1  79  13.672  45705.375 307.552   0.018   12.055  -10.000       15.8543      216.7656
 2  79  13.672  45705.375 307.552   0.030   11.069  -10.000       15.8543      216.7656
 3  79  13.672  45705.375 307.552   0.005    9.778  -10.000       15.8543      216.7656
 4  79  13.672  45705.375 307.552  -0.018    9.054  -10.000       15.8543      216.7656
 1  79  13.672  45706.371 333.780   0.023   12.376  -10.000       15.9272      217.7617
 2  79  13.672  45706.371 333.780  -0.008   11.245  -10.000       15.9272      217.7617
 3  79  13.672  45706.371 333.780  -0.017    9.891  -10.000       15.9272      217.7617
 4  79  13.672  45706.371 333.780  -0.041    9.133  -10.000       15.9272      217.7617
23   4  13.672  40916.531 214.794  -0.032    2.482  -10.000     -334.4034    -4572.0781
24   4  13.672  40916.531 214.794  -0.024    3.370  -10.000     -334.4034    -4572.0781
25   4  13.672  40916.531 214.794   0.108    4.937  -10.000     -334.4034    -4572.0781
27   4  13.672  40916.531 214.794   0.017    4.132  -10.000     -334.4034    -4572.0781
23   4  13.672  40921.441 344.081  -0.054    3.140  -10.000     -334.0442    -4567.1680
24   4  13.672  40921.441 344.081  -0.078    4.575  -10.000     -334.0442    -4567.1680
25   4  13.672  40921.441 344.081  -0.065    6.312  -10.000     -334.0442    -4567.1680
27   4  13.672  40921.441 344.081   0.005    5.915  -10.000     -334.0442    -4567.1680
23   4  13.672  40923.453  37.057  -0.081    3.435  -10.000     -333.8971    -4565.1562
24   4  13.672  40923.453  37.057  -0.114    5.007  -10.000     -333.8971    -4565.1562
25   4  13.672  40923.453  37.057  -0.008    6.912  -10.000     -333.8971    -4565.1562
27   4  13.672  40923.453  37.057  -0.078    6.438  -10.000     -333.8971    -4565.1562
23   4  13.672  40924.418  62.457  -0.086    3.557  -10.000     -333.8265    -4564.1914
24   4  13.672  40924.418  62.457  -0.104    5.177  -10.000     -333.8265    -4564.1914
25   4  13.672  40924.418  62.457  -0.026    7.070  -10.000     -333.8265    -4564.1914
27   4  13.672  40924.418  62.457  -0.047    6.657  -10.000     -333.8265    -4564.1914
23   4  13.672  40925.406  88.484  -0.021    3.670  -10.000     -333.7542    -4563.2031
24   4  13.672  40925.406  88.484  -0.034    5.270  -10.000     -333.7542    -4563.2031
25   4  13.672  40925.406  88.484  -0.016    7.090  -10.000     -333.7542    -4563.2031
27   4  13.672  40925.406  88.484   0.069    6.773  -10.000     -333.7542    -4563.2031
23   4  13.672  40928.500 169.948   0.109    3.392  -10.000     -333.5279    -4560.1094
24   4  13.672  40928.500 169.948   0.175    4.712  -10.000     -333.5279    -4560.1094
25   4  13.672  40928.500 169.948   0.162    6.322  -10.000     -333.5279    -4560.1094
27   4  13.672  40928.500 169.948   0.210    5.815  -10.000     -333.5279    -4560.1094
23   4  13.672  40929.453 195.040  -0.056    2.730  -10.000     -333.4582    -4559.1562
24   4  13.672  40929.453 195.040  -0.086    3.700  -10.000     -333.4582    -4559.1562
25   4  13.672  40929.453 195.040  -0.056    5.225  -10.000     -333.4582    -4559.1562
27   4  13.672  40929.453 195.040  -0.151    4.468  -10.000     -333.4582    -4559.1562
23   4  13.672  40937.426  44.967  -0.087    3.473  -10.000     -332.8751    -4551.1836
24   4  13.672  40937.426  44.967  -0.102    5.078  -10.000     -332.8751    -4551.1836
25   4  13.672  40937.426  44.967  -0.130    6.855  -10.000     -332.8751    -4551.1836
27   4  13.672  40937.426  44.967  -0.051    6.535  -10.000     -332.8751    -4551.1836
23   4  13.672  40954.391 131.660   0.094    3.515  -10.000     -331.6343    -4534.2188
24   4  13.672  40954.391 131.660   0.173    4.967  -10.000     -331.6343    -4534.2188
25   4  13.672  40954.391 131.660   0.133    6.610  -10.000     -331.6343    -4534.2188
27   4  13.672  40954.391 131.660   0.277    6.250  -10.000     -331.6343    -4534.2188
23   4  13.672  40975.320 322.745  -0.065    3.010  -10.000     -330.1035    -4513.2891
24   4  13.672  40975.320 322.745  -0.064    4.398  -10.000     -330.1035    -4513.2891
25   4  13.672  40975.320 322.745  -0.123    6.028  -10.000     -330.1035    -4513.2891
27   4  13.672  40975.320 322.745   0.033    5.685  -10.000     -330.1035    -4513.2891
23   4  13.672  40977.496  20.039  -0.066    3.342  -10.000     -329.9443    -4511.1133
24   4  13.672  40977.496  20.039  -0.076    4.898  -10.000     -329.9443    -4511.1133
25   4  13.672  40977.496  20.039  -0.154    6.597  -10.000     -329.9443    -4511.1133
27   4  13.672  40977.496  20.039  -0.027    6.302  -10.000     -329.9443    -4511.1133
23   4  13.672  40978.371  43.077  -0.090    3.460  -10.000     -329.8803    -4510.2383
24   4  13.672  40978.371  43.077  -0.106    5.060  -10.000     -329.8803    -4510.2383
25   4  13.672  40978.371  43.077  -0.095    6.875  -10.000     -329.8803    -4510.2383
27   4  13.672  40978.371  43.077  -0.065    6.505  -10.000     -329.8803    -4510.2383
23   4  13.672  40979.496  72.697  -0.077    3.598  -10.000     -329.7981    -4509.1133
24   4  13.672  40979.496  72.697  -0.046    5.265  -10.000     -329.7981    -4509.1133
25   4  13.672  40979.496  72.697   0.074    7.200  -10.000     -329.7981    -4509.1133
27   4  13.672  40979.496  72.697   0.031    6.765  -10.000     -329.7981    -4509.1133
23   4  13.672  40989.477 335.490  -0.061    3.085  -10.000     -329.0681    -4499.1328
24   4  13.672  40989.477 335.490  -0.073    4.505  -10.000     -329.0681    -4499.1328
25   4  13.672  40989.477 335.490  -0.087    6.203  -10.000     -329.0681    -4499.1328
27   4  13.672  40989.477 335.490   0.010    5.820  -10.000     -329.0681    -4499.1328
23   4  13.672  40990.379 359.242  -0.091    3.190  -10.000     -329.0021    -4498.2305
24   4  13.672  40990.379 359.242  -0.103    4.682  -10.000     -329.0021    -4498.2305
25   4  13.672  40990.379 359.242  -0.144    6.390  -10.000     -329.0021    -4498.2305
27   4  13.672  40990.379 359.242  -0.104    5.983  -10.000     -329.0021    -4498.2305
23   4  13.672  40997.320 182.021   0.128    3.265  -10.000     -328.4944    -4491.2891
24   4  13.672  40997.320 182.021   0.198    4.512  -10.000     -328.4944    -4491.2891
25   4  13.672  40997.320 182.021   0.164    6.062  -10.000     -328.4944    -4491.2891
27   4  13.672  40997.320 182.021   0.192    5.503  -10.000     -328.4944    -4491.2891
23   4  13.672  41001.367 288.578  -0.030    2.870  -10.000     -328.1984    -4487.2422
24   4  13.672  41001.367 288.578  -0.036    4.113  -10.000     -328.1984    -4487.2422
25   4  13.672  41001.367 288.578  -0.041    5.727  -10.000     -328.1984    -4487.2422
27   4  13.672  41001.367 288.578   0.013    5.225  -10.000     -328.1984    -4487.2422
23   4  13.672  41002.473 317.681  -0.059    2.990  -10.000     -328.1176    -4486.1367
24   4  13.672  41002.473 317.681  -0.076    4.340  -10.000     -328.1176    -4486.1367
25   4  13.672  41002.473 317.681  -0.128    5.968  -10.000     -328.1176    -4486.1367
27   4  13.672  41002.473 317.681  -0.047    5.543  -10.000     -328.1176    -4486.1367
23   4  13.672  41014.359 270.659  -0.001    2.810  -10.000     -327.2482    -4474.2500
24   4  13.672  41014.359 270.659  -0.005    3.970  -10.000     -327.2482    -4474.2500
25   4  13.672  41014.359 270.659   0.001    5.552  -10.000     -327.2482    -4474.2500
27   4  13.672  41014.359 270.659  -0.006    4.952  -10.000     -327.2482    -4474.2500
23   4  13.672  41015.316 295.862  -0.056    2.880  -10.000     -327.1782    -4473.2930
24   4  13.672  41015.316 295.862  -0.071    4.145  -10.000     -327.1782    -4473.2930
25   4  13.672  41015.316 295.862  -0.087    5.765  -10.000     -327.1782    -4473.2930
27   4  13.672  41015.316 295.862  -0.043    5.265  -10.000     -327.1782    -4473.2930
23   4  13.672  41016.309 321.987  -0.051    3.020  -10.000     -327.1056    -4472.3008
24   4  13.672  41016.309 321.987  -0.074    4.380  -10.000     -327.1056    -4472.3008
25   4  13.672  41016.309 321.987  -0.099    6.043  -10.000     -327.1056    -4472.3008
27   4  13.672  41016.309 321.987  -0.067    5.575  -10.000     -327.1056    -4472.3008
23   4  13.672  41017.391 350.475  -0.086    3.142  -10.000     -327.0265    -4471.2188
24   4  13.672  41017.391 350.475  -0.106    4.600  -10.000     -327.0265    -4471.2188
25   4  13.672  41017.391 350.475  -0.124    6.318  -10.000     -327.0265    -4471.2188
27   4  13.672  41017.391 350.475  -0.014    5.967  -10.000     -327.0265    -4471.2188
23   4  13.672  41018.348  15.677  -0.068    3.312  -10.000     -326.9565    -4470.2617
24   4  13.672  41018.348  15.677  -0.108    4.825  -10.000     -326.9565    -4470.2617
25   4  13.672  41018.348  15.677  -0.200    6.505  -10.000     -326.9565    -4470.2617
27   4  13.672  41018.348  15.677  -0.048    6.230  -10.000     -326.9565    -4470.2617
23   4  13.672  41020.359  68.643  -0.076    3.587  -10.000     -326.8093    -4468.2500
24   4  13.672  41020.359  68.643  -0.070    5.233  -10.000     -326.8093    -4468.2500
25   4  13.672  41020.359  68.643   0.032    7.150  -10.000     -326.8093    -4468.2500
27   4  13.672  41020.359  68.643  -0.024    6.702  -10.000     -326.8093    -4468.2500
23   4  13.672  41044.281 338.522  -0.068    3.095  -10.000     -325.0597    -4444.3281
24   4  13.672  41044.281 338.522  -0.087    4.517  -10.000     -325.0597    -4444.3281
25   4  13.672  41044.281 338.522  -0.126    6.195  -10.000     -325.0597    -4444.3281
27   4  13.672  41044.281 338.522  -0.031    5.815  -10.000     -325.0597    -4444.3281
23   4  13.672  41047.301  58.030  -0.083    3.543  -10.000     -324.8388    -4441.3086
24   4  13.672  41047.301  58.030  -0.080    5.180  -10.000     -324.8388    -4441.3086
25   4  13.672  41047.301  58.030  -0.011    7.062  -10.000     -324.8388    -4441.3086
27   4  13.672  41047.301  58.030  -0.012    6.670  -10.000     -324.8388    -4441.3086
23   4  13.672  41048.305  84.463  -0.037    3.655  -10.000     -324.7654    -4440.3047
24   4  13.672  41048.305  84.463  -0.018    5.295  -10.000     -324.7654    -4440.3047
25   4  13.672  41048.305  84.463  -0.042    7.078  -10.000     -324.7654    -4440.3047
27   4  13.672  41048.305  84.463   0.071    6.793  -10.000     -324.7654    -4440.3047
23   4  13.672  41051.301 163.356   0.069    3.370  -10.000     -324.5462    -4437.3086
24   4  13.672  41051.301 163.356   0.126    4.693  -10.000     -324.5462    -4437.3086
25   4  13.672  41051.301 163.356   0.058    6.253  -10.000     -324.5462    -4437.3086
27   4  13.672  41051.301 163.356   0.118    5.763  -10.000     -324.5462    -4437.3086
23   4  13.672  41052.242 188.141   0.129    3.117  -10.000     -324.4774    -4436.3672
24   4  13.672  41052.242 188.141   0.187    4.277  -10.000     -324.4774    -4436.3672
25   4  13.672  41052.242 188.141   0.258    5.895  -10.000     -324.4774    -4436.3672
27   4  13.672  41052.242 188.141   0.225    5.242  -10.000     -324.4774    -4436.3672
23   4  13.672  41053.270 215.189  -0.049    2.467  -10.000     -324.4023    -4435.3398
24   4  13.672  41053.270 215.189  -0.029    3.368  -10.000     -324.4023    -4435.3398
25   4  13.672  41053.270 215.189   0.095    4.928  -10.000     -324.4023    -4435.3398
27   4  13.672  41053.270 215.189  -0.011    4.108  -10.000     -324.4023    -4435.3398
23   4  13.672  41082.219 257.432  -0.021    2.722  -10.000     -322.2849    -4406.3906
24   4  13.672  41082.219 257.432  -0.022    3.817  -10.000     -322.2849    -4406.3906
25   4  13.672  41082.219 257.432  -0.033    5.350  -10.000     -322.2849    -4406.3906
27   4  13.672  41082.219 257.432  -0.049    4.713  -10.000     -322.2849    -4406.3906
23   4  13.672  41106.199 168.860   0.064    3.352  -10.000     -320.5309    -4382.4102
24   4  13.672  41106.199 168.860   0.112    4.658  -10.000     -320.5309    -4382.4102
25   4  13.672  41106.199 168.860   0.153    6.323  -10.000     -320.5309    -4382.4102
27   4  13.672  41106.199 168.860   0.092    5.707  -10.000     -320.5309    -4382.4102
23   4  13.672  41109.211 248.159  -0.001    2.697  -10.000     -320.3107    -4379.3984
24   4  13.672  41109.211 248.159  -0.007    3.740  -10.000     -320.3107    -4379.3984
25   4  13.672  41109.211 248.159   0.081    5.347  -10.000     -320.3107    -4379.3984
27   4  13.672  41109.211 248.159   0.014    4.637  -10.000     -320.3107    -4379.3984
23   4  13.672  41112.207 327.041  -0.049    3.050  -10.000     -320.0916    -4376.4023
24   4  13.672  41112.207 327.041  -0.066    4.435  -10.000     -320.0916    -4376.4023
25   4  13.672  41112.207 327.041  -0.200    5.998  -10.000     -320.0916    -4376.4023
27   4  13.672  41112.207 327.041  -0.056    5.650  -10.000     -320.0916    -4376.4023
23   4  13.672  41114.203  19.600  -0.078    3.327  -10.000     -319.9456    -4374.4062
24   4  13.672  41114.203  19.600  -0.115    4.855  -10.000     -319.9456    -4374.4062
25   4  13.672  41114.203  19.600  -0.012    6.735  -10.000     -319.9456    -4374.4062
27   4  13.672  41114.203  19.600  -0.079    6.245  -10.000     -319.9456    -4374.4062
23   4  13.672  41117.203  98.591   0.006    3.672  -10.000     -319.7261    -4371.4062
24   4  13.672  41117.203  98.591   0.028    5.275  -10.000     -319.7261    -4371.4062
25   4  13.672  41117.203  98.591  -0.005    7.027  -10.000     -319.7261    -4371.4062
27   4  13.672  41117.203  98.591   0.138    6.755  -10.000     -319.7261    -4371.4062
23   4  13.672  41120.203 177.583   0.145    3.358  -10.000     -319.5067    -4368.4062
24   4  13.672  41120.203 177.583   0.221    4.650  -10.000     -319.5067    -4368.4062
25   4  13.672  41120.203 177.583   0.238    6.270  -10.000     -319.5067    -4368.4062
27   4  13.672  41120.203 177.583   0.229    5.690  -10.000     -319.5067    -4368.4062
 0  55  13.672  45390.672 301.255   4.387   48.860    0.480       -7.1632      -97.9375
 0  55  13.672  45393.602  18.395   1.832   71.050    0.530       -6.9489      -95.0078
 0  55  13.672  45397.555 122.483   6.436   94.860    2.120       -6.6598      -91.0547
 0  55  13.672  45400.586 202.297   2.416   56.710    1.300       -6.4381      -88.0234
 0  55  13.672  45402.508 252.901   2.700   36.230    0.740       -6.2975      -86.1016
 3 150  13.672  50808.539  36.519  -0.065   10.213  -10.000      389.1014     5319.9297
 5 150  13.672  50808.539  36.519  -0.046    8.696  -10.000      389.1014     5319.9297
 3 150  13.672  50809.426  59.875  -0.060   10.337  -10.000      389.1663     5320.8164
 5 150  13.672  50809.426  59.875  -0.027    8.812  -10.000      389.1663     5320.8164
 3 150  13.672  50809.543  62.952  -0.049   10.360  -10.000      389.1749     5320.9336
 5 150  13.672  50809.543  62.952  -0.006    8.844  -10.000      389.1749     5320.9336
 3 150  13.672  50809.590  64.193  -0.050   10.363  -10.000      389.1783     5320.9805
 5 150  13.672  50809.590  64.193  -0.036    8.819  -10.000      389.1783     5320.9805
 3 150  13.672  50810.422  86.100  -0.008   10.449  -10.000      389.2392     5321.8125
 5 150  13.672  50810.422  86.100  -0.008    8.904  -10.000      389.2392     5321.8125
 3 150  13.672  50810.520  88.671   0.001   10.457  -10.000      389.2463     5321.9102
 5 150  13.672  50810.520  88.671   0.001    8.915  -10.000      389.2463     5321.9102
 3 150  13.672  50810.578  90.209   0.002   10.456  -10.000      389.2506     5321.9688
 5 150  13.672  50810.578  90.209  -0.007    8.908  -10.000      389.2506     5321.9688
 3 150  13.672  50811.484 114.071   0.089   10.438  -10.000      389.3169     5322.8750
 5 150  13.672  50811.484 114.071   0.033    8.914  -10.000      389.3169     5322.8750
 3 150  13.672  50811.555 115.928   0.125   10.459  -10.000      389.3220     5322.9453
 5 150  13.672  50811.555 115.928   0.055    8.930  -10.000      389.3220     5322.9453
 3 150  13.672  50812.395 138.043   0.107   10.255  -10.000      389.3835     5323.7852
 5 150  13.672  50812.395 138.043   0.035    8.823  -10.000      389.3835     5323.7852
 3 150  13.672  50812.504 140.922   0.111   10.241  -10.000      389.3914     5323.8945
 5 150  13.672  50812.504 140.922   0.033    8.813  -10.000      389.3914     5323.8945
 3 150  13.672  50812.559 142.361   0.131   10.253  -10.000      389.3954     5323.9492
 5 150  13.672  50812.559 142.361   0.039    8.816  -10.000      389.3954     5323.9492
 3 150  13.672  50814.547 194.711   0.125    9.708  -10.000      389.5409     5325.9375
 5 150  13.672  50814.547 194.711   0.078    8.517  -10.000      389.5409     5325.9375
 3 150  13.672  50815.355 216.002  -0.023    9.288  -10.000      389.6000     5326.7461
 5 150  13.672  50815.355 216.002  -0.018    8.228  -10.000      389.6000     5326.7461
 3 150  13.672  50815.477 219.188   0.025    9.351  -10.000      389.6089     5326.8672
 5 150  13.672  50815.477 219.188   0.010    8.263  -10.000      389.6089     5326.8672
 3 150  13.672  50815.516 220.221   0.035    9.367  -10.000      389.6117     5326.9062
 5 150  13.672  50815.516 220.221   0.021    8.276  -10.000      389.6117     5326.9062
 3 150  13.672  50815.570 221.660   0.038    9.378  -10.000      389.6157     5326.9609
 5 150  13.672  50815.570 221.660   0.011    8.270  -10.000      389.6157     5326.9609
 3 150  13.672  50816.324 241.512   0.030    9.480  -10.000      389.6709     5327.7148
 5 150  13.672  50816.324 241.512   0.008    8.309  -10.000      389.6709     5327.7148
 3 150  13.672  50816.438 244.490   0.037    9.503  -10.000      389.6791     5327.8281
 5 150  13.672  50816.438 244.490   0.018    8.324  -10.000      389.6791     5327.8281
 3 150  13.672  50817.348 268.462   0.018    9.600  -10.000      389.7457     5328.7383
 5 150  13.672  50817.348 268.462   0.002    8.343  -10.000      389.7457     5328.7383
18 163  13.672  47909.258  16.935  -0.023   10.266  -10.000      177.0470     2420.6484
18 163  13.672  47909.270  17.243   0.032   10.323  -10.000      177.0479     2420.6602
18 163  13.672  47958.410 231.141   0.035    9.577  -10.000      180.6421     2469.8008
18 163  13.672  47958.484 233.097   0.070    9.622  -10.000      180.6475     2469.8750
18 163  13.672  47958.500 233.509   0.043    9.597  -10.000      180.6486     2469.8906
18 163  13.672  47958.574 235.464   0.044    9.608  -10.000      180.6541     2469.9648
18 163  13.672  47958.590 235.876   0.023    9.589  -10.000      180.6552     2469.9805
18 163  13.672  47979.281  60.688   0.047   10.579  -10.000      182.1686     2490.6719
18 163  13.672  48044.137 328.365  -0.017    9.999  -10.000      186.9121     2555.5273
18 163  13.672  48044.148 328.678  -0.050    9.968  -10.000      186.9130     2555.5391
18 163  13.672  48044.238 331.040   0.033   10.064  -10.000      186.9196     2555.6289
18 163  13.672  48061.465  64.627   0.007   10.554  -10.000      188.1795     2572.8555
18 163  13.672  48061.555  66.989   0.059   10.614  -10.000      188.1861     2572.9453
18 163  13.672  48104.906 128.463   0.106   10.465  -10.000      191.3568     2616.2969
18 163  13.672  48105.070 132.781   0.151   10.475  -10.000      191.3688     2616.4609
18 163  13.672  48105.082 133.088   0.143   10.464  -10.000      191.3697     2616.4727
18 163  13.672  48105.352 140.186   0.141   10.415  -10.000      191.3894     2616.7422
18 163  13.672  48105.438 142.449   0.103   10.364  -10.000      191.3957     2616.8281
18 163  13.672  48109.957 261.453   0.090    9.781  -10.000      191.7263     2621.3477
18 163  13.672  48110.047 263.815   0.026    9.728  -10.000      191.7328     2621.4375
18 163  13.672  48110.238 268.857   0.007    9.734  -10.000      191.7468     2621.6289
18 163  13.672  48110.312 270.813   0.021    9.757  -10.000      191.7523     2621.7031
18 163  13.672  48110.328 271.219   0.077    9.815  -10.000      191.7534     2621.7188
18 163  13.672  48110.402 273.175   0.014    9.762  -10.000      191.7588     2621.7930
18 163  13.672  48110.414 273.483   0.042    9.791  -10.000      191.7597     2621.8047
18 163  13.672  48110.492 275.543   0.061    9.821  -10.000      191.7654     2621.8828
18 163  13.672  48169.672  33.772  -0.041   10.354  -10.000      196.0938     2681.0625
18 163  13.672  48202.531 178.978   0.162   10.276  -10.000      198.4972     2713.9219
18 163  13.672  48202.547 179.390   0.186   10.293  -10.000      198.4983     2713.9375
18 163  13.672  48202.621 181.346   0.193   10.266  -10.000      198.5037     2714.0117
18 163  13.672  48202.637 181.758   0.214   10.280  -10.000      198.5049     2714.0273
18 163  13.672  48232.227 240.870   0.017    9.610  -10.000      200.6691     2743.6172
18 163  13.672  48232.301 242.825   0.038    9.642  -10.000      200.6745     2743.6914
18 163  13.672  48232.312 243.133   0.036    9.640  -10.000      200.6754     2743.7031
18 163  13.672  48253.273  75.048   0.014   10.590  -10.000      202.2085     2764.6641
18 163  13.672  48253.289  75.460   0.009   10.585  -10.000      202.2096     2764.6797
18 163  13.672  48253.363  77.410   0.036   10.617  -10.000      202.2150     2764.7539
18 163  13.672  48253.375  77.723   0.015   10.596  -10.000      202.2159     2764.7656
18 163  13.672  48253.555  82.452   0.014   10.601  -10.000      202.2290     2764.9453
18 163  13.672  48301.969 277.218   0.032    9.800  -10.000      205.7701     2813.3594
18 163  13.672  48301.984 277.630   0.026    9.795  -10.000      205.7712     2813.3750
18 163  13.672  48302.059 279.586   0.048    9.826  -10.000      205.7766     2813.4492
18 163  13.672  48302.074 279.998   0.016    9.797  -10.000      205.7778     2813.4648
18 163  13.672  48302.148 281.953  -0.002    9.787  -10.000      205.7832     2813.5391
18 163  13.672  48302.164 282.360   0.037    9.828  -10.000      205.7843     2813.5547
18 163  13.672  48302.250 284.623   0.053    9.854  -10.000      205.7906     2813.6406
18 163  13.672  48302.605 293.983   0.064    9.908  -10.000      205.8166     2813.9961
18 163  13.672  48314.859 256.635   0.039    9.708  -10.000      206.7129     2826.2500
18 163  13.672  48314.875 257.047   0.052    9.723  -10.000      206.7140     2826.2656
18 163  13.672  48314.945 258.898   0.035    9.715  -10.000      206.7192     2826.3359
18 163  13.672  48314.961 259.310   0.027    9.708  -10.000      206.7203     2826.3516
18 163  13.672  48315.035 261.266   0.000    9.690  -10.000      206.7257     2826.4258
18 163  13.672  48315.051 261.678   0.054    9.746  -10.000      206.7269     2826.4414
18 163  13.672  48315.305 268.363   0.049    9.773  -10.000      206.7455     2826.6953
18 163  13.672  48315.316 268.671   0.040    9.766  -10.000      206.7463     2826.7070
18 163  13.672  48315.391 270.626   0.028    9.764  -10.000      206.7517     2826.7812
18 163  13.672  48315.406 271.038   0.050    9.787  -10.000      206.7529     2826.7969
18 163  13.672  48355.375 243.435   0.021    9.627  -10.000      209.6762     2866.7656
18 163  13.672  48355.391 243.847   0.062    9.670  -10.000      209.6774     2866.7812
18 163  13.672  48355.477 246.110   0.050    9.670  -10.000      209.6836     2866.8672
18 163  13.672  48384.070 278.998   0.038    9.814  -10.000      211.7750     2895.4609
18 163  13.672  48446.703 128.150   0.129   10.490  -10.000      216.3560     2958.0938
18 163  13.672  48446.719 128.562   0.147   10.506  -10.000      216.3571     2958.1094
18 163  13.672  48446.793 130.518   0.149   10.491  -10.000      216.3625     2958.1836
18 163  13.672  48446.805 130.825   0.115   10.454  -10.000      216.3634     2958.1953
18 163  13.672  48446.883 132.880   0.157   10.480  -10.000      216.3691     2958.2734
18 163  13.672  48446.895 133.193   0.131   10.452  -10.000      216.3700     2958.2852
18 163  13.672  48455.594   2.247  -0.073   10.130  -10.000      217.0062     2966.9844
18 163  13.672  48455.605   2.554  -0.059   10.146  -10.000      217.0071     2966.9961
18 163  13.672  48455.680   4.510  -0.005   10.211  -10.000      217.0125     2967.0703
18 163  13.672  48455.695   4.922   0.011   10.229  -10.000      217.0137     2967.0859
18 163  13.672  48499.930  89.632   0.062   10.649  -10.000      220.2490     3011.3203
18 163  13.672  48500.004  91.588   0.080   10.665  -10.000      220.2544     3011.3945
18 163  13.672  48500.020  92.000   0.074   10.658  -10.000      220.2556     3011.4102
18 163  13.672  48500.109  94.367  -0.046   10.533  -10.000      220.2621     3011.5000
18 163  13.672  48510.582  10.118  -0.006   10.243  -10.000      221.0281     3021.9727
18 163  13.672  48510.594  10.426   0.018   10.268  -10.000      221.0290     3021.9844
18 163  13.672  48510.672  12.480  -0.047   10.215  -10.000      221.0347     3022.0625
18 163  13.672  48510.684  12.788  -0.042   10.222  -10.000      221.0355     3022.0742
18 163  13.672  48547.922 273.296   0.096    9.845  -10.000      223.7592     3059.3125
18 163  13.672  48547.938 273.702   0.033    9.784  -10.000      223.7603     3059.3281
18 163  13.672  48548.012 275.658   0.079    9.839  -10.000      223.7657     3059.4023
18 163  13.672  48548.027 276.070   0.060    9.822  -10.000      223.7669     3059.4180
18 163  13.672  48548.102 278.026   0.073    9.844  -10.000      223.7723     3059.4922
18 163  13.672  48571.828 182.758   0.175   10.221  -10.000      225.5077     3083.2188
18 163  13.672  48571.844 183.170   0.148   10.185  -10.000      225.5088     3083.2344
18 163  13.672  48571.918 185.125   0.183   10.177  -10.000      225.5142     3083.3086
18 163  13.672  48571.930 185.433   0.153   10.140  -10.000      225.5151     3083.3203
18 163  13.672  48598.043 153.007   0.089   10.313  -10.000      227.4250     3109.4336
18 163  13.672  48598.055 153.314   0.120   10.344  -10.000      227.4259     3109.4453
18 163  13.672  48598.133 155.374   0.097   10.320  -10.000      227.4316     3109.5234
18 163  13.672  48598.145 155.682   0.077   10.300  -10.000      227.4324     3109.5352
18 163  13.672  48598.219 157.637   0.164   10.386  -10.000      227.4379     3109.6094
18 163  13.672  48598.234 158.049   0.089   10.310  -10.000      227.4390     3109.6250
18 163  13.672  48640.605 193.700   0.054    9.813  -10.000      230.5381     3151.9961
18 163  13.672  48640.621 194.112   0.066    9.813  -10.000      230.5392     3152.0117
18 163  13.672  48640.695 196.068  -0.074    9.618  -10.000      230.5446     3152.0859
18 163  13.672  48640.711 196.479  -0.053    9.627  -10.000      230.5458     3152.1016
18 163  13.672  48640.785 198.430  -0.040    9.589  -10.000      230.5512     3152.1758
18 163  13.672  48640.797 198.743  -0.113    9.509  -10.000      230.5521     3152.1875
18 163  13.672  48640.961 203.060  -0.140    9.390  -10.000      230.5641     3152.3516
18 163  13.672  48640.977 203.472  -0.147    9.377  -10.000      230.5652     3152.3672
18 163  13.672  48641.051 205.428  -0.140    9.355  -10.000      230.5706     3152.4414
18 163  13.672  48641.066 205.840  -0.142    9.348  -10.000      230.5718     3152.4570
18 163  13.672  48641.141 207.790  -0.136    9.335  -10.000      230.5772     3152.5312
18 163  13.672  48641.156 208.202  -0.143    9.325  -10.000      230.5783     3152.5469
18 163  13.672  48641.227 210.053  -0.067    9.391  -10.000      230.5835     3152.6172
18 163  13.672  48641.242 210.465  -0.071    9.386  -10.000      230.5846     3152.6328
18 163  13.672  48650.742 100.607   0.048   10.606  -10.000      231.2795     3162.1328
18 163  13.672  48650.828 102.870   0.064   10.613  -10.000      231.2858     3162.2188
18 163  13.672  48650.918 105.233   0.161   10.699  -10.000      231.2923     3162.3086
18 163  13.672  48651.184 112.231  -0.017   10.480  -10.000      231.3118     3162.5742
18 163  13.672  48651.289 115.005   0.124   10.601  -10.000      231.3195     3162.6797
18 163  13.672  48651.363 116.960   0.028   10.490  -10.000      231.3249     3162.7539
18 163  13.672  48651.453 119.328   0.090   10.531  -10.000      231.3315     3162.8438
18 163  13.672  48699.523 305.041  -0.022    9.878  -10.000      234.8473     3210.9141
18 163  13.672  48699.613 307.408   0.038    9.950  -10.000      234.8539     3211.0039
18 163  13.672  48699.625 307.716  -0.036    9.877  -10.000      234.8548     3211.0156
18 163  13.672  48699.703 309.771  -0.044    9.880  -10.000      234.8605     3211.0938
18 163  13.672  48699.715 310.084  -0.078    9.846  -10.000      234.8613     3211.1055
18 163  13.672  48699.789 312.034  -0.005    9.929  -10.000      234.8668     3211.1797
18 163  13.672  48723.160 207.411  -0.129    9.345  -10.000      236.5761     3234.5508
18 163  13.672  48723.176 207.823  -0.140    9.331  -10.000      236.5773     3234.5664
18 163  13.672  48723.250 209.773  -0.112    9.347  -10.000      236.5827     3234.6406
18 163  13.672  48723.266 210.185  -0.119    9.339  -10.000      236.5838     3234.6562
18 163  13.672  48751.785 241.122   0.053    9.648  -10.000      238.6698     3263.1758
18 163  13.672  48751.859 243.073   0.027    9.632  -10.000      238.6752     3263.2500
18 163  13.672  48751.875 243.484   0.044    9.650  -10.000      238.6763     3263.2656
18 163  13.672  48787.305  96.367   0.083   10.656  -10.000      241.2677     3298.6953
18 163  13.672  48787.316  96.674   0.018   10.591  -10.000      241.2685     3298.7070
18 163  13.672  48787.391  98.630   0.093   10.658  -10.000      241.2740     3298.7812
18 163  13.672  48801.891 120.421   0.143   10.574  -10.000      242.3345     3313.2812
18 163  13.672  48977.816  72.642  -0.001   10.569  -10.000      255.2018     3489.2070
18 163  13.672  48977.832  73.054  -0.018   10.554  -10.000      255.2029     3489.2227
18 163  13.672  49045.594  57.250   0.040   10.557  -10.000      260.1590     3556.9844
18 163  13.672  49045.609  57.667   0.020   10.539  -10.000      260.1602     3557.0000
18 163  13.672  49045.684  59.623  -0.040   10.488  -10.000      260.1656     3557.0742
11  43  13.672  48341.617 241.183  -0.004    7.434  -10.000      208.6700     2853.0078
12  43  13.672  48341.617 241.183   0.029    7.045  -10.000      208.6700     2853.0078
13  43  13.672  48341.617 241.183   0.018    6.901  -10.000      208.6700     2853.0078
11  43  13.672  48342.594 266.896  -0.006    7.411  -10.000      208.7414     2853.9844
12  43  13.672  48342.594 266.896   0.020    6.989  -10.000      208.7414     2853.9844
13  43  13.672  48342.594 266.896   0.001    6.828  -10.000      208.7414     2853.9844
 1   2  13.672  41760.641 120.641   0.150   12.940  -10.000     -272.6649    -3727.9688
 2   2  13.672  41760.641 120.641   0.120   11.780  -10.000     -272.6649    -3727.9688
 3   2  13.672  41760.641 120.641   0.067   10.360  -10.000     -272.6649    -3727.9688
 1   2  13.672  41761.617 146.349  -0.031   12.270  -10.000     -272.5935    -3726.9922
 2   2  13.672  41761.617 146.349   0.079   11.420  -10.000     -272.5935    -3726.9922
 3   2  13.672  41761.617 146.349   0.047   10.150  -10.000     -272.5935    -3726.9922
 1   2  13.672  41762.645 173.397   0.155   12.290  -10.000     -272.5183    -3725.9648
 2   2  13.672  41762.645 173.397   0.158   11.390  -10.000     -272.5183    -3725.9648
 3   2  13.672  41762.645 173.397   0.101   10.140  -10.000     -272.5183    -3725.9648
 1   2  13.672  41764.676 226.890   0.205   11.090  -10.000     -272.3698    -3723.9336
 2   2  13.672  41764.676 226.890   0.078   10.390  -10.000     -272.3698    -3723.9336
 3   2  13.672  41764.676 226.890   0.039    9.410  -10.000     -272.3698    -3723.9336
 1   2  13.672  41765.684 253.422   0.046   11.340  -10.000     -272.2961    -3722.9258
 2   2  13.672  41765.684 253.422   0.002   10.570  -10.000     -272.2961    -3722.9258
 3   2  13.672  41765.684 253.422   0.000    9.510  -10.000     -272.2961    -3722.9258
 1   2  13.672  41766.672 279.448  -0.038   11.630  -10.000     -272.2238    -3721.9375
 2   2  13.672  41766.672 279.448  -0.022   10.780  -10.000     -272.2238    -3721.9375
 3   2  13.672  41766.672 279.448  -0.006    9.630  -10.000     -272.2238    -3721.9375
 1   2  13.672  41767.680 305.980  -0.017   12.000  -10.000     -272.1501    -3720.9297
 2   2  13.672  41767.680 305.980  -0.026   11.000  -10.000     -272.1501    -3720.9297
 3   2  13.672  41767.680 305.980  -0.035    9.730  -10.000     -272.1501    -3720.9297
 1   2  13.672  41768.664 331.897  -0.070   12.260  -10.000     -272.0781    -3719.9453
 2   2  13.672  41768.664 331.897  -0.027   11.210  -10.000     -272.0781    -3719.9453
 3   2  13.672  41768.664 331.897  -0.038    9.860  -10.000     -272.0781    -3719.9453
 1   2  13.672  41769.664 358.231  -0.061   12.570  -10.000     -272.0049    -3718.9453
 2   2  13.672  41769.664 358.231  -0.040   11.410  -10.000     -272.0049    -3718.9453
 3   2  13.672  41769.664 358.231  -0.033   10.010  -10.000     -272.0049    -3718.9453
 1   2  13.672  41770.707  25.697  -0.079   12.870  -10.000     -271.9286    -3717.9023
 2   2  13.672  41770.707  25.697  -0.084   11.600  -10.000     -271.9286    -3717.9023
 3   2  13.672  41770.707  25.697  -0.063   10.150  -10.000     -271.9286    -3717.9023
 1   2  13.672  41771.672  51.097   0.067   13.250  -10.000     -271.8581    -3716.9375
 2   2  13.672  41771.672  51.097  -0.026   11.840  -10.000     -271.8581    -3716.9375
 3   2  13.672  41771.672  51.097  -0.036   10.320  -10.000     -271.8581    -3716.9375
 1   2  13.672  41772.680  77.629  -0.092   13.190  -10.000     -271.7844    -3715.9297
 2   2  13.672  41772.680  77.629  -0.092   11.870  -10.000     -271.7844    -3715.9297
 3   2  13.672  41772.680  77.629  -0.079   10.370  -10.000     -271.7844    -3715.9297
 1   2  13.672  41773.680 103.964   0.000   13.100  -10.000     -271.7112    -3714.9297
 2   2  13.672  41773.680 103.964   0.009   11.870  -10.000     -271.7112    -3714.9297
 3   2  13.672  41773.680 103.964  -0.010   10.400  -10.000     -271.7112    -3714.9297
 6  36  13.672  45371.500 156.449  -0.037    7.810  -10.000       -8.5654     -117.1094
 7  36  13.672  45371.500 156.449  -0.037    7.265  -10.000       -8.5654     -117.1094
 8  36  13.672  45371.500 156.449  -0.019    7.131  -10.000       -8.5654     -117.1094
 6  36  13.672  45372.422 180.723   0.033    7.825  -10.000       -8.4980     -116.1875
 7  36  13.672  45372.422 180.723   0.027    7.295  -10.000       -8.4980     -116.1875
 8  36  13.672  45372.422 180.723   0.030    7.152  -10.000       -8.4980     -116.1875
 6  36  13.672  45373.551 210.447  -0.023    7.455  -10.000       -8.4154     -115.0586
 7  36  13.672  45373.551 210.447   0.035    7.071  -10.000       -8.4154     -115.0586
 8  36  13.672  45373.551 210.447   0.033    6.944  -10.000       -8.4154     -115.0586
 6  36  13.672  45436.336  63.613  -0.062    7.743  -10.000       -3.8233      -52.2734
 7  36  13.672  45436.336  63.613  -0.071    7.092  -10.000       -3.8233      -52.2734
 8  36  13.672  45436.336  63.613  -0.052    6.937  -10.000       -3.8233      -52.2734
 6  36  13.672  45636.613 297.020  -0.030    7.441  -10.000       10.8251      148.0039
 7  36  13.672  45636.613 297.020  -0.006    6.916  -10.000       10.8251      148.0039
 8  36  13.672  45636.613 297.020  -0.004    6.766  -10.000       10.8251      148.0039
 6  36  13.672  45638.559 348.241  -0.055    7.495  -10.000       10.9673      149.9492
 7  36  13.672  45638.559 348.241  -0.053    6.899  -10.000       10.9673      149.9492
 8  36  13.672  45638.559 348.241  -0.047    6.741  -10.000       10.9673      149.9492
 6  36  13.672  45702.566 233.600  -0.017    7.466  -10.000       15.6489      213.9570
 7  36  13.672  45702.566 233.600   0.017    7.035  -10.000       15.6489      213.9570
 8  36  13.672  45702.566 233.600   0.027    6.913  -10.000       15.6489      213.9570
 6  36  13.672  45768.508 169.872   0.028    7.875  -10.000       20.4719      279.8984
 7  36  13.672  45768.508 169.872   0.049    7.355  -10.000       20.4719      279.8984
 8  36  13.672  45768.508 169.872   0.027    7.183  -10.000       20.4719      279.8984
 6  36  13.672  45796.375 183.630   0.045    7.810  -10.000       22.5101      307.7656
 7  36  13.672  45796.375 183.630   0.043    7.292  -10.000       22.5101      307.7656
 8  36  13.672  45796.375 183.630   0.049    7.153  -10.000       22.5101      307.7656
 6  36  13.672  45797.320 208.520  -0.040    7.444  -10.000       22.5792      308.7109
 7  36  13.672  45797.320 208.520   0.030    7.072  -10.000       22.5792      308.7109
 8  36  13.672  45797.320 208.520   0.028    6.944  -10.000       22.5792      308.7109
 6  36  13.672  45798.395 236.805   0.015    7.497  -10.000       22.6578      309.7852
 7  36  13.672  45798.395 236.805   0.040    7.052  -10.000       22.6578      309.7852
 8  36  13.672  45798.395 236.805   0.034    6.913  -10.000       22.6578      309.7852
 6  36  13.672  45804.316  32.731  -0.033    7.659  -10.000       23.0909      315.7070
 7  36  13.672  45804.316  32.731  -0.040    7.021  -10.000       23.0909      315.7070
 8  36  13.672  45804.316  32.731  -0.026    6.863  -10.000       23.0909      315.7070
 6  36  13.672  45829.289 330.274  -0.025    7.486  -10.000       24.9174      340.6797
 7  36  13.672  45829.289 330.274  -0.016    6.913  -10.000       24.9174      340.6797
 8  36  13.672  45829.289 330.274  -0.009    6.759  -10.000       24.9174      340.6797
 6  36  13.672  45840.254 258.984  -0.002    7.470  -10.000       25.7194      351.6445
 7  36  13.672  45840.254 258.984   0.025    6.995  -10.000       25.7194      351.6445
 8  36  13.672  45840.254 258.984   0.043    6.873  -10.000       25.7194      351.6445
 6  36  13.672  45842.219 310.719  -0.022    7.462  -10.000       25.8631      353.6094
 7  36  13.672  45842.219 310.719  -0.006    6.914  -10.000       25.8631      353.6094
 8  36  13.672  45842.219 310.719  -0.006    6.758  -10.000       25.8631      353.6094
 6  36  13.672  46069.621 178.341   0.027    7.837  -10.000       42.4954      581.0117
 7  36  13.672  46069.621 178.341   0.026    7.306  -10.000       42.4954      581.0117
 8  36  13.672  46069.621 178.341   0.028    7.161  -10.000       42.4954      581.0117
 6  36  13.672  46070.590 203.849  -0.056    7.458  -10.000       42.5662      581.9805
 7  36  13.672  46070.590 203.849   0.009    7.075  -10.000       42.5662      581.9805
 8  36  13.672  46070.590 203.849   0.009    6.948  -10.000       42.5662      581.9805
 6  36  13.672  46073.594 282.943  -0.004    7.463  -10.000       42.7860      584.9844
 7  36  13.672  46073.594 282.943   0.024    6.958  -10.000       42.7860      584.9844
 8  36  13.672  46073.594 282.943   0.012    6.798  -10.000       42.7860      584.9844
 6  36  13.672  46100.383 268.314   0.005    7.474  -10.000       44.7453      611.7734
 7  36  13.672  46100.383 268.314   0.023    6.978  -10.000       44.7453      611.7734
 8  36  13.672  46100.383 268.314   0.019    6.831  -10.000       44.7453      611.7734
 6  36  13.672  46101.566 299.478  -0.038    7.435  -10.000       44.8319      612.9570
 7  36  13.672  46101.566 299.478   0.004    6.925  -10.000       44.8319      612.9570
 8  36  13.672  46101.566 299.478   0.000    6.768  -10.000       44.8319      612.9570
 6  36  13.672  46108.336 117.724   0.009    7.888  -10.000       45.3270      619.7266
 7  36  13.672  46108.336 117.724  -0.001    7.280  -10.000       45.3270      619.7266
 8  36  13.672  46108.336 117.724  -0.007    7.109  -10.000       45.3270      619.7266
 6  36  13.672  46200.297  19.102  -0.048    7.592  -10.000       52.0531      711.6875
 7  36  13.672  46200.297  19.102  -0.037    6.982  -10.000       52.0531      711.6875
 8  36  13.672  46200.297  19.102  -0.030    6.819  -10.000       52.0531      711.6875
 6  36  13.672  46201.281  45.022  -0.027    7.710  -10.000       52.1251      712.6719
 7  36  13.672  46201.281  45.022  -0.062    7.038  -10.000       52.1251      712.6719
 8  36  13.672  46201.281  45.022  -0.051    6.876  -10.000       52.1251      712.6719
 6  36  13.672  46202.266  70.941  -0.046    7.782  -10.000       52.1971      713.6562
 7  36  13.672  46202.266  70.941  -0.057    7.130  -10.000       52.1971      713.6562
 8  36  13.672  46202.266  70.941  -0.053    6.959  -10.000       52.1971      713.6562
 6  36  13.672  46203.270  97.375  -0.019    7.866  -10.000       52.2705      714.6602
 7  36  13.672  46203.270  97.375  -0.036    7.221  -10.000       52.2705      714.6602
 8  36  13.672  46203.270  97.375  -0.036    7.050  -10.000       52.2705      714.6602
 6  36  13.672  46205.254 149.624  -0.023    7.822  -10.000       52.4156      716.6445
 7  36  13.672  46205.254 149.624  -0.016    7.280  -10.000       52.4156      716.6445
 8  36  13.672  46205.254 149.624  -0.014    7.130  -10.000       52.4156      716.6445
 6  36  13.672  46574.285 146.409  -0.014    7.832  -10.000       79.4067     1085.6758
 7  36  13.672  46574.285 146.409   0.000    7.294  -10.000       79.4067     1085.6758
 8  36  13.672  46574.285 146.409  -0.022    7.119  -10.000       79.4067     1085.6758
 6  36  13.672  46575.227 171.197   0.018    7.861  -10.000       79.4755     1086.6172
 7  36  13.672  46575.227 171.197   0.027    7.331  -10.000       79.4755     1086.6172
 8  36  13.672  46575.227 171.197   0.015    7.169  -10.000       79.4755     1086.6172
 6  36  13.672  46576.250 198.144  -0.048    7.527  -10.000       79.5504     1087.6406
 7  36  13.672  46576.250 198.144   0.022    7.134  -10.000       79.5504     1087.6406
 8  36  13.672  46576.250 198.144   0.012    6.993  -10.000       79.5504     1087.6406
 6  36  13.672  46596.195   3.315  -0.042    7.548  -10.000       81.0092     1107.5859
 7  36  13.672  46596.195   3.315  -0.027    6.953  -10.000       81.0092     1107.5859
 8  36  13.672  46596.195   3.315  -0.037    6.776  -10.000       81.0092     1107.5859
 6  36  13.672  46601.211 135.379   0.001    7.854  -10.000       81.3761     1112.6016
 7  36  13.672  46601.211 135.379  -0.015    7.272  -10.000       81.3761     1112.6016
 8  36  13.672  46601.211 135.379  -0.029    7.102  -10.000       81.3761     1112.6016
 6  36  13.672  46604.188 213.753   0.001    7.473  -10.000       81.5938     1115.5781
 7  36  13.672  46604.188 213.753   0.038    7.068  -10.000       81.5938     1115.5781
 8  36  13.672  46604.188 213.753   0.037    6.941  -10.000       81.5938     1115.5781
 6  36  13.672  46784.531 282.299  -0.005    7.462  -10.000       94.7842     1295.9219
 7  36  13.672  46784.531 282.299   0.024    6.959  -10.000       94.7842     1295.9219
 8  36  13.672  46784.531 282.299   0.014    6.801  -10.000       94.7842     1295.9219
 6  36  13.672  46860.461 121.566   0.019    7.892  -10.000      100.3377     1371.8516
 7  36  13.672  46860.461 121.566  -0.008    7.273  -10.000      100.3377     1371.8516
 8  36  13.672  46860.461 121.566  -0.010    7.109  -10.000      100.3377     1371.8516
 6  36  13.672  46861.383 145.841  -0.025    7.821  -10.000      100.4051     1372.7734
 7  36  13.672  46861.383 145.841  -0.006    7.288  -10.000      100.4051     1372.7734
 8  36  13.672  46861.383 145.841  -0.012    7.129  -10.000      100.4051     1372.7734
 6  36  13.672  46863.453 200.352  -0.058    7.490  -10.000      100.5565     1374.8438
 7  36  13.672  46863.453 200.352   0.008    7.100  -10.000      100.5565     1374.8438
 8  36  13.672  46863.453 200.352   0.016    6.979  -10.000      100.5565     1374.8438
 6  36  13.672  46864.371 224.525   0.016    7.496  -10.000      100.6237     1375.7617
 7  36  13.672  46864.371 224.525   0.056    7.083  -10.000      100.6237     1375.7617
 8  36  13.672  46864.371 224.525   0.048    6.946  -10.000      100.6237     1375.7617
 6  36  13.672  47670.258 203.939  -0.053    7.460  -10.000      159.5665     2181.6484
 7  36  13.672  47670.258 203.939   0.010    7.076  -10.000      159.5665     2181.6484
 8  36  13.672  47670.258 203.939   0.015    6.953  -10.000      159.5665     2181.6484
 6  36  13.672  47674.258 309.265  -0.031    7.452  -10.000      159.8591     2185.6484
 7  36  13.672  47674.258 309.265  -0.003    6.917  -10.000      159.8591     2185.6484
 8  36  13.672  47674.258 309.265  -0.006    6.758  -10.000      159.8591     2185.6484
 6  36  13.672  47675.273 336.006  -0.031    7.492  -10.000      159.9333     2186.6641
 7  36  13.672  47675.273 336.006  -0.020    6.915  -10.000      159.9333     2186.6641
 8  36  13.672  47675.273 336.006  -0.010    6.763  -10.000      159.9333     2186.6641
 6  36  13.672  47676.266   2.131  -0.036    7.551  -10.000      160.0059     2187.6562
 7  36  13.672  47676.266   2.131  -0.034    6.944  -10.000      160.0059     2187.6562
 8  36  13.672  47676.266   2.131  -0.033    6.778  -10.000      160.0059     2187.6562
 6  36  13.672  47958.484 233.097   0.009    7.492  -10.000      180.6475     2469.8750
 7  36  13.672  47958.484 233.097   0.038    7.056  -10.000      180.6475     2469.8750
 8  36  13.672  47958.484 233.097   0.031    6.918  -10.000      180.6475     2469.8750
 6  36  13.672  47959.492 259.634   0.000    7.471  -10.000      180.7212     2470.8828
 7  36  13.672  47959.492 259.634   0.025    6.994  -10.000      180.7212     2470.8828
 8  36  13.672  47959.492 259.634   0.022    6.850  -10.000      180.7212     2470.8828
 6  36  13.672  47960.430 284.315  -0.010    7.457  -10.000      180.7898     2471.8203
 7  36  13.672  47960.430 284.315   0.017    6.950  -10.000      180.7898     2471.8203
 8  36  13.672  47960.430 284.315   0.016    6.800  -10.000      180.7898     2471.8203
 6  36  13.672  47961.477 311.880  -0.018    7.467  -10.000      180.8663     2472.8672
 7  36  13.672  47961.477 311.880   0.010    6.930  -10.000      180.8663     2472.8672
 8  36  13.672  47961.477 311.880   0.002    6.766  -10.000      180.8663     2472.8672
 6  36  13.672  47962.457 337.698  -0.029    7.497  -10.000      180.9380     2473.8477
 7  36  13.672  47962.457 337.698  -0.017    6.920  -10.000      180.9380     2473.8477
 8  36  13.672  47962.457 337.698  -0.011    6.764  -10.000      180.9380     2473.8477
