 2  79  12.973  45174.410 216.148   0.072   14.708  -10.000        2.6004       33.7344
 3  79  12.973  45174.410 216.148   0.051   12.920  -10.000        2.6004       33.7344
 2  79  12.973  45175.430 244.441  -0.065   14.717  -10.000        2.6790       34.7539
 3  79  12.973  45175.430 244.441  -0.084   12.864  -10.000        2.6790       34.7539
 2  79  12.973  45176.395 271.216  -0.049   14.907  -10.000        2.7534       35.7188
 3  79  12.973  45176.395 271.216  -0.038   13.003  -10.000        2.7534       35.7188
 2  79  12.973  45178.398 326.826   0.018   15.314  -10.000        2.9078       37.7227
 3  79  12.973  45178.398 326.826   0.016   13.253  -10.000        2.9078       37.7227
 2  79  12.973  45179.305 351.974   0.038   15.475  -10.000        2.9777       38.6289
 3  79  12.973  45179.305 351.974   0.028   13.358  -10.000        2.9777       38.6289
 2  79  12.973  45180.336  20.592   0.033   15.631  -10.000        3.0572       39.6602
 3  79  12.973  45180.336  20.592   0.030   13.475  -10.000        3.0572       39.6602
 2  79  12.973  45181.367  49.210   0.026   15.756  -10.000        3.1367       40.6914
 3  79  12.973  45181.367  49.210   0.027   13.578  -10.000        3.1367       40.6914
 2  79  12.973  45182.359  76.744  -0.042   15.751  -10.000        3.2132       41.6836
 3  79  12.973  45182.359  76.744  -0.007   13.610  -10.000        3.2132       41.6836
 2  79  12.973  45183.363 104.603  -0.033   15.677  -10.000        3.2906       42.6875
 3  79  12.973  45183.363 104.603  -0.056   13.529  -10.000        3.2906       42.6875
 2  79  12.973  45184.281 130.077   0.003   15.478  -10.000        3.3613       43.6055
 3  79  12.973  45184.281 130.077  -0.007   13.440  -10.000        3.3613       43.6055
 2  79  12.973  45186.355 187.638   0.006   15.107  -10.000        3.5212       45.6797
 3  79  12.973  45186.355 187.638   0.009   13.214  -10.000        3.5212       45.6797
 2  79  12.973  45187.293 213.654   0.127   14.770  -10.000        3.5935       46.6172
 3  79  12.973  45187.293 213.654   0.054   12.929  -10.000        3.5935       46.6172
 2  79  12.973  45188.289 241.296  -0.027   14.733  -10.000        3.6703       47.6133
 3  79  12.973  45188.289 241.296  -0.055   12.882  -10.000        3.6703       47.6133
 2  79  12.973  45189.320 269.914  -0.056   14.892  -10.000        3.7498       48.6445
 3  79  12.973  45189.320 269.914  -0.029   13.008  -10.000        3.7498       48.6445
 2  79  12.973  45190.348 298.423  -0.028   15.103  -10.000        3.8290       49.6719
 3  79  12.973  45190.348 298.423  -0.018   13.120  -10.000        3.8290       49.6719
 2  79  12.973  45191.352 326.282  -0.004   15.289  -10.000        3.9063       50.6758
 3  79  12.973  45191.352 326.282   0.021   13.256  -10.000        3.9063       50.6758
 2  79  12.973  45192.352 354.033   0.005   15.454  -10.000        3.9834       51.6758
 3  79  12.973  45192.352 354.033   0.008   13.346  -10.000        3.9834       51.6758
 2  79  12.973  45193.379  22.542   0.034   15.642  -10.000        4.0626       52.7031
 3  79  12.973  45193.379  22.542   0.013   13.466  -10.000        4.0626       52.7031
 2  79  12.973  45194.359  49.751   0.013   15.745  -10.000        4.1382       53.6836
 3  79  12.973  45194.359  49.751   0.000   13.553  -10.000        4.1382       53.6836
 2  79  12.973  45195.344  77.068   0.002   15.795  -10.000        4.2141       54.6680
 3  79  12.973  45195.344  77.068  -0.002   13.615  -10.000        4.2141       54.6680
 2  79  12.973  45198.371 161.078   0.016   15.324  -10.000        4.4474       57.6953
 3  79  12.973  45198.371 161.078  -0.009   13.340  -10.000        4.4474       57.6953
 2  79  12.973  45199.324 187.528   0.031   15.134  -10.000        4.5209       58.6484
 3  79  12.973  45199.324 187.528   0.014   13.220  -10.000        4.5209       58.6484
 2  79  12.973  45200.332 215.495   0.083   14.720  -10.000        4.5986       59.6562
 3  79  12.973  45200.332 215.495   0.059   12.929  -10.000        4.5986       59.6562
 2  79  12.973  45201.348 243.680  -0.056   14.721  -10.000        4.6769       60.6719
 3  79  12.973  45201.348 243.680  -0.046   12.900  -10.000        4.6769       60.6719
 2  79  12.973  45203.262 296.796  -0.014   15.108  -10.000        4.8244       62.5859
 3  79  12.973  45203.262 296.796  -0.024   13.109  -10.000        4.8244       62.5859
 2  79  12.973  45204.254 324.330   0.013   15.295  -10.000        4.9009       63.5781
 3  79  12.973  45204.254 324.330   0.018   13.246  -10.000        4.9009       63.5781
 2  79  12.973  45205.273 352.622   0.036   15.477  -10.000        4.9795       64.5977
 3  79  12.973  45205.273 352.622   0.035   13.368  -10.000        4.9795       64.5977
 2  79  12.973  45207.281  48.340   0.023   15.749  -10.000        5.1343       66.6055
 3  79  12.973  45207.281  48.340   0.012   13.560  -10.000        5.1343       66.6055
 2  79  12.973  45208.309  76.850   0.008   15.801  -10.000        5.2135       67.6328
 3  79  12.973  45208.309  76.850   0.020   13.637  -10.000        5.2135       67.6328
 2  79  12.973  45209.258 103.191  -0.050   15.669  -10.000        5.2866       68.5820
 3  79  12.973  45209.258 103.191  -0.029   13.561  -10.000        5.2866       68.5820
 2  79  12.973  45210.285 131.700   0.005   15.463  -10.000        5.3658       69.6094
 3  79  12.973  45210.285 131.700  -0.024   13.413  -10.000        5.3658       69.6094
 2  79  12.973  45211.258 158.692   0.029   15.341  -10.000        5.4408       70.5820
 3  79  12.973  45211.258 158.692  -0.012   13.339  -10.000        5.4408       70.5820
 2  79  12.973  45213.266 214.410   0.084   14.724  -10.000        5.5956       72.5898
 3  79  12.973  45213.266 214.410   0.038   12.911  -10.000        5.5956       72.5898
 2  79  12.973  45214.270 242.269  -0.021   14.746  -10.000        5.6730       73.5938
 3  79  12.973  45214.270 242.269  -0.005   12.935  -10.000        5.6730       73.5938
 2  79  12.973  45665.195 155.720   0.013   15.331  -10.000       40.4326      524.5195
 3  79  12.973  45665.195 155.720   0.005   13.360  -10.000       40.4326      524.5195
 4  79  12.973  45665.195 155.720  -0.022   12.151  -10.000       40.4326      524.5195
 2  79  12.973  45866.414 339.656   0.018   15.387  -10.000       55.9435      725.7383
 3  79  12.973  45866.414 339.656   0.034   13.318  -10.000       55.9435      725.7383
 4  79  12.973  45866.414 339.656   0.024   12.077  -10.000       55.9435      725.7383
 2  79  12.973  45868.379  34.183   0.023   15.690  -10.000       56.0950      727.7031
 3  79  12.973  45868.379  34.183   0.048   13.547  -10.000       56.0950      727.7031
 4  79  12.973  45868.379  34.183   0.028   12.261  -10.000       56.0950      727.7031
 2  79  12.973  45869.395  62.367   0.017   15.792  -10.000       56.1732      728.7188
 3  79  12.973  45869.395  62.367   0.009   13.601  -10.000       56.1732      728.7188
 4  79  12.973  45869.395  62.367   0.001   12.321  -10.000       56.1732      728.7188
 2  79  12.973  45870.387  89.900  -0.030   15.752  -10.000       56.2497      729.7109
 3  79  12.973  45870.387  89.900  -0.027   13.595  -10.000       56.2497      729.7109
 4  79  12.973  45870.387  89.900  -0.030   12.329  -10.000       56.2497      729.7109
 2  79  12.973  45871.398 117.975  -0.028   15.573  -10.000       56.3277      730.7227
 3  79  12.973  45871.398 117.975  -0.007   13.515  -10.000       56.3277      730.7227
 4  79  12.973  45871.398 117.975  -0.032   12.261  -10.000       56.3277      730.7227
 3  79  12.973  45872.383 145.293  -0.007   13.369  -10.000       56.4036      731.7070
 4  79  12.973  45872.383 145.293  -0.024   12.164  -10.000       56.4036      731.7070
 2  79  12.973  45873.391 173.260   0.026   15.304  -10.000       56.4813      732.7148
 3  79  12.973  45873.391 173.260   0.036   13.365  -10.000       56.4813      732.7148
 4  79  12.973  45873.391 173.260  -0.001   12.154  -10.000       56.4813      732.7148
 2  79  12.973  45874.387 200.903   0.079   14.882  -10.000       56.5581      733.7109
 3  79  12.973  45874.387 200.903   0.045   13.037  -10.000       56.5581      733.7109
 4  79  12.973  45874.387 200.903   0.032   11.907  -10.000       56.5581      733.7109
 2  79  12.973  45875.375 228.327   0.019   14.692  -10.000       56.6342      734.6992
 3  79  12.973  45875.375 228.327  -0.003   12.885  -10.000       56.6342      734.6992
 4  79  12.973  45875.375 228.327  -0.018   11.763  -10.000       56.6342      734.6992
 2  79  12.973  45876.387 256.403  -0.088   14.774  -10.000       56.7122      735.7109
 3  79  12.973  45876.387 256.403  -0.049   12.942  -10.000       56.7122      735.7109
 4  79  12.973  45876.387 256.403  -0.052   11.797  -10.000       56.7122      735.7109
 2  79  12.973  45877.375 283.829  -0.057   14.984  -10.000       56.7884      736.6992
 3  79  12.973  45877.375 283.829  -0.043   13.045  -10.000       56.7884      736.6992
 4  79  12.973  45877.375 283.829  -0.048   11.864  -10.000       56.7884      736.6992
 2  79  12.973  45878.371 311.471  -0.029   15.180  -10.000       56.8652      737.6953
 3  79  12.973  45878.371 311.471  -0.019   13.165  -10.000       56.8652      737.6953
 4  79  12.973  45878.371 311.471  -0.021   11.956  -10.000       56.8652      737.6953
 2  79  12.973  45879.359 338.897   0.018   15.382  -10.000       56.9414      738.6836
 3  79  12.973  45879.359 338.897   0.018   13.299  -10.000       56.9414      738.6836
 4  79  12.973  45879.359 338.897   0.012   12.062  -10.000       56.9414      738.6836
 2  79  12.973  45880.363   6.755   0.044   15.568  -10.000       57.0188      739.6875
 3  79  12.973  45880.363   6.755   0.017   13.408  -10.000       57.0188      739.6875
 4  79  12.973  45880.363   6.755   0.011   12.151  -10.000       57.0188      739.6875
 2  79  12.973  45881.355  34.290   0.025   15.693  -10.000       57.0952      740.6797
 3  79  12.973  45881.355  34.290   0.050   13.549  -10.000       57.0952      740.6797
 4  79  12.973  45881.355  34.290   0.043   12.276  -10.000       57.0952      740.6797
 2  79  12.973  45882.352  61.931   0.017   15.791  -10.000       57.1720      741.6758
 3  79  12.973  45882.352  61.931   0.010   13.601  -10.000       57.1720      741.6758
 4  79  12.973  45882.352  61.931   0.024   12.343  -10.000       57.1720      741.6758
 2  79  12.973  45883.367  90.115   0.012   15.793  -10.000       57.2503      742.6914
 3  79  12.973  45883.367  90.115  -0.013   13.608  -10.000       57.2503      742.6914
 4  79  12.973  45883.367  90.115  -0.007   12.352  -10.000       57.2503      742.6914
 2  79  12.973  45886.371 173.475  -0.018   15.258  -10.000       57.4819      745.6953
 3  79  12.973  45886.371 173.475   0.004   13.333  -10.000       57.4819      745.6953
 4  79  12.973  45886.371 173.475  -0.019   12.135  -10.000       57.4819      745.6953
 2  79  12.973  47734.434 338.275  -0.015   15.346  -10.000      199.9397     2593.7578
 3  79  12.973  47734.434 338.275  -0.044   13.235  -10.000      199.9397     2593.7578
 4  79  12.973  47734.434 338.275  -0.051   11.998  -10.000      199.9397     2593.7578
 2  79  12.973  47735.430   5.922  -0.022   15.498  -10.000      200.0164     2594.7539
 3  79  12.973  47735.430   5.922  -0.018   13.370  -10.000      200.0164     2594.7539
 4  79  12.973  47735.430   5.922   0.009   12.146  -10.000      200.0164     2594.7539
 2  79  12.973  47736.434  33.777   0.033   15.698  -10.000      200.0938     2595.7578
 3  79  12.973  47736.434  33.777   0.021   13.519  -10.000      200.0938     2595.7578
 4  79  12.973  47736.434  33.777   0.045   12.276  -10.000      200.0938     2595.7578
 2  79  12.973  47737.418  61.095  -0.067   15.705  -10.000      200.1697     2596.7422
 3  79  12.973  47737.418  61.095  -0.016   13.573  -10.000      200.1697     2596.7422
 4  79  12.973  47737.418  61.095  -0.013   12.304  -10.000      200.1697     2596.7422
 2  79  12.973  47738.402  88.412  -0.069   15.716  -10.000      200.2456     2597.7266
 3  79  12.973  47738.402  88.412   0.010   13.632  -10.000      200.2456     2597.7266
 4  79  12.973  47738.402  88.412   0.020   12.378  -10.000      200.2456     2597.7266
 2  79  12.973  47739.375 115.406  -0.046   15.579  -10.000      200.3206     2598.6992
 3  79  12.973  47739.375 115.406  -0.065   13.471  -10.000      200.3206     2598.6992
 4  79  12.973  47739.375 115.406  -0.043   12.260  -10.000      200.3206     2598.6992
 2  79  12.973  47740.398 143.806   0.081   15.443  -10.000      200.3995     2599.7227
 3  79  12.973  47740.398 143.806   0.024   13.404  -10.000      200.3995     2599.7227
 4  79  12.973  47740.398 143.806  -0.001   12.190  -10.000      200.3995     2599.7227
 2  79  12.973  47741.355 170.365  -0.012   15.278  -10.000      200.4732     2600.6797
 3  79  12.973  47741.355 170.365  -0.019   13.319  -10.000      200.4732     2600.6797
 4  79  12.973  47741.355 170.365  -0.005   12.157  -10.000      200.4732     2600.6797
 2  79  12.973  47742.367 198.441   0.066   14.923  -10.000      200.5512     2601.6914
 3  79  12.973  47742.367 198.441   0.023   13.054  -10.000      200.5512     2601.6914
 4  79  12.973  47742.367 198.441   0.035   11.942  -10.000      200.5512     2601.6914
 2  79  12.973  47743.355 225.862  -0.021   14.638  -10.000      200.6274     2602.6797
 3  79  12.973  47743.355 225.862   0.017   12.896  -10.000      200.6274     2602.6797
 4  79  12.973  47743.355 225.862   0.008   11.783  -10.000      200.6274     2602.6797
 2  79  12.973  47744.332 252.966  -0.034   14.806  -10.000      200.7027     2603.6562
 3  79  12.973  47744.332 252.966  -0.056   12.923  -10.000      200.7027     2603.6562
 4  79  12.973  47744.332 252.966  -0.046   11.795  -10.000      200.7027     2603.6562
 2  79  12.973  47745.332 280.717  -0.022   14.997  -10.000      200.7798     2604.6562
 3  79  12.973  47745.332 280.717  -0.033   13.043  -10.000      200.7798     2604.6562
 4  79  12.973  47745.332 280.717  -0.032   11.872  -10.000      200.7798     2604.6562
 2  79  12.973  47746.336 308.573   0.009   15.201  -10.000      200.8571     2605.6602
 3  79  12.973  47746.336 308.573   0.011   13.184  -10.000      200.8571     2605.6602
 4  79  12.973  47746.336 308.573   0.019   11.988  -10.000      200.8571     2605.6602
 2  79  12.973  47747.332 336.215  -0.023   15.326  -10.000      200.9339     2606.6562
 3  79  12.973  47747.332 336.215  -0.011   13.260  -10.000      200.9339     2606.6562
 4  79  12.973  47747.332 336.215  -0.014   12.029  -10.000      200.9339     2606.6562
 2  79  12.973  47748.332   3.966   0.027   15.535  -10.000      201.0110     2607.6562
 3  79  12.973  47748.332   3.966   0.029   13.409  -10.000      201.0110     2607.6562
 4  79  12.973  47748.332   3.966   0.058   12.188  -10.000      201.0110     2607.6562
 2  79  12.973  47749.324  31.503   0.009   15.664  -10.000      201.0875     2608.6484
 3  79  12.973  47749.324  31.503   0.043   13.532  -10.000      201.0875     2608.6484
 4  79  12.973  47749.324  31.503   0.049   12.273  -10.000      201.0875     2608.6484
 2  79  12.973  47750.301  58.601  -0.035   15.730  -10.000      201.1628     2609.6250
 3  79  12.973  47750.301  58.601   0.019   13.601  -10.000      201.1628     2609.6250
 4  79  12.973  47750.301  58.601   0.018   12.328  -10.000      201.1628     2609.6250
 2  79  12.973  47751.297  86.243  -0.107   15.681  -10.000      201.2396     2610.6211
 3  79  12.973  47751.297  86.243  -0.037   13.586  -10.000      201.2396     2610.6211
 4  79  12.973  47751.297  86.243  -0.006   12.351  -10.000      201.2396     2610.6211
 2  79  12.973  47752.266 113.126  -0.031   15.613  -10.000      201.3142     2611.5898
 3  79  12.973  47752.266 113.126  -0.018   13.530  -10.000      201.3142     2611.5898
 4  79  12.973  47752.266 113.126  -0.016   12.295  -10.000      201.3142     2611.5898
 2  79  12.973  47753.266 140.878  -0.024   15.356  -10.000      201.3913     2612.5898
 3  79  12.973  47753.266 140.878   0.024   13.414  -10.000      201.3913     2612.5898
 4  79  12.973  47753.266 140.878  -0.002   12.196  -10.000      201.3913     2612.5898
 2  79  12.973  47754.316 170.035  -0.041   15.250  -10.000      201.4723     2613.6406
 3  79  12.973  47754.316 170.035  -0.001   13.338  -10.000      201.4723     2613.6406
 2  79  12.973  47755.348 198.655   0.120   14.972  -10.000      201.5518     2614.6719
 3  79  12.973  47755.348 198.655   0.026   13.053  -10.000      201.5518     2614.6719
 4  79  12.973  47755.348 198.655   0.016   11.920  -10.000      201.5518     2614.6719
 2  79  12.973  47756.340 226.187   0.063   14.724  -10.000      201.6283     2615.6641
 3  79  12.973  47756.340 226.187  -0.007   12.873  -10.000      201.6283     2615.6641
 4  79  12.973  47756.340 226.187   0.001   11.777  -10.000      201.6283     2615.6641
 2  79  12.973  47757.324 253.504  -0.069   14.774  -10.000      201.7042     2616.6484
 3  79  12.973  47757.324 253.504  -0.074   12.907  -10.000      201.7042     2616.6484
 4  79  12.973  47757.324 253.504  -0.074   11.768  -10.000      201.7042     2616.6484
 2  79  12.973  47758.309 280.822  -0.101   14.919  -10.000      201.7801     2617.6328
 3  79  12.973  47758.309 280.822  -0.065   13.012  -10.000      201.7801     2617.6328
 4  79  12.973  47758.309 280.822  -0.025   11.879  -10.000      201.7801     2617.6328
 2  79  12.973  47759.277 307.705   0.008   15.195  -10.000      201.8547     2618.6016
 3  79  12.973  47759.277 307.705   0.000   13.170  -10.000      201.8547     2618.6016
 4  79  12.973  47759.277 307.705   0.027   11.994  -10.000      201.8547     2618.6016
 2  79  12.973  47760.285 335.671   0.061   15.407  -10.000      201.9324     2619.6094
 3  79  12.973  47760.285 335.671   0.009   13.278  -10.000      201.9324     2619.6094
 4  79  12.973  47760.285 335.671   0.029   12.070  -10.000      201.9324     2619.6094
 2  79  12.973  47761.270   2.988   0.015   15.518  -10.000      202.0083     2620.5938
 3  79  12.973  47761.270   2.988   0.018   13.394  -10.000      202.0083     2620.5938
 4  79  12.973  47761.270   2.988   0.036   12.163  -10.000      202.0083     2620.5938
 2  79  12.973  47762.250  30.196   0.064   15.712  -10.000      202.0839     2621.5742
 3  79  12.973  47762.250  30.196   0.033   13.517  -10.000      202.0839     2621.5742
 4  79  12.973  47762.250  30.196   0.054   12.273  -10.000      202.0839     2621.5742
 2  79  12.973  47763.219  57.079  -0.006   15.754  -10.000      202.1586     2622.5430
 3  79  12.973  47763.219  57.079   0.022   13.600  -10.000      202.1586     2622.5430
 2  79  12.973  47764.227  85.051  -0.047   15.743  -10.000      202.2363     2623.5508
 3  79  12.973  47764.227  85.051  -0.030   13.593  -10.000      202.2363     2623.5508
 4  79  12.973  47764.227  85.051  -0.001   12.356  -10.000      202.2363     2623.5508
 2  79  12.973  47766.230 140.658  -0.041   15.341  -10.000      202.3907     2625.5547
 3  79  12.973  47766.230 140.658   0.009   13.400  -10.000      202.3907     2625.5547
 4  79  12.973  47766.230 140.658  -0.006   12.193  -10.000      202.3907     2625.5547
 2  79  12.973  47767.285 169.926  -0.040   15.252  -10.000      202.4720     2626.6094
 3  79  12.973  47767.285 169.926  -0.025   13.314  -10.000      202.4720     2626.6094
 4  79  12.973  47767.285 169.926  -0.037   12.125  -10.000      202.4720     2626.6094
 2  79  12.973  47768.273 197.353  -0.010   14.872  -10.000      202.5482     2627.5977
 3  79  12.973  47768.273 197.353  -0.040   13.009  -10.000      202.5482     2627.5977
 4  79  12.973  47768.273 197.353  -0.050   11.872  -10.000      202.5482     2627.5977
 2  79  12.973  47770.273 252.856  -0.076   14.763  -10.000      202.7024     2629.5977
 3  79  12.973  47770.273 252.856  -0.041   12.938  -10.000      202.7024     2629.5977
 4  79  12.973  47770.273 252.856  -0.032   11.809  -10.000      202.7024     2629.5977
 2  79  12.973  47771.262 280.278  -0.004   15.012  -10.000      202.7785     2630.5859
 3  79  12.973  47771.262 280.278  -0.017   13.058  -10.000      202.7785     2630.5859
 4  79  12.973  47771.262 280.278  -0.028   11.875  -10.000      202.7785     2630.5859
 2  79  12.973  47772.258 307.919   0.010   15.198  -10.000      202.8553     2631.5820
 3  79  12.973  47772.258 307.919   0.007   13.178  -10.000      202.8553     2631.5820
 4  79  12.973  47772.258 307.919   0.016   11.983  -10.000      202.8553     2631.5820
 2  79  12.973  47773.289 336.539   0.007   15.358  -10.000      202.9348     2632.6133
 3  79  12.973  47773.289 336.539   0.020   13.293  -10.000      202.9348     2632.6133
 4  79  12.973  47773.289 336.539   0.030   12.074  -10.000      202.9348     2632.6133
 2  79  12.973  47774.289   4.290   0.048   15.558  -10.000      203.0119     2633.6133
 3  79  12.973  47774.289   4.290   0.033   13.414  -10.000      203.0119     2633.6133
 4  79  12.973  47774.289   4.290   0.049   12.180  -10.000      203.0119     2633.6133
 2  79  12.973  47775.250  30.954   0.027   15.679  -10.000      203.0860     2634.5742
 3  79  12.973  47775.250  30.954   0.057   13.544  -10.000      203.0860     2634.5742
 4  79  12.973  47775.250  30.954   0.062   12.284  -10.000      203.0860     2634.5742
 2  79  12.973  47776.258  58.925   0.010   15.776  -10.000      203.1637     2635.5820
 3  79  12.973  47776.258  58.925   0.014   13.597  -10.000      203.1637     2635.5820
 4  79  12.973  47776.258  58.925   0.017   12.328  -10.000      203.1637     2635.5820
