 2  22  14.148  43969.328 348.341  -0.061   11.842  -10.000     -108.0324    -1528.4297
 3  22  14.148  43969.328 348.341  -0.032   10.485  -10.000     -108.0324    -1528.4297
 4  22  14.148  43969.328 348.341  -0.028    9.724  -10.000     -108.0324    -1528.4297
 5  22  14.148  43969.328 348.341  -0.044    8.994  -10.000     -108.0324    -1528.4297
 3  22  14.148  44184.609  66.281  -0.006   10.870  -10.000      -92.8159    -1313.1484
 4  22  14.148  44184.609  66.281  -0.004   10.060  -10.000      -92.8159    -1313.1484
 5  22  14.148  44184.609  66.281  -0.036    9.270  -10.000      -92.8159    -1313.1484
 2  22  14.148  44185.602  91.527  -0.010   12.374  -10.000      -92.7458    -1312.1562
 3  22  14.148  44185.602  91.527   0.008   10.913  -10.000      -92.7458    -1312.1562
 4  22  14.148  44185.602  91.527  -0.009   10.092  -10.000      -92.7458    -1312.1562
 5  22  14.148  44185.602  91.527  -0.014    9.337  -10.000      -92.7458    -1312.1562
 2  22  14.148  44234.531 256.566  -0.063   11.230  -10.000      -89.2873    -1263.2266
 3  22  14.148  44234.531 256.566  -0.038   10.116  -10.000      -89.2873    -1263.2266
 4  22  14.148  44234.531 256.566  -0.038    9.454  -10.000      -89.2873    -1263.2266
 5  22  14.148  44234.531 256.566  -0.026    8.847  -10.000      -89.2873    -1263.2266
 2  22  14.148  44246.598 203.601   0.027   11.046  -10.000      -88.4344    -1251.1602
 3  22  14.148  44246.598 203.601   0.049   10.063  -10.000      -88.4344    -1251.1602
 4  22  14.148  44246.598 203.601   0.053    9.460  -10.000      -88.4344    -1251.1602
 5  22  14.148  44246.598 203.601   0.054    8.892  -10.000      -88.4344    -1251.1602
 2  22  14.148  44254.574  46.571   0.011   12.303  -10.000      -87.8706    -1243.1836
 3  22  14.148  44254.574  46.571   0.001   10.805  -10.000      -87.8706    -1243.1836
 4  22  14.148  44254.574  46.571   0.008   10.005  -10.000      -87.8706    -1243.1836
 5  22  14.148  44254.574  46.571   0.017    9.261  -10.000      -87.8706    -1243.1836
 2  22  14.148  44255.496  70.027   0.023   12.407  -10.000      -87.8055    -1242.2617
 3  22  14.148  44255.496  70.027   0.005   10.890  -10.000      -87.8055    -1242.2617
 4  22  14.148  44255.496  70.027   0.014   10.087  -10.000      -87.8055    -1242.2617
 5  22  14.148  44255.496  70.027   0.016    9.331  -10.000      -87.8055    -1242.2617
 2  22  14.148  44257.469 120.223   0.029   12.198  -10.000      -87.6660    -1240.2891
 3  22  14.148  44257.469 120.223   0.021   10.807  -10.000      -87.6660    -1240.2891
 4  22  14.148  44257.469 120.223   0.013   10.035  -10.000      -87.6660    -1240.2891
 5  22  14.148  44257.469 120.223   0.009    9.318  -10.000      -87.6660    -1240.2891
 2  22  14.148  44552.605  70.126   0.005   12.389  -10.000      -66.8052     -945.1523
 3  22  14.148  44552.605  70.126   0.012   10.897  -10.000      -66.8052     -945.1523
 4  22  14.148  44552.605  70.126   0.020   10.093  -10.000      -66.8052     -945.1523
 5  22  14.148  44552.605  70.126   0.010    9.325  -10.000      -66.8052     -945.1523
 2  22  14.148  44553.602  95.471   0.005   12.374  -10.000      -66.7348     -944.1562
 3  22  14.148  44553.602  95.471   0.017   10.914  -10.000      -66.7348     -944.1562
 4  22  14.148  44553.602  95.471   0.014   10.111  -10.000      -66.7348     -944.1562
 5  22  14.148  44553.602  95.471   0.009    9.359  -10.000      -66.7348     -944.1562
 2  22  14.148  44554.547 119.526   0.027   12.204  -10.000      -66.6680     -943.2109
 3  22  14.148  44554.547 119.526   0.021   10.812  -10.000      -66.6680     -943.2109
 4  22  14.148  44554.547 119.526   0.017   10.043  -10.000      -66.6680     -943.2109
 5  22  14.148  44554.547 119.526   0.006    9.317  -10.000      -66.6680     -943.2109
 2  22  14.148  44648.363 346.730  -0.015   11.878  -10.000      -60.0369     -849.3945
 3  22  14.148  44648.363 346.730  -0.020   10.490  -10.000      -60.0369     -849.3945
 4  22  14.148  44648.363 346.730  -0.014    9.732  -10.000      -60.0369     -849.3945
 5  22  14.148  44648.363 346.730  -0.015    9.018  -10.000      -60.0369     -849.3945
 2  22  14.148  44649.371  12.375  -0.013   12.054  -10.000      -59.9656     -848.3867
 3  22  14.148  44649.371  12.375  -0.021   10.612  -10.000      -59.9656     -848.3867
 4  22  14.148  44649.371  12.375  -0.022    9.826  -10.000      -59.9656     -848.3867
 5  22  14.148  44649.371  12.375  -0.010    9.105  -10.000      -59.9656     -848.3867
 2  22  14.148  44655.383 165.346  -0.024   11.859  -10.000      -59.5407     -842.3750
 3  22  14.148  44655.383 165.346  -0.040   10.584  -10.000      -59.5407     -842.3750
 4  22  14.148  44655.383 165.346  -0.035    9.877  -10.000      -59.5407     -842.3750
 5  22  14.148  44655.383 165.346  -0.038    9.208  -10.000      -59.5407     -842.3750
 2  22  14.148  44656.359 190.195   0.150   11.560  -10.000      -59.4717     -841.3984
 3  22  14.148  44656.359 190.195   0.126   10.418  -10.000      -59.4717     -841.3984
 4  22  14.148  44656.359 190.195   0.097    9.736  -10.000      -59.4717     -841.3984
 5  22  14.148  44656.359 190.195   0.082    9.109  -10.000      -59.4717     -841.3984
 2  22  14.148  44676.418 340.595  -0.023   11.832  -10.000      -58.0539     -821.3398
 3  22  14.148  44676.418 340.595  -0.007   10.477  -10.000      -58.0539     -821.3398
 4  22  14.148  44676.418 340.595  -0.014    9.711  -10.000      -58.0539     -821.3398
 5  22  14.148  44676.418 340.595  -0.007    9.009  -10.000      -58.0539     -821.3398
 2  22  14.148  44677.348   4.252  -0.013   11.999  -10.000      -57.9882     -820.4102
 3  22  14.148  44677.348   4.252  -0.011   10.583  -10.000      -57.9882     -820.4102
 4  22  14.148  44677.348   4.252  -0.008    9.807  -10.000      -57.9882     -820.4102
 5  22  14.148  44677.348   4.252  -0.016    9.073  -10.000      -57.9882     -820.4102
 2  22  14.148  44678.398  30.990  -0.011   12.184  -10.000      -57.9139     -819.3594
 3  22  14.148  44678.398  30.990  -0.027   10.700  -10.000      -57.9139     -819.3594
 4  22  14.148  44678.398  30.990  -0.001    9.926  -10.000      -57.9139     -819.3594
 5  22  14.148  44678.398  30.990   0.003    9.185  -10.000      -57.9139     -819.3594
 2  22  14.148  44679.344  55.044   0.029   12.361  -10.000      -57.8471     -818.4141
 3  22  14.148  44679.344  55.044   0.018   10.855  -10.000      -57.8471     -818.4141
 4  22  14.148  44679.344  55.044   0.014   10.040  -10.000      -57.8471     -818.4141
 5  22  14.148  44679.344  55.044   0.006    9.277  -10.000      -57.8471     -818.4141
 2  22  14.148  44704.340 331.083  -0.014   11.780  -10.000      -56.0803     -793.4180
 3  22  14.148  44704.340 331.083  -0.014   10.429  -10.000      -56.0803     -793.4180
 4  22  14.148  44704.340 331.083  -0.031    9.662  -10.000      -56.0803     -793.4180
 5  22  14.148  44704.340 331.083  -0.039    8.953  -10.000      -56.0803     -793.4180
 2  22  14.148  44914.535 279.608  -0.064   11.392  -10.000      -41.2233     -583.2227
 3  22  14.148  44914.535 279.608  -0.034   10.208  -10.000      -41.2233     -583.2227
 2  22  14.148  44918.594  22.880  -0.001   12.139  -10.000      -40.9364     -579.1641
 3  22  14.148  44918.594  22.880  -0.021   10.665  -10.000      -40.9364     -579.1641
 2  22  14.148  44954.551 217.825  -0.136   10.848  -10.000      -38.3949     -543.2070
 3  22  14.148  44954.551 217.825  -0.089    9.892  -10.000      -38.3949     -543.2070
 2  22  14.148  44956.508 267.623  -0.062   11.309  -10.000      -38.2566     -541.2500
 3  22  14.148  44956.508 267.623  -0.033   10.163  -10.000      -38.2566     -541.2500
 2  22  14.148  44961.535  35.546   0.004   12.230  -10.000      -37.9013     -536.2227
 3  22  14.148  44961.535  35.546  -0.016   10.735  -10.000      -37.9013     -536.2227
 2  22  14.148  44965.480 135.937  -0.056   11.935  -10.000      -37.6224     -532.2773
 3  22  14.148  44965.480 135.937  -0.053   10.628  -10.000      -37.6224     -532.2773
 2  22  14.148  44966.555 163.271  -0.034   11.852  -10.000      -37.5465     -531.2031
 3  22  14.148  44966.555 163.271  -0.037   10.589  -10.000      -37.5465     -531.2031
 2  22  14.148  44967.535 188.219   0.152   11.629  -10.000      -37.4772     -530.2227
 3  22  14.148  44967.535 188.219   0.110   10.450  -10.000      -37.4772     -530.2227
 2  22  14.148  44991.598  80.501   0.015   12.413  -10.000      -35.7764     -506.1602
 3  22  14.148  44991.598  80.501   0.020   10.924  -10.000      -35.7764     -506.1602
 4  22  14.148  44991.598  80.501   0.019   10.114  -10.000      -35.7764     -506.1602
 5  22  14.148  44991.598  80.501   0.025    9.364  -10.000      -35.7764     -506.1602
 2  22  14.148  44994.535 155.248  -0.043   11.846  -10.000      -35.5688     -503.2227
 3  22  14.148  44994.535 155.248  -0.034   10.591  -10.000      -35.5688     -503.2227
 4  22  14.148  44994.535 155.248  -0.031    9.879  -10.000      -35.5688     -503.2227
 5  22  14.148  44994.535 155.248  -0.032    9.210  -10.000      -35.5688     -503.2227
 2  22  14.148  44995.543 180.891   0.058   11.751  -10.000      -35.4975     -502.2148
 3  22  14.148  44995.543 180.891   0.063   10.554  -10.000      -35.4975     -502.2148
 4  22  14.148  44995.543 180.891   0.053    9.856  -10.000      -35.4975     -502.2148
 5  22  14.148  44995.543 180.891   0.037    9.196  -10.000      -35.4975     -502.2148
 2  22  14.148  45003.418  21.275   0.006   12.135  -10.000      -34.9409     -494.3398
 3  22  14.148  45003.418  21.275  -0.003   10.675  -10.000      -34.9409     -494.3398
 4  22  14.148  45003.418  21.275   0.011    9.897  -10.000      -34.9409     -494.3398
 5  22  14.148  45003.418  21.275  -0.001    9.146  -10.000      -34.9409     -494.3398
 1  22  14.148  45004.422  46.820   0.084   13.645  -10.000      -34.8699     -493.3359
 2  22  14.148  45004.422  46.820  -0.004   12.289  -10.000      -34.8699     -493.3359
 3  22  14.148  45004.422  46.820  -0.014   10.791  -10.000      -34.8699     -493.3359
 4  22  14.148  45004.422  46.820  -0.005    9.993  -10.000      -34.8699     -493.3359
 5  22  14.148  45004.422  46.820  -0.010    9.235  -10.000      -34.8699     -493.3359
 1  22  14.148  45005.406  71.867  -0.083   13.587  -10.000      -34.8004     -492.3516
 2  22  14.148  45005.406  71.867  -0.001   12.387  -10.000      -34.8004     -492.3516
 3  22  14.148  45005.406  71.867  -0.004   10.885  -10.000      -34.8004     -492.3516
 4  22  14.148  45005.406  71.867   0.018   10.095  -10.000      -34.8004     -492.3516
 5  22  14.148  45005.406  71.867   0.007    9.326  -10.000      -34.8004     -492.3516
 1  22  14.148  45006.383  96.717   0.010   13.617  -10.000      -34.7313     -491.3750
 2  22  14.148  45006.383  96.717   0.012   12.375  -10.000      -34.7313     -491.3750
 3  22  14.148  45006.383  96.717   0.013   10.908  -10.000      -34.7313     -491.3750
 4  22  14.148  45006.383  96.717   0.033   10.128  -10.000      -34.7313     -491.3750
 5  22  14.148  45006.383  96.717   0.030    9.379  -10.000      -34.7313     -491.3750
 1  22  14.148  45007.477 124.548   0.054   13.274  -10.000      -34.6540     -490.2812
 2  22  14.148  45007.477 124.548  -0.002   12.114  -10.000      -34.6540     -490.2812
 3  22  14.148  45007.477 124.548   0.012   10.766  -10.000      -34.6540     -490.2812
 4  22  14.148  45007.477 124.548  -0.013    9.986  -10.000      -34.6540     -490.2812
 5  22  14.148  45007.477 124.548  -0.018    9.276  -10.000      -34.6540     -490.2812
 1  22  14.148  45008.434 148.900  -0.207   12.681  -10.000      -34.5864     -489.3242
 2  22  14.148  45008.434 148.900  -0.031   11.871  -10.000      -34.5864     -489.3242
 3  22  14.148  45008.434 148.900  -0.026   10.604  -10.000      -34.5864     -489.3242
 4  22  14.148  45008.434 148.900  -0.026    9.886  -10.000      -34.5864     -489.3242
 5  22  14.148  45008.434 148.900  -0.039    9.203  -10.000      -34.5864     -489.3242
 1  22  14.148  45009.418 173.948  -0.038   12.728  -10.000      -34.5168     -488.3398
 2  22  14.148  45009.418 173.948   0.009   11.830  -10.000      -34.5168     -488.3398
 3  22  14.148  45009.418 173.948   0.017   10.598  -10.000      -34.5168     -488.3398
 4  22  14.148  45009.418 173.948  -0.002    9.875  -10.000      -34.5168     -488.3398
 5  22  14.148  45009.418 173.948  -0.003    9.215  -10.000      -34.5168     -488.3398
 1  22  14.148  45095.277 198.683   0.156   11.965  -10.000      -28.4481     -402.4805
 2  22  14.148  45095.277 198.683   0.100   11.231  -10.000      -28.4481     -402.4805
 3  22  14.148  45095.277 198.683   0.100   10.194  -10.000      -28.4481     -402.4805
 4  22  14.148  45095.277 198.683   0.106    9.581  -10.000      -28.4481     -402.4805
 5  22  14.148  45095.277 198.683   0.090    8.984  -10.000      -28.4481     -402.4805
 1  22  14.148  45346.441 109.678  -0.016   13.453  -10.000      -10.6953     -151.3164
 2  22  14.148  45346.441 109.678   0.004   12.281  -10.000      -10.6953     -151.3164
 3  22  14.148  45346.441 109.678   0.005   10.854  -10.000      -10.6953     -151.3164
 4  22  14.148  45346.441 109.678   0.002   10.068  -10.000      -10.6953     -151.3164
 5  22  14.148  45346.441 109.678   0.001    9.336  -10.000      -10.6953     -151.3164
 1  22  14.148  45349.445 186.114   0.136   12.519  -10.000      -10.4830     -148.3125
 2  22  14.148  45349.445 186.114   0.109   11.655  -10.000      -10.4830     -148.3125
 3  22  14.148  45349.445 186.114   0.092   10.480  -10.000      -10.4830     -148.3125
 4  22  14.148  45349.445 186.114   0.082    9.800  -10.000      -10.4830     -148.3125
 5  22  14.148  45349.445 186.114   0.054    9.145  -10.000      -10.4830     -148.3125
 1  22  14.148  46060.566 280.947  -0.037   12.345  -10.000       39.7804      562.8086
 2  22  14.148  46060.566 280.947  -0.025   11.440  -10.000       39.7804      562.8086
 3  22  14.148  46060.566 280.947  -0.022   10.225  -10.000       39.7804      562.8086
 4  22  14.148  46060.566 280.947   0.009    9.560  -10.000       39.7804      562.8086
 5  22  14.148  46060.566 280.947  -0.013    8.888  -10.000       39.7804      562.8086
 1  22  14.148  46061.363 301.223  -0.007   12.582  -10.000       39.8367      563.6055
 2  22  14.148  46061.363 301.223  -0.018   11.579  -10.000       39.8367      563.6055
 3  22  14.148  46061.363 301.223  -0.016   10.306  -10.000       39.8367      563.6055
 4  22  14.148  46061.363 301.223   0.006    9.608  -10.000       39.8367      563.6055
 5  22  14.148  46061.363 301.223  -0.017    8.913  -10.000       39.8367      563.6055
 1  22  14.148  46063.574 357.483  -0.070   13.055  -10.000       39.9930      565.8164
 2  22  14.148  46063.574 357.483  -0.028   11.938  -10.000       39.9930      565.8164
 3  22  14.148  46063.574 357.483  -0.016   10.545  -10.000       39.9930      565.8164
 4  22  14.148  46063.574 357.483  -0.003    9.785  -10.000       39.9930      565.8164
 5  22  14.148  46063.574 357.483  -0.018    9.049  -10.000       39.9930      565.8164
 1  22  14.148  46064.512  21.337   0.100   13.450  -10.000       40.0593      566.7539
 2  22  14.148  46064.512  21.337   0.042   12.172  -10.000       40.0593      566.7539
 3  22  14.148  46064.512  21.337   0.011   10.689  -10.000       40.0593      566.7539
 4  22  14.148  46064.512  21.337   0.009    9.895  -10.000       40.0593      566.7539
 5  22  14.148  46064.512  21.337   0.012    9.159  -10.000       40.0593      566.7539
 1  22  14.148  46065.500  46.485   0.027   13.586  -10.000       40.1291      567.7422
 2  22  14.148  46065.500  46.485   0.013   12.304  -10.000       40.1291      567.7422
 3  22  14.148  46065.500  46.485   0.010   10.814  -10.000       40.1291      567.7422
 4  22  14.148  46065.500  46.485   0.000    9.997  -10.000       40.1291      567.7422
 5  22  14.148  46065.500  46.485   0.008    9.251  -10.000       40.1291      567.7422
 1  22  14.148  46066.516  72.327   0.038   13.709  -10.000       40.2009      568.7578
 2  22  14.148  46066.516  72.327   0.029   12.417  -10.000       40.2009      568.7578
 3  22  14.148  46066.516  72.327   0.011   10.901  -10.000       40.2009      568.7578
 4  22  14.148  46066.516  72.327  -0.003   10.075  -10.000       40.2009      568.7578
 5  22  14.148  46066.516  72.327  -0.006    9.314  -10.000       40.2009      568.7578
 1  22  14.148  46073.461 249.055  -0.003   12.012  -10.000       40.6918      575.7031
 2  22  14.148  46073.461 249.055  -0.002   11.235  -10.000       40.6918      575.7031
 3  22  14.148  46073.461 249.055  -0.002   10.123  -10.000       40.6918      575.7031
 4  22  14.148  46073.461 249.055   0.013    9.487  -10.000       40.6918      575.7031
 5  22  14.148  46073.461 249.055  -0.016    8.849  -10.000       40.6918      575.7031
 0  22  14.148  43971.375  40.424   0.434   93.100  -10.000     -107.8877    -1526.3828
 0  22  14.148  43973.367  91.115 -10.913   83.000  -10.000     -107.7469    -1524.3906
 0  22  14.148  43976.355 167.154  -6.851   72.100  -10.000     -107.5357    -1521.4023
 0  22  14.148  43977.297 191.110   2.061   77.000  -10.000     -107.4691    -1520.4609
 0  22  14.148  43978.305 216.755   3.628   68.600  -10.000     -107.3979    -1519.4531
 0  22  14.148  43979.316 242.498   1.482   53.300  -10.000     -107.3264    -1518.4414
 0  22  14.148  43980.332 268.341   1.569   54.400  -10.000     -107.2546    -1517.4258
 0  22  14.148  44178.609 273.606  -2.640   49.500  -10.000      -93.2400    -1319.1484
 0  22  14.148  44181.578 349.148   0.775   77.800  -10.000      -93.0301    -1316.1797
 0  22  14.148  44183.598  40.537   9.915  102.500  -10.000      -92.8874    -1314.1602
 0  22  14.148  44234.586 257.959  -0.830   49.200  -10.000      -89.2834    -1263.1719
 0  22  14.148  44236.551 307.955  -5.537   56.400  -10.000      -89.1446    -1261.2070
 0  22  14.148  44237.523 332.704  -3.564   66.100  -10.000      -89.0758    -1260.2344
 0  22  14.148  44297.406  56.453   5.374   99.400  -10.000      -84.8432    -1200.3516
 0  22  14.148  44298.398  81.700  -1.342   99.100  -10.000      -84.7731    -1199.3594
 0  22  14.148  44300.414 132.987   3.070  106.400  -10.000      -84.6306    -1197.3438
 0  22  14.148  44302.395 183.381  -1.133   75.400  -10.000      -84.4906    -1195.3633
 0  22  14.148  44331.328 199.611   8.494   77.700  -10.000      -82.4455    -1166.4297
 0  22  14.148  44332.359 225.851   5.716   66.200  -10.000      -82.3726    -1165.3984
 0  22  14.148  44337.359 353.081   4.780   83.000  -10.000      -82.0192    -1160.3984
 0  22  14.148  44590.551 315.662   3.346   69.800  -10.000      -64.1232     -907.2070
 0  22  14.148  44593.516  31.104   3.688   92.500  -10.000      -63.9136     -904.2422
 0  22  14.148  44595.496  81.498   3.563  104.100  -10.000      -63.7736     -902.2617
 0  22  14.148  44653.387 114.554   4.039  108.300  -10.000      -59.6818     -844.3711
 0  22  14.148  44692.316  25.139  -3.653   78.000  -10.000      -56.9302     -805.4414
 0  22  14.148  44693.340  51.181  -4.963   84.800  -10.000      -56.8578     -804.4180
 0  22  14.148  44694.328  76.329  -1.435   98.300  -10.000      -56.7880     -803.4297
 0  22  14.148  44706.352  22.271  -5.671   75.100  -10.000      -55.9381     -791.4062
 0  22  14.148  44707.312  46.723  -5.782   82.700  -10.000      -55.8702     -790.4453
 0  22  14.148  44713.355 200.490 -13.708   54.900  -10.000      -55.4431     -784.4023
 0  22  14.148  44714.301 224.543   2.293   63.800  -10.000      -55.3763     -783.4570
 0  22  14.148  44715.312 250.286   2.818   53.800  -10.000      -55.3048     -782.4453
 2  79  14.148  45666.543 334.823   0.061   11.879  -10.000       11.9301      168.7852
 3  79  14.148  45666.543 334.823   0.016   10.475  -10.000       11.9301      168.7852
 4  79  14.148  45666.543 334.823   0.001    9.707  -10.000       11.9301      168.7852
 2  79  14.148  45676.543 229.278   0.041   11.117  -10.000       12.6369      178.7852
 3  79  14.148  45676.543 229.278   0.021   10.057  -10.000       12.6369      178.7852
 4  79  14.148  45676.543 229.278   0.065    9.480  -10.000       12.6369      178.7852
 2  79  14.148  45692.414 273.126  -0.036   11.375  -10.000       13.7587      194.6562
 3  79  14.148  45692.414 273.126  -0.028   10.189  -10.000       13.7587      194.6562
 4  79  14.148  45692.414 273.126  -0.023    9.509  -10.000       13.7587      194.6562
 1  79  14.148  45693.418 298.671  -0.018   12.544  -10.000       13.8296      195.6602
 2  79  14.148  45693.418 298.671  -0.009   11.571  -10.000       13.8296      195.6602
 3  79  14.148  45693.418 298.671  -0.050   10.261  -10.000       13.8296      195.6602
 4  79  14.148  45693.418 298.671  -0.046    9.549  -10.000       13.8296      195.6602
 2  79  14.148  45693.422 298.770  -0.024   11.557  -10.000       13.8299      195.6641
 3  79  14.148  45693.422 298.770  -0.051   10.260  -10.000       13.8299      195.6641
 4  79  14.148  45693.422 298.770  -0.041    9.554  -10.000       13.8299      195.6641
 2  79  14.148  45694.426 324.315  -0.012   11.737  -10.000       13.9009      196.6680
 3  79  14.148  45694.426 324.315  -0.025   10.390  -10.000       13.9009      196.6680
 4  79  14.148  45694.426 324.315  -0.028    9.644  -10.000       13.9009      196.6680
 2  79  14.148  45704.395 217.975  -0.149   10.836  -10.000       14.6055      206.6367
 3  79  14.148  45704.395 217.975  -0.102    9.880  -10.000       14.6055      206.6367
 4  79  14.148  45704.395 217.975  -0.058    9.318  -10.000       14.6055      206.6367
 2  79  14.148  45705.371 242.824   0.043   11.229  -10.000       14.6745      207.6133
 3  79  14.148  45705.371 242.824   0.036   10.133  -10.000       14.6745      207.6133
 4  79  14.148  45705.371 242.824   0.000    9.456  -10.000       14.6745      207.6133
 1  79  14.148  45706.367 268.170  -0.014   12.224  -10.000       14.7449      208.6094
 2  79  14.148  45706.367 268.170  -0.020   11.355  -10.000       14.7449      208.6094
 3  79  14.148  45706.367 268.170   0.007   10.205  -10.000       14.7449      208.6094
 4  79  14.148  45706.367 268.170  -0.022    9.498  -10.000       14.7449      208.6094
 2  79  14.148  49803.703 126.936  -0.083   12.004  -10.000      304.3526     4305.9453
 3  79  14.148  49803.703 126.936  -0.065   10.672  -10.000      304.3526     4305.9453
 4  79  14.148  49803.703 126.936  -0.048    9.939  -10.000      304.3526     4305.9453
 5  79  14.148  49803.703 126.936  -0.046    9.240  -10.000      304.3526     4305.9453
 2  79  14.148  49804.715 152.677  -0.081   11.811  -10.000      304.4241     4306.9570
 3  79  14.148  49804.715 152.677  -0.037   10.588  -10.000      304.4241     4306.9570
 4  79  14.148  49804.715 152.677  -0.050    9.860  -10.000      304.4241     4306.9570
 5  79  14.148  49804.715 152.677  -0.051    9.190  -10.000      304.4241     4306.9570
 2  79  14.148  49805.688 177.429  -0.061   11.705  -10.000      304.4929     4307.9297
 3  79  14.148  49805.688 177.429  -0.030   10.513  -10.000      304.4929     4307.9297
 4  79  14.148  49805.688 177.429  -0.009    9.837  -10.000      304.4929     4307.9297
 5  79  14.148  49805.688 177.429  -0.022    9.171  -10.000      304.4929     4307.9297
 2  79  14.148  49806.707 203.368  -0.110   10.913  -10.000      304.5649     4308.9492
 3  79  14.148  49806.707 203.368  -0.023    9.994  -10.000      304.5649     4308.9492
 4  79  14.148  49806.707 203.368   0.028    9.438  -10.000      304.5649     4308.9492
 5  79  14.148  49806.707 203.368   0.038    8.878  -10.000      304.5649     4308.9492
 2  79  14.148  49807.688 228.318   0.031   11.100  -10.000      304.6342     4309.9297
 3  79  14.148  49807.688 228.318   0.046   10.078  -10.000      304.6342     4309.9297
 4  79  14.148  49807.688 228.318   0.056    9.468  -10.000      304.6342     4309.9297
 5  79  14.148  49807.688 228.318   0.003    8.835  -10.000      304.6342     4309.9297
 2  79  14.148  49808.699 254.070   0.005   11.280  -10.000      304.7057     4310.9414
 3  79  14.148  49808.699 254.070   0.017   10.162  -10.000      304.7057     4310.9414
 4  79  14.148  49808.699 254.070   0.021    9.508  -10.000      304.7057     4310.9414
 5  79  14.148  49808.699 254.070   0.002    8.872  -10.000      304.7057     4310.9414
 2  79  14.148  49809.641 278.020  -0.022   11.423  -10.000      304.7723     4311.8828
 3  79  14.148  49809.641 278.020   0.005   10.241  -10.000      304.7723     4311.8828
 4  79  14.148  49809.641 278.020   0.016    9.560  -10.000      304.7723     4311.8828
 5  79  14.148  49809.641 278.020  -0.004    8.894  -10.000      304.7723     4311.8828
 2  79  14.148  49810.672 304.255   0.023   11.641  -10.000      304.8452     4312.9141
 3  79  14.148  49810.672 304.255   0.019   10.353  -10.000      304.8452     4312.9141
 4  79  14.148  49810.672 304.255   0.026    9.637  -10.000      304.8452     4312.9141
 5  79  14.148  49810.672 304.255   0.010    8.946  -10.000      304.8452     4312.9141
 2  79  14.148  49811.641 328.909   0.035   11.815  -10.000      304.9136     4313.8828
 3  79  14.148  49811.641 328.909   0.024   10.458  -10.000      304.9136     4313.8828
 4  79  14.148  49811.641 328.909   0.036    9.722  -10.000      304.9136     4313.8828
 5  79  14.148  49811.641 328.909   0.011    8.999  -10.000      304.9136     4313.8828
 2  79  14.148  49812.656 354.749   0.035   11.981  -10.000      304.9854     4314.8984
 3  79  14.148  49812.656 354.749   0.023   10.571  -10.000      304.9854     4314.8984
 4  79  14.148  49812.656 354.749   0.024    9.801  -10.000      304.9854     4314.8984
 5  79  14.148  49812.656 354.749   0.001    9.059  -10.000      304.9854     4314.8984
 2  79  14.148  49813.672  20.599   0.065   12.190  -10.000      305.0572     4315.9141
 3  79  14.148  49813.672  20.599   0.025   10.700  -10.000      305.0572     4315.9141
 4  79  14.148  49813.672  20.599   0.016    9.899  -10.000      305.0572     4315.9141
 5  79  14.148  49813.672  20.599   0.028    9.173  -10.000      305.0572     4315.9141
 2  79  14.148  49814.621  44.747   0.054   12.337  -10.000      305.1243     4316.8633
 3  79  14.148  49814.621  44.747   0.043   10.840  -10.000      305.1243     4316.8633
 4  79  14.148  49814.621  44.747   0.043   10.033  -10.000      305.1243     4316.8633
 5  79  14.148  49814.621  44.747   0.021    9.259  -10.000      305.1243     4316.8633
 2  79  14.148  49815.645  70.796   0.021   12.407  -10.000      305.1967     4317.8867
 3  79  14.148  49815.645  70.796   0.023   10.910  -10.000      305.1967     4317.8867
 4  79  14.148  49815.645  70.796   0.017   10.091  -10.000      305.1967     4317.8867
 5  79  14.148  49815.645  70.796   0.021    9.338  -10.000      305.1967     4317.8867
 2  79  14.148  49816.633  95.944  -0.035   12.332  -10.000      305.2665     4318.8750
 3  79  14.148  49816.633  95.944  -0.013   10.883  -10.000      305.2665     4318.8750
 4  79  14.148  49816.633  95.944   0.001   10.097  -10.000      305.2665     4318.8750
 5  79  14.148  49816.633  95.944  -0.003    9.346  -10.000      305.2665     4318.8750
 2  79  14.148  49817.617 120.992  -0.069   12.090  -10.000      305.3361     4319.8594
 3  79  14.148  49817.617 120.992  -0.040   10.740  -10.000      305.3361     4319.8594
 4  79  14.148  49817.617 120.992  -0.032    9.986  -10.000      305.3361     4319.8594
 5  79  14.148  49817.617 120.992  -0.056    9.250  -10.000      305.3361     4319.8594
 2  79  14.148  49818.613 146.338  -0.053   11.861  -10.000      305.4065     4320.8555
 3  79  14.148  49818.613 146.338  -0.038   10.598  -10.000      305.4065     4320.8555
 4  79  14.148  49818.613 146.338  -0.019    9.898  -10.000      305.4065     4320.8555
 5  79  14.148  49818.613 146.338  -0.044    9.200  -10.000      305.4065     4320.8555
 2  79  14.148  49819.594 171.277  -0.046   11.804  -10.000      305.4758     4321.8359
 3  79  14.148  49819.594 171.277  -0.016   10.585  -10.000      305.4758     4321.8359
 4  79  14.148  49819.594 171.277  -0.005    9.889  -10.000      305.4758     4321.8359
 5  79  14.148  49819.594 171.277  -0.042    9.190  -10.000      305.4758     4321.8359
 2  79  14.148  49821.602 222.374  -0.018   11.002  -10.000      305.6177     4323.8438
 3  79  14.148  49821.602 222.374   0.028   10.031  -10.000      305.6177     4323.8438
 4  79  14.148  49821.602 222.374   0.035    9.426  -10.000      305.6177     4323.8438
 5  79  14.148  49821.602 222.374   0.000    8.818  -10.000      305.6177     4323.8438
 2  79  14.148  49822.605 247.917  -0.013   11.215  -10.000      305.6887     4324.8477
 3  79  14.148  49822.605 247.917   0.015   10.135  -10.000      305.6887     4324.8477
 4  79  14.148  49822.605 247.917   0.024    9.495  -10.000      305.6887     4324.8477
 5  79  14.148  49822.605 247.917  -0.013    8.850  -10.000      305.6887     4324.8477
 2  79  14.148  49823.594 273.065  -0.012   11.398  -10.000      305.7585     4325.8359
 3  79  14.148  49823.594 273.065   0.014   10.231  -10.000      305.7585     4325.8359
 4  79  14.148  49823.594 273.065   0.026    9.558  -10.000      305.7585     4325.8359
 5  79  14.148  49823.594 273.065   0.009    8.901  -10.000      305.7585     4325.8359
 2  79  14.148  49824.520 296.620  -0.005   11.561  -10.000      305.8239     4326.7617
 3  79  14.148  49824.520 296.620   0.007   10.310  -10.000      305.8239     4326.7617
 4  79  14.148  49824.520 296.620   0.022    9.611  -10.000      305.8239     4326.7617
 5  79  14.148  49824.520 296.620   0.003    8.924  -10.000      305.8239     4326.7617
 2  79  14.148  49824.594 298.510  -0.010   11.569  -10.000      305.8292     4326.8359
 3  79  14.148  49824.594 298.510   0.019   10.329  -10.000      305.8292     4326.8359
 4  79  14.148  49824.594 298.510   0.021    9.615  -10.000      305.8292     4326.8359
 5  79  14.148  49824.594 298.510  -0.004    8.921  -10.000      305.8292     4326.8359
 2  79  14.148  49825.590 323.855  -0.012   11.734  -10.000      305.8996     4327.8320
 3  79  14.148  49825.590 323.855   0.004   10.417  -10.000      305.8996     4327.8320
 4  79  14.148  49825.590 323.855   0.018    9.688  -10.000      305.8996     4327.8320
 5  79  14.148  49825.590 323.855  -0.002    8.974  -10.000      305.8996     4327.8320
 2  79  14.148  49826.609 349.794   0.036   11.949  -10.000      305.9716     4328.8516
 3  79  14.148  49826.609 349.794   0.014   10.538  -10.000      305.9716     4328.8516
 4  79  14.148  49826.609 349.794   0.010    9.768  -10.000      305.9716     4328.8516
 5  79  14.148  49826.609 349.794  -0.009    9.033  -10.000      305.9716     4328.8516
 2  79  14.148  49827.590  14.744   0.032   12.116  -10.000      306.0410     4329.8320
 3  79  14.148  49827.590  14.744   0.017   10.662  -10.000      306.0410     4329.8320
 4  79  14.148  49827.590  14.744   0.034    9.892  -10.000      306.0410     4329.8320
 5  79  14.148  49827.590  14.744   0.016    9.140  -10.000      306.0410     4329.8320
 3 150  14.148  50808.535 135.396  -0.050   10.634  -10.000      375.3761     5310.7773
 5 150  14.148  50808.535 135.396  -0.056    9.207  -10.000      375.3761     5310.7773
 3 150  14.148  50809.422 157.950  -0.019   10.607  -10.000      375.4388     5311.6641
 5 150  14.148  50809.422 157.950  -0.019    9.226  -10.000      375.4388     5311.6641
 3 150  14.148  50809.543 161.038  -0.019   10.608  -10.000      375.4473     5311.7852
 5 150  14.148  50809.543 161.038  -0.025    9.222  -10.000      375.4473     5311.7852
 3 150  14.148  50809.590 162.224  -0.016   10.611  -10.000      375.4506     5311.8320
 5 150  14.148  50809.590 162.224  -0.021    9.226  -10.000      375.4506     5311.8320
 3 150  14.148  50810.422 183.395  -0.016   10.429  -10.000      375.5094     5312.6641
 5 150  14.148  50810.422 183.395  -0.015    9.113  -10.000      375.5094     5312.6641
 3 150  14.148  50810.520 185.889  -0.030   10.363  -10.000      375.5164     5312.7617
 5 150  14.148  50810.520 185.889  -0.011    9.083  -10.000      375.5164     5312.7617
 3 150  14.148  50810.578 187.372  -0.032   10.327  -10.000      375.5205     5312.8203
 5 150  14.148  50810.578 187.372  -0.022    9.050  -10.000      375.5205     5312.8203
 3 150  14.148  50811.480 210.333  -0.053    9.914  -10.000      375.5843     5313.7227
 5 150  14.148  50811.480 210.333  -0.040    8.763  -10.000      375.5843     5313.7227
 3 150  14.148  50811.555 212.223   0.019    9.985  -10.000      375.5895     5313.7969
 5 150  14.148  50811.555 212.223   0.004    8.805  -10.000      375.5895     5313.7969
 3 150  14.148  50812.395 233.591   0.020   10.075  -10.000      375.6489     5314.6367
 5 150  14.148  50812.395 233.591   0.013    8.853  -10.000      375.6489     5314.6367
 3 150  14.148  50812.504 236.382   0.029   10.096  -10.000      375.6566     5314.7461
 5 150  14.148  50812.504 236.382   0.005    8.849  -10.000      375.6566     5314.7461
 3 150  14.148  50812.555 237.667   0.053   10.126  -10.000      375.6602     5314.7969
 5 150  14.148  50812.555 237.667   0.032    8.878  -10.000      375.6602     5314.7969
 3 150  14.148  50814.543 288.259   0.022   10.294  -10.000      375.8007     5316.7852
 5 150  14.148  50814.543 288.259   0.012    8.921  -10.000      375.8007     5316.7852
 3 150  14.148  50815.473 311.924   0.012   10.375  -10.000      375.8665     5317.7148
 5 150  14.148  50815.473 311.924   0.005    8.955  -10.000      375.8665     5317.7148
 3 150  14.148  50816.434 336.368   0.018   10.484  -10.000      375.9344     5318.6758
 5 150  14.148  50816.434 336.368   0.015    9.020  -10.000      375.9344     5318.6758
11  43  14.148  48341.609   3.230  -0.018    7.950  -10.000      201.0090     2843.8516
12  43  14.148  48341.609   3.230  -0.038    7.406  -10.000      201.0090     2843.8516
13  43  14.148  48341.609   3.230  -0.050    7.224  -10.000      201.0090     2843.8516
11  43  14.148  48342.582  27.977  -0.015    8.013  -10.000      201.0777     2844.8242
12  43  14.148  48342.582  27.977  -0.046    7.447  -10.000      201.0777     2844.8242
13  43  14.148  48342.582  27.977  -0.060    7.260  -10.000      201.0777     2844.8242
 6  36  14.148  45370.551   3.153  -0.043    8.000  -10.000       -8.9912     -127.2070
 7  36  14.148  45370.551   3.153  -0.045    7.387  -10.000       -8.9912     -127.2070
 8  36  14.148  45370.551   3.153  -0.043    7.215  -10.000       -8.9912     -127.2070
 6  36  14.148  45371.512  27.605  -0.039    8.067  -10.000       -8.9233     -126.2461
 7  36  14.148  45371.512  27.605  -0.046    7.434  -10.000       -8.9233     -126.2461
 8  36  14.148  45371.512  27.605  -0.042    7.260  -10.000       -8.9233     -126.2461
 6  36  14.148  45372.406  50.367  -0.005    8.175  -10.000       -8.8601     -125.3516
 7  36  14.148  45372.406  50.367  -0.050    7.495  -10.000       -8.8601     -125.3516
 8  36  14.148  45372.406  50.367  -0.022    7.343  -10.000       -8.8601     -125.3516
 6  36  14.148  45373.531  78.993  -0.006    8.253  -10.000       -8.7806     -124.2266
 7  36  14.148  45373.531  78.993  -0.038    7.585  -10.000       -8.7806     -124.2266
 8  36  14.148  45373.531  78.993  -0.014    7.428  -10.000       -8.7806     -124.2266
 6  36  14.148  45435.375 212.638  -0.006    7.941  -10.000       -4.4093      -62.3828
 7  36  14.148  45435.375 212.638   0.017    7.489  -10.000       -4.4093      -62.3828
 8  36  14.148  45435.375 212.638   0.026    7.357  -10.000       -4.4093      -62.3828
 6  36  14.148  45436.324 236.791  -0.002    7.956  -10.000       -4.3422      -61.4336
 7  36  14.148  45436.324 236.791   0.040    7.500  -10.000       -4.3422      -61.4336
 8  36  14.148  45436.324 236.791   0.029    7.342  -10.000       -4.3422      -61.4336
 6  36  14.148  45473.270  96.883   0.042    8.326  -10.000       -1.7309      -24.4883
 7  36  14.148  45473.270  96.883  -0.020    7.636  -10.000       -1.7309      -24.4883
 8  36  14.148  45473.270  96.883   0.002    7.479  -10.000       -1.7309      -24.4883
 6  36  14.148  45701.570 146.111  -0.019    8.245  -10.000       14.4059      203.8125
 7  36  14.148  45701.570 146.111  -0.010    7.687  -10.000       14.4059      203.8125
 8  36  14.148  45701.570 146.111  -0.023    7.511  -10.000       14.4059      203.8125
 6  36  14.148  45702.574 171.656  -0.016    8.247  -10.000       14.4768      204.8164
 7  36  14.148  45702.574 171.656  -0.015    7.691  -10.000       14.4768      204.8164
 8  36  14.148  45702.574 171.656  -0.006    7.539  -10.000       14.4768      204.8164
 6  36  14.148  45803.297 214.595  -0.027    7.920  -10.000       21.5961      305.5391
 7  36  14.148  45803.297 214.595   0.030    7.500  -10.000       21.5961      305.5391
 8  36  14.148  45803.297 214.595   0.032    7.361  -10.000       21.5961      305.5391
 6  36  14.148  45842.227 125.180   0.009    8.284  -10.000       24.3477      344.4688
 7  36  14.148  45842.227 125.180   0.005    7.688  -10.000       24.3477      344.4688
 8  36  14.148  45842.227 125.180  -0.021    7.492  -10.000       24.3477      344.4688
 6  36  14.148  46069.613 151.149  -0.030    8.234  -10.000       40.4199      571.8555
 7  36  14.148  46069.613 151.149   0.005    7.706  -10.000       40.4199      571.8555
 8  36  14.148  46069.613 151.149   0.004    7.542  -10.000       40.4199      571.8555
 6  36  14.148  46070.578 175.700   0.006    8.252  -10.000       40.4881      572.8203
 7  36  14.148  46070.578 175.700  -0.008    7.686  -10.000       40.4881      572.8203
 8  36  14.148  46070.578 175.700   0.005    7.539  -10.000       40.4881      572.8203
 6  36  14.148  46073.586 252.235   0.007    7.964  -10.000       40.7007      575.8281
 7  36  14.148  46073.586 252.235   0.021    7.461  -10.000       40.7007      575.8281
 8  36  14.148  46073.586 252.235   0.016    7.304  -10.000       40.7007      575.8281
 6  36  14.148  46087.457 245.193   0.024    7.982  -10.000       41.6811      589.6992
 7  36  14.148  46087.457 245.193   0.046    7.495  -10.000       41.6811      589.6992
 8  36  14.148  46087.457 245.193   0.024    7.324  -10.000       41.6811      589.6992
 6  36  14.148  46095.539  90.843   0.024    8.304  -10.000       42.2523      597.7812
 7  36  14.148  46095.539  90.843   0.012    7.661  -10.000       42.2523      597.7812
 8  36  14.148  46095.539  90.843  -0.013    7.456  -10.000       42.2523      597.7812
 6  36  14.148  46100.367 213.698  -0.004    7.943  -10.000       42.5936      602.6094
 7  36  14.148  46100.367 213.698   0.024    7.495  -10.000       42.5936      602.6094
 8  36  14.148  46100.367 213.698   0.036    7.366  -10.000       42.5936      602.6094
 6  36  14.148  46101.555 243.914   0.006    7.964  -10.000       42.6775      603.7969
 7  36  14.148  46101.555 243.914   0.016    7.467  -10.000       42.6775      603.7969
 8  36  14.148  46101.555 243.914   0.009    7.311  -10.000       42.6775      603.7969
 6  36  14.148  46202.258 286.356  -0.010    7.935  -10.000       49.7954      704.5000
 7  36  14.148  46202.258 286.356   0.014    7.406  -10.000       49.7954      704.5000
 8  36  14.148  46202.258 286.356   0.006    7.238  -10.000       49.7954      704.5000
 6  36  14.148  46203.262 311.900  -0.004    7.953  -10.000       49.8664      705.5039
 7  36  14.148  46203.262 311.900  -0.002    7.380  -10.000       49.8664      705.5039
 8  36  14.148  46203.262 311.900  -0.010    7.207  -10.000       49.8664      705.5039
 6  36  14.148  46204.215 336.153   0.003    7.990  -10.000       49.9338      706.4570
 7  36  14.148  46204.215 336.153  -0.013    7.380  -10.000       49.9338      706.4570
 8  36  14.148  46204.215 336.153  -0.014    7.209  -10.000       49.9338      706.4570
 6  36  14.148  46206.230  27.442   0.004    8.110  -10.000       50.0762      708.4727
 7  36  14.148  46206.230  27.442  -0.015    7.465  -10.000       50.0762      708.4727
 8  36  14.148  46206.230  27.442  -0.014    7.288  -10.000       50.0762      708.4727
 6  36  14.148  46571.277 316.241  -0.026    7.935  -10.000       75.8784     1073.5195
 7  36  14.148  46571.277 316.241  -0.017    7.366  -10.000       75.8784     1073.5195
 8  36  14.148  46571.277 316.241  -0.010    7.207  -10.000       75.8784     1073.5195
 6  36  14.148  46573.285   7.333   0.002    8.054  -10.000       76.0204     1075.5273
 7  36  14.148  46573.285   7.333  -0.035    7.404  -10.000       76.0204     1075.5273
 8  36  14.148  46573.285   7.333  -0.001    7.263  -10.000       76.0204     1075.5273
 6  36  14.148  46574.266  32.281  -0.007    8.114  -10.000       76.0897     1076.5078
 7  36  14.148  46574.266  32.281  -0.022    7.470  -10.000       76.0897     1076.5078
 8  36  14.148  46574.266  32.281  -0.025    7.289  -10.000       76.0897     1076.5078
 6  36  14.148  46575.219  56.533  -0.001    8.197  -10.000       76.1570     1077.4609
 7  36  14.148  46575.219  56.533  -0.026    7.536  -10.000       76.1570     1077.4609
 8  36  14.148  46575.219  56.533  -0.008    7.373  -10.000       76.1570     1077.4609
 6  36  14.148  46596.223 230.988   0.008    7.967  -10.000       77.6416     1098.4648
 7  36  14.148  46596.223 230.988   0.020    7.487  -10.000       77.6416     1098.4648
 8  36  14.148  46596.223 230.988   0.007    7.328  -10.000       77.6416     1098.4648
 6  36  14.148  46597.199 255.839   0.020    7.975  -10.000       77.7107     1099.4414
 7  36  14.148  46597.199 255.839   0.022    7.455  -10.000       77.7107     1099.4414
 8  36  14.148  46597.199 255.839   0.025    7.306  -10.000       77.7107     1099.4414
 6  36  14.148  46607.188 149.994  -0.014    8.250  -10.000       78.4166     1109.4297
 7  36  14.148  46607.188 149.994  -0.014    7.686  -10.000       78.4166     1109.4297
 8  36  14.148  46607.188 149.994  -0.011    7.526  -10.000       78.4166     1109.4297
 6  36  14.148  46778.461 188.133   0.045    8.186  -10.000       90.5226     1280.7031
 7  36  14.148  46778.461 188.133   0.061    7.680  -10.000       90.5226     1280.7031
 8  36  14.148  46778.461 188.133   0.036    7.503  -10.000       90.5226     1280.7031
 6  36  14.148  46860.445 114.266   0.026    8.313  -10.000       96.3174     1362.6875
 7  36  14.148  46860.445 114.266   0.008    7.685  -10.000       96.3174     1362.6875
 8  36  14.148  46860.445 114.266   0.004    7.508  -10.000       96.3174     1362.6875
 6  36  14.148  46861.395 138.419  -0.007    8.259  -10.000       96.3845     1363.6367
 7  36  14.148  46861.395 138.419   0.012    7.704  -10.000       96.3845     1363.6367
 8  36  14.148  46861.395 138.419  -0.009    7.518  -10.000       96.3845     1363.6367
 6  36  14.148  46862.488 166.251  -0.013    8.260  -10.000       96.4618     1364.7305
 7  36  14.148  46862.488 166.251  -0.012    7.701  -10.000       96.4618     1364.7305
 8  36  14.148  46862.488 166.251  -0.013    7.538  -10.000       96.4618     1364.7305
 6  36  14.148  46863.477 191.398   0.055    8.158  -10.000       96.5317     1365.7188
 7  36  14.148  46863.477 191.398   0.049    7.641  -10.000       96.5317     1365.7188
 8  36  14.148  46863.477 191.398   0.031    7.473  -10.000       96.5317     1365.7188
 6  36  14.148  46864.387 214.557  -0.011    7.936  -10.000       96.5960     1366.6289
 7  36  14.148  46864.387 214.557   0.023    7.493  -10.000       96.5960     1366.6289
 8  36  14.148  46864.387 214.557   0.036    7.365  -10.000       96.5960     1366.6289
 6  36  14.148  46880.402 262.084  -0.005    7.946  -10.000       97.7280     1382.6445
 7  36  14.148  46880.402 262.084   0.002    7.425  -10.000       97.7280     1382.6445
 8  36  14.148  46880.402 262.084   0.005    7.274  -10.000       97.7280     1382.6445
 6  36  14.148  46881.406 287.628   0.003    7.948  -10.000       97.7990     1383.6484
 7  36  14.148  46881.406 287.628   0.002    7.393  -10.000       97.7990     1383.6484
 8  36  14.148  46881.406 287.628   0.006    7.236  -10.000       97.7990     1383.6484
 6  36  14.148  46882.383 312.476   0.018    7.976  -10.000       97.8680     1384.6250
 7  36  14.148  46882.383 312.476   0.002    7.384  -10.000       97.8680     1384.6250
 8  36  14.148  46882.383 312.476   0.003    7.220  -10.000       97.8680     1384.6250
 6  36  14.148  46885.355  28.117   0.006    8.113  -10.000       98.0781     1387.5977
 7  36  14.148  46885.355  28.117  -0.021    7.460  -10.000       98.0781     1387.5977
 8  36  14.148  46885.355  28.117  -0.012    7.291  -10.000       98.0781     1387.5977
 6  36  14.148  46892.387 207.032   0.002    7.962  -10.000       98.5751     1394.6289
 7  36  14.148  46892.387 207.032   0.042    7.526  -10.000       98.5751     1394.6289
 8  36  14.148  46892.387 207.032   0.032    7.375  -10.000       98.5751     1394.6289
 6  36  14.148  46895.254 279.989   0.009    7.956  -10.000       98.7777     1397.4961
 7  36  14.148  46895.254 279.989   0.008    7.408  -10.000       98.7777     1397.4961
 8  36  14.148  46895.254 279.989   0.022    7.263  -10.000       98.7777     1397.4961
 6  36  14.148  47670.277 200.847   0.017    8.017  -10.000      153.5579     2172.5195
 7  36  14.148  47670.277 200.847   0.033    7.549  -10.000      153.5579     2172.5195
 8  36  14.148  47670.277 200.847   0.018    7.391  -10.000      153.5579     2172.5195
 6  36  14.148  47674.234 301.536  -0.006    7.945  -10.000      153.8376     2176.4766
 7  36  14.148  47674.234 301.536   0.011    7.395  -10.000      153.8376     2176.4766
 8  36  14.148  47674.234 301.536  -0.011    7.210  -10.000      153.8376     2176.4766
 6  36  14.148  47675.258 327.579   0.008    7.983  -10.000      153.9099     2177.5000
 7  36  14.148  47675.258 327.579  -0.012    7.376  -10.000      153.9099     2177.5000
 8  36  14.148  47675.258 327.579  -0.002    7.218  -10.000      153.9099     2177.5000
 6  36  14.148  47676.246 352.727  -0.007    8.012  -10.000      153.9798     2178.4883
 7  36  14.148  47676.246 352.727  -0.025    7.390  -10.000      153.9798     2178.4883
 8  36  14.148  47676.246 352.727  -0.027    7.215  -10.000      153.9798     2178.4883
 0 170  14.148  50501.621 245.808   4.261   56.260    0.550      353.6828     5003.8633
