 0  22  23.428  43970.328 150.287  -0.707   42.100  -10.000      -75.5825    -1770.7578
 0  22  23.428  43971.414 166.976   5.732   45.300  -10.000      -75.5362    -1769.6719
 0  22  23.428  43972.426 182.521  -1.600   21.500  -10.000      -75.4930    -1768.6602
 0  22  23.428  43976.391 243.446   1.713   -2.900  -10.000      -75.3238    -1764.6953
 0  22  23.428  43977.367 258.451  -0.691   -0.500  -10.000      -75.2821    -1763.7188
 0  22  23.428  43978.379 273.996   1.118    3.200  -10.000      -75.2389    -1762.7070
 0  22  23.428  43979.359 289.064   0.705    5.900  -10.000      -75.1970    -1761.7266
 0  22  23.428  43980.363 304.489  -1.765    8.700  -10.000      -75.1542    -1760.7227
 0  22  23.428  44179.605 126.074  -0.632   49.500  -10.000      -66.6498    -1561.4805
 0  22  23.428  44180.602 141.378   0.038   42.000  -10.000      -66.6073    -1560.4844
 0  22  23.428  44181.602 156.745   1.680   42.200  -10.000      -66.5646    -1559.4844
 0  22  23.428  44234.613 251.331   4.280    0.600  -10.000      -64.3019    -1506.4727
 0  22  23.428  44236.594 281.764  -1.973    2.100  -10.000      -64.2173    -1504.4922
 0  22  23.428  44237.555 296.529   4.607   11.900  -10.000      -64.1763    -1503.5312
 0  22  23.428  44238.547 311.776   0.063   11.700  -10.000      -64.1340    -1502.5391
 0  22  23.428  44239.551 327.200   3.450   18.200  -10.000      -64.0911    -1501.5352
 0  22  23.428  44240.543 342.447   5.361   23.700  -10.000      -64.0488    -1500.5430
 0  22  23.428  44241.520 357.454   1.217   22.100  -10.000      -64.0071    -1499.5664
 0  22  23.428  44246.520  74.284   1.775   43.300  -10.000      -63.7937    -1494.5664
 0  22  23.428  44297.473 137.236  -0.814   42.500  -10.000      -61.6188    -1443.6133
 0  22  23.428  44298.422 151.823  -0.487   42.000  -10.000      -61.5783    -1442.6641
 0  22  23.428  44300.449 182.975  -1.689   20.700  -10.000      -61.4917    -1440.6367
 0  22  23.428  44302.418 213.227  -5.945   -9.400  -10.000      -61.4077    -1438.6680
 0  22  23.428  44331.367 298.065   0.682    8.600  -10.000      -60.1720    -1409.7188
 0  22  23.428  44332.395 313.851  -0.700   11.000  -10.000      -60.1282    -1408.6914
 0  22  23.428  44333.406 329.398   0.608   16.100  -10.000      -60.0850    -1407.6797
 0  22  23.428  44335.430   0.489   0.316   21.600  -10.000      -59.9986    -1405.6562
 0  22  23.428  44336.430  15.856   0.998   27.900  -10.000      -59.9560    -1404.6562
 0  22  23.428  44337.410  30.921   0.845   31.900  -10.000      -59.9141    -1403.6758
 0  22  23.428  44363.320  69.060  -1.264   38.700  -10.000      -58.8082    -1377.7656
 0  22  23.428  44364.316  84.367   4.212   45.900  -10.000      -58.7656    -1376.7695
 0  22  23.428  44591.527 335.722   0.544   17.600  -10.000      -49.0674    -1149.5586
 0  22  23.428  44625.441 136.850  -0.658   42.900  -10.000      -47.6199    -1115.6445
 0  22  23.428  44637.430 321.063   1.939   14.600  -10.000      -47.1082    -1103.6562
 0  22  23.428  44638.418 336.250   5.043   22.200  -10.000      -47.0660    -1102.6680
 0  22  23.428  44653.453 207.282  -6.781   -7.600  -10.000      -46.4242    -1087.6328
 0  22  23.428  44654.371 221.388   0.501   -4.300  -10.000      -46.3850    -1086.7148
 0  22  23.428  44655.383 236.934   1.884   -2.200  -10.000      -46.3419    -1085.7031
 0  22  23.428  44656.395 252.480  -1.116   -4.200  -10.000      -46.2987    -1084.6914
 0  22  23.428  44658.453 284.113  -0.272    4.200  -10.000      -46.2108    -1082.6328
 0  22  23.428  44659.547 300.920  -0.527    8.600  -10.000      -46.1641    -1081.5391
 0  22  23.428  44691.328  69.274  -3.747   36.300  -10.000      -44.8076    -1049.7578
 0  22  23.428  44692.410  85.901  -2.698   39.200  -10.000      -44.7614    -1048.6758
 0  22  23.428  44693.383 100.848  -4.857   42.500  -10.000      -44.7199    -1047.7031
 0  22  23.428  44694.383 116.213   2.214   50.600  -10.000      -44.6772    -1046.7031
 0  22  23.428  44703.383 254.509  -2.002   -3.900  -10.000      -44.2930    -1037.7031
 0  22  23.428  44704.383 269.875   2.648    4.000  -10.000      -44.2503    -1036.7031
 0  22  23.428  44705.328 284.400   5.886   10.400  -10.000      -44.2100    -1035.7578
 0  22  23.428  44706.387 300.667   1.578   10.600  -10.000      -44.1648    -1034.6992
 0  22  23.428  44707.355 315.553  -0.973   10.800  -10.000      -44.1235    -1033.7305
 0  22  23.428  44709.340 346.045  -0.583   18.500  -10.000      -44.0388    -1031.7461
 0  22  23.428  44711.332  16.658   2.405   29.600  -10.000      -43.9537    -1029.7539
 0  22  23.428  44712.391  32.923  -2.219   29.600  -10.000      -43.9085    -1028.6953
 0  22  23.428  44713.293  46.789  -5.017   30.300  -10.000      -43.8700    -1027.7930
 0  22  23.428  44714.367  63.296  -5.323   32.700  -10.000      -43.8242    -1026.7188
 0  22  23.428  44715.375  78.782  -3.112   38.600  -10.000      -43.7812    -1025.7109
 0  22  23.428  45089.293  64.458   2.683   41.000  -10.000      -27.8209     -651.7930
 0  22  23.428  45090.309  80.064   0.947   42.600  -10.000      -27.7776     -650.7773
 0  22  23.428  45091.309  95.431   1.418   46.600  -10.000      -27.7349     -649.7773
 0  22  23.428  45093.297 125.983   2.263   52.400  -10.000      -27.6500     -647.7891
 2  22  23.428  43639.398 105.175  -0.001   10.112  -10.000      -89.7078    -2101.6875
 3  22  23.428  43639.398 105.175   0.052    8.709  -10.000      -89.7078    -2101.6875
 4  22  23.428  43639.398 105.175   0.056    7.946  -10.000      -89.7078    -2101.6875
 5  22  23.428  43639.398 105.175   0.078    7.253  -10.000      -89.7078    -2101.6875
 2  22  23.428  44032.215  21.248  -0.023    9.845  -10.000      -72.9410    -1708.8711
 3  22  23.428  44032.215  21.248  -0.023    8.375  -10.000      -72.9410    -1708.8711
 4  22  23.428  44032.215  21.248  -0.011    7.614  -10.000      -72.9410    -1708.8711
 5  22  23.428  44032.215  21.248   0.018    6.922  -10.000      -72.9410    -1708.8711
 2  22  23.428  44238.551 311.836   0.014    9.327  -10.000      -64.1338    -1502.5352
 3  22  23.428  44238.551 311.836   0.001    8.025  -10.000      -64.1338    -1502.5352
 4  22  23.428  44238.551 311.836   0.006    7.333  -10.000      -64.1338    -1502.5352
 5  22  23.428  44238.551 311.836   0.022    6.698  -10.000      -64.1338    -1502.5352
 2  22  23.428  44246.609  75.664  -0.087   10.070  -10.000      -63.7898    -1494.4766
 3  22  23.428  44246.609  75.664  -0.066    8.579  -10.000      -63.7898    -1494.4766
 4  22  23.428  44246.609  75.664  -0.054    7.800  -10.000      -63.7898    -1494.4766
 5  22  23.428  44246.609  75.664  -0.012    7.105  -10.000      -63.7898    -1494.4766
 2  22  23.428  44257.492 242.891   0.037    8.757  -10.000      -63.3253    -1483.5938
 3  22  23.428  44257.492 242.891   0.043    7.743  -10.000      -63.3253    -1483.5938
 4  22  23.428  44257.492 242.891   0.035    7.150  -10.000      -63.3253    -1483.5938
 5  22  23.428  44257.492 242.891   0.049    6.615  -10.000      -63.3253    -1483.5938
 2  22  23.428  44646.395  98.819  -0.046   10.088  -10.000      -46.7255    -1094.6914
 3  22  23.428  44646.395  98.819  -0.033    8.627  -10.000      -46.7255    -1094.6914
 4  22  23.428  44646.395  98.819  -0.034    7.852  -10.000      -46.7255    -1094.6914
 5  22  23.428  44646.395  98.819  -0.001    7.163  -10.000      -46.7255    -1094.6914
 1  22  23.428  44647.391 114.125   0.077   11.405  -10.000      -46.6830    -1093.6953
 2  22  23.428  44647.391 114.125   0.051   10.144  -10.000      -46.6830    -1093.6953
 3  22  23.428  44647.391 114.125   0.027    8.686  -10.000      -46.6830    -1093.6953
 4  22  23.428  44647.391 114.125   0.014    7.916  -10.000      -46.6830    -1093.6953
 5  22  23.428  44647.391 114.125   0.038    7.233  -10.000      -46.6830    -1093.6953
 2  22  23.428  44648.406 129.731   0.106   10.181  -10.000      -46.6396    -1092.6797
 3  22  23.428  44648.406 129.731   0.062    8.740  -10.000      -46.6396    -1092.6797
 4  22  23.428  44648.406 129.731   0.031    7.967  -10.000      -46.6396    -1092.6797
 5  22  23.428  44648.406 129.731   0.030    7.273  -10.000      -46.6396    -1092.6797
 2  22  23.428  44649.398 144.977   0.059   10.106  -10.000      -46.5973    -1091.6875
 3  22  23.428  44649.398 144.977   0.030    8.714  -10.000      -46.5973    -1091.6875
 4  22  23.428  44649.398 144.977   0.011    7.967  -10.000      -46.5973    -1091.6875
 5  22  23.428  44649.398 144.977   0.010    7.286  -10.000      -46.5973    -1091.6875
 2  22  23.428  44650.391 160.223   0.154   10.066  -10.000      -46.5549    -1090.6953
 3  22  23.428  44650.391 160.223   0.097    8.710  -10.000      -46.5549    -1090.6953
 4  22  23.428  44650.391 160.223   0.059    7.970  -10.000      -46.5549    -1090.6953
 5  22  23.428  44650.391 160.223   0.049    7.305  -10.000      -46.5549    -1090.6953
 3  22  23.428  44653.531 208.482   0.008    7.539  -10.000      -46.4209    -1087.5547
 4  22  23.428  44653.531 208.482   0.021    7.040  -10.000      -46.4209    -1087.5547
 5  22  23.428  44653.531 208.482   0.018    6.555  -10.000      -46.4209    -1087.5547
 2  22  23.428  44655.422 237.534   0.012    8.670  -10.000      -46.3402    -1085.6641
 3  22  23.428  44655.422 237.534   0.039    7.707  -10.000      -46.3402    -1085.6641
 4  22  23.428  44655.422 237.534   0.035    7.130  -10.000      -46.3402    -1085.6641
 5  22  23.428  44655.422 237.534   0.036    6.593  -10.000      -46.3402    -1085.6641
 3  22  23.428  44661.281 327.570  -0.005    8.096  -10.000      -46.0901    -1079.8047
 4  22  23.428  44661.281 327.570  -0.004    7.381  -10.000      -46.0901    -1079.8047
 5  22  23.428  44661.281 327.570   0.001    6.716  -10.000      -46.0901    -1079.8047
 1  22  23.428  44662.379 344.436  -0.019   10.716  -10.000      -46.0432    -1078.7070
 2  22  23.428  44662.379 344.436  -0.033    9.536  -10.000      -46.0432    -1078.7070
 3  22  23.428  44662.379 344.436  -0.025    8.163  -10.000      -46.0432    -1078.7070
 3  22  23.428  44663.352 359.383  -0.028    8.247  -10.000      -46.0017    -1077.7344
 4  22  23.428  44663.352 359.383  -0.020    7.503  -10.000      -46.0017    -1077.7344
 5  22  23.428  44663.352 359.383  -0.002    6.818  -10.000      -46.0017    -1077.7344
 1  22  23.428  44665.344  29.995  -0.021   11.218  -10.000      -45.9167    -1075.7422
 2  22  23.428  44665.344  29.995  -0.070    9.865  -10.000      -45.9167    -1075.7422
 3  22  23.428  44665.344  29.995  -0.046    8.402  -10.000      -45.9167    -1075.7422
 2  22  23.428  44914.559 259.465  -0.033    8.837  -10.000      -35.2793     -826.5273
 3  22  23.428  44914.559 259.465  -0.002    7.773  -10.000      -35.2793     -826.5273
 2  22  23.428  44954.590 154.591   0.131   10.134  -10.000      -33.5706     -786.4961
 3  22  23.428  44954.590 154.591   0.063    8.732  -10.000      -33.5706     -786.4961
 2  22  23.428  44955.527 168.997   0.272    9.876  -10.000      -33.5306     -785.5586
 3  22  23.428  44955.527 168.997   0.172    8.581  -10.000      -33.5306     -785.5586
 2  22  23.428  44956.562 184.903  -0.052    8.660  -10.000      -33.4864     -784.5234
 3  22  23.428  44956.562 184.903  -0.009    7.786  -10.000      -33.4864     -784.5234
 2  22  23.428  44959.520 230.341  -0.031    8.548  -10.000      -33.3602     -781.5664
 3  22  23.428  44959.520 230.341   0.007    7.634  -10.000      -33.3602     -781.5664
 2  22  23.428  44960.516 245.647  -0.042    8.707  -10.000      -33.3176     -780.5703
 3  22  23.428  44960.516 245.647  -0.014    7.701  -10.000      -33.3176     -780.5703
 2  22  23.428  44961.559 261.674  -0.009    8.879  -10.000      -33.2731     -779.5273
 3  22  23.428  44961.559 261.674   0.008    7.792  -10.000      -33.2731     -779.5273
 2  22  23.428  44966.574 338.744  -0.024    9.500  -10.000      -33.0590     -774.5117
 3  22  23.428  44966.574 338.744  -0.023    8.135  -10.000      -33.0590     -774.5117
 2  22  23.428  44967.562 353.930  -0.048    9.601  -10.000      -33.0169     -773.5234
 3  22  23.428  44967.562 353.930  -0.044    8.198  -10.000      -33.0169     -773.5234
 2  22  23.428  44968.590   9.717  -0.053    9.725  -10.000      -32.9730     -772.4961
 3  22  23.428  44968.590   9.717  -0.055    8.277  -10.000      -32.9730     -772.4961
 2  22  23.428  44994.617  49.657  -0.087    9.984  -10.000      -31.8621     -746.4688
 3  22  23.428  44994.617  49.657  -0.068    8.490  -10.000      -31.8621     -746.4688
 4  22  23.428  44994.617  49.657  -0.061    7.706  -10.000      -31.8621     -746.4688
 5  22  23.428  44994.617  49.657  -0.013    7.017  -10.000      -31.8621     -746.4688
 1  22  23.428  45003.473 185.731   0.017    9.235  -10.000      -31.4841     -737.6133
 2  22  23.428  45003.473 185.731  -0.047    8.625  -10.000      -31.4841     -737.6133
 3  22  23.428  45003.473 185.731  -0.001    7.766  -10.000      -31.4841     -737.6133
 4  22  23.428  45003.473 185.731   0.009    7.238  -10.000      -31.4841     -737.6133
 5  22  23.428  45003.473 185.731   0.010    6.734  -10.000      -31.4841     -737.6133
 1  22  23.428  45004.445 200.677   0.080    8.874  -10.000      -31.4426     -736.6406
 2  22  23.428  45004.445 200.677  -0.079    8.276  -10.000      -31.4426     -736.6406
 3  22  23.428  45004.445 200.677  -0.024    7.506  -10.000      -31.4426     -736.6406
 4  22  23.428  45004.445 200.677  -0.012    7.014  -10.000      -31.4426     -736.6406
 5  22  23.428  45004.445 200.677   0.008    6.560  -10.000      -31.4426     -736.6406
 1  22  23.428  45005.445 216.043   0.041    8.986  -10.000      -31.3999     -735.6406
 2  22  23.428  45005.445 216.043  -0.079    8.357  -10.000      -31.3999     -735.6406
 3  22  23.428  45005.445 216.043  -0.013    7.544  -10.000      -31.3999     -735.6406
 4  22  23.428  45005.445 216.043   0.018    7.049  -10.000      -31.3999     -735.6406
 5  22  23.428  45005.445 216.043   0.023    6.560  -10.000      -31.3999     -735.6406
 1  22  23.428  45006.402 230.749   0.040    9.232  -10.000      -31.3590     -734.6836
 2  22  23.428  45006.402 230.749  -0.030    8.553  -10.000      -31.3590     -734.6836
 3  22  23.428  45006.402 230.749   0.015    7.644  -10.000      -31.3590     -734.6836
 4  22  23.428  45006.402 230.749   0.034    7.105  -10.000      -31.3590     -734.6836
 5  22  23.428  45006.402 230.749   0.038    6.586  -10.000      -31.3590     -734.6836
 1  22  23.428  45007.496 247.556  -0.020    9.474  -10.000      -31.3123     -733.5898
 2  22  23.428  45007.496 247.556  -0.044    8.724  -10.000      -31.3123     -733.5898
 3  22  23.428  45007.496 247.556   0.009    7.734  -10.000      -31.3123     -733.5898
 4  22  23.428  45007.496 247.556   0.024    7.154  -10.000      -31.3123     -733.5898
 5  22  23.428  45007.496 247.556   0.042    6.614  -10.000      -31.3123     -733.5898
 1  22  23.428  45008.496 262.922  -0.010    9.700  -10.000      -31.2697     -732.5898
 2  22  23.428  45008.496 262.922  -0.029    8.870  -10.000      -31.2697     -732.5898
 3  22  23.428  45008.496 262.922   0.007    7.797  -10.000      -31.2697     -732.5898
 4  22  23.428  45008.496 262.922   0.016    7.184  -10.000      -31.2697     -732.5898
 5  22  23.428  45008.496 262.922   0.024    6.609  -10.000      -31.2697     -732.5898
 1  22  23.428  45009.469 277.868  -0.012    9.904  -10.000      -31.2281     -731.6172
 2  22  23.428  45009.469 277.868  -0.028    8.999  -10.000      -31.2281     -731.6172
 3  22  23.428  45009.469 277.868   0.008    7.866  -10.000      -31.2281     -731.6172
 4  22  23.428  45009.469 277.868  -0.001    7.210  -10.000      -31.2281     -731.6172
 5  22  23.428  45009.469 277.868   0.004    6.609  -10.000      -31.2281     -731.6172
 2  22  23.428  45102.234 263.318  -0.031    8.871  -10.000      -27.2686     -638.8516
 3  22  23.428  45102.234 263.318  -0.001    7.791  -10.000      -27.2686     -638.8516
 4  22  23.428  45102.234 263.318   0.005    7.174  -10.000      -27.2686     -638.8516
 5  22  23.428  45102.234 263.318   0.010    6.595  -10.000      -27.2686     -638.8516
 1  22  23.428  45346.504  56.797  -0.084   11.362  -10.000      -16.8422     -394.5820
 2  22  23.428  45346.504  56.797  -0.114    9.988  -10.000      -16.8422     -394.5820
 3  22  23.428  45346.504  56.797  -0.090    8.496  -10.000      -16.8422     -394.5820
 4  22  23.428  45346.504  56.797  -0.067    7.727  -10.000      -16.8422     -394.5820
 5  22  23.428  45346.504  56.797  -0.022    7.033  -10.000      -16.8422     -394.5820
 1  22  23.428  45349.496 102.776  -0.004   11.389  -10.000      -16.7145     -391.5898
 2  22  23.428  45349.496 102.776  -0.043   10.077  -10.000      -16.7145     -391.5898
 3  22  23.428  45349.496 102.776  -0.041    8.616  -10.000      -16.7145     -391.5898
 4  22  23.428  45349.496 102.776  -0.044    7.844  -10.000      -16.7145     -391.5898
 5  22  23.428  45349.496 102.776  -0.022    7.148  -10.000      -16.7145     -391.5898
 1  22  23.428  45351.516 133.808   0.136   11.386  -10.000      -16.6283     -389.5703
 2  22  23.428  45351.516 133.808   0.127   10.200  -10.000      -16.6283     -389.5703
 3  22  23.428  45351.516 133.808   0.061    8.746  -10.000      -16.6283     -389.5703
 4  22  23.428  45351.516 133.808   0.041    7.987  -10.000      -16.6283     -389.5703
 5  22  23.428  45351.516 133.808   0.030    7.286  -10.000      -16.6283     -389.5703
 1  22  23.428  45352.539 149.534  -0.023   11.140  -10.000      -16.5846     -388.5469
 2  22  23.428  45352.539 149.534   0.049   10.084  -10.000      -16.5846     -388.5469
 3  22  23.428  45352.539 149.534   0.038    8.721  -10.000      -16.5846     -388.5469
 4  22  23.428  45352.539 149.534  -0.006    7.953  -10.000      -16.5846     -388.5469
 5  22  23.428  45352.539 149.534  -0.006    7.277  -10.000      -16.5846     -388.5469
 2  79  23.428  49802.746 132.039   0.156   10.231  -10.000      173.3668     4061.6602
 3  79  23.428  49802.746 132.039   0.082    8.764  -10.000      173.3668     4061.6602
 4  79  23.428  49802.746 132.039   0.060    8.002  -10.000      173.3668     4061.6602
 5  79  23.428  49802.746 132.039   0.049    7.300  -10.000      173.3668     4061.6602
 2  79  23.428  49803.730 147.162   0.111   10.152  -10.000      173.4088     4062.6445
 3  79  23.428  49803.730 147.162   0.041    8.725  -10.000      173.4088     4062.6445
 4  79  23.428  49803.730 147.162   0.012    7.970  -10.000      173.4088     4062.6445
 5  79  23.428  49803.730 147.162  -0.017    7.263  -10.000      173.4088     4062.6445
 2  79  23.428  49804.734 162.592   0.254   10.104  -10.000      173.4516     4063.6484
 3  79  23.428  49804.734 162.592   0.167    8.740  -10.000      173.4516     4063.6484
 4  79  23.428  49804.734 162.592   0.116    7.996  -10.000      173.4516     4063.6484
 5  79  23.428  49804.734 162.592   0.095    7.328  -10.000      173.4516     4063.6484
 2  79  23.428  49805.711 177.594   0.353    9.480  -10.000      173.4933     4064.6250
 3  79  23.428  49805.711 177.594   0.269    8.353  -10.000      173.4933     4064.6250
 4  79  23.428  49805.711 177.594   0.212    7.702  -10.000      173.4933     4064.6250
 5  79  23.428  49805.711 177.594   0.146    7.078  -10.000      173.4933     4064.6250
 2  79  23.428  49806.730 193.260   0.012    8.436  -10.000      173.5368     4065.6445
 3  79  23.428  49806.730 193.260   0.038    7.626  -10.000      173.5368     4065.6445
 4  79  23.428  49806.730 193.260   0.053    7.132  -10.000      173.5368     4065.6445
 5  79  23.428  49806.730 193.260   0.046    6.646  -10.000      173.5368     4065.6445
 2  79  23.428  49807.719 208.449  -0.082    8.293  -10.000      173.5790     4066.6328
 3  79  23.428  49807.719 208.449  -0.021    7.510  -10.000      173.5790     4066.6328
 4  79  23.428  49807.719 208.449   0.020    7.039  -10.000      173.5790     4066.6328
 5  79  23.428  49807.719 208.449   0.011    6.548  -10.000      173.5790     4066.6328
 2  79  23.428  49808.719 223.813  -0.087    8.427  -10.000      173.6217     4067.6328
 3  79  23.428  49808.719 223.813   0.001    7.597  -10.000      173.6217     4067.6328
 4  79  23.428  49808.719 223.813   0.036    7.089  -10.000      173.6217     4067.6328
 5  79  23.428  49808.719 223.813   0.020    6.563  -10.000      173.6217     4067.6328
 2  79  23.428  49809.664 238.343  -0.071    8.597  -10.000      173.6621     4068.5781
 3  79  23.428  49809.664 238.343   0.015    7.688  -10.000      173.6621     4068.5781
 4  79  23.428  49809.664 238.343   0.042    7.140  -10.000      173.6621     4068.5781
 5  79  23.428  49809.664 238.343   0.025    6.584  -10.000      173.6621     4068.5781
 2  79  23.428  49810.691 254.125  -0.056    8.770  -10.000      173.7059     4069.6055
 3  79  23.428  49810.691 254.125   0.002    7.755  -10.000      173.7059     4069.6055
 4  79  23.428  49810.691 254.125   0.031    7.177  -10.000      173.7059     4069.6055
 5  79  23.428  49810.691 254.125   0.025    6.602  -10.000      173.7059     4069.6055
 2  79  23.428  49811.672 269.193  -0.052    8.902  -10.000      173.7478     4070.5859
 3  79  23.428  49811.672 269.193   0.003    7.823  -10.000      173.7478     4070.5859
 4  79  23.428  49811.672 269.193   0.021    7.207  -10.000      173.7478     4070.5859
 5  79  23.428  49811.672 269.193   0.022    6.616  -10.000      173.7478     4070.5859
 2  79  23.428  49812.684 284.738  -0.037    9.044  -10.000      173.7909     4071.5977
 3  79  23.428  49812.684 284.738  -0.002    7.885  -10.000      173.7909     4071.5977
 4  79  23.428  49812.684 284.738   0.019    7.249  -10.000      173.7909     4071.5977
 5  79  23.428  49812.684 284.738   0.007    6.622  -10.000      173.7909     4071.5977
 2  79  23.428  49813.695 300.284  -0.043    9.174  -10.000      173.8341     4072.6094
 3  79  23.428  49813.695 300.284  -0.008    7.958  -10.000      173.8341     4072.6094
 4  79  23.428  49813.695 300.284  -0.001    7.284  -10.000      173.8341     4072.6094
 5  79  23.428  49813.695 300.284   0.013    6.661  -10.000      173.8341     4072.6094
 2  79  23.428  49814.617 314.451  -0.031    9.302  -10.000      173.8735     4073.5312
 3  79  23.428  49814.617 314.451  -0.009    8.028  -10.000      173.8735     4073.5312
 4  79  23.428  49814.617 314.451  -0.006    7.330  -10.000      173.8735     4073.5312
 5  79  23.428  49814.617 314.451  -0.009    6.673  -10.000      173.8735     4073.5312
 2  79  23.428  49814.703 315.769  -0.045    9.298  -10.000      173.8771     4073.6172
 3  79  23.428  49814.703 315.769  -0.026    8.017  -10.000      173.8771     4073.6172
 4  79  23.428  49814.703 315.769  -0.018    7.323  -10.000      173.8771     4073.6172
 5  79  23.428  49814.703 315.769  -0.005    6.680  -10.000      173.8771     4073.6172
 2  79  23.428  49815.668 330.595  -0.052    9.409  -10.000      173.9183     4074.5820
 3  79  23.428  49815.668 330.595  -0.029    8.088  -10.000      173.9183     4074.5820
 4  79  23.428  49815.668 330.595  -0.015    7.382  -10.000      173.9183     4074.5820
 5  79  23.428  49815.668 330.595  -0.006    6.718  -10.000      173.9183     4074.5820
 2  79  23.428  49816.656 345.784  -0.068    9.512  -10.000      173.9605     4075.5703
 3  79  23.428  49816.656 345.784  -0.039    8.156  -10.000      173.9605     4075.5703
 4  79  23.428  49816.656 345.784  -0.017    7.441  -10.000      173.9605     4075.5703
 5  79  23.428  49816.656 345.784  -0.012    6.758  -10.000      173.9605     4075.5703
 2  79  23.428  49817.645   0.972  -0.078    9.632  -10.000      174.0027     4076.5586
 3  79  23.428  49817.645   0.972  -0.069    8.215  -10.000      174.0027     4076.5586
 4  79  23.428  49817.645   0.972  -0.050    7.480  -10.000      174.0027     4076.5586
 5  79  23.428  49817.645   0.972  -0.022    6.805  -10.000      174.0027     4076.5586
 2  79  23.428  49818.637  16.216  -0.093    9.735  -10.000      174.0450     4077.5508
 3  79  23.428  49818.637  16.216  -0.060    8.308  -10.000      174.0450     4077.5508
 4  79  23.428  49818.637  16.216  -0.042    7.558  -10.000      174.0450     4077.5508
 5  79  23.428  49818.637  16.216  -0.011    6.872  -10.000      174.0450     4077.5508
 2  79  23.428  49819.613  31.223  -0.103    9.841  -10.000      174.0867     4078.5273
 3  79  23.428  49819.613  31.223  -0.069    8.387  -10.000      174.0867     4078.5273
 4  79  23.428  49819.613  31.223  -0.054    7.621  -10.000      174.0867     4078.5273
 5  79  23.428  49819.613  31.223  -0.029    6.918  -10.000      174.0867     4078.5273
 2  79  23.428  49821.625  62.133  -0.103   10.017  -10.000      174.1726     4080.5391
 3  79  23.428  49821.625  62.133  -0.075    8.528  -10.000      174.1726     4080.5391
 4  79  23.428  49821.625  62.133  -0.058    7.753  -10.000      174.1726     4080.5391
 5  79  23.428  49821.625  62.133  -0.034    7.039  -10.000      174.1726     4080.5391
 2  79  23.428  49822.629  77.558  -0.103   10.058  -10.000      174.2154     4081.5430
 3  79  23.428  49822.629  77.558  -0.083    8.567  -10.000      174.2154     4081.5430
 4  79  23.428  49822.629  77.558  -0.072    7.788  -10.000      174.2154     4081.5430
 5  79  23.428  49822.629  77.558  -0.034    7.089  -10.000      174.2154     4081.5430
 2  79  23.428  49823.617  92.747  -0.083   10.071  -10.000      174.2576     4082.5312
 3  79  23.428  49823.617  92.747  -0.071    8.594  -10.000      174.2576     4082.5312
 4  79  23.428  49823.617  92.747  -0.056    7.828  -10.000      174.2576     4082.5312
 5  79  23.428  49823.617  92.747  -0.029    7.127  -10.000      174.2576     4082.5312
 2  79  23.428  49824.613 108.051  -0.031   10.075  -10.000      174.3001     4083.5273
 3  79  23.428  49824.613 108.051  -0.039    8.618  -10.000      174.3001     4083.5273
 4  79  23.428  49824.613 108.051  -0.044    7.849  -10.000      174.3001     4083.5273
 5  79  23.428  49824.613 108.051  -0.035    7.146  -10.000      174.3001     4083.5273
 2  79  23.428  49825.613 123.420   0.061   10.137  -10.000      174.3428     4084.5273
 3  79  23.428  49825.613 123.420   0.013    8.679  -10.000      174.3428     4084.5273
 4  79  23.428  49825.613 123.420  -0.001    7.917  -10.000      174.3428     4084.5273
 5  79  23.428  49825.613 123.420  -0.002    7.218  -10.000      174.3428     4084.5273
 2  79  23.428  49826.637 139.147   0.096   10.158  -10.000      174.3865     4085.5508
 3  79  23.428  49826.637 139.147   0.046    8.732  -10.000      174.3865     4085.5508
 4  79  23.428  49826.637 139.147   0.009    7.961  -10.000      174.3865     4085.5508
 5  79  23.428  49826.637 139.147  -0.009    7.258  -10.000      174.3865     4085.5508
 2  79  23.428  49827.613 154.149   0.110   10.117  -10.000      174.4282     4086.5273
 3  79  23.428  49827.613 154.149   0.079    8.750  -10.000      174.4282     4086.5273
 4  79  23.428  49827.613 154.149   0.030    7.984  -10.000      174.4282     4086.5273
 5  79  23.428  49827.613 154.149   0.009    7.293  -10.000      174.4282     4086.5273
 0  55  23.428  45390.684  15.669  -0.590   26.240    0.300      -14.9565     -350.4023
 0  55  23.428  45397.684 123.232   2.902   52.750    1.110      -14.6577     -343.4023
 0  55  23.428  45402.531 197.721  -5.731    2.750    0.980      -14.4508     -338.5547
 0  55  23.428  45760.621 300.180  -2.206    6.610    0.350        0.8338       19.5352
 3 150  23.428  50351.906 290.511  -0.040    7.875  -10.000      196.8070     4610.8203
 5 150  23.428  50351.906 290.511   0.001    6.626  -10.000      196.8070     4610.8203
 3 150  23.428  50352.898 305.755  -0.032    7.962  -10.000      196.8493     4611.8125
 5 150  23.428  50352.898 305.755  -0.024    6.637  -10.000      196.8493     4611.8125
 3 150  23.428  50354.895 336.429  -0.034    8.112  -10.000      196.9345     4613.8086
 5 150  23.428  50354.895 336.429  -0.013    6.728  -10.000      196.9345     4613.8086
 3 150  23.428  50355.895 351.793  -0.035    8.194  -10.000      196.9772     4614.8086
 5 150  23.428  50355.895 351.793  -0.001    6.790  -10.000      196.9772     4614.8086
 3 150  23.428  50357.891  22.467  -0.078    8.327  -10.000      197.0624     4616.8047
 5 150  23.428  50357.891  22.467  -0.036    6.874  -10.000      197.0624     4616.8047
 3 150  23.428  50358.891  37.831  -0.096    8.399  -10.000      197.1051     4617.8047
 5 150  23.428  50358.891  37.831  -0.051    6.927  -10.000      197.1051     4617.8047
 3 150  23.428  50359.883  53.080  -0.088    8.484  -10.000      197.1474     4618.7969
 5 150  23.428  50359.883  53.080  -0.048    6.994  -10.000      197.1474     4618.7969
 3 150  23.428  50361.883  83.809  -0.081    8.580  -10.000      197.2328     4620.7969
 5 150  23.428  50361.883  83.809  -0.036    7.104  -10.000      197.2328     4620.7969
 3 150  23.428  50362.891  99.300  -0.009    8.651  -10.000      197.2758     4621.8047
 5 150  23.428  50362.891  99.300   0.013    7.178  -10.000      197.2758     4621.8047
 3 150  23.428  50363.891 114.664   0.003    8.663  -10.000      197.3185     4622.8047
 5 150  23.428  50363.891 114.664  -0.005    7.192  -10.000      197.3185     4622.8047
 3 150  23.428  50379.801 359.143  -0.042    8.232  -10.000      197.9976     4638.7148
 5 150  23.428  50379.801 359.143  -0.019    6.801  -10.000      197.9976     4638.7148
 3 150  23.428  50380.789  14.326  -0.068    8.289  -10.000      198.0398     4639.7031
 5 150  23.428  50380.789  14.326  -0.029    6.846  -10.000      198.0398     4639.7031
 3 150  23.428  50380.828  14.925  -0.079    8.281  -10.000      198.0415     4639.7422
 5 150  23.428  50380.828  14.925  -0.035    6.842  -10.000      198.0415     4639.7422
 3 150  23.428  50381.797  29.811  -0.101    8.346  -10.000      198.0828     4640.7109
 5 150  23.428  50381.797  29.811  -0.048    6.893  -10.000      198.0828     4640.7109
 3 150  23.428  50381.871  30.954  -0.083    8.371  -10.000      198.0860     4640.7852
 5 150  23.428  50381.871  30.954  -0.031    6.915  -10.000      198.0860     4640.7852
 3 150  23.428  50383.742  59.705  -0.083    8.513  -10.000      198.1658     4642.6562
 5 150  23.428  50383.742  59.705  -0.036    7.029  -10.000      198.1658     4642.6562
 3 150  23.428  50383.828  61.024  -0.107    8.493  -10.000      198.1695     4642.7422
 5 150  23.428  50383.828  61.024  -0.064    7.005  -10.000      198.1695     4642.7422
 3 150  23.428  50383.875  61.749  -0.088    8.514  -10.000      198.1715     4642.7891
 5 150  23.428  50383.875  61.749  -0.038    7.034  -10.000      198.1715     4642.7891
 3 150  23.428  50384.781  75.674  -0.095    8.550  -10.000      198.2102     4643.6953
 5 150  23.428  50384.781  75.674  -0.050    7.067  -10.000      198.2102     4643.6953
 3 150  23.428  50384.871  77.053  -0.083    8.565  -10.000      198.2140     4643.7852
 5 150  23.428  50384.871  77.053  -0.045    7.077  -10.000      198.2140     4643.7852
 3 150  23.428  50386.797 106.644  -0.001    8.656  -10.000      198.2962     4645.7109
 5 150  23.428  50386.797 106.644   0.006    7.184  -10.000      198.2962     4645.7109
 3 150  23.428  50386.871 107.787  -0.021    8.636  -10.000      198.2994     4645.7852
 5 150  23.428  50386.871 107.787  -0.023    7.157  -10.000      198.2994     4645.7852
 3 150  23.428  50387.863 123.030   0.031    8.696  -10.000      198.3418     4646.7773
 5 150  23.428  50387.863 123.030  -0.003    7.216  -10.000      198.3418     4646.7773
 3 150  23.428  50388.812 137.615   0.041    8.727  -10.000      198.3823     4647.7266
 5 150  23.428  50388.812 137.615  -0.018    7.247  -10.000      198.3823     4647.7266
 3 150  23.428  50388.859 138.334   0.038    8.724  -10.000      198.3843     4647.7734
 5 150  23.428  50388.859 138.334  -0.011    7.255  -10.000      198.3843     4647.7734
 3 150  23.428  50389.727 151.661   0.026    8.705  -10.000      198.4213     4648.6406
 5 150  23.428  50389.727 151.661  -0.020    7.265  -10.000      198.4213     4648.6406
 3 150  23.428  50390.719 166.910   0.183    8.654  -10.000      198.4636     4649.6328
 5 150  23.428  50390.719 166.910   0.078    7.251  -10.000      198.4636     4649.6328
 3 150  23.428  50390.855 169.008   0.190    8.598  -10.000      198.4695     4649.7695
 5 150  23.428  50390.855 169.008   0.086    7.221  -10.000      198.4695     4649.7695
 3 150  23.428  50391.750 182.752   0.074    7.948  -10.000      198.5076     4650.6641
 5 150  23.428  50391.750 182.752   0.032    6.827  -10.000      198.5076     4650.6641
 3 150  23.428  50391.852 184.318   0.025    7.841  -10.000      198.5120     4650.7656
 5 150  23.428  50391.852 184.318   0.011    6.768  -10.000      198.5120     4650.7656
 3 150  23.428  50392.855 199.742  -0.038    7.495  -10.000      198.5548     4651.7695
 5 150  23.428  50392.855 199.742  -0.012    6.544  -10.000      198.5548     4651.7695
 3 150  23.428  50393.738 213.305  -0.029    7.517  -10.000      198.5925     4652.6523
 5 150  23.428  50393.738 213.305  -0.007    6.528  -10.000      198.5925     4652.6523
 3 150  23.428  50393.859 215.167  -0.015    7.538  -10.000      198.5977     4652.7734
 5 150  23.428  50393.859 215.167  -0.001    6.535  -10.000      198.5977     4652.7734
 3 150  23.428  50394.742 228.735  -0.010    7.609  -10.000      198.6354     4653.6562
 5 150  23.428  50394.742 228.735   0.006    6.552  -10.000      198.6354     4653.6562
 3 150  23.428  50394.848 230.356   0.002    7.629  -10.000      198.6399     4653.7617
 5 150  23.428  50394.848 230.356   0.010    6.557  -10.000      198.6399     4653.7617
 3 150  23.428  50542.422 338.000  -0.033    8.121  -10.000      204.9389     4801.3359
 5 150  23.428  50542.422 338.000  -0.009    6.737  -10.000      204.9389     4801.3359
 3 150  23.428  50568.281  15.359  -0.039    8.324  -10.000      206.0427     4827.1953
 5 150  23.428  50568.281  15.359   0.002    6.881  -10.000      206.0427     4827.1953
 3 150  23.428  50570.266  45.851  -0.105    8.435  -10.000      206.1274     4829.1797
 5 150  23.428  50570.266  45.851  -0.033    6.981  -10.000      206.1274     4829.1797
 3 150  23.428  50571.242  60.859  -0.068    8.531  -10.000      206.1691     4830.1562
 5 150  23.428  50571.242  60.859  -0.019    7.050  -10.000      206.1691     4830.1562
 3 150  23.428  50572.234  76.102  -0.069    8.577  -10.000      206.2114     4831.1484
 5 150  23.428  50572.234  76.102  -0.026    7.093  -10.000      206.2114     4831.1484
 3 150  23.428  50573.254  91.769  -0.077    8.588  -10.000      206.2549     4832.1680
 5 150  23.428  50573.254  91.769  -0.037    7.118  -10.000      206.2549     4832.1680
 3 150  23.428  50575.254 122.503   0.050    8.715  -10.000      206.3403     4834.1680
 5 150  23.428  50575.254 122.503   0.015    7.232  -10.000      206.3403     4834.1680
 3 150  23.428  50576.258 137.928   0.046    8.732  -10.000      206.3831     4835.1719
 5 150  23.428  50576.258 137.928  -0.004    7.261  -10.000      206.3831     4835.1719
 3 150  23.428  50578.215 167.997   0.159    8.598  -10.000      206.4667     4837.1289
 5 150  23.428  50578.215 167.997   0.068    7.222  -10.000      206.4667     4837.1289
 3 150  23.428  50578.289 169.140   0.138    8.542  -10.000      206.4698     4837.2031
 5 150  23.428  50578.289 169.140   0.056    7.188  -10.000      206.4698     4837.2031
 3 150  23.428  50580.211 198.671  -0.031    7.507  -10.000      206.5519     4839.1250
 5 150  23.428  50580.211 198.671  -0.023    6.537  -10.000      206.5519     4839.1250
 3 150  23.428  50580.266 199.512  -0.007    7.527  -10.000      206.5542     4839.1797
 5 150  23.428  50580.266 199.512   0.005    6.562  -10.000      206.5542     4839.1797
 3 150  23.428  50581.281 215.118   0.029    7.582  -10.000      206.5975     4840.1953
 5 150  23.428  50581.281 215.118   0.025    6.561  -10.000      206.5975     4840.1953
 3 150  23.428  50582.223 229.587   0.025    7.648  -10.000      206.6377     4841.1367
 5 150  23.428  50582.223 229.587   0.016    6.563  -10.000      206.6377     4841.1367
 3 150  23.428  50582.277 230.422   0.014    7.642  -10.000      206.6401     4841.1914
 5 150  23.428  50582.277 230.422   0.004    6.551  -10.000      206.6401     4841.1914
 3 150  23.428  50583.238 245.193  -0.001    7.712  -10.000      206.6811     4842.1523
 5 150  23.428  50583.238 245.193   0.000    6.570  -10.000      206.6811     4842.1523
 3 150  23.428  50583.273 245.731   0.002    7.718  -10.000      206.6826     4842.1875
 5 150  23.428  50583.273 245.731  -0.002    6.568  -10.000      206.6826     4842.1875
 3 150  23.428  50584.211 260.134   0.011    7.789  -10.000      206.7226     4843.1250
 5 150  23.428  50584.211 260.134   0.027    6.608  -10.000      206.7226     4843.1250
 3 150  23.428  50584.262 260.914   0.002    7.783  -10.000      206.7248     4843.1758
 5 150  23.428  50584.262 260.914   0.008    6.590  -10.000      206.7248     4843.1758
 3 150  23.428  50890.457 285.958   0.011    7.904  -10.000      219.7943     5149.3711
 5 150  23.428  50890.457 285.958   0.020    6.637  -10.000      219.7943     5149.3711
 3 150  23.428  50891.383 300.185  -0.006    7.959  -10.000      219.8338     5150.2969
 5 150  23.428  50891.383 300.185   0.018    6.665  -10.000      219.8338     5150.2969
 3 150  23.428  50891.434 300.965  -0.005    7.964  -10.000      219.8360     5150.3477
 5 150  23.428  50891.434 300.965   0.016    6.665  -10.000      219.8360     5150.3477
 3 150  23.428  50892.430 316.269  -0.006    8.039  -10.000      219.8785     5151.3438
 5 150  23.428  50892.430 316.269   0.025    6.711  -10.000      219.8785     5151.3438
 3 150  23.428  50893.297 329.595  -0.012    8.100  -10.000      219.9155     5152.2109
 5 150  23.428  50893.297 329.595   0.014    6.735  -10.000      219.9155     5152.2109
 3 150  23.428  50893.449 331.935  -0.020    8.104  -10.000      219.9220     5152.3633
 5 150  23.428  50893.449 331.935   0.012    6.740  -10.000      219.9220     5152.3633
 3 150  23.428  50896.449  18.034  -0.030    8.349  -10.000      220.0501     5155.3633
 5 150  23.428  50896.449  18.034   0.021    6.911  -10.000      220.0501     5155.3633
 3 150  23.428  50897.309  31.240  -0.075    8.381  -10.000      220.0868     5156.2227
 5 150  23.428  50897.309  31.240  -0.015    6.932  -10.000      220.0868     5156.2227
 3 150  23.428  50897.355  31.959  -0.069    8.391  -10.000      220.0888     5156.2695
 5 150  23.428  50897.355  31.959  -0.001    6.950  -10.000      220.0888     5156.2695
 3 150  23.428  50897.441  33.278  -0.047    8.421  -10.000      220.0924     5156.3555
 5 150  23.428  50897.441  33.278   0.006    6.963  -10.000      220.0924     5156.3555
 3 150  23.428  50902.281 107.650  -0.009    8.648  -10.000      220.2990     5161.1953
 5 150  23.428  50902.281 107.650   0.020    7.200  -10.000      220.2990     5161.1953
 3 150  23.428  50902.387 109.270  -0.035    8.623  -10.000      220.3035     5161.3008
 5 150  23.428  50902.387 109.270  -0.011    7.173  -10.000      220.3035     5161.3008
 3 150  23.428  50902.453 110.292  -0.018    8.640  -10.000      220.3064     5161.3672
 5 150  23.428  50902.453 110.292  -0.012    7.174  -10.000      220.3064     5161.3672
 3 150  23.428  50904.297 138.620   0.049    8.735  -10.000      220.3851     5163.2109
 5 150  23.428  50904.297 138.620   0.012    7.278  -10.000      220.3851     5163.2109
 3 150  23.428  50904.352 139.460   0.038    8.724  -10.000      220.3874     5163.2656
 5 150  23.428  50904.352 139.460   0.007    7.275  -10.000      220.3874     5163.2656
 3 150  23.428  50904.453 141.021   0.031    8.716  -10.000      220.3917     5163.3672
 5 150  23.428  50904.453 141.021  -0.005    7.265  -10.000      220.3917     5163.3672
 3 150  23.428  50905.293 153.929   0.058    8.730  -10.000      220.4276     5164.2070
 5 150  23.428  50905.293 153.929   0.010    7.294  -10.000      220.4276     5164.2070
 3 150  23.428  50905.418 155.847   0.083    8.744  -10.000      220.4329     5164.3320
 5 150  23.428  50905.418 155.847   0.040    7.320  -10.000      220.4329     5164.3320
 3 150  23.428  50906.434 171.453   0.073    8.399  -10.000      220.4763     5165.3477
 5 150  23.428  50906.434 171.453   0.022    7.106  -10.000      220.4763     5165.3477
 3 150  23.428  50906.449 171.694   0.094    8.412  -10.000      220.4769     5165.3633
 5 150  23.428  50906.449 171.694   0.032    7.111  -10.000      220.4769     5165.3633
 3 150  23.428  50907.277 184.422  -0.078    7.734  -10.000      220.5123     5166.1914
 5 150  23.428  50907.277 184.422  -0.054    6.700  -10.000      220.5123     5166.1914
 3 150  23.428  50907.387 186.103  -0.097    7.658  -10.000      220.5170     5166.3008
 5 150  23.428  50907.387 186.103  -0.068    6.648  -10.000      220.5170     5166.3008
 3 150  23.428  50908.293 200.028  -0.051    7.481  -10.000      220.5556     5167.2070
 5 150  23.428  50908.293 200.028  -0.038    6.517  -10.000      220.5556     5167.2070
 3 150  23.428  50908.387 201.467  -0.071    7.458  -10.000      220.5596     5167.3008
 5 150  23.428  50908.387 201.467  -0.048    6.502  -10.000      220.5596     5167.3008
 3 150  23.428  50909.402 217.073  -0.003    7.559  -10.000      220.6030     5168.3164
 5 150  23.428  50909.402 217.073  -0.013    6.524  -10.000      220.6030     5168.3164
 3 150  23.428  50910.266 230.339   0.026    7.653  -10.000      220.6398     5169.1797
 5 150  23.428  50910.266 230.339   0.030    6.577  -10.000      220.6398     5169.1797
 3 150  23.428  50910.344 231.537   0.029    7.662  -10.000      220.6432     5169.2578
 5 150  23.428  50910.344 231.537   0.028    6.577  -10.000      220.6432     5169.2578
 3 150  23.428  50910.426 232.800   0.060    7.700  -10.000      220.6467     5169.3398
 5 150  23.428  50910.426 232.800   0.061    6.611  -10.000      220.6467     5169.3398
 3 150  23.428  50912.277 261.249   0.017    7.799  -10.000      220.7257     5171.1914
 5 150  23.428  50912.277 261.249   0.019    6.602  -10.000      220.7257     5171.1914
 3 150  23.428  50912.363 262.573   0.014    7.802  -10.000      220.7294     5171.2773
 5 150  23.428  50912.363 262.573   0.018    6.602  -10.000      220.7294     5171.2773
 3 150  23.428  50913.270 276.498   0.015    7.867  -10.000      220.7681     5172.1836
 5 150  23.428  50913.270 276.498   0.013    6.617  -10.000      220.7681     5172.1836
 3 150  23.428  50913.359 277.877   0.006    7.864  -10.000      220.7719     5172.2734
 5 150  23.428  50913.359 277.877   0.025    6.630  -10.000      220.7719     5172.2734
 3 150  23.428  50914.273 291.923   0.008    7.930  -10.000      220.8109     5173.1875
 5 150  23.428  50914.273 291.923   0.012    6.640  -10.000      220.8109     5173.1875
 3 150  23.428  50914.348 293.066   0.002    7.930  -10.000      220.8141     5173.2617
 5 150  23.428  50914.348 293.066   0.021    6.652  -10.000      220.8141     5173.2617
 3 150  23.428  50915.273 307.288  -0.013    7.989  -10.000      220.8536     5174.1875
 5 150  23.428  50915.273 307.288   0.006    6.671  -10.000      220.8536     5174.1875
 3 150  23.428  50915.348 308.430   0.003    8.011  -10.000      220.8568     5174.2617
 5 150  23.428  50915.348 308.430   0.021    6.689  -10.000      220.8568     5174.2617
 3 150  23.428  50916.254 322.355   0.003    8.078  -10.000      220.8954     5175.1680
 5 150  23.428  50916.254 322.355   0.009    6.710  -10.000      220.8954     5175.1680
 3 150  23.428  50916.344 323.734  -0.005    8.077  -10.000      220.8993     5175.2578
 5 150  23.428  50916.344 323.734   0.024    6.729  -10.000      220.8993     5175.2578
 3 150  23.428  50917.254 337.720  -0.023    8.130  -10.000      220.9381     5176.1680
 5 150  23.428  50917.254 337.720   0.008    6.753  -10.000      220.9381     5176.1680
 3 150  23.428  50917.352 339.219  -0.010    8.151  -10.000      220.9423     5176.2656
 5 150  23.428  50917.352 339.219   0.014    6.763  -10.000      220.9423     5176.2656
18 163  23.428  47889.703 255.951  -0.032    7.879  -10.000       91.7110     2148.6172
18 163  23.428  47889.719 256.193  -0.033    7.878  -10.000       91.7116     2148.6328
18 163  23.428  47914.422 275.784  -0.037    7.960  -10.000       92.7661     2173.3359
18 163  23.428  47914.496 276.924  -0.039    7.963  -10.000       92.7692     2173.4102
18 163  23.428  47914.512 277.166  -0.040    7.963  -10.000       92.7699     2173.4258
18 163  23.428  47914.586 278.306  -0.038    7.970  -10.000       92.7731     2173.5000
18 163  23.428  47914.602 278.545  -0.028    7.981  -10.000       92.7737     2173.5156
18 163  23.428  47952.629 142.880   0.078    8.905  -10.000       94.3969     2211.5430
18 163  23.428  47952.719 144.259   0.098    8.925  -10.000       94.4007     2211.6328
18 163  23.428  47952.793 145.399   0.079    8.906  -10.000       94.4039     2211.7070
18 163  23.428  47952.809 145.640   0.113    8.940  -10.000       94.4046     2211.7227
18 163  23.428  47952.883 146.780   0.075    8.902  -10.000       94.4077     2211.7969
18 163  23.428  47974.832 124.055   0.022    8.830  -10.000       95.3446     2233.7461
18 163  23.428  47974.848 124.294   0.024    8.833  -10.000       95.3453     2233.7617
18 163  23.428  47974.922 125.436   0.059    8.870  -10.000       95.3484     2233.8359
18 163  23.428  47974.938 125.675   0.030    8.842  -10.000       95.3491     2233.8516
18 163  23.428  48039.781  42.075  -0.113    8.546  -10.000       98.1169     2298.6953
18 163  23.428  48039.797  42.314  -0.097    8.564  -10.000       98.1175     2298.7109
18 163  23.428  48039.871  43.454  -0.072    8.594  -10.000       98.1207     2298.7852
18 163  23.428  48039.887  43.695  -0.084    8.584  -10.000       98.1214     2298.8008
18 163  23.428  48064.305  58.903  -0.072    8.659  -10.000       99.1636     2323.2188
18 163  23.428  48101.086 264.089  -0.035    7.910  -10.000      100.7336     2360.0000
18 163  23.428  48101.164 265.290  -0.032    7.918  -10.000      100.7369     2360.0781
18 163  23.428  48116.891 146.948   0.071    8.897  -10.000      101.4082     2375.8047
18 163  23.428  48116.906 147.187   0.079    8.905  -10.000      101.4089     2375.8203
18 163  23.428  48116.980 148.326   0.096    8.922  -10.000      101.4120     2375.8945
18 163  23.428  48116.996 148.568   0.090    8.916  -10.000      101.4127     2375.9102
18 163  23.428  48117.070 149.708   0.066    8.891  -10.000      101.4159     2375.9844
18 163  23.428  48156.066  28.927  -0.103    8.479  -10.000      103.0804     2414.9805
18 163  23.428  48156.082  29.169  -0.116    8.467  -10.000      103.0810     2414.9961
18 163  23.428  48156.168  30.487  -0.071    8.520  -10.000      103.0847     2415.0820
18 163  23.428  48171.898 272.206  -0.035    7.947  -10.000      103.7561     2430.8125
18 163  23.428  48206.711  87.138  -0.071    8.733  -10.000      105.2421     2465.6250
18 163  23.428  48206.723  87.319  -0.040    8.764  -10.000      105.2426     2465.6367
18 163  23.428  48230.449  91.903  -0.037    8.767  -10.000      106.2553     2489.3633
18 163  23.428  48230.523  93.046  -0.077    8.727  -10.000      106.2585     2489.4375
18 163  23.428  48230.539  93.285  -0.052    8.752  -10.000      106.2591     2489.4531
18 163  23.428  48230.629  94.666  -0.049    8.754  -10.000      106.2630     2489.5430
18 163  23.428  48258.160 157.714   0.088    8.877  -10.000      107.4381     2517.0742
18 163  23.428  48258.172 157.896   0.116    8.903  -10.000      107.4386     2517.0859
18 163  23.428  48258.250 159.096   0.103    8.876  -10.000      107.4419     2517.1641
18 163  23.428  48258.262 159.274   0.115    8.885  -10.000      107.4424     2517.1758
18 163  23.428  48292.738 329.046  -0.064    8.188  -10.000      108.9140     2551.6523
18 163  23.428  48292.812 330.189  -0.039    8.219  -10.000      108.9172     2551.7266
18 163  23.428  48292.828 330.428  -0.058    8.201  -10.000      108.9179     2551.7422
18 163  23.428  48292.914 331.749  -0.050    8.216  -10.000      108.9215     2551.8281
18 163  23.428  48314.496 303.379  -0.034    8.093  -10.000      109.8427     2573.4102
18 163  23.428  48314.512 303.621  -0.040    8.089  -10.000      109.8434     2573.4258
18 163  23.428  48314.586 304.761  -0.040    8.094  -10.000      109.8466     2573.5000
18 163  23.428  48314.602 305.002  -0.048    8.088  -10.000      109.8472     2573.5156
18 163  23.428  48314.766 307.521  -0.041    8.107  -10.000      109.8542     2573.6797
18 163  23.428  48353.059 175.938   0.517    8.821  -10.000      111.4887     2611.9727
18 163  23.428  48353.074 176.177   0.508    8.802  -10.000      111.4894     2611.9883
18 163  23.428  48353.148 177.317   0.540    8.788  -10.000      111.4925     2612.0625
18 163  23.428  48353.164 177.558   0.550    8.787  -10.000      111.4932     2612.0781
18 163  23.428  48379.375 220.320  -0.086    7.648  -10.000      112.6120     2638.2891
18 163  23.428  48379.465 221.699  -0.060    7.680  -10.000      112.6158     2638.3789
18 163  23.428  48408.148 302.456  -0.055    8.068  -10.000      113.8402     2667.0625
18 163  23.428  48408.164 302.695  -0.035    8.089  -10.000      113.8408     2667.0781
18 163  23.428  48408.238 303.835  -0.025    8.105  -10.000      113.8440     2667.1523
18 163  23.428  48408.254 304.077  -0.041    8.090  -10.000      113.8447     2667.1680
18 163  23.428  48442.352 108.026  -0.021    8.776  -10.000      115.3001     2701.2656
18 163  23.428  48442.441 109.407  -0.042    8.756  -10.000      115.3039     2701.3555
18 163  23.428  48442.457 109.646  -0.029    8.769  -10.000      115.3046     2701.3711
18 163  23.428  48461.281  38.903  -0.140    8.500  -10.000      116.1081     2720.1953
18 163  23.428  48461.297  39.142  -0.080    8.561  -10.000      116.1087     2720.2109
18 163  23.428  48500.289 278.300  -0.026    7.982  -10.000      117.7731     2759.2031
18 163  23.428  48500.363 279.443  -0.003    8.010  -10.000      117.7762     2759.2773
18 163  23.428  48500.379 279.682  -0.042    7.972  -10.000      117.7769     2759.2930
18 163  23.428  48514.586 137.988   0.090    8.918  -10.000      118.3833     2773.5000
18 163  23.428  48514.598 138.170   0.058    8.887  -10.000      118.3838     2773.5117
18 163  23.428  48551.836 350.379  -0.066    8.297  -10.000      119.9733     2810.7500
18 163  23.428  48551.852 350.618  -0.048    8.316  -10.000      119.9739     2810.7656
18 163  23.428  48551.926 351.758  -0.050    8.321  -10.000      119.9771     2810.8398
18 163  23.428  48551.941 351.999  -0.074    8.298  -10.000      119.9778     2810.8555
18 163  23.428  48571.922 299.020  -0.037    8.068  -10.000      120.8306     2830.8359
18 163  23.428  48602.574  50.029  -0.105    8.593  -10.000      122.1390     2861.4883
18 163  23.428  48602.586  50.210  -0.096    8.603  -10.000      122.1395     2861.5000
18 163  23.428  48602.664  51.411  -0.128    8.576  -10.000      122.1428     2861.5781
18 163  23.428  48602.676  51.589  -0.121    8.583  -10.000      122.1433     2861.5898
18 163  23.428  48632.605 151.493   0.065    8.888  -10.000      123.4208     2891.5195
18 163  23.428  48632.621 151.735   0.050    8.872  -10.000      123.4215     2891.5352
18 163  23.428  48632.695 152.875   0.048    8.868  -10.000      123.4247     2891.6094
18 163  23.428  48632.711 153.114   0.022    8.840  -10.000      123.4253     2891.6250
18 163  23.428  48632.785 154.254   0.041    8.855  -10.000      123.4285     2891.6992
18 163  23.428  48632.797 154.435   0.041    8.854  -10.000      123.4290     2891.7109
18 163  23.428  48656.070 152.059   0.035    8.856  -10.000      124.4224     2914.9844
18 163  23.428  48656.082 152.238   0.014    8.835  -10.000      124.4229     2914.9961
18 163  23.428  48656.156 153.377   0.072    8.889  -10.000      124.4260     2915.0703
18 163  23.428  48656.172 153.619   0.037    8.854  -10.000      124.4267     2915.0859
18 163  23.428  48656.246 154.759   0.050    8.861  -10.000      124.4299     2915.1602
18 163  23.428  48656.258 154.940   0.057    8.867  -10.000      124.4304     2915.1719
18 163  23.428  48695.164  32.778  -0.102    8.501  -10.000      126.0910     2954.0781
18 163  23.428  48695.180  33.017  -0.094    8.511  -10.000      126.0917     2954.0938
18 163  23.428  48695.254  34.159  -0.106    8.506  -10.000      126.0949     2954.1680
18 163  23.428  48695.266  34.338  -0.066    8.547  -10.000      126.0954     2954.1797
18 163  23.428  48695.344  35.538  -0.111    8.509  -10.000      126.0987     2954.2578
18 163  23.428  48695.355  35.719  -0.102    8.520  -10.000      126.0992     2954.2695
18 163  23.428  48718.445  30.520  -0.088    8.503  -10.000      127.0848     2977.3594
18 163  23.428  48718.625  33.283  -0.079    8.528  -10.000      127.0925     2977.5391
18 163  23.428  48718.641  33.522  -0.093    8.515  -10.000      127.0931     2977.5547
18 163  23.428  48718.715  34.662  -0.108    8.507  -10.000      127.0963     2977.6289
18 163  23.428  48751.781 182.763   0.512    8.540  -10.000      128.5077     3010.6953
18 163  23.428  48751.855 183.906   0.479    8.464  -10.000      128.5108     3010.7695
18 163  23.428  48805.520 288.517  -0.020    8.032  -10.000      130.8014     3064.4336
18 163  23.428  48805.535 288.754  -0.025    8.028  -10.000      130.8021     3064.4492
18 163  23.428  48974.531   5.576  -0.068    8.383  -10.000      138.0155     3233.4453
18 163  23.428  48974.547   5.812  -0.065    8.387  -10.000      138.0161     3233.4609
18 163  23.428  48974.617   6.894  -0.107    8.351  -10.000      138.0191     3233.5312
18 163  23.428  48974.633   7.136  -0.075    8.384  -10.000      138.0198     3233.5469
18 163  23.428  49022.871  28.372  -0.086    8.492  -10.000      140.0788     3281.7852
18 163  23.428  49022.887  28.608  -0.095    8.485  -10.000      140.0795     3281.8008
18 163  23.428  49022.961  29.751  -0.077    8.509  -10.000      140.0826     3281.8750
18 163  23.428  49022.977  29.993  -0.085    8.502  -10.000      140.0833     3281.8906
18 163  23.428  49044.969   7.927  -0.060    8.402  -10.000      141.0220     3303.8828
18 163  23.428  49044.984   8.168  -0.057    8.407  -10.000      141.0227     3303.8984
18 163  23.428  49045.055   9.245  -0.085    8.384  -10.000      141.0257     3303.9688
18 163  23.428  49045.145  10.629  -0.103    8.374  -10.000      141.0295     3304.0586
18 163  23.428  49045.160  10.865  -0.083    8.395  -10.000      141.0302     3304.0742
 6  36  23.428  45276.598  62.608  -0.061    6.006  -10.000      -19.8261     -464.4883
 7  36  23.428  45276.598  62.608  -0.035    5.393  -10.000      -19.8261     -464.4883
 8  36  23.428  45276.598  62.608  -0.033    5.228  -10.000      -19.8261     -464.4883
 6  36  23.428  45277.586  77.794  -0.072    6.047  -10.000      -19.7839     -463.5000
 7  36  23.428  45277.586  77.794  -0.056    5.426  -10.000      -19.7839     -463.5000
 8  36  23.428  45277.586  77.794  -0.063    5.252  -10.000      -19.7839     -463.5000
 6  36  23.428  45370.500  65.525  -0.061    6.016  -10.000      -15.8180     -370.5859
 7  36  23.428  45370.500  65.525  -0.061    5.377  -10.000      -15.8180     -370.5859
 8  36  23.428  45370.500  65.525  -0.061    5.209  -10.000      -15.8180     -370.5859
 6  36  23.428  45372.512  96.437  -0.067    6.103  -10.000      -15.7321     -368.5742
 7  36  23.428  45372.512  96.437  -0.055    5.488  -10.000      -15.7321     -368.5742
 8  36  23.428  45372.512  96.437  -0.075    5.304  -10.000      -15.7321     -368.5742
 6  36  23.428  45373.570 112.704  -0.057    6.163  -10.000      -15.6869     -367.5156
 7  36  23.428  45373.570 112.704  -0.050    5.557  -10.000      -15.6869     -367.5156
 8  36  23.428  45373.570 112.704  -0.061    5.385  -10.000      -15.6869     -367.5156
 6  36  23.428  45431.426 281.719  -0.006    5.746  -10.000      -13.2174     -309.6602
 7  36  23.428  45431.426 281.719   0.035    5.255  -10.000      -13.2174     -309.6602
 8  36  23.428  45431.426 281.719   0.006    5.085  -10.000      -13.2174     -309.6602
 6  36  23.428  45435.426 343.183   0.000    5.816  -10.000      -13.0467     -305.6602
 7  36  23.428  45435.426 343.183   0.007    5.229  -10.000      -13.0467     -305.6602
 8  36  23.428  45435.426 343.183   0.010    5.075  -10.000      -13.0467     -305.6602
 6  36  23.428  45436.414 358.369  -0.022    5.831  -10.000      -13.0045     -304.6719
 7  36  23.428  45436.414 358.369  -0.001    5.244  -10.000      -13.0045     -304.6719
 8  36  23.428  45436.414 358.369  -0.012    5.074  -10.000      -13.0045     -304.6719
 6  36  23.428  45472.328 190.230   0.029    5.954  -10.000      -11.4716     -268.7578
 7  36  23.428  45472.328 190.230   0.066    5.564  -10.000      -11.4716     -268.7578
 8  36  23.428  45472.328 190.230   0.040    5.422  -10.000      -11.4716     -268.7578
 6  36  23.428  45518.195 175.031   0.075    6.256  -10.000       -9.5138     -222.8906
 7  36  23.428  45518.195 175.031   0.045    5.724  -10.000       -9.5138     -222.8906
 8  36  23.428  45518.195 175.031   0.005    5.550  -10.000       -9.5138     -222.8906
 6  36  23.428  45638.578 224.851   0.008    5.808  -10.000       -4.3754     -102.5078
 7  36  23.428  45638.578 224.851   0.039    5.390  -10.000       -4.3754     -102.5078
 8  36  23.428  45638.578 224.851   0.026    5.256  -10.000       -4.3754     -102.5078
 6  36  23.428  45796.426 130.360  -0.048    6.244  -10.000        2.3621       55.3398
 7  36  23.428  45796.426 130.360  -0.059    5.633  -10.000        2.3621       55.3398
 8  36  23.428  45796.426 130.360  -0.062    5.472  -10.000        2.3621       55.3398
 6  36  23.428  45797.379 145.006  -0.051    6.286  -10.000        2.4028       56.2930
 7  36  23.428  45797.379 145.006  -0.064    5.683  -10.000        2.4028       56.2930
 8  36  23.428  45797.379 145.006  -0.073    5.519  -10.000        2.4028       56.2930
 6  36  23.428  45798.441 161.332  -0.007    6.333  -10.000        2.4481       57.3555
 7  36  23.428  45798.441 161.332  -0.031    5.742  -10.000        2.4481       57.3555
 8  36  23.428  45798.441 161.332  -0.058    5.566  -10.000        2.4481       57.3555
 6  36  23.428  45829.340 276.122  -0.007    5.746  -10.000        3.7670       88.2539
 7  36  23.428  45829.340 276.122   0.034    5.262  -10.000        3.7670       88.2539
 8  36  23.428  45829.340 276.122   0.021    5.110  -10.000        3.7670       88.2539
 6  36  23.428  45842.262 114.681  -0.050    6.177  -10.000        4.3186      101.1758
 7  36  23.428  45842.262 114.681  -0.053    5.562  -10.000        4.3186      101.1758
 8  36  23.428  45842.262 114.681  -0.060    5.395  -10.000        4.3186      101.1758
 6  36  23.428  46070.633  23.863  -0.046    5.881  -10.000       14.0663      329.5469
 7  36  23.428  46070.633  23.863  -0.031    5.270  -10.000       14.0663      329.5469
 8  36  23.428  46070.633  23.863  -0.030    5.107  -10.000       14.0663      329.5469
 6  36  23.428  46095.609  47.657  -0.058    5.958  -10.000       15.1324      354.5234
 7  36  23.428  46095.609  47.657  -0.052    5.327  -10.000       15.1324      354.5234
 8  36  23.428  46095.609  47.657  -0.056    5.156  -10.000       15.1324      354.5234
 6  36  23.428  46152.293 198.665   0.033    5.894  -10.000       17.5518      411.2070
 7  36  23.428  46152.293 198.665   0.069    5.513  -10.000       17.5518      411.2070
 8  36  23.428  46152.293 198.665   0.054    5.385  -10.000       17.5518      411.2070
 6  36  23.428  46153.328 214.571   0.013    5.829  -10.000       17.5960      412.2422
 7  36  23.428  46153.328 214.571   0.060    5.444  -10.000       17.5960      412.2422
 8  36  23.428  46153.328 214.571   0.049    5.316  -10.000       17.5960      412.2422
 6  36  23.428  46201.320 232.026   0.006    5.795  -10.000       19.6445      460.2344
 7  36  23.428  46201.320 232.026   0.063    5.391  -10.000       19.6445      460.2344
 8  36  23.428  46201.320 232.026   0.045    5.249  -10.000       19.6445      460.2344
 6  36  23.428  46202.316 247.332   0.009    5.784  -10.000       19.6870      461.2305
 7  36  23.428  46202.316 247.332   0.059    5.347  -10.000       19.6870      461.2305
 8  36  23.428  46202.316 247.332   0.038    5.196  -10.000       19.6870      461.2305
 6  36  23.428  46203.316 262.698   0.011    5.770  -10.000       19.7297      462.2305
 7  36  23.428  46203.316 262.698   0.047    5.298  -10.000       19.7297      462.2305
 8  36  23.428  46203.316 262.698   0.031    5.147  -10.000       19.7297      462.2305
 6  36  23.428  46205.301 293.190  -0.003    5.750  -10.000       19.8144      464.2148
 7  36  23.428  46205.301 293.190   0.036    5.244  -10.000       19.8144      464.2148
 8  36  23.428  46205.301 293.190   0.019    5.083  -10.000       19.8144      464.2148
 6  36  23.428  46573.312 188.109   0.131    6.083  -10.000       35.5225      832.2266
 7  36  23.428  46573.312 188.109   0.119    5.638  -10.000       35.5225      832.2266
 8  36  23.428  46573.312 188.109   0.097    5.499  -10.000       35.5225      832.2266
 6  36  23.428  46574.312 203.476   0.010    5.853  -10.000       35.5652      833.2266
 7  36  23.428  46574.312 203.476   0.064    5.489  -10.000       35.5652      833.2266
 8  36  23.428  46574.312 203.476   0.050    5.361  -10.000       35.5652      833.2266
 6  36  23.428  46575.289 218.482   0.006    5.815  -10.000       35.6069      834.2031
 7  36  23.428  46575.289 218.482   0.065    5.436  -10.000       35.6069      834.2031
 8  36  23.428  46575.289 218.482   0.058    5.311  -10.000       35.6069      834.2031
 6  36  23.428  46596.266 180.810   0.149    6.225  -10.000       36.5023      855.1797
 7  36  23.428  46596.266 180.810   0.102    5.710  -10.000       36.5023      855.1797
 8  36  23.428  46596.266 180.810   0.062    5.544  -10.000       36.5023      855.1797
 6  36  23.428  46604.238 303.320  -0.003    5.758  -10.000       36.8426      863.1523
 7  36  23.428  46604.238 303.320   0.031    5.235  -10.000       36.8426      863.1523
 8  36  23.428  46604.238 303.320   0.016    5.073  -10.000       36.8426      863.1523
 6  36  23.428  46610.207  35.037  -0.046    5.921  -10.000       37.0973      869.1211
 7  36  23.428  46610.207  35.037  -0.042    5.293  -10.000       37.0973      869.1211
 8  36  23.428  46610.207  35.037  -0.038    5.131  -10.000       37.0973      869.1211
 6  36  23.428  46862.320 309.044  -0.011    5.756  -10.000       47.8585     1121.2344
 7  36  23.428  46862.320 309.044   0.031    5.235  -10.000       47.8585     1121.2344
 8  36  23.428  46862.320 309.044   0.018    5.074  -10.000       47.8585     1121.2344
 6  36  23.428  46862.453 311.085  -0.010    5.759  -10.000       47.8641     1121.3672
 7  36  23.428  46862.453 311.085   0.025    5.229  -10.000       47.8641     1121.3672
 8  36  23.428  46862.453 311.085   0.019    5.074  -10.000       47.8641     1121.3672
 6  36  23.428  46863.508 327.291  -0.022    5.766  -10.000       47.9091     1122.4219
 7  36  23.428  46863.508 327.291   0.006    5.214  -10.000       47.9091     1122.4219
 8  36  23.428  46863.508 327.291   0.000    5.055  -10.000       47.9091     1122.4219
 6  36  23.428  46864.445 341.697  -0.025    5.788  -10.000       47.9492     1123.3594
 7  36  23.428  46864.445 341.697  -0.002    5.218  -10.000       47.9492     1123.3594
 8  36  23.428  46864.445 341.697  -0.006    5.058  -10.000       47.9492     1123.3594
 6  36  23.428  46886.418 319.333  -0.016    5.762  -10.000       48.8870     1145.3320
 7  36  23.428  46886.418 319.333   0.010    5.215  -10.000       48.8870     1145.3320
 8  36  23.428  46886.418 319.333   0.007    5.061  -10.000       48.8870     1145.3320
 6  36  23.428  46899.320 157.592  -0.053    6.301  -10.000       49.4378     1158.2344
 7  36  23.428  46899.320 157.592  -0.070    5.709  -10.000       49.4378     1158.2344
 8  36  23.428  46899.320 157.592  -0.082    5.545  -10.000       49.4378     1158.2344
 0 170  23.428  50497.684  10.547   1.272   25.800    0.320      203.0293     4756.5977
 0 170  23.428  50499.820  43.380  -0.931   33.650    0.310      203.1205     4758.7344
 0 170  23.428  50501.793  73.691   0.651   42.070    0.300      203.2047     4760.7070
 0 170  23.428  50503.566 100.942   0.998   48.390    0.370      203.2804     4762.4805
 0 170  23.428  50526.609  95.021   0.509   45.520    0.480      204.2639     4785.5234
 0 170  23.428  50528.637 126.172   1.614   51.740    0.590      204.3505     4787.5508
 0 170  23.428  50530.637 156.907   3.846   44.300    0.390      204.4359     4789.5508
 0 170  23.428  50532.633 187.581   3.996   20.400    0.630      204.5211     4791.5469
 0 170  23.428  50531.641 172.332   5.369   43.120    0.390      204.4787     4790.5547
 0 170  23.428  50533.570 201.984  -9.724   -5.490    0.590      204.5611     4792.4844
 0 170  23.428  50534.562 217.233  -5.311   -9.330    0.530      204.6034     4793.4766
 0 170  23.428  50535.559 232.537  -2.481   -7.490    0.410      204.6459     4794.4727
 0 170  23.428  50536.559 247.901   0.157   -4.630    0.380      204.6886     4795.4727
 0 170  23.428  50795.777 271.093  -0.205    1.290    0.370      215.7530     5054.6914
 0 170  23.428  50796.746 285.980   0.245    4.980    0.330      215.7944     5055.6602
 0 170  23.428  50797.582 298.828   0.130    8.370    0.320      215.8301     5056.4961
 0 170  23.428  50798.750 316.774   1.211   13.080    0.340      215.8799     5057.6641
 0 170  23.428  50800.707 346.844   1.993   21.240    0.320      215.9635     5059.6211
 0 170  23.428  50801.762   3.054   2.759   24.530    0.330      216.0085     5060.6758
 0 170  23.428  50802.793  18.896   0.168   28.050    0.310      216.0525     5061.7070
 3   9  23.428  44024.512 262.881   0.040    7.830  -10.000      -73.2698    -1716.5742
14   9  23.428  44024.512 262.881   0.053    9.380  -10.000      -73.2698    -1716.5742
15   9  23.428  44024.512 262.881   0.042    8.130  -10.000      -73.2698    -1716.5742
16   9  23.428  44024.512 262.881   0.047    7.240  -10.000      -73.2698    -1716.5742
17   9  23.428  44024.512 262.881   0.044    6.620  -10.000      -73.2698    -1716.5742
 3   9  23.428  44027.512 308.979   0.030    8.040  -10.000      -73.1417    -1713.5742
14   9  23.428  44027.512 308.979   0.061    9.890  -10.000      -73.1417    -1713.5742
15   9  23.428  44027.512 308.979   0.042    8.390  -10.000      -73.1417    -1713.5742
16   9  23.428  44027.512 308.979   0.043    7.380  -10.000      -73.1417    -1713.5742
17   9  23.428  44027.512 308.979   0.032    6.690  -10.000      -73.1417    -1713.5742
 3   9  23.428  44148.891  14.104  -0.046    8.310  -10.000      -67.9608    -1592.1953
14   9  23.428  44148.891  14.104  -0.034   10.430  -10.000      -67.9608    -1592.1953
15   9  23.428  44148.891  14.104  -0.024    8.710  -10.000      -67.9608    -1592.1953
16   9  23.428  44148.891  14.104  -0.013    7.590  -10.000      -67.9608    -1592.1953
17   9  23.428  44148.891  14.104   0.000    6.860  -10.000      -67.9608    -1592.1953
 3   9  23.428  44015.500 124.406   0.062    8.730  -10.000      -73.6544    -1725.5859
14   9  23.428  44015.500 124.406   0.162   10.860  -10.000      -73.6544    -1725.5859
15   9  23.428  44015.500 124.406   0.115    9.150  -10.000      -73.6544    -1725.5859
16   9  23.428  44015.500 124.406   0.074    8.010  -10.000      -73.6544    -1725.5859
17   9  23.428  44015.500 124.406   0.050    7.260  -10.000      -73.6544    -1725.5859
 3   9  23.428  44017.488 154.957   0.043    8.710  -10.000      -73.5696    -1723.5977
14   9  23.428  44017.488 154.957   0.096   10.670  -10.000      -73.5696    -1723.5977
15   9  23.428  44017.488 154.957   0.084    9.100  -10.000      -73.5696    -1723.5977
16   9  23.428  44017.488 154.957   0.041    8.010  -10.000      -73.5696    -1723.5977
17   9  23.428  44017.488 154.957   0.020    7.290  -10.000      -73.5696    -1723.5977
 3   9  23.428  44019.488 185.691  -0.188    7.580  -10.000      -73.4842    -1721.5977
14   9  23.428  44019.488 185.691  -0.342    8.630  -10.000      -73.4842    -1721.5977
15   9  23.428  44019.488 185.691  -0.219    7.800  -10.000      -73.4842    -1721.5977
16   9  23.428  44019.488 185.691  -0.163    7.100  -10.000      -73.4842    -1721.5977
17   9  23.428  44019.488 185.691  -0.130    6.590  -10.000      -73.4842    -1721.5977
33 177  23.428  54098.539 261.793  -0.091    4.891    0.010      356.7272     8357.4531
34 177  23.428  54098.539 261.793  -0.086    4.908    0.010      356.7272     8357.4531
35 177  23.428  54098.539 261.793  -0.029    4.919    0.006      356.7272     8357.4531
36 177  23.428  54098.539 261.793  -0.033    4.887    0.003      356.7272     8357.4531
 0 125  23.428  37389.219 184.043 -13.785    7.000  -10.000     -356.4888    -8351.8672
