 2  79  15.411  46994.277 290.443  -0.059   13.181  -10.000       96.8068     1491.8633
 3  79  15.411  46994.277 290.443  -0.049   11.074  -10.000       96.8068     1491.8633
 4  79  15.411  46994.277 290.443  -0.107    9.748  -10.000       96.8068     1491.8633
 2  79  15.411  46996.203 335.429  -0.006   13.592  -10.000       96.9317     1493.7891
 3  79  15.411  46996.203 335.429  -0.018   11.327  -10.000       96.9317     1493.7891
 4  79  15.411  46996.203 335.429  -0.031    9.989  -10.000       96.9317     1493.7891
 1  79  15.411  46997.215 359.063  -0.246   15.603  -10.000       96.9974     1494.8008
 2  79  15.411  46997.215 359.063   0.037   13.817  -10.000       96.9974     1494.8008
 3  79  15.411  46997.215 359.063  -0.046   11.424  -10.000       96.9974     1494.8008
 4  79  15.411  46997.215 359.063  -0.066   10.055  -10.000       96.9974     1494.8008
 2  79  15.411  46998.238  22.970  -0.001   13.969  -10.000       97.0638     1495.8242
 3  79  15.411  46998.238  22.970  -0.012   11.593  -10.000       97.0638     1495.8242
 4  79  15.411  46998.238  22.970  -0.023   10.210  -10.000       97.0638     1495.8242
 2  79  15.411  46999.227  46.057   0.044   14.178  -10.000       97.1279     1496.8125
 3  79  15.411  46999.227  46.057  -0.001   11.732  -10.000       97.1279     1496.8125
 4  79  15.411  46999.227  46.057   0.000   10.346  -10.000       97.1279     1496.8125
 2  79  15.411  47000.227  69.417   0.049   14.297  -10.000       97.1928     1497.8125
 3  79  15.411  47000.227  69.417  -0.004   11.827  -10.000       97.1928     1497.8125
 4  79  15.411  47000.227  69.417  -0.008   10.430  -10.000       97.1928     1497.8125
 2  79  15.411  47001.227  92.777   0.068   14.323  -10.000       97.2577     1498.8125
 3  79  15.411  47001.227  92.777   0.013   11.877  -10.000       97.2577     1498.8125
 4  79  15.411  47001.227  92.777   0.013   10.494  -10.000       97.2577     1498.8125
 2  79  15.411  47002.230 116.230   0.052   14.128  -10.000       97.3229     1499.8164
 3  79  15.411  47002.230 116.230   0.018   11.794  -10.000       97.3229     1499.8164
 4  79  15.411  47002.230 116.230  -0.037   10.395  -10.000       97.3229     1499.8164
 2  79  15.411  47003.211 139.134   0.191   13.947  -10.000       97.3865     1500.7969
 3  79  15.411  47003.211 139.134   0.115   11.707  -10.000       97.3865     1500.7969
 4  79  15.411  47003.211 139.134   0.033   10.336  -10.000       97.3865     1500.7969
 2  79  15.411  47004.227 162.859   0.130   13.797  -10.000       97.4524     1501.8125
 3  79  15.411  47004.227 162.859   0.065   11.617  -10.000       97.4524     1501.8125
 4  79  15.411  47004.227 162.859  -0.007   10.276  -10.000       97.4524     1501.8125
 2  79  15.411  47401.145  75.001  -0.068   14.191  -10.000      123.2083     1898.7305
 3  79  15.411  47401.145  75.001  -0.028   11.816  -10.000      123.2083     1898.7305
 4  79  15.411  47401.145  75.001   0.012   10.464  -10.000      123.2083     1898.7305
 2  79  15.411  47402.137  98.177  -0.133   14.105  -10.000      123.2727     1899.7227
 3  79  15.411  47402.137  98.177   0.005   11.864  -10.000      123.2727     1899.7227
 4  79  15.411  47402.137  98.177   0.012   10.493  -10.000      123.2727     1899.7227
 2  79  15.411  47403.137 121.539   0.001   14.008  -10.000      123.3376     1900.7227
 3  79  15.411  47403.137 121.539  -0.018   11.720  -10.000      123.3376     1900.7227
 4  79  15.411  47403.137 121.539   0.015   10.421  -10.000      123.3376     1900.7227
 2  79  15.411  47404.133 144.808   0.080   13.776  -10.000      123.4022     1901.7188
 3  79  15.411  47404.133 144.808   0.018   11.576  -10.000      123.4022     1901.7188
 4  79  15.411  47404.133 144.808   0.044   10.324  -10.000      123.4022     1901.7188
 2  79  15.411  47408.129 238.156   0.044   12.798  -10.000      123.6615     1905.7148
 3  79  15.411  47408.129 238.156   0.043   10.903  -10.000      123.6615     1905.7148
 4  79  15.411  47408.129 238.156   0.027    9.711  -10.000      123.6615     1905.7148
 2  79  15.411  47409.129 261.519   0.001   13.002  -10.000      123.7264     1906.7148
 3  79  15.411  47409.129 261.519  -0.040   10.954  -10.000      123.7264     1906.7148
 4  79  15.411  47409.129 261.519  -0.014    9.757  -10.000      123.7264     1906.7148
 2  79  15.411  47410.148 285.334  -0.110   13.093  -10.000      123.7926     1907.7344
 3  79  15.411  47410.148 285.334  -0.063   11.040  -10.000      123.7926     1907.7344
 4  79  15.411  47410.148 285.334  -0.047    9.795  -10.000      123.7926     1907.7344
 2  79  15.411  47411.148 308.694  -0.057   13.327  -10.000      123.8575     1908.7344
 3  79  15.411  47411.148 308.694  -0.041   11.168  -10.000      123.8575     1908.7344
 4  79  15.411  47411.148 308.694  -0.010    9.905  -10.000      123.8575     1908.7344
 2  79  15.411  47412.152 332.147   0.074   13.647  -10.000      123.9226     1909.7383
 3  79  15.411  47412.152 332.147   0.069   11.398  -10.000      123.9226     1909.7383
 4  79  15.411  47412.152 332.147   0.122   10.129  -10.000      123.9226     1909.7383
 2  79  15.411  47413.137 355.141  -0.017   13.731  -10.000      123.9865     1910.7227
 3  79  15.411  47413.137 355.141  -0.043   11.404  -10.000      123.9865     1910.7227
 4  79  15.411  47413.137 355.141   0.011   10.113  -10.000      123.9865     1910.7227
 2  79  15.411  47414.133  18.410  -0.025   13.907  -10.000      124.0511     1911.7188
 3  79  15.411  47414.133  18.410   0.018   11.595  -10.000      124.0511     1911.7188
 4  79  15.411  47414.133  18.410   0.029   10.239  -10.000      124.0511     1911.7188
 2  79  15.411  47415.141  41.954  -0.033   14.074  -10.000      124.1165     1912.7266
 3  79  15.411  47415.141  41.954  -0.048   11.663  -10.000      124.1165     1912.7266
 4  79  15.411  47415.141  41.954   0.006   10.332  -10.000      124.1165     1912.7266
 2  79  15.411  47416.133  65.132  -0.075   14.162  -10.000      124.1809     1913.7188
 3  79  15.411  47416.133  65.132  -0.036   11.784  -10.000      124.1809     1913.7188
 4  79  15.411  47416.133  65.132  -0.006   10.420  -10.000      124.1809     1913.7188
 2  79  15.411  47417.129  88.401  -0.052   14.211  -10.000      124.2456     1914.7148
 3  79  15.411  47417.129  88.401  -0.002   11.862  -10.000      124.2456     1914.7148
 4  79  15.411  47417.129  88.401   0.006   10.483  -10.000      124.2456     1914.7148
 2  79  15.411  47418.129 111.761  -0.049   14.080  -10.000      124.3104     1915.7148
 3  79  15.411  47418.129 111.761  -0.043   11.762  -10.000      124.3104     1915.7148
 4  79  15.411  47418.129 111.761   0.014   10.464  -10.000      124.3104     1915.7148
 2  79  15.411  47419.121 134.940   0.276   14.090  -10.000      124.3748     1916.7070
 3  79  15.411  47419.121 134.940   0.142   11.768  -10.000      124.3748     1916.7070
 4  79  15.411  47419.121 134.940   0.107   10.434  -10.000      124.3748     1916.7070
 2  79  15.411  47420.129 158.481   0.074   13.737  -10.000      124.4402     1917.7148
 3  79  15.411  47420.129 158.481  -0.014   11.533  -10.000      124.4402     1917.7148
 4  79  15.411  47420.129 158.481  -0.040   10.238  -10.000      124.4402     1917.7148
 2  79  15.411  47421.117 181.568   0.175   13.497  -10.000      124.5044     1918.7031
 3  79  15.411  47421.117 181.568   0.096   11.411  -10.000      124.5044     1918.7031
 4  79  15.411  47421.117 181.568   0.047   10.138  -10.000      124.5044     1918.7031
 2  79  15.411  47422.121 205.019   0.045   12.570  -10.000      124.5695     1919.7070
 3  79  15.411  47422.121 205.019  -0.035   10.714  -10.000      124.5695     1919.7070
 4  79  15.411  47422.121 205.019  -0.020    9.602  -10.000      124.5695     1919.7070
 2  79  15.411  47423.121 228.381   0.027   12.683  -10.000      124.6344     1920.7070
 3  79  15.411  47423.121 228.381  -0.070   10.739  -10.000      124.6344     1920.7070
 4  79  15.411  47423.121 228.381  -0.027    9.625  -10.000      124.6344     1920.7070
 2  79  15.411  47424.121 251.741   0.010   12.916  -10.000      124.6993     1921.7070
 3  79  15.411  47424.121 251.741   0.016   10.958  -10.000      124.6993     1921.7070
 4  79  15.411  47424.121 251.741   0.003    9.741  -10.000      124.6993     1921.7070
 2  79  15.411  47425.121 275.100  -0.027   13.090  -10.000      124.7642     1922.7070
 3  79  15.411  47425.121 275.100  -0.009   11.046  -10.000      124.7642     1922.7070
 4  79  15.411  47425.121 275.100   0.014    9.824  -10.000      124.7642     1922.7070
 2  79  15.411  47427.129 322.004  -0.020   13.472  -10.000      124.8945     1924.7148
 3  79  15.411  47427.129 322.004  -0.041   11.235  -10.000      124.8945     1924.7148
 4  79  15.411  47427.129 322.004  -0.030    9.936  -10.000      124.8945     1924.7148
 2  79  15.411  47428.121 345.182  -0.069   13.600  -10.000      124.9588     1925.7070
 3  79  15.411  47428.121 345.182   0.025   11.418  -10.000      124.9588     1925.7070
 4  79  15.411  47428.121 345.182   0.023   10.081  -10.000      124.9588     1925.7070
 2  79  15.411  47735.230 319.362  -0.028   13.443  -10.000      144.8871     2232.8164
 3  79  15.411  47735.230 319.362  -0.016   11.247  -10.000      144.8871     2232.8164
 4  79  15.411  47735.230 319.362  -0.010    9.946  -10.000      144.8871     2232.8164
 3  79  15.411  47736.223 342.543  -0.027   11.352  -10.000      144.9515     2233.8086
 4  79  15.411  47736.223 342.543   0.017   10.064  -10.000      144.9515     2233.8086
 2  79  15.411  47737.219   5.812  -0.023   13.810  -10.000      145.0161     2234.8047
 3  79  15.411  47737.219   5.812   0.028   11.535  -10.000      145.0161     2234.8047
 4  79  15.411  47737.219   5.812   0.025   10.176  -10.000      145.0161     2234.8047
 2  79  15.411  47738.238  29.625  -0.070   13.950  -10.000      145.0823     2235.8242
 3  79  15.411  47738.238  29.625  -0.067   11.576  -10.000      145.0823     2235.8242
 4  79  15.411  47738.238  29.625  -0.044   10.222  -10.000      145.0823     2235.8242
 2  79  15.411  47739.207  52.256  -0.071   14.100  -10.000      145.1452     2236.7930
 3  79  15.411  47739.207  52.256  -0.011   11.753  -10.000      145.1452     2236.7930
 4  79  15.411  47739.207  52.256   0.013   10.387  -10.000      145.1452     2236.7930
 2  79  15.411  47740.211  75.707  -0.083   14.177  -10.000      145.2103     2237.7969
 3  79  15.411  47740.211  75.707  -0.060   11.786  -10.000      145.2103     2237.7969
 4  79  15.411  47740.211  75.707  -0.008   10.446  -10.000      145.2103     2237.7969
 2  79  15.411  47741.199  98.795  -0.052   14.183  -10.000      145.2744     2238.7852
 3  79  15.411  47741.199  98.795  -0.013   11.845  -10.000      145.2744     2238.7852
 4  79  15.411  47741.199  98.795  -0.004   10.477  -10.000      145.2744     2238.7852
 2  79  15.411  47742.219 122.613   0.039   14.032  -10.000      145.3406     2239.8047
 3  79  15.411  47742.219 122.613   0.063   11.793  -10.000      145.3406     2239.8047
 4  79  15.411  47742.219 122.613   0.075   10.475  -10.000      145.3406     2239.8047
 2  79  15.411  47743.199 145.514   0.001   13.692  -10.000      145.4042     2240.7852
 3  79  15.411  47743.199 145.514  -0.021   11.534  -10.000      145.4042     2240.7852
 4  79  15.411  47743.199 145.514  -0.055   10.224  -10.000      145.4042     2240.7852
 2  79  15.411  47744.191 168.695   0.013   13.658  -10.000      145.4686     2241.7773
 3  79  15.411  47744.191 168.695  -0.028   11.511  -10.000      145.4686     2241.7773
 4  79  15.411  47744.191 168.695  -0.007   10.267  -10.000      145.4686     2241.7773
 2  79  15.411  47745.191 192.052   0.100   12.959  -10.000      145.5335     2242.7773
 3  79  15.411  47745.191 192.052   0.061   11.050  -10.000      145.5335     2242.7773
 4  79  15.411  47745.191 192.052   0.064    9.887  -10.000      145.5335     2242.7773
 2  79  15.411  47746.195 215.508  -0.131   12.404  -10.000      145.5986     2243.7812
 3  79  15.411  47746.195 215.508  -0.087   10.655  -10.000      145.5986     2243.7812
 4  79  15.411  47746.195 215.508  -0.081    9.528  -10.000      145.5986     2243.7812
 2  79  15.411  47747.188 238.683  -0.033   12.727  -10.000      145.6630     2244.7734
 3  79  15.411  47747.188 238.683  -0.006   10.857  -10.000      145.6630     2244.7734
 2  79  15.411  47748.188 262.046  -0.052   12.954  -10.000      145.7279     2245.7734
 3  79  15.411  47748.188 262.046  -0.053   10.943  -10.000      145.7279     2245.7734
 4  79  15.411  47748.188 262.046  -0.032    9.740  -10.000      145.7279     2245.7734
 2  79  15.411  47749.168 284.947  -0.100   13.100  -10.000      145.7915     2246.7539
 3  79  15.411  47749.168 284.947  -0.086   11.016  -10.000      145.7915     2246.7539
 4  79  15.411  47749.168 284.947  -0.093    9.748  -10.000      145.7915     2246.7539
 2  79  15.411  47750.168 308.309  -0.164   13.217  -10.000      145.8564     2247.7539
 3  79  15.411  47750.168 308.309  -0.100   11.106  -10.000      145.8564     2247.7539
 4  79  15.411  47750.168 308.309  -0.054    9.860  -10.000      145.8564     2247.7539
 2  79  15.411  47751.176 331.853  -0.087   13.484  -10.000      145.9218     2248.7617
 3  79  15.411  47751.176 331.853  -0.027   11.300  -10.000      145.9218     2248.7617
 4  79  15.411  47751.176 331.853  -0.022    9.984  -10.000      145.9218     2248.7617
 2  79  15.411  47752.160 354.847  -0.056   13.690  -10.000      145.9857     2249.7461
 3  79  15.411  47752.160 354.847   0.006   11.452  -10.000      145.9857     2249.7461
 4  79  15.411  47752.160 354.847   0.024   10.125  -10.000      145.9857     2249.7461
 2  79  15.411  47753.160  18.204  -0.061   13.869  -10.000      146.0506     2250.7461
 3  79  15.411  47753.160  18.204  -0.059   11.517  -10.000      146.0506     2250.7461
 4  79  15.411  47753.160  18.204  -0.007   10.202  -10.000      146.0506     2250.7461
 2  79  15.411  47754.168  41.748  -0.100   14.005  -10.000      146.1160     2251.7539
 3  79  15.411  47754.168  41.748  -0.035   11.675  -10.000      146.1160     2251.7539
 4  79  15.411  47754.168  41.748  -0.012   10.313  -10.000      146.1160     2251.7539
 2  79  15.411  47755.152  64.742  -0.068   14.168  -10.000      146.1798     2252.7383
 3  79  15.411  47755.152  64.742  -0.071   11.748  -10.000      146.1798     2252.7383
 4  79  15.411  47755.152  64.742  -0.014   10.411  -10.000      146.1798     2252.7383
 2  79  15.411  47756.188  88.929   0.025   14.287  -10.000      146.2470     2253.7734
 3  79  15.411  47756.188  88.929  -0.019   11.845  -10.000      146.2470     2253.7734
 4  79  15.411  47756.188  88.929  -0.015   10.463  -10.000      146.2470     2253.7734
 2  79  15.411  47757.156 111.555  -0.049   14.082  -10.000      146.3099     2254.7422
 3  79  15.411  47757.156 111.555  -0.016   11.790  -10.000      146.3099     2254.7422
 4  79  15.411  47757.156 111.555  -0.039   10.412  -10.000      146.3099     2254.7422
 2  79  15.411  47758.156 134.918   0.112   13.927  -10.000      146.3748     2255.7422
 3  79  15.411  47758.156 134.918   0.025   11.651  -10.000      146.3748     2255.7422
 4  79  15.411  47758.156 134.918  -0.004   10.323  -10.000      146.3748     2255.7422
 2  79  15.411  47759.152 158.187   0.020   13.683  -10.000      146.4394     2256.7383
 3  79  15.411  47759.152 158.187  -0.001   11.545  -10.000      146.4394     2256.7383
 4  79  15.411  47759.152 158.187  -0.047   10.231  -10.000      146.4394     2256.7383
 2  79  15.411  47760.168 181.912   0.135   13.443  -10.000      146.5053     2257.7539
 3  79  15.411  47760.168 181.912   0.067   11.372  -10.000      146.5053     2257.7539
 4  79  15.411  47760.168 181.912   0.048   10.131  -10.000      146.5053     2257.7539
 2  79  15.411  47761.156 204.999  -0.127   12.398  -10.000      146.5694     2258.7422
 3  79  15.411  47761.156 204.999  -0.100   10.649  -10.000      146.5694     2258.7422
 4  79  15.411  47761.156 204.999  -0.093    9.530  -10.000      146.5694     2258.7422
 2  79  15.411  47762.156 228.356  -0.018   12.638  -10.000      146.6343     2259.7422
 3  79  15.411  47762.156 228.356  -0.048   10.761  -10.000      146.6343     2259.7422
 4  79  15.411  47762.156 228.356  -0.059    9.593  -10.000      146.6343     2259.7422
 2  79  15.411  47763.148 251.537  -0.067   12.837  -10.000      146.6987     2260.7344
 3  79  15.411  47763.148 251.537  -0.039   10.902  -10.000      146.6987     2260.7344
 4  79  15.411  47763.148 251.537  -0.026    9.711  -10.000      146.6987     2260.7344
 2  79  15.411  47764.148 274.894  -0.050   13.065  -10.000      146.7636     2261.7344
 3  79  15.411  47764.148 274.894  -0.029   11.025  -10.000      146.7636     2261.7344
 4  79  15.411  47764.148 274.894  -0.029    9.780  -10.000      146.7636     2261.7344
 2  79  15.411  47766.148 321.619  -0.048   13.441  -10.000      146.8934     2263.7344
 3  79  15.411  47766.148 321.619  -0.028   11.246  -10.000      146.8934     2263.7344
 4  79  15.411  47766.148 321.619   0.002    9.966  -10.000      146.8934     2263.7344
 2  79  15.411  47767.160 345.251  -0.041   13.628  -10.000      146.9590     2264.7461
 3  79  15.411  47767.160 345.251   0.007   11.400  -10.000      146.9590     2264.7461
 4  79  15.411  47767.160 345.251   0.031   10.089  -10.000      146.9590     2264.7461
 2  79  15.411  47768.152   8.427  -0.065   13.788  -10.000      147.0234     2265.7383
 3  79  15.411  47768.152   8.427   0.000   11.521  -10.000      147.0234     2265.7383
 4  79  15.411  47768.152   8.427   0.056   10.219  -10.000      147.0234     2265.7383
 2  79  15.411  47769.148  31.696  -0.022   14.013  -10.000      147.0880     2266.7344
 3  79  15.411  47769.148  31.696  -0.004   11.650  -10.000      147.0880     2266.7344
 4  79  15.411  47769.148  31.696   0.009   10.285  -10.000      147.0880     2266.7344
 2  79  15.411  47770.148  55.058  -0.117   14.071  -10.000      147.1529     2267.7344
 3  79  15.411  47770.148  55.058  -0.063   11.715  -10.000      147.1529     2267.7344
 4  79  15.411  47770.148  55.058  -0.013   10.374  -10.000      147.1529     2267.7344
 2  79  15.411  47771.148  78.420  -0.096   14.167  -10.000      147.2178     2268.7344
 3  79  15.411  47771.148  78.420  -0.057   11.795  -10.000      147.2178     2268.7344
 4  79  15.411  47771.148  78.420  -0.020   10.440  -10.000      147.2178     2268.7344
 2  79  15.411  47772.141 101.596  -0.176   14.043  -10.000      147.2822     2269.7266
 3  79  15.411  47772.141 101.596  -0.051   11.800  -10.000      147.2822     2269.7266
 4  79  15.411  47772.141 101.596  -0.046   10.432  -10.000      147.2822     2269.7266
 2  79  15.411  47773.148 125.140   0.007   13.965  -10.000      147.3476     2270.7344
 3  79  15.411  47773.148 125.140  -0.014   11.696  -10.000      147.3476     2270.7344
 4  79  15.411  47773.148 125.140  -0.037   10.349  -10.000      147.3476     2270.7344
 2  79  15.411  47774.180 149.227   0.040   13.710  -10.000      147.4145     2271.7656
 3  79  15.411  47774.180 149.227  -0.017   11.528  -10.000      147.4145     2271.7656
 4  79  15.411  47774.180 149.227  -0.030   10.243  -10.000      147.4145     2271.7656
 2  79  15.411  47775.141 171.678   0.026   13.634  -10.000      147.4769     2272.7266
 3  79  15.411  47775.141 171.678  -0.004   11.510  -10.000      147.4769     2272.7266
 4  79  15.411  47775.141 171.678  -0.023   10.231  -10.000      147.4769     2272.7266
 2  79  15.411  47776.141 195.040   0.002   12.745  -10.000      147.5418     2273.7266
 3  79  15.411  47776.141 195.040  -0.015   10.892  -10.000      147.5418     2273.7266
 4  79  15.411  47776.141 195.040  -0.006    9.749  -10.000      147.5418     2273.7266
 2  79  15.411  49934.223 208.575  -0.038   12.471  -10.000      287.5794     4431.8086
 3  79  15.411  49934.223 208.575  -0.094   10.639  -10.000      287.5794     4431.8086
 4  79  15.411  49934.223 208.575  -0.108    9.499  -10.000      287.5794     4431.8086
 5  79  15.411  49934.223 208.575  -0.083    8.473  -10.000      287.5794     4431.8086
 3  79  15.411  49935.242 232.394   0.086   10.914  -10.000      287.6455     4432.8281
 4  79  15.411  49935.242 232.394   0.081    9.745  -10.000      287.6455     4432.8281
 5  79  15.411  49935.242 232.394   0.093    8.672  -10.000      287.6455     4432.8281
 3  79  15.411  49936.188 254.476   0.075   11.033  -10.000      287.7069     4433.7734
 4  79  15.411  49936.188 254.476   0.048    9.796  -10.000      287.7069     4433.7734
 5  79  15.411  49936.188 254.476   0.071    8.691  -10.000      287.7069     4433.7734
 3  79  15.411  49938.195 301.377   0.131   11.302  -10.000      287.8372     4435.7812
 4  79  15.411  49938.195 301.377   0.128   10.016  -10.000      287.8372     4435.7812
 5  79  15.411  49938.195 301.377   0.182    8.875  -10.000      287.8372     4435.7812
 3  79  15.411  49939.203 324.921   0.060   11.351  -10.000      287.9026     4436.7891
 4  79  15.411  49939.203 324.921   0.021    9.998  -10.000      287.9026     4436.7891
 5  79  15.411  49939.203 324.921   0.008    8.762  -10.000      287.9026     4436.7891
 3  79  15.411  49943.191  58.096  -0.121   11.671  -10.000      288.1614     4440.7773
 5  79  15.411  49943.191  58.096  -0.027    9.079  -10.000      288.1614     4440.7773
 3  79  15.411  49945.191 104.810   0.008   11.848  -10.000      288.2911     4442.7773
 5  79  15.411  49945.191 104.810  -0.009    9.190  -10.000      288.2911     4442.7773
 3  79  15.411  49946.188 128.079  -0.064   11.621  -10.000      288.3558     4443.7734
 5  79  15.411  49946.188 128.079  -0.074    9.070  -10.000      288.3558     4443.7734
 3  79  15.411  49947.176 151.172   0.039   11.582  -10.000      288.4199     4444.7617
 5  79  15.411  49947.176 151.172  -0.053    9.036  -10.000      288.4199     4444.7617
 3  79  15.411  49949.172 197.798   0.091   10.935  -10.000      288.5494     4446.7578
 5  79  15.411  49949.172 197.798   0.048    8.687  -10.000      288.5494     4446.7578
 3  79  15.411  49950.176 221.254   0.085   10.856  -10.000      288.6146     4447.7617
 5  79  15.411  49950.176 221.254   0.043    8.604  -10.000      288.6146     4447.7617
 2  79  15.411  49952.180 268.066   0.096   13.152  -10.000      288.7446     4449.7656
 3  79  15.411  49952.180 268.066   0.060   11.082  -10.000      288.7446     4449.7656
 4  79  15.411  49952.180 268.066   0.031    9.819  -10.000      288.7446     4449.7656
 5  79  15.411  49952.180 268.066   0.030    8.668  -10.000      288.7446     4449.7656
 3  79  15.411  49953.207 292.061   0.095   11.225  -10.000      288.8113     4450.7930
 5  79  15.411  49953.207 292.061   0.052    8.727  -10.000      288.8113     4450.7930
 3  79  15.411  49954.180 314.780   0.050   11.290  -10.000      288.8744     4451.7656
 5  79  15.411  49954.180 314.780   0.101    8.829  -10.000      288.8744     4451.7656
 2  79  15.411  49955.176 338.049   0.045   13.662  -10.000      288.9390     4452.7617
 3  79  15.411  49955.176 338.049   0.029   11.387  -10.000      288.9390     4452.7617
 4  79  15.411  49955.176 338.049   0.024   10.054  -10.000      288.9390     4452.7617
 5  79  15.411  49955.176 338.049   0.076    8.870  -10.000      288.9390     4452.7617
23   4  15.411  41047.590 333.765   0.053    4.715  -10.000     -289.0729    -4454.8242
24   4  15.411  41047.590 333.765   0.020    7.113  -10.000     -289.0729    -4454.8242
23   4  15.411  41066.578  57.338   0.058    5.180  -10.000     -287.8407    -4435.8359
24   4  15.411  41066.578  57.338   0.067    7.820  -10.000     -287.8407    -4435.8359
23   4  15.411  41067.539  79.783  -0.002    5.185  -10.000     -287.7784    -4434.8750
24   4  15.411  41067.539  79.783  -0.023    7.792  -10.000     -287.7784    -4434.8750
23   4  15.411  41068.566 103.788   0.006    5.180  -10.000     -287.7117    -4433.8477
24   4  15.411  41068.566 103.788  -0.041    7.700  -10.000     -287.7117    -4433.8477
23   4  15.411  41091.477 278.976   0.066    4.457  -10.000     -286.2251    -4410.9375
24   4  15.411  41091.477 278.976   0.058    6.670  -10.000     -286.2251    -4410.9375
23   4  15.411  41092.539 303.794   0.068    4.573  -10.000     -286.1561    -4409.8750
24   4  15.411  41092.539 303.794   0.084    6.910  -10.000     -286.1561    -4409.8750
23   4  15.411  41100.484 129.397   0.015    5.013  -10.000     -285.6406    -4401.9297
24   4  15.411  41100.484 129.397   0.021    7.418  -10.000     -285.6406    -4401.9297
23   4  15.411  41101.500 153.127   0.051    4.912  -10.000     -285.5746    -4400.9141
24   4  15.411  41101.500 153.127   0.080    7.212  -10.000     -285.5746    -4400.9141
23   4  15.411  41106.559 271.296   0.055    4.408  -10.000     -285.2464    -4395.8555
24   4  15.411  41106.559 271.296   0.029    6.565  -10.000     -285.2464    -4395.8555
23   4  15.411  41107.496 293.203   0.076    4.530  -10.000     -285.1855    -4394.9180
24   4  15.411  41107.496 293.203   0.003    6.738  -10.000     -285.1855    -4394.9180
23   4  15.411  41116.480 143.075   0.061    4.947  -10.000     -284.6026    -4385.9336
24   4  15.411  41116.480 143.075   0.112    7.302  -10.000     -284.6026    -4385.9336
23   4  15.411  41117.465 166.069   0.040    4.908  -10.000     -284.5387    -4384.9492
24   4  15.411  41117.465 166.069   0.078    7.210  -10.000     -284.5387    -4384.9492
23   4  15.411  41122.492 283.513   0.014    4.428  -10.000     -284.2125    -4379.9219
24   4  15.411  41122.492 283.513   0.018    6.673  -10.000     -284.2125    -4379.9219
23   4  15.411  41123.480 306.595   0.056    4.575  -10.000     -284.1483    -4378.9336
24   4  15.411  41123.480 306.595   0.063    6.915  -10.000     -284.1483    -4378.9336
23   4  15.411  41124.434 328.865   0.059    4.695  -10.000     -284.0865    -4377.9805
24   4  15.411  41124.434 328.865   0.012    7.062  -10.000     -284.0865    -4377.9805
23   4  15.411  41125.352 350.310   0.068    4.815  -10.000     -284.0269    -4377.0625
24   4  15.411  41125.352 350.310   0.081    7.307  -10.000     -284.0269    -4377.0625
23   4  15.411  41130.441 109.204   0.002    5.150  -10.000     -283.6967    -4371.9727
24   4  15.411  41130.441 109.204  -0.004    7.682  -10.000     -283.6967    -4371.9727
23   4  15.411  41131.402 131.660   0.020    4.997  -10.000     -283.6343    -4371.0117
24   4  15.411  41131.402 131.660   0.018    7.378  -10.000     -283.6343    -4371.0117
23   4  15.411  41132.391 154.742   0.031    4.892  -10.000     -283.5702    -4370.0234
24   4  15.411  41132.391 154.742   0.061    7.193  -10.000     -283.5702    -4370.0234
23   4  15.411  41133.457 179.659  -0.034    4.648  -10.000     -283.5009    -4368.9570
24   4  15.411  41133.457 179.659  -0.094    6.750  -10.000     -283.5009    -4368.9570
23   4  15.411  41146.379 121.509   0.038    5.102  -10.000     -282.6625    -4356.0352
24   4  15.411  41146.379 121.509  -0.013    7.507  -10.000     -282.6625    -4356.0352
23   4  15.411  41147.383 144.965   0.100    4.977  -10.000     -282.5973    -4355.0312
24   4  15.411  41147.383 144.965   0.118    7.290  -10.000     -282.5973    -4355.0312
23   4  15.411  41148.371 168.047  -0.015    4.845  -10.000     -282.5332    -4354.0430
24   4  15.411  41148.371 168.047  -0.037    7.082  -10.000     -282.5332    -4354.0430
23   4  15.411  41149.363 191.228  -0.129    4.193  -10.000     -282.4688    -4353.0508
24   4  15.411  41149.363 191.228  -0.212    6.090  -10.000     -282.4688    -4353.0508
23   4  15.411  41154.355 307.848   0.037    4.562  -10.000     -282.1449    -4348.0586
24   4  15.411  41154.355 307.848   0.076    6.940  -10.000     -282.1449    -4348.0586
23   4  15.411  41155.371 331.578   0.045    4.695  -10.000     -282.0789    -4347.0430
24   4  15.411  41155.371 331.578   0.043    7.118  -10.000     -282.0789    -4347.0430
23   4  15.411  41156.348 354.386   0.067    4.837  -10.000     -282.0156    -4346.0664
24   4  15.411  41156.348 354.386   0.130    7.392  -10.000     -282.0156    -4346.0664
23   4  15.411  41158.422  42.847   0.030    5.077  -10.000     -281.8810    -4343.9922
24   4  15.411  41158.422  42.847   0.020    7.680  -10.000     -281.8810    -4343.9922
23   4  15.411  41162.410 136.011   0.061    5.000  -10.000     -281.6222    -4340.0039
24   4  15.411  41162.410 136.011   0.109    7.398  -10.000     -281.6222    -4340.0039
23   4  15.411  41163.453 160.378   0.029    4.898  -10.000     -281.5545    -4338.9609
24   4  15.411  41163.453 160.378   0.010    7.148  -10.000     -281.5545    -4338.9609
23   4  15.411  41164.336 181.000  -0.047    4.597  -10.000     -281.4972    -4338.0781
24   4  15.411  41164.336 181.000  -0.091    6.697  -10.000     -281.4972    -4338.0781
23   4  15.411  41170.301 320.339   0.059    4.650  -10.000     -281.1102    -4332.1133
24   4  15.411  41170.301 320.339   0.077    7.053  -10.000     -281.1102    -4332.1133
 0  42  15.411  46924.738 105.985  -1.909   41.750    0.650       92.2944     1422.3242
 0  42  15.411  46925.734 129.254   2.435   45.070    0.680       92.3590     1423.3203
 0  42  15.411  46927.734 175.976  -0.600   19.300    0.680       92.4888     1425.3203
 0  55  15.411  45518.699  20.427  -2.299   20.440    0.650        1.0567       16.2852
 0  55  15.411  45876.695 103.339   2.825   45.140    1.760       24.2871      374.2812
 0  55  15.411  45879.699 173.512   2.379   23.620    1.490       24.4820      377.2852
 0  55  15.411  45881.586 217.586   3.220    2.370    1.340       24.6044      379.1719
 0  55  15.411  45899.703 280.810   1.050   -1.300    0.860       25.7800      397.2891
 3 150  15.411  50891.598 253.191  -0.086   10.865  -10.000      349.7033     5389.1836
 5 150  15.411  50891.598 253.191  -0.079    8.539  -10.000      349.7033     5389.1836
 3 150  15.411  50892.559 275.636  -0.065   10.993  -10.000      349.7657     5390.1445
 5 150  15.411  50892.559 275.636  -0.054    8.596  -10.000      349.7657     5390.1445
 3 150  15.411  50893.516 297.993  -0.063   11.092  -10.000      349.8278     5391.1016
 5 150  15.411  50893.516 297.993  -0.039    8.647  -10.000      349.8278     5391.1016
 3 150  15.411  50893.605 300.092  -0.060   11.105  -10.000      349.8336     5391.1914
 5 150  15.411  50893.605 300.092  -0.033    8.657  -10.000      349.8336     5391.1914
 3 150  15.411  50901.578 126.343   0.004   11.704  -10.000      350.3510     5399.1641
 5 150  15.411  50901.578 126.343  -0.026    9.125  -10.000      350.3510     5399.1641
 3 150  15.411  50902.602 150.249   0.017   11.561  -10.000      350.4174     5400.1875
 5 150  15.411  50902.602 150.249  -0.056    9.033  -10.000      350.4174     5400.1875
 3 150  15.411  50903.566 172.782   0.000   11.500  -10.000      350.4799     5401.1523
 5 150  15.411  50903.566 172.782  -0.065    9.008  -10.000      350.4799     5401.1523
 3 150  15.411  50903.582 173.145   0.001   11.496  -10.000      350.4810     5401.1680
 5 150  15.411  50903.582 173.145  -0.066    9.004  -10.000      350.4810     5401.1680
 3 150  15.411  50904.527 195.227   0.172   11.074  -10.000      350.5423     5402.1133
 5 150  15.411  50904.527 195.227   0.052    8.730  -10.000      350.5423     5402.1133
 3 150  15.411  50905.637 221.144  -0.090   10.680  -10.000      350.6143     5403.2227
 5 150  15.411  50905.637 221.144  -0.092    8.469  -10.000      350.6143     5403.2227
 3 150  15.411  50907.566 266.221  -0.058   10.956  -10.000      350.7395     5405.1523
 5 150  15.411  50907.566 266.221  -0.062    8.574  -10.000      350.7395     5405.1523
 3 150  15.411  50907.625 267.594  -0.035   10.985  -10.000      350.7433     5405.2109
 5 150  15.411  50907.625 267.594  -0.028    8.610  -10.000      350.7433     5405.2109
 3 150  15.411  50908.547 289.127  -0.053   11.065  -10.000      350.8031     5406.1328
 5 150  15.411  50908.547 289.127  -0.046    8.625  -10.000      350.8031     5406.1328
 3 150  15.411  50909.516 311.759  -0.052   11.173  -10.000      350.8660     5407.1016
 5 150  15.411  50909.516 311.759  -0.022    8.698  -10.000      350.8660     5407.1016
 3 150  15.411  50909.609 313.945  -0.035   11.201  -10.000      350.8721     5407.1953
 5 150  15.411  50909.609 313.945  -0.032    8.694  -10.000      350.8721     5407.1953
 3 150  15.411  50909.645 314.769  -0.058   11.182  -10.000      350.8744     5407.2305
 5 150  15.411  50909.645 314.769  -0.037    8.691  -10.000      350.8744     5407.2305
 3 150  15.411  50910.520 335.215  -0.053   11.291  -10.000      350.9312     5408.1055
 5 150  15.411  50910.520 335.215  -0.020    8.766  -10.000      350.9312     5408.1055
 3 150  15.411  50910.602 337.126  -0.055   11.298  -10.000      350.9365     5408.1875
 5 150  15.411  50910.602 337.126  -0.017    8.774  -10.000      350.9365     5408.1875
 3 150  15.411  50912.523  22.028  -0.048   11.552  -10.000      351.0612     5410.1094
 5 150  15.411  50912.523  22.028   0.015    8.968  -10.000      351.0612     5410.1094
 3 150  15.411  50912.609  24.027  -0.041   11.571  -10.000      351.0667     5410.1953
 5 150  15.411  50912.609  24.027   0.009    8.971  -10.000      351.0667     5410.1953
 3 150  15.411  50912.645  24.851  -0.050   11.566  -10.000      351.0690     5410.2305
 5 150  15.411  50912.645  24.851   0.007    8.972  -10.000      351.0690     5410.2305
 3 150  15.411  50913.508  45.022  -0.035   11.692  -10.000      351.1251     5411.0938
 5 150  15.411  50913.508  45.022   0.005    9.057  -10.000      351.1251     5411.0938
 3 150  15.411  50916.504 115.005  -0.006   11.779  -10.000      351.3195     5414.0898
 5 150  15.411  50916.504 115.005  -0.017    9.166  -10.000      351.3195     5414.0898
 3 150  15.411  50916.590 117.015  -0.013   11.758  -10.000      351.3250     5414.1758
 5 150  15.411  50916.590 117.015  -0.027    9.152  -10.000      351.3250     5414.1758
 3 150  15.411  50916.637 118.114  -0.036   11.727  -10.000      351.3281     5414.2227
 5 150  15.411  50916.637 118.114  -0.024    9.152  -10.000      351.3281     5414.2227
 3   9  15.411  43694.691 250.974   0.012   10.950  -10.000     -117.3028    -1807.7227
14   9  15.411  43694.691 250.974   0.027   13.710  -10.000     -117.3028    -1807.7227
15   9  15.411  43694.691 250.974   0.022   11.540  -10.000     -117.3028    -1807.7227
16   9  15.411  43694.691 250.974   0.008    9.820  -10.000     -117.3028    -1807.7227
17   9  15.411  43694.691 250.974  -0.005    8.550  -10.000     -117.3028    -1807.7227
 3   9  15.411  43698.539 340.856  -0.001   11.370  -10.000     -117.0532    -1803.8750
14   9  15.411  43698.539 340.856   0.029   14.650  -10.000     -117.0532    -1803.8750
15   9  15.411  43698.539 340.856   0.008   12.030  -10.000     -117.0532    -1803.8750
16   9  15.411  43698.539 340.856   0.013   10.120  -10.000     -117.0532    -1803.8750
17   9  15.411  43698.539 340.856   0.042    8.780  -10.000     -117.0532    -1803.8750
 3   9  15.411  43699.531   4.035   0.063   11.560  -10.000     -116.9888    -1802.8828
14   9  15.411  43699.531   4.035   0.110   14.950  -10.000     -116.9888    -1802.8828
15   9  15.411  43699.531   4.035   0.069   12.230  -10.000     -116.9888    -1802.8828
16   9  15.411  43699.531   4.035   0.092   10.300  -10.000     -116.9888    -1802.8828
17   9  15.411  43699.531   4.035   0.122    8.940  -10.000     -116.9888    -1802.8828
 3   9  15.411  44023.820  19.539  -0.004   11.580  -10.000      -95.9457    -1478.5938
14   9  15.411  44023.820  19.539   0.025   15.010  -10.000      -95.9457    -1478.5938
15   9  15.411  44023.820  19.539  -0.006   12.250  -10.000      -95.9457    -1478.5938
16   9  15.411  44023.820  19.539   0.031   10.310  -10.000      -95.9457    -1478.5938
17   9  15.411  44023.820  19.539   0.063    8.940  -10.000      -95.9457    -1478.5938
 3   9  15.411  43700.500  26.664   0.013   11.640  -10.000     -116.9259    -1801.9141
14   9  15.411  43700.500  26.664  -0.011   15.040  -10.000     -116.9259    -1801.9141
15   9  15.411  43700.500  26.664   0.008   12.310  -10.000     -116.9259    -1801.9141
16   9  15.411  43700.500  26.664   0.045   10.360  -10.000     -116.9259    -1801.9141
17   9  15.411  43700.500  26.664   0.093    9.000  -10.000     -116.9259    -1801.9141
 3   9  15.411  43701.551  51.213  -0.029   11.730  -10.000     -116.8577    -1800.8633
14   9  15.411  43701.551  51.213   0.000   15.240  -10.000     -116.8577    -1800.8633
15   9  15.411  43701.551  51.213  -0.012   12.430  -10.000     -116.8577    -1800.8633
16   9  15.411  43701.551  51.213   0.009   10.440  -10.000     -116.8577    -1800.8633
17   9  15.411  43701.551  51.213   0.050    9.060  -10.000     -116.8577    -1800.8633
 3   9  15.411  44025.898  68.085  -0.018   11.810  -10.000      -95.8109    -1476.5156
14   9  15.411  44025.898  68.085   0.053   15.380  -10.000      -95.8109    -1476.5156
15   9  15.411  44025.898  68.085   0.006   12.520  -10.000      -95.8109    -1476.5156
16   9  15.411  44025.898  68.085   0.034   10.530  -10.000      -95.8109    -1476.5156
17   9  15.411  44025.898  68.085   0.098    9.170  -10.000      -95.8109    -1476.5156
