 1  79  12.138  45649.352 296.786  -0.086   12.118  -10.000       12.8244      155.6680
 2  79  12.138  45649.352 296.786   0.001   11.159  -10.000       12.8244      155.6680
 3  79  12.138  45649.352 296.786   0.011    9.807  -10.000       12.8244      155.6680
 4  79  12.138  45649.352 296.786  -0.006    8.993  -10.000       12.8244      155.6680
 1  79  12.138  45660.297 261.400   0.046   11.802  -10.000       13.7261      166.6133
 2  79  12.138  45660.297 261.400   0.059   10.928  -10.000       13.7261      166.6133
 3  79  12.138  45660.297 261.400   0.029    9.659  -10.000       13.7261      166.6133
 4  79  12.138  45660.297 261.400  -0.001    8.882  -10.000       13.7261      166.6133
 2  79  12.138  45665.340  50.965   0.001   11.925  -10.000       14.1416      171.6562
 3  79  12.138  45665.340  50.965   0.003   10.323  -10.000       14.1416      171.6562
 4  79  12.138  45665.340  50.965  -0.004    9.418  -10.000       14.1416      171.6562
 2  79  12.138  45666.258  78.190  -0.041   11.942  -10.000       14.2172      172.5742
 3  79  12.138  45666.258  78.190  -0.028   10.356  -10.000       14.2172      172.5742
 4  79  12.138  45666.258  78.190  -0.036    9.452  -10.000       14.2172      172.5742
 1  79  12.138  45668.266 137.737   0.078   12.681  -10.000       14.3826      174.5820
 2  79  12.138  45668.266 137.737   0.101   11.618  -10.000       14.3826      174.5820
 3  79  12.138  45668.266 137.737   0.045   10.169  -10.000       14.3826      174.5820
 4  79  12.138  45668.266 137.737   0.007    9.321  -10.000       14.3826      174.5820
 1  79  12.138  45674.254 315.337   0.079   12.487  -10.000       14.8759      180.5703
 2  79  12.138  45674.254 315.337   0.086   11.376  -10.000       14.8759      180.5703
 3  79  12.138  45674.254 315.337   0.045    9.919  -10.000       14.8759      180.5703
 4  79  12.138  45674.254 315.337   0.037    9.091  -10.000       14.8759      180.5703
 1  79  12.138  45676.254  14.653  -0.058   12.949  -10.000       15.0407      182.5703
 2  79  12.138  45676.254  14.653   0.017   11.724  -10.000       15.0407      182.5703
 3  79  12.138  45676.254  14.653   0.015   10.166  -10.000       15.0407      182.5703
 4  79  12.138  45676.254  14.653  -0.003    9.270  -10.000       15.0407      182.5703
 2  79  12.138  45677.207  42.920   0.023   11.904  -10.000       15.1192      183.5234
 3  79  12.138  45677.207  42.920   0.014   10.298  -10.000       15.1192      183.5234
 4  79  12.138  45677.207  42.920  -0.002    9.387  -10.000       15.1192      183.5234
 2  79  12.138  45679.215 102.468  -0.012   11.872  -10.000       15.2846      185.5312
 3  79  12.138  45679.215 102.468   0.000   10.343  -10.000       15.2846      185.5312
 4  79  12.138  45679.215 102.468  -0.027    9.444  -10.000       15.2846      185.5312
 1  79  12.138  45683.207 220.868   0.058   11.423  -10.000       15.6135      189.5234
 2  79  12.138  45683.207 220.868  -0.055   10.563  -10.000       15.6135      189.5234
 3  79  12.138  45683.207 220.868  -0.041    9.444  -10.000       15.6135      189.5234
 4  79  12.138  45683.207 220.868  -0.035    8.748  -10.000       15.6135      189.5234
 2  79  12.138  45688.184   8.462   0.054   11.717  -10.000       16.0235      194.5000
 3  79  12.138  45688.184   8.462   0.028   10.147  -10.000       16.0235      194.5000
 4  79  12.138  45688.184   8.462   0.018    9.264  -10.000       16.0235      194.5000
 1  79  12.138  45691.184  97.436  -0.029   13.193  -10.000       16.2707      197.5000
 2  79  12.138  45691.184  97.436  -0.035   11.885  -10.000       16.2707      197.5000
 3  79  12.138  45691.184  97.436  -0.023   10.340  -10.000       16.2707      197.5000
 4  79  12.138  45691.184  97.436  -0.039    9.445  -10.000       16.2707      197.5000
 1  79  12.138  45694.160 185.714   0.059   12.172  -10.000       16.5159      200.4766
 2  79  12.138  45694.160 185.714   0.005   11.176  -10.000       16.5159      200.4766
 3  79  12.138  45694.160 185.714  -0.010    9.878  -10.000       16.5159      200.4766
 4  79  12.138  45694.160 185.714  -0.033    9.090  -10.000       16.5159      200.4766
 1  79  12.138  45695.168 215.604   0.093   11.522  -10.000       16.5989      201.4844
 2  79  12.138  45695.168 215.604  -0.021   10.645  -10.000       16.5989      201.4844
 3  79  12.138  45695.168 215.604  -0.027    9.494  -10.000       16.5989      201.4844
 4  79  12.138  45695.168 215.604  -0.027    8.787  -10.000       16.5989      201.4844
 1  79  12.138  45701.164  33.436   0.054   13.217  -10.000       17.0929      207.4805
 2  79  12.138  45701.164  33.436   0.017   11.842  -10.000       17.0929      207.4805
 3  79  12.138  45701.164  33.436   0.013   10.252  -10.000       17.0929      207.4805
 1  79  12.138  45706.117 180.335   0.004   12.197  -10.000       17.5009      212.4336
 2  79  12.138  45706.117 180.335  -0.014   11.216  -10.000       17.5009      212.4336
 3  79  12.138  45706.117 180.335  -0.031    9.900  -10.000       17.5009      212.4336
 4  79  12.138  45706.117 180.335  -0.043    9.117  -10.000       17.5009      212.4336
 1  79  12.138  45707.121 210.109   0.125   11.658  -10.000       17.5836      213.4375
 2  79  12.138  45707.121 210.109   0.024   10.768  -10.000       17.5836      213.4375
 3  79  12.138  45707.121 210.109   0.008    9.587  -10.000       17.5836      213.4375
 4  79  12.138  45707.121 210.109   0.004    8.867  -10.000       17.5836      213.4375
 2  79  12.138  47401.355  57.546  -0.027   11.928  -10.000      157.1599     1907.6719
 3  79  12.138  47401.355  57.546  -0.024   10.323  -10.000      157.1599     1907.6719
 4  79  12.138  47401.355  57.546  -0.015    9.432  -10.000      157.1599     1907.6719
 2  79  12.138  47402.359  87.325  -0.008   11.958  -10.000      157.2426     1908.6758
 3  79  12.138  47402.359  87.325  -0.025   10.358  -10.000      157.2426     1908.6758
 4  79  12.138  47402.359  87.325  -0.026    9.467  -10.000      157.2426     1908.6758
 2  79  12.138  47403.379 117.559   0.082   11.824  -10.000      157.3266     1909.6953
 3  79  12.138  47403.379 117.559   0.032   10.292  -10.000      157.3266     1909.6953
 4  79  12.138  47403.379 117.559   0.018    9.431  -10.000      157.3266     1909.6953
 2  79  12.138  47407.344 235.146  -0.050   10.578  -10.000      157.6532     1913.6602
 3  79  12.138  47407.344 235.146  -0.072    9.411  -10.000      157.6532     1913.6602
 4  79  12.138  47407.344 235.146  -0.054    8.722  -10.000      157.6532     1913.6602
 2  79  12.138  47408.340 264.688   0.083   10.981  -10.000      157.7352     1914.6562
 3  79  12.138  47408.340 264.688   0.047    9.693  -10.000      157.7352     1914.6562
 4  79  12.138  47408.340 264.688   0.031    8.926  -10.000      157.7352     1914.6562
 2  79  12.138  47409.332 294.115   0.008   11.147  -10.000      157.8170     1915.6484
 3  79  12.138  47409.332 294.115   0.013    9.798  -10.000      157.8170     1915.6484
 4  79  12.138  47409.332 294.115   0.004    8.996  -10.000      157.8170     1915.6484
 2  79  12.138  47410.355 324.470   0.044   11.390  -10.000      157.9013     1916.6719
 3  79  12.138  47410.355 324.470   0.024    9.930  -10.000      157.9013     1916.6719
 4  79  12.138  47410.355 324.470   0.021    9.097  -10.000      157.9013     1916.6719
 2  79  12.138  47411.352 354.012   0.000   11.555  -10.000      157.9834     1917.6680
 3  79  12.138  47411.352 354.012   0.019   10.062  -10.000      157.9834     1917.6680
 4  79  12.138  47411.352 354.012   0.004    9.188  -10.000      157.9834     1917.6680
 2  79  12.138  47413.316  52.284  -0.026   11.904  -10.000      158.1452     1919.6328
 3  79  12.138  47413.316  52.284  -0.007   10.319  -10.000      158.1452     1919.6328
 4  79  12.138  47413.316  52.284  -0.008    9.419  -10.000      158.1452     1919.6328
 2  79  12.138  47413.434  55.761  -0.016   11.931  -10.000      158.1549     1919.7500
 3  79  12.138  47413.434  55.761   0.022   10.362  -10.000      158.1549     1919.7500
 4  79  12.138  47413.434  55.761   0.009    9.450  -10.000      158.1549     1919.7500
 2  79  12.138  47414.316  81.942  -0.044   11.934  -10.000      158.2276     1920.6328
 3  79  12.138  47414.316  81.942  -0.027   10.357  -10.000      158.2276     1920.6328
 4  79  12.138  47414.316  81.942  -0.031    9.460  -10.000      158.2276     1920.6328
 2  79  12.138  47415.297 111.022   0.033   11.843  -10.000      158.3084     1921.6133
 3  79  12.138  47415.297 111.022   0.020   10.320  -10.000      158.3084     1921.6133
 4  79  12.138  47415.297 111.022  -0.009    9.433  -10.000      158.3084     1921.6133
 2  79  12.138  47416.289 140.449   0.092   11.585  -10.000      158.3901     1922.6055
 3  79  12.138  47416.289 140.449   0.037   10.147  -10.000      158.3901     1922.6055
 4  79  12.138  47416.289 140.449   0.005    9.309  -10.000      158.3901     1922.6055
 2  79  12.138  47417.281 169.876  -0.029   11.276  -10.000      158.4719     1923.5977
 3  79  12.138  47417.281 169.876  -0.036    9.950  -10.000      158.4719     1923.5977
 4  79  12.138  47417.281 169.876  -0.054    9.152  -10.000      158.4719     1923.5977
 2  79  12.138  47418.281 199.534   0.074   11.016  -10.000      158.5543     1924.5977
 3  79  12.138  47418.281 199.534   0.013    9.736  -10.000      158.5543     1924.5977
 4  79  12.138  47418.281 199.534  -0.013    8.972  -10.000      158.5543     1924.5977
 2  79  12.138  47419.258 228.494  -0.124   10.477  -10.000      158.6347     1925.5742
 3  79  12.138  47419.258 228.494  -0.094    9.375  -10.000      158.6347     1925.5742
 4  79  12.138  47419.258 228.494  -0.068    8.699  -10.000      158.6347     1925.5742
 2  79  12.138  47420.254 258.036   0.039   10.878  -10.000      158.7168     1926.5703
 3  79  12.138  47420.254 258.036   0.000    9.611  -10.000      158.7168     1926.5703
 4  79  12.138  47420.254 258.036   0.002    8.872  -10.000      158.7168     1926.5703
 2  79  12.138  47421.246 287.463   0.086   11.177  -10.000      158.7985     1927.5625
 3  79  12.138  47421.246 287.463   0.048    9.807  -10.000      158.7985     1927.5625
 4  79  12.138  47421.246 287.463   0.042    9.016  -10.000      158.7985     1927.5625
 2  79  12.138  47422.258 317.466   0.068   11.372  -10.000      158.8819     1928.5742
 3  79  12.138  47422.258 317.466   0.063    9.944  -10.000      158.8819     1928.5742
 4  79  12.138  47422.258 317.466   0.046    9.105  -10.000      158.8819     1928.5742
 2  79  12.138  47423.383 350.832   0.012   11.544  -10.000      158.9745     1929.6992
 3  79  12.138  47423.383 350.832   0.014   10.042  -10.000      158.9745     1929.6992
 4  79  12.138  47423.383 350.832   0.020    9.191  -10.000      158.9745     1929.6992
 2  79  12.138  47424.273  17.249   0.027   11.751  -10.000      159.0479     1930.5898
 3  79  12.138  47424.273  17.249   0.044   10.207  -10.000      159.0479     1930.5898
 4  79  12.138  47424.273  17.249   0.029    9.312  -10.000      159.0479     1930.5898
 2  79  12.138  47425.293  47.483   0.012   11.917  -10.000      159.1319     1931.6094
 3  79  12.138  47425.293  47.483  -0.006   10.298  -10.000      159.1319     1931.6094
 4  79  12.138  47425.293  47.483  -0.005    9.403  -10.000      159.1319     1931.6094
 2  79  12.138  47425.508  53.855   0.010   11.948  -10.000      159.1496     1931.8242
 3  79  12.138  47425.508  53.855   0.062   10.394  -10.000      159.1496     1931.8242
 2  79  12.138  47427.336 108.073   0.057   11.894  -10.000      159.3002     1933.6523
 3  79  12.138  47427.336 108.073   0.026   10.342  -10.000      159.3002     1933.6523
 4  79  12.138  47427.336 108.073   0.030    9.483  -10.000      159.3002     1933.6523
 2  79  12.138  47427.508 113.170   0.037   11.825  -10.000      159.3144     1933.8242
 3  79  12.138  47427.508 113.170  -0.001   10.287  -10.000      159.3144     1933.8242
 4  79  12.138  47427.508 113.170  -0.029    9.404  -10.000      159.3144     1933.8242
 2  79  12.138  47428.270 135.764   0.107   11.642  -10.000      159.3771     1934.5859
 3  79  12.138  47428.270 135.764   0.030   10.165  -10.000      159.3771     1934.5859
 4  79  12.138  47428.270 135.764   0.007    9.328  -10.000      159.3771     1934.5859
 2  79  12.138  47428.418 140.164   0.085   11.581  -10.000      159.3893     1934.7344
 3  79  12.138  47428.418 140.164   0.028   10.139  -10.000      159.3893     1934.7344
 4  79  12.138  47428.418 140.164   0.012    9.317  -10.000      159.3893     1934.7344
 2  79  12.138  47429.305 166.465   0.023   11.347  -10.000      159.4624     1935.6211
 3  79  12.138  47429.305 166.465  -0.004    9.995  -10.000      159.4624     1935.6211
 4  79  12.138  47429.305 166.465  -0.015    9.203  -10.000      159.4624     1935.6211
 2  79  12.138  47430.254 194.617   0.048   11.082  -10.000      159.5406     1936.5703
 3  79  12.138  47430.254 194.617   0.017    9.806  -10.000      159.5406     1936.5703
 4  79  12.138  47430.254 194.617  -0.005    9.035  -10.000      159.5406     1936.5703
 2  79  12.138  47430.449 200.407   0.101   11.026  -10.000      159.5567     1936.7656
 3  79  12.138  47430.449 200.407   0.047    9.757  -10.000      159.5567     1936.7656
 4  79  12.138  47430.449 200.407   0.037    9.012  -10.000      159.5567     1936.7656
 2  79  12.138  47431.305 225.780  -0.052   10.548  -10.000      159.6272     1937.6211
 3  79  12.138  47431.305 225.780  -0.066    9.404  -10.000      159.6272     1937.6211
 4  79  12.138  47431.305 225.780  -0.041    8.728  -10.000      159.6272     1937.6211
 2  79  12.138  47431.512 231.921  -0.094   10.518  -10.000      159.6442     1937.8281
 3  79  12.138  47431.512 231.921  -0.043    9.431  -10.000      159.6442     1937.8281
 4  79  12.138  47431.512 231.921  -0.041    8.729  -10.000      159.6442     1937.8281
 2  79  12.138  47432.293 255.092  -0.019   10.791  -10.000      159.7086     1938.6094
 3  79  12.138  47432.293 255.092  -0.017    9.577  -10.000      159.7086     1938.6094
 4  79  12.138  47432.293 255.092  -0.036    8.821  -10.000      159.7086     1938.6094
 2  79  12.138  47432.512 261.579   0.107   10.978  -10.000      159.7266     1938.8281
 3  79  12.138  47432.512 261.579   0.072    9.702  -10.000      159.7266     1938.8281
 4  79  12.138  47432.512 261.579   0.043    8.927  -10.000      159.7266     1938.8281
 2  79  12.138  47433.281 284.398   0.041   11.109  -10.000      159.7900     1939.5977
 3  79  12.138  47433.281 284.398   0.026    9.772  -10.000      159.7900     1939.5977
 4  79  12.138  47433.281 284.398   0.008    8.973  -10.000      159.7900     1939.5977
 2  79  12.138  47434.273 313.824   0.045   11.326  -10.000      159.8717     1940.5898
 3  79  12.138  47434.273 313.824   0.012    9.880  -10.000      159.8717     1940.5898
 4  79  12.138  47434.273 313.824   0.010    9.060  -10.000      159.8717     1940.5898
 2  79  12.138  47434.504 320.663  -0.005   11.318  -10.000      159.8907     1940.8203
 3  79  12.138  47434.504 320.663   0.025    9.917  -10.000      159.8907     1940.8203
 4  79  12.138  47434.504 320.663   0.008    9.075  -10.000      159.8907     1940.8203
 2  79  12.138  49933.469 274.724   0.133   11.121  -10.000      365.7631     4439.7852
 3  79  12.138  49933.469 274.724   0.085    9.784  -10.000      365.7631     4439.7852
 4  79  12.138  49933.469 274.724   0.039    8.971  -10.000      365.7631     4439.7852
 5  79  12.138  49933.469 274.724   0.045    8.260  -10.000      365.7631     4439.7852
 3  79  12.138  49936.438   2.769   0.119   10.208  -10.000      366.0077     4442.7539
 4  79  12.138  49936.438   2.769   0.089    9.310  -10.000      366.0077     4442.7539
 5  79  12.138  49936.438   2.769   0.071    8.483  -10.000      366.0077     4442.7539
 3  79  12.138  49937.453  32.893  -0.033   10.204  -10.000      366.0914     4443.7695
 4  79  12.138  49937.453  32.893  -0.078    9.269  -10.000      366.0914     4443.7695
 3  79  12.138  49943.473 211.410   0.162    9.725  -10.000      366.5872     4449.7891
 5  79  12.138  49943.473 211.410   0.081    8.263  -10.000      366.5872     4449.7891
 3  79  12.138  49947.457 329.579   0.064    9.991  -10.000      366.9155     4453.7734
 5  79  12.138  49947.457 329.579   0.029    8.342  -10.000      366.9155     4453.7734
 3  79  12.138  49948.422 358.198   0.081   10.146  -10.000      366.9950     4454.7383
 5  79  12.138  49948.422 358.198   0.056    8.452  -10.000      366.9950     4454.7383
 3  79  12.138  49952.477 118.455   0.106   10.360  -10.000      367.3290     4458.7930
 5  79  12.138  49952.477 118.455   0.051    8.670  -10.000      367.3290     4458.7930
 3  79  12.138  49953.469 147.876   0.067   10.141  -10.000      367.4108     4459.7852
 5  79  12.138  49953.469 147.876  -0.034    8.498  -10.000      367.4108     4459.7852
 3  79  12.138  49955.395 204.994   0.103    9.749  -10.000      367.5694     4461.7109
 5  79  12.138  49955.395 204.994   0.023    8.264  -10.000      367.5694     4461.7109
 3  79  12.138  49956.406 234.998  -0.026    9.457  -10.000      367.6528     4462.7227
 5  79  12.138  49956.406 234.998  -0.042    8.072  -10.000      367.6528     4462.7227
 3  79  12.138  49957.438 265.583   0.063    9.714  -10.000      367.7377     4463.7539
 5  79  12.138  49957.438 265.583  -0.003    8.190  -10.000      367.7377     4463.7539
 3  79  12.138  49960.375 352.705   0.092   10.129  -10.000      367.9797     4466.6914
 5  79  12.138  49960.375 352.705   0.051    8.429  -10.000      367.9797     4466.6914
 3  79  12.138  49962.422  53.405   0.022   10.352  -10.000      368.1483     4468.7383
 5  79  12.138  49962.422  53.405  -0.032    8.562  -10.000      368.1483     4468.7383
 3  79  12.138  49966.441 172.617  -0.006    9.968  -10.000      368.4795     4472.7578
 5  79  12.138  49966.441 172.617  -0.065    8.404  -10.000      368.4795     4472.7578
 3  79  12.138  49985.332  12.876   0.015   10.157  -10.000      370.0358     4491.6484
 5  79  12.138  49985.332  12.876   0.010    8.457  -10.000      370.0358     4491.6484
 3  79  12.138  49986.352  43.110  -0.004   10.281  -10.000      370.1198     4492.6680
 5  79  12.138  49986.352  43.110  -0.020    8.535  -10.000      370.1198     4492.6680
 3  79  12.138  49987.379  73.586  -0.022   10.361  -10.000      370.2044     4493.6953
 5  79  12.138  49987.379  73.586  -0.024    8.623  -10.000      370.2044     4493.6953
 2  79  12.138  49992.402 222.572  -0.014   10.595  -10.000      370.6183     4498.7188
 3  79  12.138  49992.402 222.572  -0.008    9.470  -10.000      370.6183     4498.7188
 5  79  12.138  49992.402 222.572  -0.005    8.115  -10.000      370.6183     4498.7188
 1 162  12.138  36774.957 260.859  -0.048   11.700  -10.000     -718.2754    -8718.7266
 2 162  12.138  36774.957 260.859  -0.059   10.805  -10.000     -718.2754    -8718.7266
 3 162  12.138  36774.957 260.859  -0.053    9.574  -10.000     -718.2754    -8718.7266
 1 162  12.138  36784.906 195.930   0.072   11.968  -10.000     -717.4557    -8708.7773
 2 162  12.138  36784.906 195.930   0.037   11.048  -10.000     -717.4557    -8708.7773
 3 162  12.138  36784.906 195.930   0.031    9.803  -10.000     -717.4557    -8708.7773
 1 162  12.138  36787.934 285.710  -0.048   12.030  -10.000     -717.2064    -8705.7500
 2 162  12.138  36787.934 285.710  -0.038   11.040  -10.000     -717.2064    -8705.7500
 3 162  12.138  36787.934 285.710  -0.014    9.738  -10.000     -717.2064    -8705.7500
 2 162  12.138  36791.922  43.989  -0.041   11.846  -10.000     -716.8778    -8701.7617
 3 162  12.138  36791.922  43.989  -0.038   10.251  -10.000     -716.8778    -8701.7617
 2 162  12.138  36792.879  72.378  -0.109   11.878  -10.000     -716.7990    -8700.8047
 3 162  12.138  36792.879  72.378  -0.060   10.322  -10.000     -716.7990    -8700.8047
 1 162  12.138  36793.891 102.371  -0.127   13.038  -10.000     -716.7156    -8699.7930
 2 162  12.138  36793.891 102.371  -0.017   11.868  -10.000     -716.7156    -8699.7930
 3 162  12.138  36793.891 102.371  -0.020   10.323  -10.000     -716.7156    -8699.7930
 2 162  12.138  36806.820 125.837   0.072   11.718  -10.000     -715.6505    -8686.8633
 3 162  12.138  36806.820 125.837   0.042   10.244  -10.000     -715.6505    -8686.8633
 1 162  12.138  36807.809 155.149  -0.028   12.379  -10.000     -715.5690    -8685.8750
 2 162  12.138  36807.809 155.149   0.064   11.449  -10.000     -715.5690    -8685.8750
 3 162  12.138  36807.809 155.149   0.013   10.053  -10.000     -715.5690    -8685.8750
 1 162  12.138  36808.863 186.438   0.063   12.164  -10.000     -715.4821    -8684.8203
 2 162  12.138  36808.863 186.438   0.058   11.220  -10.000     -715.4821    -8684.8203
 3 162  12.138  36808.863 186.438   0.025    9.906  -10.000     -715.4821    -8684.8203
 1 162  12.138  36809.828 215.046   0.146   11.583  -10.000     -715.4026    -8683.8555
 2 162  12.138  36809.828 215.046   0.062   10.735  -10.000     -715.4026    -8683.8555
 3 162  12.138  36809.828 215.046   0.031    9.557  -10.000     -715.4026    -8683.8555
 1 162  12.138  36810.867 245.874  -0.109   11.414  -10.000     -715.3170    -8682.8164
 2 162  12.138  36810.867 245.874  -0.105   10.609  -10.000     -715.3170    -8682.8164
 3 162  12.138  36810.867 245.874  -0.078    9.455  -10.000     -715.3170    -8682.8164
 1 162  12.138  36811.875 275.757  -0.009   11.943  -10.000     -715.2340    -8681.8086
 2 162  12.138  36811.875 275.757  -0.004   10.993  -10.000     -715.2340    -8681.8086
 3 162  12.138  36811.875 275.757  -0.003    9.701  -10.000     -715.2340    -8681.8086
 1 162  12.138  36812.867 305.178  -0.102   12.197  -10.000     -715.1523    -8680.8164
 2 162  12.138  36812.867 305.178  -0.023   11.196  -10.000     -715.1523    -8680.8164
 3 162  12.138  36812.867 305.178   0.018    9.849  -10.000     -715.1523    -8680.8164
 1 162  12.138  36813.859 334.622   0.033   12.631  -10.000     -715.0705    -8679.8242
 2 162  12.138  36813.859 334.622  -0.026   11.391  -10.000     -715.0705    -8679.8242
 3 162  12.138  36813.859 334.622   0.010    9.961  -10.000     -715.0705    -8679.8242
 1 162  12.138  36814.820   3.120  -0.173   12.719  -10.000     -714.9913    -8678.8633
 2 162  12.138  36814.820   3.120  -0.004   11.619  -10.000     -714.9913    -8678.8633
 3 162  12.138  36814.820   3.120   0.007   10.098  -10.000     -714.9913    -8678.8633
 1 162  12.138  36844.797 172.156  -0.072   12.204  -10.000     -712.5218    -8648.8867
 2 162  12.138  36844.797 172.156   0.003   11.294  -10.000     -712.5218    -8648.8867
 3 162  12.138  36844.797 172.156  -0.021    9.955  -10.000     -712.5218    -8648.8867
 1 162  12.138  36845.797 201.819   0.167   11.907  -10.000     -712.4394    -8647.8867
 2 162  12.138  36845.797 201.819   0.102   10.999  -10.000     -712.4394    -8647.8867
 3 162  12.138  36845.797 201.819   0.065    9.755  -10.000     -712.4394    -8647.8867
 1 162  12.138  36846.793 231.350  -0.023   11.338  -10.000     -712.3574    -8646.8906
 2 162  12.138  36846.793 231.350  -0.120   10.489  -10.000     -712.3574    -8646.8906
 3 162  12.138  36846.793 231.350  -0.077    9.396  -10.000     -712.3574    -8646.8906
 0 119  12.138  49606.508 297.740   1.672  -99.290    0.420      338.8271     4112.8242
 0 119  12.138  49610.477  55.448  -0.818  -71.050    0.350      339.1540     4116.7930
 0 119  12.138  49611.500  85.803  -2.551  -66.230    0.500      339.2383     4117.8164
 0 119  12.138  49613.527 145.931  -0.651  -76.830    0.510      339.4054     4119.8438
 0 119  12.138  49614.523 175.474  -2.600  -90.070    0.560      339.4874     4120.8398
 0 119  12.138  49615.551 205.939   0.302  -92.100    0.530      339.5721     4121.8672
 0 119  12.138  49618.488 293.060   1.924  -99.620    0.330      339.8141     4124.8047
 0 119  12.138  49622.500  52.042  -0.302  -71.160    0.760      340.1446     4128.8164
 0 119  12.138  49623.523  82.386  -1.307  -67.190    0.560      340.2289     4129.8398
 0 119  12.138  49964.496 114.928  -0.581  -67.890    0.720      368.3192     4470.8125
 0 119  12.138  49965.523 145.393  -0.876  -76.460    0.560      368.4039     4471.8398
 0 119  12.138  49966.488 174.012  -2.719  -90.060    0.400      368.4834     4472.8047
 0 119  12.138  49969.516 263.793   6.150  -96.070    0.550      368.7328     4475.8320
 0 119  12.138  49973.566  23.928   0.814  -77.890    0.520      369.0665     4479.8828
 0 119  12.138  49988.535 107.875   1.902  -65.010    0.560      370.2997     4494.8516
 0 119  12.138  49996.539 345.256  -0.022  -88.460    0.260      370.9590     4502.8555
 0 119  12.138  49998.496  43.297   1.184  -72.100    0.310      371.1203     4504.8125
 0 119  12.138  50690.484  46.219  -0.348  -72.730    0.460      428.1284     5196.8008
 0 119  12.138  50693.449 134.143  -2.049  -70.570    0.910      428.3726     5199.7656
 0 119  12.138  50699.457 312.330  -1.603  -98.030    0.360      428.8676     5205.7734
 0 119  12.138  50700.469 342.334  -1.741  -91.090    0.480      428.9509     5206.7852
 0 119  12.138  50704.473 101.074   3.769  -62.620    0.430      429.2808     5210.7891
 0 119  12.138  50705.492 131.320  -0.331  -68.800    0.470      429.3648     5211.8086
 0 119  12.138  50706.535 162.246  -0.734  -82.940    0.380      429.4507     5212.8516
 0 119  12.138  50708.492 220.287  -1.281  -92.530    0.490      429.6119     5214.8086
 0 119  12.138  50709.496 250.060   2.234  -92.470    0.400      429.6946     5215.8125
 0 119  12.138  50711.473 308.683  -0.111  -96.560    0.250      429.8575     5217.7891
 0 119  12.138  50713.547  10.206   0.201  -82.200    0.330      430.0284     5219.8633
 0 119  12.138  50714.543  39.749  -0.191  -74.270    0.420      430.1104     5220.8594
 0 119  12.138  50715.484  67.665   0.906  -69.030    0.390      430.1880     5221.8008
 0 119  12.138  50728.520  94.263  -0.411  -65.250    0.530      431.2618     5234.8359
 0 119  12.138  50732.465 211.267  -2.866  -95.240    0.380      431.5869     5238.7812
18 163  12.138  47915.422 183.680   0.023   10.041  -10.000      199.5102     2421.7383
18 163  12.138  47915.434 184.026  -0.015   10.001  -10.000      199.5112     2421.7500
18 163  12.138  47915.508 186.229  -0.010    9.986  -10.000      199.5173     2421.8242
18 163  12.138  47915.523 186.691  -0.012    9.979  -10.000      199.5186     2421.8398
18 163  12.138  47944.754 333.605   0.050   10.104  -10.000      201.9267     2451.0703
18 163  12.138  47944.828 335.808   0.057   10.122  -10.000      201.9328     2451.1445
18 163  12.138  47944.844 336.270   0.000   10.067  -10.000      201.9341     2451.1602
18 163  12.138  47967.223 279.981   0.029    9.867  -10.000      203.7777     2473.5391
18 163  12.138  47967.234 280.333  -0.012    9.827  -10.000      203.7787     2473.5508
18 163  12.138  47967.324 282.997   0.030    9.882  -10.000      203.7861     2473.6406
18 163  12.138  48014.051 228.807  -0.078    9.508  -10.000      207.6356     2520.3672
18 163  12.138  48014.066 229.268  -0.038    9.549  -10.000      207.6369     2520.3828
18 163  12.138  48014.316 236.684  -0.068    9.537  -10.000      207.6575     2520.6328
18 163  12.138  48031.027  12.294   0.027   10.271  -10.000      209.0341     2537.3438
18 163  12.138  48031.117  14.963   0.032   10.289  -10.000      209.0416     2537.4336
18 163  12.138  48031.203  17.507   0.024   10.293  -10.000      209.0486     2537.5195
18 163  12.138  48031.219  17.974   0.074   10.346  -10.000      209.0499     2537.5352
18 163  12.138  48031.293  20.176   0.069   10.350  -10.000      209.0560     2537.6094
18 163  12.138  48031.309  20.638  -0.018   10.266  -10.000      209.0573     2537.6250
18 163  12.138  48031.383  22.841   0.026   10.320  -10.000      209.0634     2537.6992
18 163  12.138  48031.398  23.302   0.017   10.313  -10.000      209.0647     2537.7148
18 163  12.138  48070.828 112.703   0.019   10.416  -10.000      212.3131     2577.1445
18 163  12.138  48070.840 113.049   0.038   10.434  -10.000      212.3140     2577.1562
18 163  12.138  48070.914 115.252   0.014   10.397  -10.000      212.3201     2577.2305
18 163  12.138  48070.930 115.714   0.072   10.451  -10.000      212.3214     2577.2461
18 163  12.138  48161.988 296.323   0.008    9.912  -10.000      219.8231     2668.3047
18 163  12.138  48162.164 301.536   0.058    9.984  -10.000      219.8376     2668.4805
18 163  12.138  48162.180 301.998   0.053    9.981  -10.000      219.8389     2668.4961
18 163  12.138  48172.742 255.262   0.039    9.749  -10.000      220.7091     2679.0586
18 163  12.138  48172.832 257.926   0.011    9.736  -10.000      220.7165     2679.1484
18 163  12.138  48172.848 258.387  -0.056    9.672  -10.000      220.7177     2679.1641
18 163  12.138  48172.922 260.590   0.104    9.844  -10.000      220.7239     2679.2383
18 163  12.138  48213.777  32.278   0.069   10.407  -10.000      224.0897     2720.0938
18 163  12.138  48213.793  32.739   0.028   10.368  -10.000      224.0909     2720.1094
18 163  12.138  48213.867  34.942   0.036   10.387  -10.000      224.0971     2720.1836
18 163  12.138  48213.883  35.403   0.033   10.386  -10.000      224.0983     2720.1992
18 163  12.138  48225.598  22.846   0.027   10.321  -10.000      225.0635     2731.9141
18 163  12.138  48225.688  25.510   0.037   10.343  -10.000      225.0709     2732.0039
18 163  12.138  48225.703  25.972   0.063   10.371  -10.000      225.0721     2732.0195
18 163  12.138  48260.965 351.760   0.023   10.162  -10.000      227.9771     2767.2812
18 163  12.138  48261.129 356.627   0.010   10.173  -10.000      227.9906     2767.4453
18 163  12.138  48284.676 334.979   0.011   10.071  -10.000      229.9305     2790.9922
18 163  12.138  48284.688 335.325   0.043   10.105  -10.000      229.9315     2791.0039
18 163  12.138  48284.766 337.643   0.000   10.074  -10.000      229.9379     2791.0820
18 163  12.138  48311.258  43.347   0.002   10.392  -10.000      232.1204     2817.5742
18 163  12.138  48311.328  45.428  -0.066   10.333  -10.000      232.1262     2817.6445
18 163  12.138  48311.344  45.895   0.002   10.404  -10.000      232.1275     2817.6602
18 163  12.138  48367.312 265.809   0.032    9.797  -10.000      236.7384     2873.6289
18 163  12.138  48367.402 268.473   0.046    9.825  -10.000      236.7458     2873.7188
18 163  12.138  48367.414 268.819   0.024    9.804  -10.000      236.7467     2873.7305
18 163  12.138  48367.668 276.350   0.038    9.858  -10.000      236.7676     2873.9844
18 163  12.138  48367.684 276.817   0.041    9.864  -10.000      236.7689     2874.0000
18 163  12.138  48367.758 279.014   0.054    9.887  -10.000      236.7750     2874.0742
18 163  12.138  48367.773 279.481   0.014    9.850  -10.000      236.7763     2874.0898
18 163  12.138  48367.844 281.563   0.045    9.891  -10.000      236.7821     2874.1602
18 163  12.138  48367.859 282.030   0.043    9.890  -10.000      236.7834     2874.1758
18 163  12.138  48413.965 209.421   0.019    9.722  -10.000      240.5817     2920.2812
18 163  12.138  48468.352  22.418   0.021   10.313  -10.000      245.0623     2974.6680
18 163  12.138  48503.445 343.224   0.006   10.105  -10.000      247.9534     3009.7617
18 163  12.138  48503.457 343.570  -0.021   10.080  -10.000      247.9544     3009.7734
18 163  12.138  48503.531 345.773   0.018   10.130  -10.000      247.9605     3009.8477
18 163  12.138  48518.641  73.883  -0.001   10.486  -10.000      249.2052     3024.9570
18 163  12.138  48518.656  74.344  -0.020   10.467  -10.000      249.2065     3024.9727
18 163  12.138  48518.730  76.547   0.031   10.519  -10.000      249.2126     3025.0469
18 163  12.138  48518.742  76.893   0.013   10.501  -10.000      249.2136     3025.0586
18 163  12.138  48559.797 214.492   0.034    9.682  -10.000      252.5958     3066.1133
18 163  12.138  48559.812 214.953   0.021    9.665  -10.000      252.5971     3066.1289
18 163  12.138  48559.902 217.617  -0.007    9.615  -10.000      252.6045     3066.2188
18 163  12.138  48559.977 219.820  -0.005    9.602  -10.000      252.6106     3066.2930
18 163  12.138  48559.992 220.287  -0.012    9.593  -10.000      252.6119     3066.3086
18 163  12.138  48568.332 107.628   0.028   10.453  -10.000      253.2990     3074.6484
18 163  12.138  48568.344 107.974  -0.015   10.408  -10.000      253.2999     3074.6602
18 163  12.138  48568.422 110.292  -0.018   10.393  -10.000      253.3064     3074.7383
18 163  12.138  48568.434 110.638   0.006   10.415  -10.000      253.3073     3074.7500
18 163  12.138  48607.070 176.528  -0.011   10.056  -10.000      256.4904     3113.3867
18 163  12.138  48607.234 181.384   0.056   10.092  -10.000      256.5038     3113.5508
18 163  12.138  48607.250 181.857  -0.003   10.030  -10.000      256.5052     3113.5664
18 163  12.138  48625.898  14.930   0.032   10.290  -10.000      258.0415     3132.2148
18 163  12.138  48625.910  15.271  -0.011   10.248  -10.000      258.0424     3132.2266
18 163  12.138  48656.012 188.020   0.036   10.014  -10.000      260.5223     3162.3281
18 163  12.138  48656.027 188.481   0.012    9.986  -10.000      260.5236     3162.3438
18 163  12.138  48688.621  75.146   0.004   10.491  -10.000      263.2087     3194.9375
18 163  12.138  48688.633  75.498   0.032   10.519  -10.000      263.2097     3194.9492
18 163  12.138  48688.812  80.826   0.031   10.519  -10.000      263.2245     3195.1289
18 163  12.138  48688.887  83.024  -0.034   10.454  -10.000      263.2306     3195.2031
18 163  12.138  48688.898  83.375  -0.004   10.484  -10.000      263.2316     3195.2148
18 163  12.138  48708.617 308.188   0.014    9.968  -10.000      264.8561     3214.9336
18 163  12.138  48708.629 308.540  -0.002    9.954  -10.000      264.8571     3214.9453
18 163  12.138  48708.793 313.407  -0.009    9.967  -10.000      264.8706     3215.1094
18 163  12.138  48708.809 313.868  -0.007    9.970  -10.000      264.8719     3215.1250
18 163  12.138  48708.883 316.066   0.071   10.056  -10.000      264.8780     3215.1992
18 163  12.138  48708.898 316.527   0.041   10.028  -10.000      264.8792     3215.2148
18 163  12.138  48708.973 318.735  -0.005    9.990  -10.000      264.8854     3215.2891
18 163  12.138  48756.777 296.521   0.015    9.920  -10.000      268.8237     3263.0938
18 163  12.138  48776.422 159.137   0.014   10.151  -10.000      270.4420     3282.7383
18 163  12.138  48776.434 159.478   0.029   10.165  -10.000      270.4430     3282.7500
18 163  12.138  48776.508 161.686   0.043   10.171  -10.000      270.4491     3282.8242
18 163  12.138  48776.703 167.476   0.017   10.124  -10.000      270.4652     3283.0195
18 163  12.138  48968.914 108.051  -0.035   10.388  -10.000      286.3001     3475.2305
18 163  12.138  48968.992 110.369   0.039   10.449  -10.000      286.3066     3475.3086
18 163  12.138  49041.555 102.415   0.021   10.470  -10.000      292.2845     3547.8711
 0 151  12.138  49964.496 114.928  -0.581  -67.890    0.720      368.3192     4470.8125
 0 151  12.138  49965.523 145.393  -0.876  -76.460    0.560      368.4039     4471.8398
 0 151  12.138  49966.488 174.012  -2.719  -90.060    0.400      368.4834     4472.8047
 0 151  12.138  49969.516 263.793   6.150  -96.070    0.550      368.7328     4475.8320
 0 151  12.138  49973.566  23.928   0.814  -77.890    0.520      369.0665     4479.8828
 0 151  12.138  49988.535 107.875   1.902  -65.010    0.560      370.2997     4494.8516
 0 151  12.138  49996.539 345.256  -0.022  -88.460    0.260      370.9590     4502.8555
 0 151  12.138  49998.496  43.297   1.184  -72.100    0.310      371.1203     4504.8125
 0 151  12.138  50690.484  46.219  -0.348  -72.730    0.460      428.1284     5196.8008
 0 151  12.138  50693.449 134.143  -2.049  -70.570    0.910      428.3726     5199.7656
 0 151  12.138  50699.457 312.330  -1.603  -98.030    0.360      428.8676     5205.7734
 0 151  12.138  50700.469 342.334  -1.741  -91.090    0.480      428.9509     5206.7852
 0 151  12.138  50704.473 101.074   3.769  -62.620    0.430      429.2808     5210.7891
 0 151  12.138  50705.492 131.320  -0.331  -68.800    0.470      429.3648     5211.8086
 0 151  12.138  50706.535 162.246  -0.734  -82.940    0.380      429.4507     5212.8516
 0 151  12.138  50708.492 220.287  -1.281  -92.530    0.490      429.6119     5214.8086
 0 151  12.138  50709.496 250.060   2.234  -92.470    0.400      429.6946     5215.8125
 0 151  12.138  50711.473 308.683  -0.111  -96.560    0.250      429.8575     5217.7891
 0 151  12.138  50713.547  10.206   0.201  -82.200    0.330      430.0284     5219.8633
 0 151  12.138  50714.543  39.749  -0.191  -74.270    0.420      430.1104     5220.8594
 0 151  12.138  50715.484  67.665   0.906  -69.030    0.390      430.1880     5221.8008
 0 151  12.138  50728.520  94.263  -0.411  -65.250    0.530      431.2618     5234.8359
 0 151  12.138  50732.465 211.267  -2.866  -95.240    0.380      431.5869     5238.7812
 3  14  12.138  43420.504  73.839  -0.073   10.310  -10.000     -170.7949    -2073.1797
 2  14  12.138  43424.469 191.426  -0.158   10.930  -10.000     -170.4683    -2069.2148
 3  14  12.138  43424.469 191.426  -0.118    9.710  -10.000     -170.4683    -2069.2148
 2  14  12.138  43438.457 246.292  -0.208   10.510  -10.000     -169.3159    -2055.2266
 3  14  12.138  43438.457 246.292  -0.156    9.380  -10.000     -169.3159    -2055.2266
 2  14  12.138  43483.328 137.071  -0.073   11.450  -10.000     -165.6192    -2010.3555
 3  14  12.138  43483.328 137.071  -0.077   10.050  -10.000     -165.6192    -2010.3555
 2  14  12.138  43489.297 314.094  -0.182   11.100  -10.000     -165.1275    -2004.3867
 3  14  12.138  43489.297 314.094  -0.099    9.770  -10.000     -165.1275    -2004.3867
 2  14  12.138  43490.305 343.982  -0.165   11.320  -10.000     -165.0445    -2003.3789
 3  14  12.138  43490.305 343.982  -0.096    9.900  -10.000     -165.0445    -2003.3789
 2  14  12.138  43524.262 271.077  -0.185   10.770  -10.000     -162.2470    -1969.4219
 3  14  12.138  43524.262 271.077  -0.129    9.550  -10.000     -162.2470    -1969.4219
 2  14  12.138  43743.562 295.076  -0.136   11.010  -10.000     -144.1803    -1750.1211
 3  14  12.138  43743.562 295.076  -0.069    9.720  -10.000     -144.1803    -1750.1211
 2  14  12.138  43777.570 223.676   0.006   10.610  -10.000     -141.3787    -1716.1133
 3  14  12.138  43777.570 223.676   0.006    9.480  -10.000     -141.3787    -1716.1133
 3  14  12.138  43798.273 117.691   0.041   10.300  -10.000     -139.6731    -1695.4102
 2  14  12.138  43837.434 199.100  -0.081   10.870  -10.000     -136.4469    -1656.2500
 3  14  12.138  43837.434 199.100  -0.049    9.680  -10.000     -136.4469    -1656.2500
 2  14  12.138  43878.242 329.392  -0.109   11.270  -10.000     -133.0850    -1615.4414
 3  14  12.138  43878.242 329.392  -0.106    9.820  -10.000     -133.0850    -1615.4414
 2  14  12.138  43928.242  12.288   0.009   11.700  -10.000     -128.9659    -1565.4414
 3  14  12.138  43928.242  12.288  -0.069   10.070  -10.000     -128.9659    -1565.4414
 2  14  12.138  43931.254 101.613   0.029   11.920  -10.000     -128.7177    -1562.4297
 3  14  12.138  43931.254 101.613   0.003   10.350  -10.000     -128.7177    -1562.4297
 2  14  12.138  44054.508 157.063  -0.093   11.280  -10.000     -118.5637    -1439.1758
 3  14  12.138  44054.508 157.063  -0.083    9.950  -10.000     -118.5637    -1439.1758
 2  14  12.138  44066.469 151.801   0.064   11.470  -10.000     -117.5783    -1427.2148
 3  14  12.138  44066.469 151.801  -0.005   10.050  -10.000     -117.5783    -1427.2148
 3  14  12.138  44111.488  46.986  -0.102   10.200  -10.000     -113.8695    -1382.1953
 2  14  12.138  44159.375  27.205   0.044   11.830  -10.000     -109.9244    -1334.3086
 3  14  12.138  44159.375  27.205  -0.019   10.190  -10.000     -109.9244    -1334.3086
 2  14  12.138  44166.355 234.231  -0.063   10.560  -10.000     -109.3494    -1327.3281
 3  14  12.138  44166.355 234.231  -0.070    9.410  -10.000     -109.3494    -1327.3281
 2  14  12.138  44251.266 232.487  -0.054   10.560  -10.000     -102.3542    -1242.4180
 3  14  12.138  44251.266 232.487  -0.085    9.390  -10.000     -102.3542    -1242.4180
 3   9  12.138  43814.809 248.088  -0.067    9.480  -10.000     -138.3109    -1678.8750
14   9  12.138  43814.809 248.088  -0.087   11.070  -10.000     -138.3109    -1678.8750
15   9  12.138  43814.809 248.088  -0.060    9.830  -10.000     -138.3109    -1678.8750
16   9  12.138  43814.809 248.088  -0.049    8.820  -10.000     -138.3109    -1678.8750
17   9  12.138  43814.809 248.088  -0.042    8.080  -10.000     -138.3109    -1678.8750
 3   9  12.138  43717.820 251.620  -0.031    9.540  -10.000     -146.3011    -1775.8633
14   9  12.138  43717.820 251.620  -0.004   11.200  -10.000     -146.3011    -1775.8633
15   9  12.138  43717.820 251.620  -0.017    9.900  -10.000     -146.3011    -1775.8633
16   9  12.138  43717.820 251.620  -0.027    8.860  -10.000     -146.3011    -1775.8633
17   9  12.138  43717.820 251.620  -0.035    8.100  -10.000     -146.3011    -1775.8633
 3   9  12.138  43790.789 255.718   0.012    9.610  -10.000     -140.2897    -1702.8945
14   9  12.138  43790.789 255.718   0.064   11.320  -10.000     -140.2897    -1702.8945
15   9  12.138  43790.789 255.718   0.033    9.980  -10.000     -140.2897    -1702.8945
16   9  12.138  43790.789 255.718   0.003    8.910  -10.000     -140.2897    -1702.8945
17   9  12.138  43790.789 255.718  -0.029    8.120  -10.000     -140.2897    -1702.8945
 3   9  12.138  43865.648 315.890  -0.016    9.860  -10.000     -134.1225    -1628.0352
14   9  12.138  43865.648 315.890  -0.014   11.850  -10.000     -134.1225    -1628.0352
15   9  12.138  43865.648 315.890  -0.001   10.270  -10.000     -134.1225    -1628.0352
16   9  12.138  43865.648 315.890  -0.015    9.080  -10.000     -134.1225    -1628.0352
17   9  12.138  43865.648 315.890  -0.034    8.230  -10.000     -134.1225    -1628.0352
 3   9  12.138  43806.809  10.822   0.019   10.150  -10.000     -138.9699    -1686.8750
14   9  12.138  43806.809  10.822   0.035   12.370  -10.000     -138.9699    -1686.8750
15   9  12.138  43806.809  10.822   0.043   10.600  -10.000     -138.9699    -1686.8750
16   9  12.138  43806.809  10.822   0.028    9.320  -10.000     -138.9699    -1686.8750
17   9  12.138  43806.809  10.822   0.027    8.440  -10.000     -138.9699    -1686.8750
 3   9  12.138  43867.648  15.205  -0.023   10.130  -10.000     -133.9578    -1626.0352
14   9  12.138  43867.648  15.205  -0.001   12.370  -10.000     -133.9578    -1626.0352
15   9  12.138  43867.648  15.205  -0.001   10.580  -10.000     -133.9578    -1626.0352
16   9  12.138  43867.648  15.205  -0.010    9.300  -10.000     -133.9578    -1626.0352
17   9  12.138  43867.648  15.205  -0.018    8.410  -10.000     -133.9578    -1626.0352
 3   9  12.138  43784.828  78.931  -0.034   10.350  -10.000     -140.7807    -1708.8555
14   9  12.138  43784.828  78.931  -0.058   12.610  -10.000     -140.7807    -1708.8555
15   9  12.138  43784.828  78.931  -0.011   10.810  -10.000     -140.7807    -1708.8555
16   9  12.138  43784.828  78.931  -0.012    9.510  -10.000     -140.7807    -1708.8555
17   9  12.138  43784.828  78.931  -0.036    8.590  -10.000     -140.7807    -1708.8555
 3   9  12.138  43663.922  93.104  -0.055   10.320  -10.000     -150.7414    -1829.7617
14   9  12.138  43663.922  93.104  -0.053   12.560  -10.000     -150.7414    -1829.7617
15   9  12.138  43663.922  93.104  -0.026   10.780  -10.000     -150.7414    -1829.7617
16   9  12.138  43663.922  93.104  -0.056    9.470  -10.000     -150.7414    -1829.7617
17   9  12.138  43663.922  93.104  -0.059    8.580  -10.000     -150.7414    -1829.7617
 3   9  12.138  43785.828 108.589  -0.063   10.250  -10.000     -140.6984    -1707.8555
14   9  12.138  43785.828 108.589  -0.067   12.400  -10.000     -140.6984    -1707.8555
15   9  12.138  43785.828 108.589  -0.032   10.700  -10.000     -140.6984    -1707.8555
16   9  12.138  43785.828 108.589  -0.057    9.430  -10.000     -140.6984    -1707.8555
17   9  12.138  43785.828 108.589  -0.060    8.560  -10.000     -140.6984    -1707.8555
 3   9  12.138  43664.910 122.415  -0.017   10.210  -10.000     -150.6600    -1828.7734
14   9  12.138  43664.910 122.415   0.006   12.290  -10.000     -150.6600    -1828.7734
15   9  12.138  43664.910 122.415   0.008   10.640  -10.000     -150.6600    -1828.7734
16   9  12.138  43664.910 122.415  -0.017    9.410  -10.000     -150.6600    -1828.7734
17   9  12.138  43664.910 122.415  -0.050    8.530  -10.000     -150.6600    -1828.7734
 3   9  12.138  43787.891 169.755  -0.046    9.940  -10.000     -140.5285    -1705.7930
14   9  12.138  43787.891 169.755  -0.031   11.780  -10.000     -140.5285    -1705.7930
15   9  12.138  43787.891 169.755  -0.019   10.340  -10.000     -140.5285    -1705.7930
16   9  12.138  43787.891 169.755  -0.050    9.200  -10.000     -140.5285    -1705.7930
17   9  12.138  43787.891 169.755  -0.075    8.380  -10.000     -140.5285    -1705.7930
