 2  79  11.211  47409.273 224.506  -0.128   12.113  -10.000      189.6236     2125.8281
 3  79  11.211  47409.273 224.506  -0.078   10.430  -10.000      189.6236     2125.8281
 4  79  11.211  47409.273 224.506  -0.051    9.372  -10.000      189.6236     2125.8281
 2  79  11.211  47410.289 257.119   0.085   12.461  -10.000      189.7142     2126.8438
 3  79  11.211  47410.289 257.119   0.051   10.632  -10.000      189.7142     2126.8438
 4  79  11.211  47410.289 257.119   0.039    9.509  -10.000      189.7142     2126.8438
 2  79  11.211  47411.293 289.352   0.015   12.645  -10.000      189.8038     2127.8477
 3  79  11.211  47411.293 289.352   0.024   10.751  -10.000      189.8038     2127.8477
 4  79  11.211  47411.293 289.352   0.016    9.587  -10.000      189.8038     2127.8477
 2  79  11.211  47413.266 352.700   0.006   13.128  -10.000      189.9797     2129.8203
 3  79  11.211  47413.266 352.700   0.037   11.071  -10.000      189.9797     2129.8203
 4  79  11.211  47413.266 352.700   0.023    9.825  -10.000      189.9797     2129.8203
 2  79  11.211  47414.273  25.065  -0.010   13.363  -10.000      190.0696     2130.8281
 3  79  11.211  47414.273  25.065  -0.012   11.200  -10.000      190.0696     2130.8281
 4  79  11.211  47414.273  25.065   0.007    9.956  -10.000      190.0696     2130.8281
 2  79  11.211  47415.250  56.420  -0.040   13.513  -10.000      190.1567     2131.8047
 3  79  11.211  47415.250  56.420   0.017   11.373  -10.000      190.1567     2131.8047
 4  79  11.211  47415.250  56.420   0.023   10.100  -10.000      190.1567     2131.8047
 2  79  11.211  47416.242  88.286  -0.085   13.487  -10.000      190.2452     2132.7969
 3  79  11.211  47416.242  88.286  -0.008   11.393  -10.000      190.2452     2132.7969
 4  79  11.211  47416.242  88.286   0.021   10.155  -10.000      190.2452     2132.7969
 2  79  11.211  47417.242 120.394   0.011   13.326  -10.000      190.3344     2133.7969
 3  79  11.211  47417.242 120.394   0.023   11.281  -10.000      190.3344     2133.7969
 4  79  11.211  47417.242 120.394   0.008   10.046  -10.000      190.3344     2133.7969
 2  79  11.211  47418.242 152.507   0.087   13.069  -10.000      190.4236     2134.7969
 3  79  11.211  47418.242 152.507   0.035   11.085  -10.000      190.4236     2134.7969
 4  79  11.211  47418.242 152.507   0.013    9.895  -10.000      190.4236     2134.7969
 2  79  11.211  47419.219 183.867   0.093   12.856  -10.000      190.5107     2135.7734
 3  79  11.211  47419.219 183.867   0.047   10.942  -10.000      190.5107     2135.7734
 4  79  11.211  47419.219 183.867   0.032    9.786  -10.000      190.5107     2135.7734
 2  79  11.211  47420.219 215.980  -0.017   12.315  -10.000      190.5999     2136.7734
 3  79  11.211  47420.219 215.980  -0.020   10.556  -10.000      190.5999     2136.7734
 4  79  11.211  47420.219 215.980  -0.007    9.475  -10.000      190.5999     2136.7734
 2  79  11.211  47421.203 247.588   0.033   12.324  -10.000      190.6877     2137.7578
 3  79  11.211  47421.203 247.588   0.001   10.529  -10.000      190.6877     2137.7578
 4  79  11.211  47421.203 247.588   0.008    9.438  -10.000      190.6877     2137.7578
 2  79  11.211  47422.219 280.201   0.004   12.571  -10.000      190.7783     2138.7734
 3  79  11.211  47422.219 280.201  -0.013   10.679  -10.000      190.7783     2138.7734
 4  79  11.211  47422.219 280.201  -0.025    9.524  -10.000      190.7783     2138.7734
 2  79  11.211  47423.223 312.440   0.034   12.847  -10.000      190.8679     2139.7773
 3  79  11.211  47423.223 312.440   0.017   10.853  -10.000      190.8679     2139.7773
 4  79  11.211  47423.223 312.440   0.014    9.664  -10.000      190.8679     2139.7773
 2  79  11.211  47424.230 344.800   0.025   13.090  -10.000      190.9578     2140.7852
 3  79  11.211  47424.230 344.800   0.025   11.021  -10.000      190.9578     2140.7852
 4  79  11.211  47424.230 344.800   0.016    9.788  -10.000      190.9578     2140.7852
 2  79  11.211  47425.254  17.666  -0.014   13.306  -10.000      191.0491     2141.8086
 3  79  11.211  47425.254  17.666   0.020   11.193  -10.000      191.0491     2141.8086
 4  79  11.211  47425.254  17.666   0.034    9.950  -10.000      191.0491     2141.8086
 2  79  11.211  47427.281  82.771   0.017   13.599  -10.000      191.2299     2143.8359
 3  79  11.211  47427.281  82.771   0.068   11.469  -10.000      191.2299     2143.8359
 4  79  11.211  47427.281  82.771   0.073   10.202  -10.000      191.2299     2143.8359
 2  79  11.211  47428.215 112.747   0.011   13.416  -10.000      191.3132     2144.7695
 3  79  11.211  47428.215 112.747   0.017   11.330  -10.000      191.3132     2144.7695
 4  79  11.211  47428.215 112.747   0.021   10.100  -10.000      191.3132     2144.7695
 2  79  11.211  47429.211 144.734   0.082   13.131  -10.000      191.4020     2145.7656
 3  79  11.211  47429.211 144.734   0.060   11.155  -10.000      191.4020     2145.7656
 4  79  11.211  47429.211 144.734   0.040    9.958  -10.000      191.4020     2145.7656
 2  79  11.211  47430.203 176.594   0.040   12.859  -10.000      191.4905     2146.7578
 3  79  11.211  47430.203 176.594   0.014   10.950  -10.000      191.4905     2146.7578
 4  79  11.211  47430.203 176.594   0.012    9.801  -10.000      191.4905     2146.7578
 2  79  11.211  47431.250 210.212   0.056   12.472  -10.000      191.5839     2147.8047
 3  79  11.211  47431.250 210.212   0.026   10.664  -10.000      191.5839     2147.8047
 4  79  11.211  47431.250 210.212   0.039    9.573  -10.000      191.5839     2147.8047
 2  79  11.211  47432.234 241.826  -0.060   12.190  -10.000      191.6717     2148.7891
 3  79  11.211  47432.234 241.826  -0.034   10.469  -10.000      191.6717     2148.7891
 4  79  11.211  47432.234 241.826  -0.013    9.400  -10.000      191.6717     2148.7891
 2  79  11.211  47433.234 273.939   0.069   12.591  -10.000      191.7609     2149.7891
 3  79  11.211  47433.234 273.939   0.056   10.723  -10.000      191.7609     2149.7891
 4  79  11.211  47433.234 273.939   0.038    9.570  -10.000      191.7609     2149.7891
 2  79  11.211  47434.234 306.046   0.005   12.766  -10.000      191.8501     2150.7891
 3  79  11.211  47434.234 306.046  -0.003   10.801  -10.000      191.8501     2150.7891
 4  79  11.211  47434.234 306.046   0.019    9.645  -10.000      191.8501     2150.7891
 2  79  11.211  44825.422  51.971  -0.086   13.445  -10.000      -40.8556     -458.0234
 3  79  11.211  44825.422  51.971  -0.042   11.295  -10.000      -40.8556     -458.0234
 2  79  11.211  44827.281 111.679   0.001   13.417  -10.000      -40.6898     -456.1641
 3  79  11.211  44827.281 111.679  -0.016   11.304  -10.000      -40.6898     -456.1641
 2  79  11.211  44829.301 176.530   0.045   12.865  -10.000      -40.5096     -454.1445
 3  79  11.211  44829.301 176.530   0.007   10.944  -10.000      -40.5096     -454.1445
 2  79  11.211  44831.273 239.875  -0.028   12.211  -10.000      -40.3337     -452.1719
 3  79  11.211  44831.273 239.875  -0.056   10.441  -10.000      -40.3337     -452.1719
 2  79  11.211  44832.281 272.238   0.068   12.576  -10.000      -40.2438     -451.1641
 3  79  11.211  44832.281 272.238   0.037   10.697  -10.000      -40.2438     -451.1641
 2  79  11.211  44833.266 303.849   0.026   12.768  -10.000      -40.1560     -450.1797
 3  79  11.211  44833.266 303.849   0.013   10.806  -10.000      -40.1560     -450.1797
 2  79  11.211  44834.387 339.850   0.004   13.030  -10.000      -40.0560     -449.0586
 3  79  11.211  44834.387 339.850   0.017   10.988  -10.000      -40.0560     -449.0586
 2  79  11.211  44835.391  12.086  -0.030   13.244  -10.000      -39.9664     -448.0547
 3  79  11.211  44835.391  12.086  -0.001   11.139  -10.000      -39.9664     -448.0547
 2  79  11.211  44836.426  45.328  -0.049   13.445  -10.000      -39.8741     -447.0195
 3  79  11.211  44836.426  45.328  -0.010   11.297  -10.000      -39.8741     -447.0195
 2  79  11.211  44845.223 327.813   0.021   12.948  -10.000      -39.0894     -438.2227
 3  79  11.211  44845.223 327.813   0.004   10.911  -10.000      -39.0894     -438.2227
 2  79  11.211  44846.266   1.305   0.002   13.189  -10.000      -38.9964     -437.1797
 3  79  11.211  44846.266   1.305   0.010   11.090  -10.000      -38.9964     -437.1797
 2  79  11.211  44847.238  32.539  -0.018   13.399  -10.000      -38.9096     -436.2070
 3  79  11.211  44847.238  32.539  -0.004   11.243  -10.000      -38.9096     -436.2070
 2  79  11.211  44848.230  64.399  -0.045   13.536  -10.000      -38.8211     -435.2148
 3  79  11.211  44848.230  64.399  -0.004   11.377  -10.000      -38.8211     -435.2148
 2  79  11.211  44849.254  97.263  -0.020   13.515  -10.000      -38.7298     -434.1914
 3  79  11.211  44849.254  97.263  -0.012   11.374  -10.000      -38.7298     -434.1914
 2  79  11.211  44850.250 129.250   0.048   13.257  -10.000      -38.6410     -433.1953
 3  79  11.211  44850.250 129.250   0.039   11.232  -10.000      -38.6410     -433.1953
 2  79  11.211  44851.246 161.237   0.026   12.949  -10.000      -38.5521     -432.1992
 3  79  11.211  44851.246 161.237  -0.003   11.007  -10.000      -38.5521     -432.1992
 2  79  11.211  44852.242 193.223   0.062   12.738  -10.000      -38.4633     -431.2031
 3  79  11.211  44852.242 193.223   0.032   10.863  -10.000      -38.4633     -431.2031
 2  79  11.211  44853.250 225.586  -0.133   12.100  -10.000      -38.3734     -430.1953
 3  79  11.211  44853.250 225.586  -0.114   10.388  -10.000      -38.3734     -430.1953
 2  79  11.211  44854.246 257.573   0.110   12.490  -10.000      -38.2845     -429.1992
 3  79  11.211  44854.246 257.573   0.054   10.637  -10.000      -38.2845     -429.1992
 2  79  11.211  44855.234 289.308   0.056   12.686  -10.000      -38.1964     -428.2109
 3  79  11.211  44855.234 289.308   0.035   10.761  -10.000      -38.1964     -428.2109
 2  79  11.211  44856.234 321.420   0.019   12.900  -10.000      -38.1072     -427.2109
 3  79  11.211  44856.234 321.420   0.016   10.894  -10.000      -38.1072     -427.2109
 2  79  11.211  44857.234 353.532  -0.006   13.122  -10.000      -38.0180     -426.2109
 3  79  11.211  44857.234 353.532   0.020   11.059  -10.000      -38.0180     -426.2109
 2  79  11.211  44880.215  11.481  -0.009   13.259  -10.000      -35.9681     -403.2305
 3  79  11.211  44880.215  11.481  -0.007   11.129  -10.000      -35.9681     -403.2305
 2  79  11.211  44881.207  43.341  -0.039   13.443  -10.000      -35.8796     -402.2383
 3  79  11.211  44881.207  43.341  -0.034   11.264  -10.000      -35.8796     -402.2383
 2  79  11.211  44882.254  76.958  -0.069   13.521  -10.000      -35.7862     -401.1914
 3  79  11.211  44882.254  76.958  -0.007   11.393  -10.000      -35.7862     -401.1914
 2  79  11.211  44883.188 106.938  -0.027   13.436  -10.000      -35.7029     -400.2578
 3  79  11.211  44883.188 106.938   0.004   11.351  -10.000      -35.7029     -400.2578
 2  79  11.211  44884.219 140.054   0.040   13.135  -10.000      -35.6110     -399.2266
 3  79  11.211  44884.219 140.054   0.014   11.138  -10.000      -35.6110     -399.2266
 2  79  11.211  45174.422  99.044  -0.046   13.478  -10.000       -9.7249     -109.0234
 3  79  11.211  45174.422  99.044  -0.027   11.354  -10.000       -9.7249     -109.0234
 2  79  11.211  45175.441 131.783  -0.010   13.170  -10.000       -9.6339     -108.0039
 3  79  11.211  45175.441 131.783  -0.019   11.157  -10.000       -9.6339     -108.0039
 2  79  11.211  45178.410 227.116  -0.155   12.069  -10.000       -9.3691     -105.0352
 3  79  11.211  45178.410 227.116  -0.131   10.364  -10.000       -9.3691     -105.0352
 2  79  11.211  45179.328 256.593   0.105   12.476  -10.000       -9.2872     -104.1172
 3  79  11.211  45179.328 256.593   0.046   10.624  -10.000       -9.2872     -104.1172
 2  79  11.211  45180.316 288.329   0.038   12.661  -10.000       -9.1991     -103.1289
 3  79  11.211  45180.316 288.329   0.018   10.741  -10.000       -9.1991     -103.1289
 2  79  11.211  45181.273 319.061   0.017   12.880  -10.000       -9.1137     -102.1719
 3  79  11.211  45181.273 319.061   0.007   10.874  -10.000       -9.1137     -102.1719
 2  79  11.211  45182.281 351.424  -0.014   13.099  -10.000       -9.0238     -101.1641
 3  79  11.211  45182.281 351.424  -0.007   11.021  -10.000       -9.0238     -101.1641
 2  79  11.211  45183.305  24.288  -0.062   13.306  -10.000       -8.9325     -100.1406
 3  79  11.211  45183.305  24.288  -0.026   11.182  -10.000       -8.9325     -100.1406
 2  79  11.211  45184.309  56.526  -0.074   13.479  -10.000       -8.8430      -99.1367
 3  79  11.211  45184.309  56.526  -0.024   11.332  -10.000       -8.8430      -99.1367
 2  79  11.211  45186.301 120.499   0.007   13.320  -10.000       -8.6653      -97.1445
 3  79  11.211  45186.301 120.499   0.000   11.257  -10.000       -8.6653      -97.1445
 2  79  11.211  45187.328 153.489   0.053   13.028  -10.000       -8.5736      -96.1172
 3  79  11.211  45187.328 153.489   0.024   11.069  -10.000       -8.5736      -96.1172
 2  79  11.211  45188.301 184.723   0.037   12.793  -10.000       -8.4869      -95.1445
 3  79  11.211  45188.301 184.723   0.000   10.889  -10.000       -8.4869      -95.1445
 2  79  11.211  45189.340 218.089  -0.128   12.177  -10.000       -8.3942      -94.1055
 3  79  11.211  45189.340 218.089  -0.092   10.464  -10.000       -8.3942      -94.1055
 2  79  11.211  45190.371 251.204   0.095   12.417  -10.000       -8.3022      -93.0742
 3  79  11.211  45190.371 251.204   0.037   10.584  -10.000       -8.3022      -93.0742
 2  79  11.211  45191.367 283.191   0.031   12.619  -10.000       -8.2134      -92.0781
 3  79  11.211  45191.367 283.191  -0.002   10.702  -10.000       -8.2134      -92.0781
 2  79  11.211  45192.363 315.177  -0.017   12.817  -10.000       -8.1245      -91.0820
 3  79  11.211  45192.363 315.177  -0.012   10.837  -10.000       -8.1245      -91.0820
 2  79  11.211  45194.379  19.903  -0.076   13.262  -10.000       -7.9447      -89.0664
 3  79  11.211  45194.379  19.903  -0.031   11.155  -10.000       -7.9447      -89.0664
 2  79  11.211  45198.391 148.727   0.074   13.087  -10.000       -7.5869      -85.0547
 3  79  11.211  45198.391 148.727   0.019   11.090  -10.000       -7.5869      -85.0547
 2  79  11.211  45199.332 178.958   0.033   12.835  -10.000       -7.5029      -84.1133
 3  79  11.211  45199.332 178.958   0.001   10.925  -10.000       -7.5029      -84.1133
 2  79  11.211  45200.414 213.704  -0.076   12.287  -10.000       -7.4064      -83.0312
 3  79  11.211  45200.414 213.704  -0.059   10.540  -10.000       -7.4064      -83.0312
 2  79  11.211  45201.363 244.185   0.021   12.286  -10.000       -7.3217      -82.0820
 3  79  11.211  45201.363 244.185  -0.014   10.498  -10.000       -7.3217      -82.0820
 2  79  11.211  45203.301 306.402   0.018   12.782  -10.000       -7.1489      -80.1445
 3  79  11.211  45203.301 306.402  -0.004   10.802  -10.000       -7.1489      -80.1445
 2  79  11.211  45209.309 139.325   0.023   13.125  -10.000       -6.6130      -74.1367
 3  79  11.211  45209.309 139.325  -0.011   11.118  -10.000       -6.6130      -74.1367
 2  79  11.211  45210.312 171.562   0.018   12.872  -10.000       -6.5234      -73.1328
 3  79  11.211  45210.312 171.562  -0.009   10.953  -10.000       -6.5234      -73.1328
 2  79  11.211  45211.273 202.420   0.068   12.616  -10.000       -6.4377      -72.1719
 3  79  11.211  45211.273 202.420   0.034   10.770  -10.000       -6.4377      -72.1719
 2  79  11.211  45212.309 235.661  -0.091   12.129  -10.000       -6.3454      -71.1367
 3  79  11.211  45212.309 235.661  -0.082   10.405  -10.000       -6.3454      -71.1367
 2  79  11.211  45213.277 266.769   0.061   12.524  -10.000       -6.2590      -70.1680
 3  79  11.211  45213.277 266.769   0.013   10.646  -10.000       -6.2590      -70.1680
 2  79  11.211  45648.223 193.715   0.095   12.766  -10.000       32.5381      364.7773
 3  79  11.211  45648.223 193.715   0.041   10.868  -10.000       32.5381      364.7773
 4  79  11.211  45648.223 193.715   0.032    9.728  -10.000       32.5381      364.7773
 2  79  11.211  45649.242 226.454  -0.144   12.084  -10.000       32.6290      365.7969
 3  79  11.211  45649.242 226.454  -0.127   10.370  -10.000       32.6290      365.7969
 4  79  11.211  45649.242 226.454  -0.113    9.301  -10.000       32.6290      365.7969
 3  79  11.211  45660.223 219.058  -0.070   10.478  -10.000       33.6085      376.7773
 4  79  11.211  45660.223 219.058  -0.049    9.409  -10.000       33.6085      376.7773
 3  79  11.211  45665.199  18.865  -0.016   11.164  -10.000       34.0524      381.7539
 4  79  11.211  45665.199  18.865  -0.015    9.906  -10.000       34.0524      381.7539
 3  79  11.211  45666.160  49.723  -0.027   11.300  -10.000       34.1381      382.7148
 4  79  11.211  45666.160  49.723  -0.022   10.030  -10.000       34.1381      382.7148
 3  79  11.211  45668.211 115.578  -0.025   11.269  -10.000       34.3210      384.7656
 4  79  11.211  45668.211 115.578  -0.034   10.031  -10.000       34.3210      384.7656
 3  79  11.211  45674.172 306.995  -0.016   10.793  -10.000       34.8528      390.7266
 4  79  11.211  45674.172 306.995  -0.034    9.596  -10.000       34.8528      390.7266
 3  79  11.211  45676.145  10.341  -0.011   11.118  -10.000       35.0287      392.6992
 4  79  11.211  45676.145  10.341  -0.014    9.866  -10.000       35.0287      392.6992
 3  79  11.211  49957.359 328.535  -0.027   10.884  -10.000      416.9126     4673.9141
 5  79  11.211  49957.359 328.535  -0.052    8.531  -10.000      416.9126     4673.9141
 3  79  11.211  49962.375 129.595   0.032   11.223  -10.000      417.3600     4678.9297
 5  79  11.211  49962.375 129.595  -0.042    8.828  -10.000      417.3600     4678.9297
 3  79  11.211  49986.285 177.396  -0.003   10.929  -10.000      419.4928     4702.8398
 5  79  11.211  49986.285 177.396  -0.036    8.681  -10.000      419.4928     4702.8398
 3  79  11.211  49987.293 209.762   0.075   10.718  -10.000      419.5827     4703.8477
 5  79  11.211  49987.293 209.762   0.017    8.526  -10.000      419.5827     4703.8477
 3  79  11.211  49992.309  10.822  -0.039   11.093  -10.000      420.0301     4708.8633
 5  79  11.211  49992.309  10.822  -0.022    8.696  -10.000      420.0301     4708.8633
 3  79  11.211  50007.305 132.374   0.028   11.200  -10.000      421.3677     4723.8594
 5  79  11.211  50007.305 132.374  -0.015    8.846  -10.000      421.3677     4723.8594
 3  79  11.211  50009.305 196.600   0.071   10.872  -10.000      421.5461     4725.8594
 5  79  11.211  50009.305 196.600   0.048    8.671  -10.000      421.5461     4725.8594
 3  79  11.211  50011.266 259.563   0.016   10.610  -10.000      421.7210     4727.8203
 5  79  11.211  50011.266 259.563  -0.009    8.432  -10.000      421.7210     4727.8203
 3  79  11.211  50018.277 124.728   0.035   11.260  -10.000      422.3465     4734.8320
 5  79  11.211  50018.277 124.728  -0.047    8.839  -10.000      422.3465     4734.8320
 3  79  11.211  50019.266 156.467   0.027   11.058  -10.000      422.4346     4735.8203
 5  79  11.211  50019.266 156.467   0.003    8.786  -10.000      422.4346     4735.8203
 3  79  11.211  50020.230 187.449   0.035   10.907  -10.000      422.5207     4736.7852
 5  79  11.211  50020.230 187.449  -0.011    8.662  -10.000      422.5207     4736.7852
 2 150  11.211  50305.309 341.862   0.001   13.043  -10.000      447.9496     5021.8633
 3 150  11.211  50305.309 341.862   0.005   10.986  -10.000      447.9496     5021.8633
 4 150  11.211  50305.309 341.862   0.012    9.772  -10.000      447.9496     5021.8633
 2 150  11.211  50306.312  14.095  -0.072   13.219  -10.000      448.0392     5022.8672
 3 150  11.211  50306.312  14.095  -0.035   11.117  -10.000      448.0392     5022.8672
 4 150  11.211  50306.312  14.095  -0.009    9.889  -10.000      448.0392     5022.8672
 2 150  11.211  50307.297  45.714  -0.062   13.434  -10.000      448.1270     5023.8516
 3 150  11.211  50307.297  45.714   0.010   11.319  -10.000      448.1270     5023.8516
 4 150  11.211  50307.297  45.714   0.020   10.055  -10.000      448.1270     5023.8516
 2 150  11.211  50310.281 141.548   0.033   13.113  -10.000      448.3932     5026.8359
 3 150  11.211  50310.281 141.548   0.002   11.117  -10.000      448.3932     5026.8359
 4 150  11.211  50310.281 141.548  -0.008    9.925  -10.000      448.3932     5026.8359
 2 150  11.211  50311.254 172.782   0.003   12.849  -10.000      448.4799     5027.8086
 3 150  11.211  50311.254 172.782   0.013   10.969  -10.000      448.4799     5027.8086
 4 150  11.211  50311.254 172.782   0.004    9.809  -10.000      448.4799     5027.8086
 2 150  11.211  50312.289 206.016   0.111   12.597  -10.000      448.5723     5028.8438
 3 150  11.211  50312.289 206.016   0.091   10.781  -10.000      448.5723     5028.8438
 4 150  11.211  50312.289 206.016   0.081    9.660  -10.000      448.5723     5028.8438
 2 150  11.211  50313.281 237.876  -0.154   12.075  -10.000      448.6608     5029.8359
 3 150  11.211  50313.281 237.876  -0.112   10.379  -10.000      448.6608     5029.8359
 4 150  11.211  50313.281 237.876  -0.078    9.326  -10.000      448.6608     5029.8359
 2 150  11.211  50314.270 269.615   0.041   12.528  -10.000      448.7489     5030.8242
 3 150  11.211  50314.270 269.615   0.020   10.667  -10.000      448.7489     5030.8242
 4 150  11.211  50314.270 269.615   0.025    9.543  -10.000      448.7489     5030.8242
 2 150  11.211  50315.258 301.355   0.008   12.729  -10.000      448.8371     5031.8125
 3 150  11.211  50315.258 301.355  -0.016   10.764  -10.000      448.8371     5031.8125
 2 150  11.211  50316.223 332.336  -0.015   12.947  -10.000      448.9232     5032.7773
 3 150  11.211  50316.223 332.336  -0.025   10.904  -10.000      448.9232     5032.7773
 4 150  11.211  50316.223 332.336   0.010    9.730  -10.000      448.9232     5032.7773
 2 150  11.211  50317.230   4.702  -0.051   13.163  -10.000      449.0131     5033.7852
 3 150  11.211  50317.230   4.702  -0.032   11.066  -10.000      449.0131     5033.7852
 4 150  11.211  50317.230   4.702   0.010    9.864  -10.000      449.0131     5033.7852
 2 150  11.211  50318.246  37.310  -0.033   13.413  -10.000      449.1036     5034.8008
 3 150  11.211  50318.246  37.310  -0.028   11.242  -10.000      449.1036     5034.8008
 4 150  11.211  50318.246  37.310   0.015   10.015  -10.000      449.1036     5034.8008
 2 150  11.211  50319.230  68.917  -0.058   13.531  -10.000      449.1914     5035.7852
 3 150  11.211  50319.230  68.917  -0.050   11.341  -10.000      449.1914     5035.7852
 4 150  11.211  50319.230  68.917  -0.007   10.106  -10.000      449.1914     5035.7852
 2 150  11.211  50320.234 101.162  -0.042   13.467  -10.000      449.2810     5036.7891
 3 150  11.211  50320.234 101.162  -0.001   11.372  -10.000      449.2810     5036.7891
 4 150  11.211  50320.234 101.162   0.032   10.152  -10.000      449.2810     5036.7891
 2 150  11.211  50321.223 132.891   0.029   13.197  -10.000      449.3691     5037.7773
 3 150  11.211  50321.223 132.891   0.014   11.183  -10.000      449.3691     5037.7773
 4 150  11.211  50321.223 132.891   0.012    9.985  -10.000      449.3691     5037.7773
 2 150  11.211  50322.254 166.014   0.025   12.917  -10.000      449.4612     5038.8086
 3 150  11.211  50322.254 166.014   0.007   10.996  -10.000      449.4612     5038.8086
 4 150  11.211  50322.254 166.014   0.010    9.843  -10.000      449.4612     5038.8086
 2 150  11.211  50323.258 198.248   0.154   12.767  -10.000      449.5507     5039.8125
 3 150  11.211  50323.258 198.248   0.059   10.844  -10.000      449.5507     5039.8125
 4 150  11.211  50323.258 198.248   0.092    9.752  -10.000      449.5507     5039.8125
 2 150  11.211  50324.258 230.361  -0.179   12.035  -10.000      449.6399     5040.8125
 3 150  11.211  50324.258 230.361  -0.126   10.360  -10.000      449.6399     5040.8125
 4 150  11.211  50324.258 230.361  -0.069    9.334  -10.000      449.6399     5040.8125
 2 150  11.211  50325.227 261.464   0.070   12.485  -10.000      449.7263     5041.7812
 3 150  11.211  50325.227 261.464   0.014   10.619  -10.000      449.7263     5041.7812
 4 150  11.211  50325.227 261.464   0.033    9.521  -10.000      449.7263     5041.7812
 2 150  11.211  50326.184 292.203   0.016   12.666  -10.000      449.8117     5042.7383
 3 150  11.211  50326.184 292.203  -0.015   10.723  -10.000      449.8117     5042.7383
 4 150  11.211  50326.184 292.203   0.010    9.588  -10.000      449.8117     5042.7383
 0  34  11.211  46990.902 109.786  -0.176   12.810    0.480      152.3050     1707.4570
 0  34  11.211  46991.934 142.905   1.026    0.980    0.420      152.3970     1708.4883
 0  34  11.211  46992.895 173.760  -2.492  -14.080    0.480      152.4827     1709.4492
 0  34  11.211  46993.871 205.120   5.702  -17.300    0.690      152.5698     1710.4258
 0  34  11.211  47018.891 288.545  -0.399  -30.470    0.540      154.8015     1735.4453
 0  34  11.211  47019.852 319.406  -1.753  -22.970    0.610      154.8872     1736.4062
 0  34  11.211  47020.867 352.018  -1.097  -13.290    0.480      154.9778     1737.4219
 0  34  11.211  47022.812  54.487   1.903    6.690    0.790      155.1514     1739.3672
