 1  79  13.596  45676.516  89.328  -0.059   12.754  -10.000       14.2481      193.7227
 2  79  13.596  45676.516  89.328   0.049   11.757  -10.000       14.2481      193.7227
 3  79  13.596  45676.516  89.328   0.016   10.401  -10.000       14.2481      193.7227
 4  79  13.596  45676.516  89.328   0.040    9.725  -10.000       14.2481      193.7227
 2  79  13.596  45687.465  19.238   0.127   11.539  -10.000       15.0534      204.6719
 3  79  13.596  45687.465  19.238   0.085   10.208  -10.000       15.0534      204.6719
 4  79  13.596  45687.465  19.238   0.022    9.459  -10.000       15.0534      204.6719
 2  79  13.596  45691.473 125.356  -0.090   11.279  -10.000       15.3482      208.6797
 3  79  13.596  45691.473 125.356  -0.091   10.102  -10.000       15.3482      208.6797
 4  79  13.596  45691.473 125.356  -0.088    9.466  -10.000       15.3482      208.6797
 2  79  13.596  45692.387 149.559  -0.008   11.113  -10.000       15.4154      209.5938
 3  79  13.596  45692.387 149.559  -0.009   10.038  -10.000       15.4154      209.5938
 4  79  13.596  45692.387 149.559  -0.024    9.427  -10.000       15.4154      209.5938
 1  79  13.596  45693.395 176.243  -0.085   11.644  -10.000       15.4896      210.6016
 2  79  13.596  45693.395 176.243  -0.027   10.978  -10.000       15.4896      210.6016
 3  79  13.596  45693.395 176.243  -0.058    9.916  -10.000       15.4896      210.6016
 4  79  13.596  45693.395 176.243  -0.062    9.334  -10.000       15.4896      210.6016
 1  79  13.596  45694.406 203.031  -0.113   10.488  -10.000       15.5640      211.6133
 2  79  13.596  45694.406 203.031  -0.211    9.979  -10.000       15.5640      211.6133
 3  79  13.596  45694.406 203.031  -0.138    9.262  -10.000       15.5640      211.6133
 4  79  13.596  45694.406 203.031  -0.107    8.814  -10.000       15.5640      211.6133
 2  79  13.596  45704.379 107.084  -0.008   11.588  -10.000       16.2975      221.5859
 3  79  13.596  45704.379 107.084  -0.019   10.309  -10.000       16.2975      221.5859
 4  79  13.596  45704.379 107.084  -0.039    9.611  -10.000       16.2975      221.5859
 1  79  13.596  45705.359 133.044  -0.205   11.920  -10.000       16.3696      222.5664
 2  79  13.596  45705.359 133.044  -0.057   11.208  -10.000       16.3696      222.5664
 3  79  13.596  45705.359 133.044  -0.048   10.083  -10.000       16.3696      222.5664
 4  79  13.596  45705.359 133.044  -0.055    9.455  -10.000       16.3696      222.5664
 1  79  13.596  45706.352 159.315   0.008   11.872  -10.000       16.4425      223.5586
 2  79  13.596  45706.352 159.315   0.049   11.148  -10.000       16.4425      223.5586
 3  79  13.596  45706.352 159.315   0.033   10.070  -10.000       16.4425      223.5586
 4  79  13.596  45706.352 159.315  -0.002    9.443  -10.000       16.4425      223.5586
 1  79  13.596  45707.363 186.103  -0.270   11.130  -10.000       16.5170      224.5703
 2  79  13.596  45707.363 186.103  -0.231   10.538  -10.000       16.5170      224.5703
 3  79  13.596  45707.363 186.103  -0.150    9.659  -10.000       16.5170      224.5703
 4  79  13.596  45707.363 186.103  -0.145    9.115  -10.000       16.5170      224.5703
 2  79  13.596  49803.688 287.303   0.011   10.719  -10.000      317.7981     4320.8945
 3  79  13.596  49803.688 287.303   0.041    9.703  -10.000      317.7981     4320.8945
 4  79  13.596  49803.688 287.303   0.057    9.134  -10.000      317.7981     4320.8945
 5  79  13.596  49803.688 287.303   0.006    8.535  -10.000      317.7981     4320.8945
 2  79  13.596  49805.676 339.950   0.051   11.164  -10.000      317.9443     4322.8828
 3  79  13.596  49805.676 339.950   0.022    9.934  -10.000      317.9443     4322.8828
 4  79  13.596  49805.676 339.950   0.022    9.285  -10.000      317.9443     4322.8828
 5  79  13.596  49805.676 339.950   0.000    8.656  -10.000      317.9443     4322.8828
 2  79  13.596  49807.680  33.014   0.011   11.529  -10.000      318.0917     4324.8867
 3  79  13.596  49807.680  33.014   0.013   10.216  -10.000      318.0917     4324.8867
 4  79  13.596  49807.680  33.014   0.014    9.521  -10.000      318.0917     4324.8867
 5  79  13.596  49807.680  33.014   0.006    8.862  -10.000      318.0917     4324.8867
 2  79  13.596  49808.688  59.700   0.016   11.690  -10.000      318.1658     4325.8945
 3  79  13.596  49808.688  59.700   0.020   10.350  -10.000      318.1658     4325.8945
 4  79  13.596  49808.688  59.700   0.001    9.623  -10.000      318.1658     4325.8945
 5  79  13.596  49808.688  59.700   0.011    8.971  -10.000      318.1658     4325.8945
 2  79  13.596  49809.629  84.628   0.009   11.726  -10.000      318.2351     4326.8359
 3  79  13.596  49809.629  84.628   0.026   10.412  -10.000      318.2351     4326.8359
 4  79  13.596  49809.629  84.628   0.017    9.700  -10.000      318.2351     4326.8359
 5  79  13.596  49809.629  84.628   0.017    9.043  -10.000      318.2351     4326.8359
 2  79  13.596  49810.664 112.028  -0.016   11.530  -10.000      318.3112     4327.8711
 3  79  13.596  49810.664 112.028  -0.013   10.286  -10.000      318.3112     4327.8711
 4  79  13.596  49810.664 112.028  -0.009    9.622  -10.000      318.3112     4327.8711
 5  79  13.596  49810.664 112.028  -0.008    8.998  -10.000      318.3112     4327.8711
 2  79  13.596  49811.629 137.582  -0.030   11.183  -10.000      318.3822     4328.8359
 3  79  13.596  49811.629 137.582  -0.024   10.077  -10.000      318.3822     4328.8359
 4  79  13.596  49811.629 137.582  -0.022    9.466  -10.000      318.3822     4328.8359
 5  79  13.596  49811.629 137.582  -0.044    8.871  -10.000      318.3822     4328.8359
 2  79  13.596  49812.648 164.575   0.020   11.113  -10.000      318.4572     4329.8555
 3  79  13.596  49812.648 164.575   0.016   10.050  -10.000      318.4572     4329.8555
 4  79  13.596  49812.648 164.575   0.011    9.456  -10.000      318.4572     4329.8555
 5  79  13.596  49812.648 164.575  -0.035    8.857  -10.000      318.4572     4329.8555
 2  79  13.596  49813.660 191.360  -0.225   10.356  -10.000      318.5316     4330.8672
 3  79  13.596  49813.660 191.360  -0.112    9.565  -10.000      318.5316     4330.8672
 4  79  13.596  49813.660 191.360  -0.085    9.066  -10.000      318.5316     4330.8672
 5  79  13.596  49813.660 191.360  -0.088    8.570  -10.000      318.5316     4330.8672
 2  79  13.596  49814.664 217.947   0.108   10.221  -10.000      318.6054     4331.8711
 3  79  13.596  49814.664 217.947   0.091    9.427  -10.000      318.6054     4331.8711
 4  79  13.596  49814.664 217.947   0.068    8.931  -10.000      318.6054     4331.8711
 5  79  13.596  49814.664 217.947   0.016    8.434  -10.000      318.6054     4331.8711
 2  79  13.596  49815.633 243.589   0.108   10.453  -10.000      318.6766     4332.8398
 3  79  13.596  49815.633 243.589   0.080    9.547  -10.000      318.6766     4332.8398
 4  79  13.596  49815.633 243.589   0.072    9.024  -10.000      318.6766     4332.8398
 5  79  13.596  49815.633 243.589   0.019    8.488  -10.000      318.6766     4332.8398
 2  79  13.596  49816.617 269.659   0.075   10.639  -10.000      318.7491     4333.8242
 3  79  13.596  49816.617 269.659   0.076    9.659  -10.000      318.7491     4333.8242
 4  79  13.596  49816.617 269.659   0.058    9.084  -10.000      318.7491     4333.8242
 5  79  13.596  49816.617 269.659   0.018    8.521  -10.000      318.7491     4333.8242
 2  79  13.596  49817.602 295.719   0.067   10.840  -10.000      318.8214     4334.8086
 3  79  13.596  49817.602 295.719   0.049    9.748  -10.000      318.8214     4334.8086
 4  79  13.596  49817.602 295.719   0.029    9.132  -10.000      318.8214     4334.8086
 5  79  13.596  49817.602 295.719   0.008    8.552  -10.000      318.8214     4334.8086
 2  79  13.596  49818.602 322.196   0.056   11.033  -10.000      318.8950     4335.8086
 3  79  13.596  49818.602 322.196   0.032    9.855  -10.000      318.8950     4335.8086
 4  79  13.596  49818.602 322.196   0.020    9.213  -10.000      318.8950     4335.8086
 5  79  13.596  49818.602 322.196   0.004    8.608  -10.000      318.8950     4335.8086
 2  79  13.596  49819.586 348.267   0.051   11.224  -10.000      318.9674     4336.7930
 3  79  13.596  49819.586 348.267   0.021    9.974  -10.000      318.9674     4336.7930
 4  79  13.596  49819.586 348.267   0.024    9.320  -10.000      318.9674     4336.7930
 5  79  13.596  49819.586 348.267   0.001    8.682  -10.000      318.9674     4336.7930
 2  79  13.596  49821.586  41.221   0.095   11.667  -10.000      319.1145     4338.7930
 3  79  13.596  49821.586  41.221   0.039   10.284  -10.000      319.1145     4338.7930
 4  79  13.596  49821.586  41.221   0.026    9.570  -10.000      319.1145     4338.7930
 5  79  13.596  49821.586  41.221   0.020    8.909  -10.000      319.1145     4338.7930
 2  79  13.596  49822.590  67.797   0.089   11.791  -10.000      319.1883     4339.7969
 3  79  13.596  49822.590  67.797   0.046   10.403  -10.000      319.1883     4339.7969
 4  79  13.596  49822.590  67.797   0.029    9.677  -10.000      319.1883     4339.7969
 5  79  13.596  49822.590  67.797   0.024    9.010  -10.000      319.1883     4339.7969
 2  79  13.596  49823.586  94.175   0.045   11.734  -10.000      319.2616     4340.7930
 3  79  13.596  49823.586  94.175   0.034   10.411  -10.000      319.2616     4340.7930
 4  79  13.596  49823.586  94.175   0.028    9.710  -10.000      319.2616     4340.7930
 5  79  13.596  49823.586  94.175   0.011    9.044  -10.000      319.2616     4340.7930
 2  79  13.596  49824.582 120.542  -0.030   11.407  -10.000      319.3348     4341.7891
 3  79  13.596  49824.582 120.542  -0.016   10.218  -10.000      319.3348     4341.7891
 4  79  13.596  49824.582 120.542  -0.025    9.559  -10.000      319.3348     4341.7891
 5  79  13.596  49824.582 120.542  -0.046    8.931  -10.000      319.3348     4341.7891
 2  79  13.596  49825.574 146.821   0.016   11.152  -10.000      319.4078     4342.7812
 3  79  13.596  49825.574 146.821   0.012   10.068  -10.000      319.4078     4342.7812
 4  79  13.596  49825.574 146.821   0.000    9.457  -10.000      319.4078     4342.7812
 5  79  13.596  49825.574 146.821  -0.039    8.857  -10.000      319.4078     4342.7812
 2  79  13.596  49826.594 173.815  -0.011   11.027  -10.000      319.4828     4343.8008
 3  79  13.596  49826.594 173.815   0.001    9.998  -10.000      319.4828     4343.8008
 4  79  13.596  49826.594 173.815  -0.001    9.414  -10.000      319.4828     4343.8008
 5  79  13.596  49826.594 173.815  -0.034    8.835  -10.000      319.4828     4343.8008
 2  79  13.596  49827.582 199.984  -0.254   10.017  -10.000      319.5555     4344.7891
 3  79  13.596  49827.582 199.984  -0.130    9.328  -10.000      319.5555     4344.7891
 4  79  13.596  49827.582 199.984  -0.095    8.875  -10.000      319.5555     4344.7891
 5  79  13.596  49827.582 199.984  -0.111    8.399  -10.000      319.5555     4344.7891
23   4  13.596  40665.371 245.797   0.040    2.717  -10.000     -354.3172    -4817.4219
24   4  13.596  40665.371 245.797   0.077    3.632  -10.000     -354.3172    -4817.4219
25   4  13.596  40665.371 245.797   0.028    5.000  -10.000     -354.3172    -4817.4219
27   4  13.596  40665.371 245.797   0.063    4.400  -10.000     -354.3172    -4817.4219
23   4  13.596  40675.359 150.260   0.003    3.257  -10.000     -353.5826    -4807.4336
24   4  13.596  40675.359 150.260   0.020    4.380  -10.000     -353.5826    -4807.4336
25   4  13.596  40675.359 150.260  -0.085    5.805  -10.000     -353.5826    -4807.4336
27   4  13.596  40675.359 150.260  -0.041    5.310  -10.000     -353.5826    -4807.4336
23   4  13.596  40676.324 175.803   0.029    3.215  -10.000     -353.5117    -4806.4688
24   4  13.596  40676.324 175.803   0.060    4.303  -10.000     -353.5117    -4806.4688
25   4  13.596  40676.324 175.803  -0.043    5.705  -10.000     -353.5117    -4806.4688
27   4  13.596  40676.324 175.803   0.045    5.233  -10.000     -353.5117    -4806.4688
23   4  13.596  40677.328 202.390  -0.094    2.513  -10.000     -353.4378    -4805.4648
24   4  13.596  40677.328 202.390  -0.112    3.260  -10.000     -353.4378    -4805.4648
25   4  13.596  40677.328 202.390  -0.030    4.703  -10.000     -353.4378    -4805.4648
27   4  13.596  40677.328 202.390  -0.146    3.903  -10.000     -353.4378    -4805.4648
23   4  13.596  40682.328 334.775   0.020    3.120  -10.000     -353.0701    -4800.4648
24   4  13.596  40682.328 334.775   0.051    4.398  -10.000     -353.0701    -4800.4648
25   4  13.596  40682.328 334.775  -0.010    5.938  -10.000     -353.0701    -4800.4648
27   4  13.596  40682.328 334.775   0.124    5.592  -10.000     -353.0701    -4800.4648
23   4  13.596  40684.305  27.114   0.027    3.418  -10.000     -352.9247    -4798.4883
24   4  13.596  40684.305  27.114   0.075    4.855  -10.000     -352.9247    -4798.4883
25   4  13.596  40684.305  27.114   0.035    6.488  -10.000     -352.9247    -4798.4883
27   4  13.596  40684.305  27.114   0.133    6.168  -10.000     -352.9247    -4798.4883
23   4  13.596  40689.301 159.401   0.002    3.247  -10.000     -352.5572    -4793.4922
24   4  13.596  40689.301 159.401   0.030    4.367  -10.000     -352.5572    -4793.4922
25   4  13.596  40689.301 159.401  -0.098    5.762  -10.000     -352.5572    -4793.4922
27   4  13.596  40689.301 159.401   0.006    5.322  -10.000     -352.5572    -4793.4922
23   4  13.596  40706.289 249.203   0.043    2.738  -10.000     -351.3078    -4776.5039
24   4  13.596  40706.289 249.203   0.095    3.685  -10.000     -351.3078    -4776.5039
25   4  13.596  40706.289 249.203   0.118    5.133  -10.000     -351.3078    -4776.5039
27   4  13.596  40706.289 249.203   0.148    4.535  -10.000     -351.3078    -4776.5039
23   4  13.596  40707.273 275.273   0.023    2.838  -10.000     -351.2354    -4775.5195
24   4  13.596  40707.273 275.273   0.044    3.878  -10.000     -351.2354    -4775.5195
25   4  13.596  40707.273 275.273  -0.021    5.300  -10.000     -351.2354    -4775.5195
27   4  13.596  40707.273 275.273   0.077    4.823  -10.000     -351.2354    -4775.5195
23   4  13.596  40709.270 328.129  -0.023    3.043  -10.000     -351.0885    -4773.5234
24   4  13.596  40709.270 328.129   0.002    4.293  -10.000     -351.0885    -4773.5234
25   4  13.596  40709.270 328.129  -0.065    5.815  -10.000     -351.0885    -4773.5234
27   4  13.596  40709.270 328.129   0.025    5.418  -10.000     -351.0885    -4773.5234
23   4  13.596  40710.262 354.397  -0.009    3.192  -10.000     -351.0156    -4772.5312
24   4  13.596  40710.262 354.397   0.021    4.525  -10.000     -351.0156    -4772.5312
25   4  13.596  40710.262 354.397  -0.058    6.075  -10.000     -351.0156    -4772.5312
27   4  13.596  40710.262 354.397   0.084    5.762  -10.000     -351.0156    -4772.5312
23   4  13.596  40711.234  20.149  -0.042    3.305  -10.000     -350.9440    -4771.5586
24   4  13.596  40711.234  20.149  -0.007    4.713  -10.000     -350.9440    -4771.5586
25   4  13.596  40711.234  20.149  -0.048    6.335  -10.000     -350.9440    -4771.5586
27   4  13.596  40711.234  20.149   0.039    5.997  -10.000     -350.9440    -4771.5586
23   4  13.596  40714.250  99.998   0.004    3.582  -10.000     -350.7222    -4768.5430
24   4  13.596  40714.250  99.998   0.017    4.972  -10.000     -350.7222    -4768.5430
25   4  13.596  40714.250  99.998  -0.084    6.537  -10.000     -350.7222    -4768.5430
27   4  13.596  40714.250  99.998   0.134    6.332  -10.000     -350.7222    -4768.5430
23   4  13.596  40716.254 153.051  -0.004    3.245  -10.000     -350.5749    -4766.5391
24   4  13.596  40716.254 153.051   0.006    4.355  -10.000     -350.5749    -4766.5391
25   4  13.596  40716.254 153.051  -0.126    5.750  -10.000     -350.5749    -4766.5391
27   4  13.596  40716.254 153.051  -0.030    5.305  -10.000     -350.5749    -4766.5391
23   4  13.596  40717.246 179.330   0.043    3.185  -10.000     -350.5019    -4765.5469
24   4  13.596  40717.246 179.330   0.072    4.248  -10.000     -350.5019    -4765.5469
25   4  13.596  40717.246 179.330   0.028    5.698  -10.000     -350.5019    -4765.5469
27   4  13.596  40717.246 179.330   0.103    5.203  -10.000     -350.5019    -4765.5469
23   4  13.596  40718.242 205.697  -0.090    2.467  -10.000     -350.4286    -4764.5508
24   4  13.596  40718.242 205.697  -0.113    3.188  -10.000     -350.4286    -4764.5508
25   4  13.596  40718.242 205.697  -0.002    4.648  -10.000     -350.4286    -4764.5508
27   4  13.596  40718.242 205.697  -0.129    3.827  -10.000     -350.4286    -4764.5508
23   4  13.596  40734.203 268.308   0.011    2.793  -10.000     -349.2547    -4748.5898
24   4  13.596  40734.203 268.308   0.042    3.810  -10.000     -349.2547    -4748.5898
25   4  13.596  40734.203 268.308   0.001    5.240  -10.000     -349.2547    -4748.5898
27   4  13.596  40734.203 268.308   0.073    4.722  -10.000     -349.2547    -4748.5898
23   4  13.596  40735.203 294.785   0.014    2.918  -10.000     -349.1812    -4747.5898
24   4  13.596  40735.203 294.785   0.041    4.048  -10.000     -349.1812    -4747.5898
25   4  13.596  40735.203 294.785  -0.003    5.532  -10.000     -349.1812    -4747.5898
27   4  13.596  40735.203 294.785   0.074    5.070  -10.000     -349.1812    -4747.5898
23   4  13.596  40736.199 321.163  -0.006    3.025  -10.000     -349.1079    -4746.5938
24   4  13.596  40736.199 321.163   0.026    4.258  -10.000     -349.1079    -4746.5938
25   4  13.596  40736.199 321.163  -0.072    5.738  -10.000     -349.1079    -4746.5938
27   4  13.596  40736.199 321.163   0.101    5.412  -10.000     -349.1079    -4746.5938
23   4  13.596  40737.199 347.640  -0.008    3.158  -10.000     -349.0343    -4745.5938
24   4  13.596  40737.199 347.640   0.021    4.470  -10.000     -349.0343    -4745.5938
25   4  13.596  40737.199 347.640  -0.034    6.035  -10.000     -349.0343    -4745.5938
27   4  13.596  40737.199 347.640   0.076    5.682  -10.000     -349.0343    -4745.5938
23   4  13.596  40738.199  14.117  -0.032    3.280  -10.000     -348.9608    -4744.5938
24   4  13.596  40738.199  14.117  -0.014    4.655  -10.000     -348.9608    -4744.5938
25   4  13.596  40738.199  14.117  -0.055    6.270  -10.000     -348.9608    -4744.5938
27   4  13.596  40738.199  14.117   0.061    5.955  -10.000     -348.9608    -4744.5938
23   4  13.596  40740.207  67.280  -0.020    3.557  -10.000     -348.8131    -4742.5859
24   4  13.596  40740.207  67.280   0.014    5.030  -10.000     -348.8131    -4742.5859
25   4  13.596  40740.207  67.280   0.013    6.725  -10.000     -348.8131    -4742.5859
27   4  13.596  40740.207  67.280   0.044    6.360  -10.000     -348.8131    -4742.5859
23   4  13.596  40741.203  93.647   0.009    3.607  -10.000     -348.7399    -4741.5898
24   4  13.596  40741.203  93.647   0.047    5.045  -10.000     -348.7399    -4741.5898
25   4  13.596  40741.203  93.647   0.062    6.737  -10.000     -348.7399    -4741.5898
27   4  13.596  40741.203  93.647   0.113    6.375  -10.000     -348.7399    -4741.5898
23   4  13.596  40742.188 119.718  -0.024    3.433  -10.000     -348.6674    -4740.6055
24   4  13.596  40742.188 119.718   0.010    4.738  -10.000     -348.6674    -4740.6055
25   4  13.596  40742.188 119.718  -0.122    6.218  -10.000     -348.6674    -4740.6055
27   4  13.596  40742.188 119.718   0.011    5.883  -10.000     -348.6674    -4740.6055
23   4  13.596  40864.605 121.058  -0.033    3.412  -10.000     -339.6637    -4618.1875
24   4  13.596  40864.605 121.058   0.009    4.715  -10.000     -339.6637    -4618.1875
25   4  13.596  40864.605 121.058  -0.044    6.270  -10.000     -339.6637    -4618.1875
27   4  13.596  40864.605 121.058   0.048    5.890  -10.000     -339.6637    -4618.1875
23   4  13.596  40873.590 358.945  -0.027    3.200  -10.000     -339.0029    -4609.2031
24   4  13.596  40873.590 358.945  -0.003    4.540  -10.000     -339.0029    -4609.2031
25   4  13.596  40873.590 358.945  -0.106    6.072  -10.000     -339.0029    -4609.2031
27   4  13.596  40873.590 358.945   0.013    5.742  -10.000     -339.0029    -4609.2031
23   4  13.596  40875.539  50.559  -0.045    3.467  -10.000     -338.8596    -4607.2539
24   4  13.596  40875.539  50.559  -0.041    4.900  -10.000     -338.8596    -4607.2539
25   4  13.596  40875.539  50.559  -0.056    6.577  -10.000     -338.8596    -4607.2539
27   4  13.596  40875.539  50.559   0.058    6.290  -10.000     -338.8596    -4607.2539
23   4  13.596  40896.543 246.687   0.043    2.725  -10.000     -337.3148    -4586.2500
24   4  13.596  40896.543 246.687   0.087    3.653  -10.000     -337.3148    -4586.2500
25   4  13.596  40896.543 246.687   0.101    5.085  -10.000     -337.3148    -4586.2500
27   4  13.596  40896.543 246.687   0.117    4.468  -10.000     -337.3148    -4586.2500
23   4  13.596  40897.543 273.175   0.028    2.832  -10.000     -337.2412    -4585.2500
24   4  13.596  40897.543 273.175   0.053    3.867  -10.000     -337.2412    -4585.2500
25   4  13.596  40897.543 273.175   0.031    5.327  -10.000     -337.2412    -4585.2500
27   4  13.596  40897.543 273.175   0.106    4.822  -10.000     -337.2412    -4585.2500
23   4  13.596  40905.586 126.134  -0.015    3.385  -10.000     -336.6496    -4577.2070
24   4  13.596  40905.586 126.134   0.016    4.642  -10.000     -336.6496    -4577.2070
25   4  13.596  40905.586 126.134  -0.142    6.075  -10.000     -336.6496    -4577.2070
27   4  13.596  40905.586 126.134   0.063    5.793  -10.000     -336.6496    -4577.2070
23   4  13.596  40929.434  37.562  -0.043    3.405  -10.000     -334.8957    -4553.3594
24   4  13.596  40929.434  37.562  -0.012    4.845  -10.000     -334.8957    -4553.3594
25   4  13.596  40929.434  37.562  -0.058    6.483  -10.000     -334.8957    -4553.3594
27   4  13.596  40929.434  37.562   0.046    6.177  -10.000     -334.8957    -4553.3594
23   4  13.596  41096.180 132.616  -0.032    3.315  -10.000     -322.6316    -4386.6133
24   4  13.596  41096.180 132.616   0.003    4.533  -10.000     -322.6316    -4386.6133
25   4  13.596  41096.180 132.616  -0.084    6.015  -10.000     -322.6316    -4386.6133
27   4  13.596  41096.180 132.616   0.019    5.613  -10.000     -322.6316    -4386.6133
23   4  13.596  41113.199 223.253   0.039    2.598  -10.000     -321.3799    -4369.5938
24   4  13.596  41113.199 223.253   0.099    3.423  -10.000     -321.3799    -4369.5938
25   4  13.596  41113.199 223.253   0.182    4.865  -10.000     -321.3799    -4369.5938
27   4  13.596  41113.199 223.253   0.158    4.158  -10.000     -321.3799    -4369.5938
23   4  13.596  41121.195  74.971  -0.028    3.568  -10.000     -320.7917    -4361.5977
24   4  13.596  41121.195  74.971  -0.030    5.000  -10.000     -320.7917    -4361.5977
25   4  13.596  41121.195  74.971  -0.045    6.680  -10.000     -320.7917    -4361.5977
27   4  13.596  41121.195  74.971  -0.014    6.312  -10.000     -320.7917    -4361.5977
23   4  13.596  41122.188 101.239  -0.011    3.562  -10.000     -320.7188    -4360.6055
24   4  13.596  41122.188 101.239  -0.040    4.905  -10.000     -320.7188    -4360.6055
25   4  13.596  41122.188 101.239  -0.091    6.517  -10.000     -320.7188    -4360.6055
27   4  13.596  41122.188 101.239  -0.016    6.168  -10.000     -320.7188    -4360.6055
23   4  13.596  41123.191 127.815  -0.041    3.345  -10.000     -320.6450    -4359.6016
24   4  13.596  41123.191 127.815  -0.047    4.553  -10.000     -320.6450    -4359.6016
25   4  13.596  41123.191 127.815  -0.247    5.938  -10.000     -320.6450    -4359.6016
27   4  13.596  41123.191 127.815  -0.152    5.540  -10.000     -320.6450    -4359.6016
23   4  13.596  41124.191 154.292  -0.030    3.217  -10.000     -320.5714    -4358.6016
24   4  13.596  41124.191 154.292  -0.033    4.312  -10.000     -320.5714    -4358.6016
25   4  13.596  41124.191 154.292  -0.204    5.667  -10.000     -320.5714    -4358.6016
27   4  13.596  41124.191 154.292  -0.127    5.202  -10.000     -320.5714    -4358.6016
23   4  13.596  41125.191 180.780   0.018    3.138  -10.000     -320.4978    -4357.6016
24   4  13.596  41125.191 180.780   0.019    4.160  -10.000     -320.4978    -4357.6016
25   4  13.596  41125.191 180.780  -0.101    5.528  -10.000     -320.4978    -4357.6016
27   4  13.596  41125.191 180.780   0.001    5.055  -10.000     -320.4978    -4357.6016
23   4  13.596  41126.184 207.048  -0.111    2.432  -10.000     -320.4249    -4356.6094
24   4  13.596  41126.184 207.048  -0.131    3.150  -10.000     -320.4249    -4356.6094
25   4  13.596  41126.184 207.048  -0.079    4.547  -10.000     -320.4249    -4356.6094
27   4  13.596  41126.184 207.048  -0.136    3.795  -10.000     -320.4249    -4356.6094
 3 150  13.596  50808.520 252.938   0.076    9.586  -10.000      391.7026     5325.7266
 5 150  13.596  50808.520 252.938   0.022    8.503  -10.000      391.7026     5325.7266
 3 150  13.596  50809.410 276.526   0.045    9.660  -10.000      391.7681     5326.6172
 5 150  13.596  50809.410 276.526   0.015    8.528  -10.000      391.7681     5326.6172
 3 150  13.596  50809.488 278.591   0.066    9.690  -10.000      391.7739     5326.6953
 5 150  13.596  50809.488 278.591   0.015    8.531  -10.000      391.7739     5326.6953
 3 150  13.596  50809.578 280.964   0.041    9.675  -10.000      391.7805     5326.7852
 5 150  13.596  50809.578 280.964   0.013    8.533  -10.000      391.7805     5326.7852
 3 150  13.596  50810.406 302.893   0.038    9.771  -10.000      391.8414     5327.6133
 5 150  13.596  50810.406 302.893   0.005    8.564  -10.000      391.8414     5327.6133
 3 150  13.596  50810.508 305.585   0.033    9.779  -10.000      391.8488     5327.7148
 5 150  13.596  50810.508 305.585   0.016    8.581  -10.000      391.8488     5327.7148
 3 150  13.596  50810.570 307.244   0.032    9.786  -10.000      391.8535     5327.7773
 5 150  13.596  50810.570 307.244   0.016    8.585  -10.000      391.8535     5327.7773
 3 150  13.596  50811.469 331.029   0.029    9.896  -10.000      391.9195     5328.6758
 5 150  13.596  50811.469 331.029   0.005    8.634  -10.000      391.9195     5328.6758
 3 150  13.596  50811.547 333.094   0.052    9.929  -10.000      391.9253     5328.7539
 5 150  13.596  50811.547 333.094   0.017    8.652  -10.000      391.9253     5328.7539
 3 150  13.596  50812.383 355.232   0.019   10.008  -10.000      391.9868     5329.5898
 5 150  13.596  50812.383 355.232   0.019    8.723  -10.000      391.9868     5329.5898
 3 150  13.596  50812.492 358.121   0.013   10.018  -10.000      391.9948     5329.6992
 5 150  13.596  50812.492 358.121   0.011    8.726  -10.000      391.9948     5329.6992
 3 150  13.596  50812.547 359.572   0.038   10.051  -10.000      391.9988     5329.7539
 5 150  13.596  50812.547 359.572   0.047    8.767  -10.000      391.9988     5329.7539
 3 150  13.596  50814.527  52.009   0.028   10.326  -10.000      392.1445     5331.7344
 5 150  13.596  50814.527  52.009   0.005    8.937  -10.000      392.1445     5331.7344
 3 150  13.596  50815.461  76.729  -0.009   10.368  -10.000      392.2131     5332.6680
 5 150  13.596  50815.461  76.729   0.000    9.010  -10.000      392.2131     5332.6680
 3 150  13.596  50816.316  99.382  -0.015   10.346  -10.000      392.2761     5333.5234
 5 150  13.596  50816.316  99.382  -0.025    9.004  -10.000      392.2761     5333.5234
 3 150  13.596  50816.414 101.964  -0.010   10.341  -10.000      392.2832     5333.6211
 5 150  13.596  50816.414 101.964  -0.028    8.998  -10.000      392.2832     5333.6211
 3 150  13.596  50817.344 126.584  -0.028   10.155  -10.000      392.3516     5334.5508
 5 150  13.596  50817.344 126.584  -0.048    8.904  -10.000      392.3516     5334.5508
 3 150  13.596  50891.328 285.524   0.046    9.700  -10.000      397.7931     5408.5352
 4 150  13.596  50891.328 285.524   0.055    9.127  -10.000      397.7931     5408.5352
 3 150  13.596  50891.371 286.655   0.044    9.703  -10.000      397.7963     5408.5781
 4 150  13.596  50891.371 286.655   0.047    9.122  -10.000      397.7963     5408.5781
 3 150  13.596  50892.305 311.375   0.038    9.811  -10.000      397.8649     5409.5117
 4 150  13.596  50892.305 311.375   0.026    9.182  -10.000      397.8649     5409.5117
 3 150  13.596  50892.344 312.407   0.025    9.802  -10.000      397.8678     5409.5508
 4 150  13.596  50892.344 312.407   0.027    9.186  -10.000      397.8678     5409.5508
 3 150  13.596  50892.422 314.484   0.030    9.817  -10.000      397.8736     5409.6289
 4 150  13.596  50892.422 314.484   0.027    9.193  -10.000      397.8736     5409.6289
 3 150  13.596  50893.281 337.236   0.019    9.917  -10.000      397.9368     5410.4883
 4 150  13.596  50893.281 337.236   0.024    9.276  -10.000      397.9368     5410.4883
 3 150  13.596  50893.348 338.994   0.016    9.923  -10.000      397.9417     5410.5547
 4 150  13.596  50893.348 338.994   0.013    9.272  -10.000      397.9417     5410.5547
 3 150  13.596  50897.285  83.243  -0.025   10.360  -10.000      398.2312     5414.4922
 4 150  13.596  50897.285  83.243  -0.021    9.660  -10.000      398.2312     5414.4922
 3 150  13.596  50897.344  84.803  -0.020   10.366  -10.000      398.2356     5414.5508
 4 150  13.596  50897.344  84.803  -0.004    9.679  -10.000      398.2356     5414.5508
 3 150  13.596  50902.273 215.321   0.027    9.354  -10.000      398.5981     5419.4805
 4 150  13.596  50902.273 215.321   0.037    8.894  -10.000      398.5981     5419.4805
 3 150  13.596  50902.359 217.606   0.089    9.423  -10.000      398.6045     5419.5664
 4 150  13.596  50902.359 217.606   0.082    8.944  -10.000      398.6045     5419.5664
 3 150  13.596  50904.285 268.594   0.058    9.636  -10.000      398.7461     5421.4922
 4 150  13.596  50904.285 268.594   0.056    9.078  -10.000      398.7461     5421.4922
 3 150  13.596  50904.340 270.044   0.056    9.641  -10.000      398.7501     5421.5469
 4 150  13.596  50904.340 270.044   0.053    9.080  -10.000      398.7501     5421.5469
 3 150  13.596  50905.270 294.653   0.025    9.719  -10.000      398.8185     5422.4766
 4 150  13.596  50905.270 294.653   0.024    9.123  -10.000      398.8185     5422.4766
 3 150  13.596  50905.402 298.169   0.048    9.759  -10.000      398.8282     5422.6094
 4 150  13.596  50905.402 298.169   0.035    9.146  -10.000      398.8282     5422.6094
 3 150  13.596  50907.266 347.509   0.043    9.992  -10.000      398.9653     5424.4727
 4 150  13.596  50907.266 347.509   0.052    9.345  -10.000      398.9653     5424.4727
 3 150  13.596  50908.270  14.084   0.061   10.154  -10.000      399.0391     5425.4766
 4 150  13.596  50908.270  14.084   0.055    9.466  -10.000      399.0391     5425.4766
 3 150  13.596  50908.348  16.161   0.030   10.134  -10.000      399.0449     5425.5547
 4 150  13.596  50908.348  16.161   0.025    9.446  -10.000      399.0449     5425.5547
 3 150  13.596  50910.254  66.632   0.005   10.359  -10.000      399.1851     5427.4609
 4 150  13.596  50910.254  66.632   0.013    9.658  -10.000      399.1851     5427.4609
 3 150  13.596  50910.332  68.698  -0.006   10.354  -10.000      399.1908     5427.5391
 4 150  13.596  50910.332  68.698  -0.004    9.647  -10.000      399.1908     5427.5391
 3 150  13.596  50911.258  93.208   0.014   10.394  -10.000      399.2589     5428.4648
 4 150  13.596  50911.258  93.208   0.013    9.696  -10.000      399.2589     5428.4648
 3 150  13.596  50912.258 119.685  -0.018   10.224  -10.000      399.3325     5429.4648
 4 150  13.596  50912.258 119.685  -0.049    9.541  -10.000      399.3325     5429.4648
 3 150  13.596  50912.348 122.069  -0.021   10.201  -10.000      399.3391     5429.5547
 4 150  13.596  50912.348 122.069  -0.020    9.555  -10.000      399.3391     5429.5547
 3 150  13.596  50913.254 146.063   0.003   10.061  -10.000      399.4057     5430.4609
 4 150  13.596  50913.254 146.063  -0.016    9.442  -10.000      399.4057     5430.4609
 3 150  13.596  50913.348 148.546   0.010   10.060  -10.000      399.4126     5430.5547
 4 150  13.596  50913.348 148.546  -0.001    9.452  -10.000      399.4126     5430.5547
 3 150  13.596  50914.262 172.749   0.023   10.028  -10.000      399.4799     5431.4688
 4 150  13.596  50914.262 172.749   0.006    9.427  -10.000      399.4799     5431.4688
 3 150  13.596  50915.258 199.127  -0.135    9.342  -10.000      399.5531     5432.4648
 4 150  13.596  50915.258 199.127  -0.092    8.893  -10.000      399.5531     5432.4648
 3 150  13.596  50915.297 200.160  -0.134    9.320  -10.000      399.5560     5432.5039
 4 150  13.596  50915.297 200.160  -0.093    8.873  -10.000      399.5560     5432.5039
 3 150  13.596  50915.336 201.193  -0.111    9.322  -10.000      399.5589     5432.5430
 4 150  13.596  50915.336 201.193  -0.086    8.863  -10.000      399.5589     5432.5430
 3 150  13.596  50916.281 226.219   0.133    9.511  -10.000      399.6284     5433.4883
 4 150  13.596  50916.281 226.219   0.107    9.001  -10.000      399.6284     5433.4883
 3 150  13.596  50917.242 251.664   0.070    9.574  -10.000      399.6991     5434.4492
 4 150  13.596  50917.242 251.664   0.070    9.046  -10.000      399.6991     5434.4492
18 163  13.596  47899.938 280.404   0.062    9.851  -10.000      177.7789     2417.1445
18 163  13.596  47900.016 282.475   0.083    9.881  -10.000      177.7847     2417.2227
18 163  13.596  47900.293 289.819   0.081    9.910  -10.000      177.8051     2417.5000
18 163  13.596  47900.367 291.780   0.077    9.915  -10.000      177.8105     2417.5742
18 163  13.596  47900.383 292.198   0.047    9.887  -10.000      177.8117     2417.5898
18 163  13.596  47900.727 301.300   0.013    9.894  -10.000      177.8369     2417.9336
18 163  13.596  47900.738 301.608   0.035    9.917  -10.000      177.8378     2417.9453
18 163  13.596  47900.812 303.574   0.054    9.946  -10.000      177.8433     2418.0195
18 163  13.596  47900.828 303.986   0.024    9.917  -10.000      177.8444     2418.0352
18 163  13.596  47900.902 305.953   0.029    9.932  -10.000      177.8499     2418.1094
18 163  13.596  47901.258 315.363   0.063   10.008  -10.000      177.8760     2418.4648
18 163  13.596  47901.273 315.780   0.005    9.952  -10.000      177.8772     2418.4805
18 163  13.596  47901.348 317.741   0.032    9.988  -10.000      177.8826     2418.5547
18 163  13.596  47901.523 322.399   0.041   10.019  -10.000      177.8956     2418.7305
18 163  13.596  47901.539 322.811   0.036   10.016  -10.000      177.8967     2418.7461
18 163  13.596  47901.613 324.778   0.075   10.064  -10.000      177.9022     2418.8203
18 163  13.596  47901.629 325.190   0.032   10.023  -10.000      177.9033     2418.8359
18 163  13.596  47901.703 327.156   0.076   10.077  -10.000      177.9088     2418.9102
18 163  13.596  47901.719 327.568   0.062   10.065  -10.000      177.9099     2418.9258
18 163  13.596  47902.414 345.976   0.029   10.123  -10.000      177.9610     2419.6211
18 163  13.596  47902.430 346.393   0.023   10.119  -10.000      177.9622     2419.6367
18 163  13.596  47902.504 348.360   0.060   10.165  -10.000      177.9677     2419.7109
18 163  13.596  47902.516 348.668  -0.004   10.102  -10.000      177.9685     2419.7227
18 163  13.596  47902.590 350.634   0.050   10.167  -10.000      177.9740     2419.7969
18 163  13.596  47902.605 351.046   0.029   10.148  -10.000      177.9751     2419.8125
18 163  13.596  47902.680 353.013  -0.019   10.110  -10.000      177.9806     2419.8867
18 163  13.596  47902.859 357.770   0.019   10.173  -10.000      177.9938     2420.0664
18 163  13.596  47902.871 358.077   0.053   10.209  -10.000      177.9947     2420.0781
18 163  13.596  47903.305   9.558   0.062   10.281  -10.000      178.0266     2420.5117
18 163  13.596  47903.316   9.871   0.009   10.229  -10.000      178.0274     2420.5234
18 163  13.596  47903.391  11.838   0.048   10.279  -10.000      178.0329     2420.5977
18 163  13.596  47903.406  12.250   0.031   10.264  -10.000      178.0340     2420.6133
18 163  13.596  47903.926  26.005   0.056   10.369  -10.000      178.0722     2421.1328
18 163  13.596  47903.938  26.318   0.017   10.332  -10.000      178.0731     2421.1445
18 163  13.596  47904.016  28.383   0.032   10.359  -10.000      178.0788     2421.2227
18 163  13.596  47904.191  33.036  -0.038   10.315  -10.000      178.0918     2421.3984
18 163  13.596  47904.207  33.453   0.045   10.400  -10.000      178.0929     2421.4141
18 163  13.596  47904.281  35.420   0.098   10.464  -10.000      178.0984     2421.4883
18 163  13.596  47904.297  35.832   0.022   10.389  -10.000      178.0995     2421.5039
18 163  13.596  47904.367  37.694   0.031   10.408  -10.000      178.1047     2421.5742
18 163  13.596  47904.383  38.106   0.017   10.396  -10.000      178.1059     2421.5898
18 163  13.596  47904.457  40.073   0.056   10.445  -10.000      178.1113     2421.6641
18 163  13.596  47904.637  44.830   0.070   10.482  -10.000      178.1245     2421.8438
18 163  13.596  47904.648  45.137   0.033   10.446  -10.000      178.1254     2421.8555
18 163  13.596  47904.738  47.516   0.041   10.466  -10.000      178.1320     2421.9453
18 163  13.596  47904.812  49.482   0.022   10.457  -10.000      178.1375     2422.0195
18 163  13.596  47904.828  49.900   0.058   10.495  -10.000      178.1386     2422.0352
18 163  13.596  47905.613  70.686   0.075   10.588  -10.000      178.1964     2422.8203
18 163  13.596  47905.629  71.098   0.059   10.573  -10.000      178.1975     2422.8359
18 163  13.596  47905.703  73.065   0.061   10.580  -10.000      178.2030     2422.9102
18 163  13.596  47905.719  73.477   0.029   10.548  -10.000      178.2041     2422.9258
18 163  13.596  47959.285  51.795   0.030   10.476  -10.000      182.1439     2476.4922
18 163  13.596  47959.301  52.207   0.053   10.501  -10.000      182.1450     2476.5078
18 163  13.596  47981.059 268.303   0.048    9.784  -10.000      183.7453     2498.2656
18 163  13.596  48010.469 327.019   0.004   10.004  -10.000      185.9084     2527.6758
18 163  13.596  48010.555 329.293   0.088   10.099  -10.000      185.9147     2527.7617
18 163  13.596  48045.469 173.738  -0.021   10.133  -10.000      188.4826     2562.6758
18 163  13.596  48045.480 174.045   0.015   10.167  -10.000      188.4835     2562.6875
18 163  13.596  48045.555 176.012  -0.059   10.075  -10.000      188.4889     2562.7617
18 163  13.596  48045.570 176.424  -0.048   10.082  -10.000      188.4901     2562.7773
18 163  13.596  48060.043 199.627  -0.220    9.409  -10.000      189.5545     2577.2500
18 163  13.596  48060.055 199.940  -0.172    9.450  -10.000      189.5554     2577.2617
18 163  13.596  48060.133 202.006  -0.194    9.387  -10.000      189.5611     2577.3398
18 163  13.596  48060.145 202.319  -0.234    9.342  -10.000      189.5620     2577.3516
18 163  13.596  48201.199 337.121   0.031   10.081  -10.000      199.9364     2718.4062
18 163  13.596  48201.215 337.533   0.033   10.085  -10.000      199.9376     2718.4219
18 163  13.596  48201.289 339.500   0.043   10.105  -10.000      199.9431     2718.4961
18 163  13.596  48201.305 339.911   0.055   10.119  -10.000      199.9442     2718.5117
18 163  13.596  48233.633 115.884  -0.071   10.352  -10.000      202.3219     2750.8398
18 163  13.596  48233.648 116.301  -0.040   10.380  -10.000      202.3231     2750.8555
18 163  13.596  48233.812 120.646  -0.010   10.376  -10.000      202.3351     2751.0195
18 163  13.596  48233.824 120.954  -0.093   10.291  -10.000      202.3360     2751.0312
18 163  13.596  48303.930 177.188  -0.030   10.091  -10.000      207.4922     2821.1367
18 163  13.596  48304.016 179.462  -0.021   10.070  -10.000      207.4985     2821.2227
18 163  13.596  48304.031 179.874  -0.023   10.063  -10.000      207.4996     2821.2383
18 163  13.596  48304.195 184.219  -0.090    9.919  -10.000      207.5117     2821.4023
18 163  13.596  48304.207 184.526  -0.053    9.950  -10.000      207.5126     2821.4141
18 163  13.596  48304.281 186.493  -0.095    9.864  -10.000      207.5180     2821.4883
18 163  13.596  48304.297 186.905  -0.108    9.842  -10.000      207.5192     2821.5039
18 163  13.596  48304.387 189.283  -0.136    9.756  -10.000      207.5258     2821.5938
18 163  13.596  48304.461 191.250  -0.186    9.655  -10.000      207.5312     2821.6680
18 163  13.596  48304.477 191.667  -0.147    9.682  -10.000      207.5324     2821.6836
18 163  13.596  48304.641 196.007  -0.229    9.485  -10.000      207.5445     2821.8477
18 163  13.596  48317.094 165.740   0.020   10.209  -10.000      208.4604     2834.3008
18 163  13.596  48317.184 168.118   0.010   10.194  -10.000      208.4670     2834.3906
18 163  13.596  48317.258 170.085   0.011   10.188  -10.000      208.4725     2834.4648
18 163  13.596  48317.273 170.497   0.008   10.183  -10.000      208.4736     2834.4805
18 163  13.596  48355.375  99.338   0.031   10.543  -10.000      211.2759     2872.5820
18 163  13.596  48405.930 357.907   0.059   10.214  -10.000      214.9942     2923.1367
18 163  13.596  48405.945 358.325   0.034   10.191  -10.000      214.9953     2923.1523
18 163  13.596  48406.020   0.286   0.046   10.214  -10.000      215.0008     2923.2266
18 163  13.596  48448.922  56.245  -0.033   10.432  -10.000      218.1562     2966.1289
18 163  13.596  48448.938  56.656  -0.043   10.424  -10.000      218.1574     2966.1445
18 163  13.596  48449.012  58.623   0.013   10.488  -10.000      218.1628     2966.2188
18 163  13.596  48449.027  59.035   0.030   10.506  -10.000      218.1640     2966.2344
18 163  13.596  48449.812  79.827   0.072   10.603  -10.000      218.2217     2967.0195
18 163  13.596  48449.828  80.239   0.046   10.577  -10.000      218.2229     2967.0352
18 163  13.596  48449.902  82.205  -0.027   10.506  -10.000      218.2283     2967.1094
18 163  13.596  48451.500 124.508  -0.076   10.277  -10.000      218.3459     2968.7070
18 163  13.596  48451.680 129.265  -0.060   10.254  -10.000      218.3591     2968.8867
18 163  13.596  48451.945 136.296  -0.040   10.224  -10.000      218.3786     2969.1523
18 163  13.596  48452.035 138.675  -0.005   10.244  -10.000      218.3852     2969.2422
18 163  13.596  48452.051 139.087   0.035   10.282  -10.000      218.3864     2969.2578
18 163  13.596  48452.125 141.053   0.021   10.257  -10.000      218.3918     2969.3320
18 163  13.596  48452.141 141.465   0.004   10.238  -10.000      218.3930     2969.3477
18 163  13.596  48452.570 152.847   0.018   10.215  -10.000      218.4246     2969.7773
18 163  13.596  48452.582 153.155  -0.045   10.152  -10.000      218.4254     2969.7891
18 163  13.596  48499.023 302.816   0.059    9.948  -10.000      221.8412     3016.2305
18 163  13.596  48499.039 303.228   0.031    9.922  -10.000      221.8423     3016.2461
18 163  13.596  48499.113 305.195   0.094    9.993  -10.000      221.8478     3016.3203
18 163  13.596  48499.129 305.607   0.045    9.946  -10.000      221.8489     3016.3359
18 163  13.596  48510.133 236.970   0.047    9.643  -10.000      222.6582     3027.3398
18 163  13.596  48510.148 237.382   0.072    9.669  -10.000      222.6594     3027.3555
18 163  13.596  48546.590 122.267  -0.027   10.346  -10.000      225.3396     3063.7969
18 163  13.596  48546.605 122.679  -0.042   10.327  -10.000      225.3408     3063.8125
18 163  13.596  48546.680 124.645  -0.070   10.282  -10.000      225.3462     3063.8867
18 163  13.596  48546.695 125.057  -0.027   10.322  -10.000      225.3474     3063.9023
18 163  13.596  48572.359  84.584   0.024   10.559  -10.000      227.2350     3089.5664
18 163  13.596  48572.375  84.996  -0.095   10.440  -10.000      227.2361     3089.5820
18 163  13.596  48572.449  86.962   0.023   10.558  -10.000      227.2416     3089.6562
18 163  13.596  48572.465  87.374   0.070   10.605  -10.000      227.2427     3089.6719
18 163  13.596  48596.621   6.976   0.016   10.221  -10.000      229.0194     3113.8281
18 163  13.596  48596.637   7.388   0.055   10.262  -10.000      229.0205     3113.8438
18 163  13.596  48596.711   9.355   0.060   10.278  -10.000      229.0260     3113.9180
18 163  13.596  48596.727   9.772   0.044   10.264  -10.000      229.0271     3113.9336
18 163  13.596  48596.801  11.733   0.043   10.274  -10.000      229.0326     3114.0078
18 163  13.596  48596.812  12.047   0.024   10.256  -10.000      229.0335     3114.0195
18 163  13.596  48699.969 223.385   0.102    9.628  -10.000      236.6205     3217.1758
18 163  13.596  48699.984 223.797   0.073    9.602  -10.000      236.6217     3217.1914
18 163  13.596  48700.059 225.764   0.085    9.625  -10.000      236.6271     3217.2656
18 163  13.596  48700.070 226.071   0.114    9.655  -10.000      236.6280     3217.2773
18 163  13.596  48724.758 159.741  -0.015   10.178  -10.000      238.4437     3241.9648
18 163  13.596  48724.773 160.153   0.031   10.223  -10.000      238.4449     3241.9805
18 163  13.596  48724.848 162.120   0.013   10.206  -10.000      238.4503     3242.0547
18 163  13.596  48751.164 138.917  -0.053   10.194  -10.000      240.3859     3268.3711
18 163  13.596  48751.238 140.883  -0.043   10.194  -10.000      240.3913     3268.4453
18 163  13.596  48751.250 141.196   0.024   10.259  -10.000      240.3922     3268.4570
18 163  13.596  48788.723  53.383   0.013   10.465  -10.000      243.1483     3305.9297
18 163  13.596  48788.738  53.795   0.076   10.530  -10.000      243.1494     3305.9453
18 163  13.596  48788.812  55.761   0.035   10.498  -10.000      243.1549     3306.0195
18 163  13.596  48941.812 146.849  -0.030   10.181  -10.000      254.4079     3459.0195
18 163  13.596  48941.828 147.261   0.003   10.213  -10.000      254.4091     3459.0352
18 163  13.596  48941.902 149.227   0.039   10.243  -10.000      254.4145     3459.1094
18 163  13.596  48941.918 149.639   0.012   10.215  -10.000      254.4157     3459.1250
18 163  13.596  49034.414  78.728   0.011   10.540  -10.000      261.2187     3551.6211
18 163  13.596  49034.504  81.101   0.072   10.605  -10.000      261.2253     3551.7109
18 163  13.596  49047.648  69.137   0.020   10.529  -10.000      262.1920     3564.8555
18 163  13.596  49047.723  71.104   0.082   10.596  -10.000      262.1975     3564.9297
18 163  13.596  49047.738  71.521   0.012   10.527  -10.000      262.1987     3564.9453
11  43  13.596  48337.504 346.152  -0.033    7.739  -10.000      209.9615     2854.7109
12  43  13.596  48337.504 346.152  -0.064    7.242  -10.000      209.9615     2854.7109
13  43  13.596  48337.504 346.152  -0.082    7.083  -10.000      209.9615     2854.7109
11  43  13.596  48340.496  65.380  -0.039    7.969  -10.000      210.1816     2857.7031
12  43  13.596  48340.496  65.380  -0.083    7.428  -10.000      210.1816     2857.7031
13  43  13.596  48340.496  65.380  -0.084    7.276  -10.000      210.1816     2857.7031
11  43  13.596  48341.586  94.235  -0.044    8.036  -10.000      210.2618     2858.7930
12  43  13.596  48341.586  94.235  -0.070    7.520  -10.000      210.2618     2858.7930
13  43  13.596  48341.586  94.235  -0.084    7.358  -10.000      210.2618     2858.7930
11  43  13.596  48342.566 120.196  -0.090    7.991  -10.000      210.3339     2859.7734
12  43  13.596  48342.566 120.196  -0.081    7.536  -10.000      210.3339     2859.7734
13  43  13.596  48342.566 120.196  -0.102    7.375  -10.000      210.3339     2859.7734
 1   2  13.596  41583.918  86.792  -0.045   12.780  -10.000     -286.7589    -3898.8750
 2   2  13.596  41583.918  86.792  -0.023   11.690  -10.000     -286.7589    -3898.8750
 3   2  13.596  41583.918  86.792  -0.096   10.290  -10.000     -286.7589    -3898.8750
 1   2  13.596  41647.809 338.467   0.076   12.120  -10.000     -282.0598    -3834.9844
 2   2  13.596  41647.809 338.467   0.038   11.140  -10.000     -282.0598    -3834.9844
 3   2  13.596  41647.809 338.467  -0.004    9.900  -10.000     -282.0598    -3834.9844
 1   2  13.596  41648.793   4.537  -0.021   12.300  -10.000     -281.9874    -3834.0000
 2   2  13.596  41648.793   4.537   0.001   11.300  -10.000     -281.9874    -3834.0000
 3   2  13.596  41648.793   4.537  -0.041   10.000  -10.000     -281.9874    -3834.0000
 1   2  13.596  41650.820  58.217   0.000   12.800  -10.000     -281.8383    -3831.9727
 2   2  13.596  41650.820  58.217  -0.007   11.660  -10.000     -281.8383    -3831.9727
 3   2  13.596  41650.820  58.217  -0.075   10.250  -10.000     -281.8383    -3831.9727
 1   2  13.596  41651.836  85.100  -0.011   12.820  -10.000     -281.7636    -3830.9570
 2   2  13.596  41651.836  85.100   0.014   11.730  -10.000     -281.7636    -3830.9570
 3   2  13.596  41651.836  85.100  -0.046   10.340  -10.000     -281.7636    -3830.9570
 1   2  13.596  41652.773 109.929  -0.098   12.490  -10.000     -281.6946    -3830.0195
 2   2  13.596  41652.773 109.929  -0.008   11.560  -10.000     -281.6946    -3830.0195
 3   2  13.596  41652.773 109.929  -0.052   10.260  -10.000     -281.6946    -3830.0195
 1   2  13.596  41655.758 188.943  -0.055   11.210  -10.000     -281.4752    -3827.0352
 2   2  13.596  41655.758 188.943  -0.051   10.620  -10.000     -281.4752    -3827.0352
 3   2  13.596  41655.758 188.943  -0.040    9.700  -10.000     -281.4752    -3827.0352
 1   2  13.596  41658.781 269.000   0.055   11.270  -10.000     -281.2528    -3824.0117
 2   2  13.596  41658.781 269.000   0.041   10.600  -10.000     -281.2528    -3824.0117
 3   2  13.596  41658.781 269.000   0.010    9.590  -10.000     -281.2528    -3824.0117
 1   2  13.596  41760.625  85.583  -0.010   12.820  -10.000     -273.7623    -3722.1680
 2   2  13.596  41760.625  85.583  -0.025   11.690  -10.000     -273.7623    -3722.1680
 3   2  13.596  41760.625  85.583  -0.026   10.360  -10.000     -273.7623    -3722.1680
 1   2  13.596  41772.578  42.078  -0.020   12.670  -10.000     -272.8831    -3710.2148
 2   2  13.596  41772.578  42.078  -0.007   11.570  -10.000     -272.8831    -3710.2148
 3   2  13.596  41772.578  42.078  -0.020   10.230  -10.000     -272.8831    -3710.2148
