 2  79  17.097  49520.715 359.061   0.059   12.688  -10.000      235.9974     4034.8750
 3  79  17.097  49520.715 359.061   0.035   10.730  -10.000      235.9974     4034.8750
 2  79  17.097  49521.695  19.704   0.054   12.843  -10.000      236.0547     4035.8555
 3  79  17.097  49521.695  19.704   0.046   10.856  -10.000      236.0547     4035.8555
 2  79  17.097  49522.625  39.282  -0.099   12.819  -10.000      236.1091     4036.7852
 3  79  17.097  49522.625  39.282  -0.064   10.845  -10.000      236.1091     4036.7852
 2  79  17.097  49526.664 124.327   0.091   12.864  -10.000      236.3454     4040.8242
 3  79  17.097  49526.664 124.327  -0.014   10.891  -10.000      236.3454     4040.8242
 4  79  17.097  49526.664 124.327   0.020    9.865  -10.000      236.3454     4040.8242
 5  79  17.097  49526.664 124.327   0.088    8.945  -10.000      236.3454     4040.8242
 2  79  17.097  49528.680 166.772   0.130   12.613  -10.000      236.4633     4042.8398
 3  79  17.097  49528.680 166.772   0.015   10.764  -10.000      236.4633     4042.8398
 4  79  17.097  49528.680 166.772   0.034    9.779  -10.000      236.4633     4042.8398
 5  79  17.097  49528.680 166.772   0.055    8.863  -10.000      236.4633     4042.8398
 2  79  17.097  49529.648 187.169  -0.024   11.766  -10.000      236.5199     4043.8086
 3  79  17.097  49529.648 187.169  -0.024   10.245  -10.000      236.5199     4043.8086
 4  79  17.097  49529.648 187.169   0.001    9.353  -10.000      236.5199     4043.8086
 5  79  17.097  49529.648 187.169   0.017    8.514  -10.000      236.5199     4043.8086
 2  79  17.097  49530.676 208.801  -0.012   11.415  -10.000      236.5800     4044.8359
 3  79  17.097  49530.676 208.801  -0.050    9.954  -10.000      236.5800     4044.8359
 4  79  17.097  49530.676 208.801  -0.019    9.110  -10.000      236.5800     4044.8359
 5  79  17.097  49530.676 208.801   0.007    8.318  -10.000      236.5800     4044.8359
 2  79  17.097  49532.629 249.928   0.041   11.774  -10.000      236.6942     4046.7891
 3  79  17.097  49532.629 249.928   0.000   10.153  -10.000      236.6942     4046.7891
 4  79  17.097  49532.629 249.928   0.066    9.278  -10.000      236.6942     4046.7891
 5  79  17.097  49532.629 249.928   0.055    8.389  -10.000      236.6942     4046.7891
 2  79  17.097  49534.664 292.780   0.062   12.160  -10.000      236.8133     4048.8242
 3  79  17.097  49534.664 292.780  -0.001   10.353  -10.000      236.8133     4048.8242
 4  79  17.097  49534.664 292.780   0.054    9.399  -10.000      236.8133     4048.8242
 5  79  17.097  49534.664 292.780   0.094    8.499  -10.000      236.8133     4048.8242
 2  79  17.097  49535.633 313.176   0.061   12.328  -10.000      236.8699     4049.7930
 3  79  17.097  49535.633 313.176   0.075   10.530  -10.000      236.8699     4049.7930
 2  79  17.097  49536.625 334.067   0.056   12.488  -10.000      236.9280     4050.7852
 3  79  17.097  49536.625 334.067   0.081   10.641  -10.000      236.9280     4050.7852
 2  79  17.097  49543.629 121.542   0.074   12.878  -10.000      237.3376     4057.7891
 3  79  17.097  49543.629 121.542   0.010   10.933  -10.000      237.3376     4057.7891
 4  79  17.097  49543.629 121.542   0.043    9.899  -10.000      237.3376     4057.7891
 5  79  17.097  49543.629 121.542   0.089    8.953  -10.000      237.3376     4057.7891
 2  79  17.097  49544.559 141.119   0.053   12.654  -10.000      237.3920     4058.7188
 3  79  17.097  49544.559 141.119   0.000   10.808  -10.000      237.3920     4058.7188
 4  79  17.097  49544.559 141.119   0.027    9.805  -10.000      237.3920     4058.7188
 5  79  17.097  49544.559 141.119   0.050    8.869  -10.000      237.3920     4058.7188
 2  79  17.097  49545.570 162.422   0.137   12.661  -10.000      237.4512     4059.7305
 3  79  17.097  49545.570 162.422   0.039   10.815  -10.000      237.4512     4059.7305
 4  79  17.097  49545.570 162.422   0.030    9.795  -10.000      237.4512     4059.7305
 5  79  17.097  49545.570 162.422   0.045    8.868  -10.000      237.4512     4059.7305
 2  79  17.097  49558.617  77.141   0.098   13.160  -10.000      238.2143     4072.7773
 3  79  17.097  49558.617  77.141   0.058   11.102  -10.000      238.2143     4072.7773
 4  79  17.097  49558.617  77.141   0.083   10.004  -10.000      238.2143     4072.7773
 5  79  17.097  49558.617  77.141   0.149    9.024  -10.000      238.2143     4072.7773
 2  79  17.097  49563.586 181.763   0.074   12.100  -10.000      238.5049     4077.7461
 3  79  17.097  49563.586 181.763   0.059   10.493  -10.000      238.5049     4077.7461
 2  79  17.097  49564.570 202.489  -0.118   11.313  -10.000      238.5625     4078.7305
 3  79  17.097  49564.570 202.489  -0.097    9.916  -10.000      238.5625     4078.7305
 4  79  17.097  49564.570 202.489  -0.042    9.098  -10.000      238.5625     4078.7305
 5  79  17.097  49564.570 202.489  -0.057    8.267  -10.000      238.5625     4078.7305
23   4  17.097  40990.535  26.049  -0.052    4.078  -10.000     -262.9276    -4495.3047
24   4  17.097  40990.535  26.049   0.002    6.295  -10.000     -262.9276    -4495.3047
27   4  17.097  40990.535  26.049  -0.306    7.633  -10.000     -262.9276    -4495.3047
23   4  17.097  41016.512 213.014  -0.070    3.203  -10.000     -261.4083    -4469.3281
24   4  17.097  41016.512 213.014  -0.038    4.718  -10.000     -261.4083    -4469.3281
27   4  17.097  41016.512 213.014   0.003    5.773  -10.000     -261.4083    -4469.3281
23   4  17.097  41017.543 234.734  -0.060    3.288  -10.000     -261.3480    -4468.2969
24   4  17.097  41017.543 234.734  -0.029    4.900  -10.000     -261.3480    -4468.2969
27   4  17.097  41017.543 234.734  -0.001    6.033  -10.000     -261.3480    -4468.2969
23   4  17.097  41018.512 255.125  -0.026    3.420  -10.000     -261.2913    -4467.3281
24   4  17.097  41018.512 255.125   0.013    5.148  -10.000     -261.2913    -4467.3281
27   4  17.097  41018.512 255.125   0.146    6.485  -10.000     -261.2913    -4467.3281
23   4  17.097  41027.504  84.474   0.001    4.335  -10.000     -260.7654    -4458.3359
24   4  17.097  41027.504  84.474   0.085    6.608  -10.000     -260.7654    -4458.3359
27   4  17.097  41027.504  84.474  -0.447    7.743  -10.000     -260.7654    -4458.3359
23   4  17.097  41042.512  40.474  -0.009    4.193  -10.000     -259.8876    -4443.3281
24   4  17.097  41042.512  40.474   0.022    6.413  -10.000     -259.8876    -4443.3281
27   4  17.097  41042.512  40.474   0.062    8.120  -10.000     -259.8876    -4443.3281
23   4  17.097  41047.535 146.250  -0.069    3.995  -10.000     -259.5938    -4438.3047
24   4  17.097  41047.535 146.250  -0.028    5.938  -10.000     -259.5938    -4438.3047
27   4  17.097  41047.535 146.250  -0.087    7.280  -10.000     -259.5938    -4438.3047
23   4  17.097  41057.555 357.220  -0.025    3.943  -10.000     -259.0077    -4428.2852
24   4  17.097  41057.555 357.220  -0.026    6.033  -10.000     -259.0077    -4428.2852
27   4  17.097  41057.555 357.220  -0.073    7.562  -10.000     -259.0077    -4428.2852
23   4  17.097  41058.543  18.029  -0.016    4.070  -10.000     -258.9499    -4427.2969
24   4  17.097  41058.543  18.029   0.024    6.258  -10.000     -258.9499    -4427.2969
27   4  17.097  41058.543  18.029  -0.280    7.582  -10.000     -258.9499    -4427.2969
23   4  17.097  41066.500 185.581  -0.019    3.562  -10.000     -258.4845    -4419.3398
24   4  17.097  41066.500 185.581   0.004    5.200  -10.000     -258.4845    -4419.3398
27   4  17.097  41066.500 185.581  -0.088    6.245  -10.000     -258.4845    -4419.3398
23   4  17.097  41067.484 206.301  -0.068    3.195  -10.000     -258.4269    -4418.3555
24   4  17.097  41067.484 206.301  -0.035    4.693  -10.000     -258.4269    -4418.3555
27   4  17.097  41067.484 206.301  -0.030    5.695  -10.000     -258.4269    -4418.3555
23   4  17.097  41068.477 227.197  -0.036    3.282  -10.000     -258.3689    -4417.3633
24   4  17.097  41068.477 227.197  -0.021    4.840  -10.000     -258.3689    -4417.3633
27   4  17.097  41068.477 227.197  -0.004    5.927  -10.000     -258.3689    -4417.3633
23   4  17.097  41077.383  54.723  -0.013    4.253  -10.000     -257.8480    -4408.4570
24   4  17.097  41077.383  54.723   0.002    6.470  -10.000     -257.8480    -4408.4570
27   4  17.097  41077.383  54.723  -0.104    8.045  -10.000     -257.8480    -4408.4570
23   4  17.097  41083.414 181.725   0.023    3.725  -10.000     -257.4952    -4402.4258
24   4  17.097  41083.414 181.725   0.029    5.410  -10.000     -257.4952    -4402.4258
27   4  17.097  41083.414 181.725  -0.031    6.545  -10.000     -257.4952    -4402.4258
23   4  17.097  41085.461 224.824  -0.048    3.262  -10.000     -257.3755    -4400.3789
24   4  17.097  41085.461 224.824  -0.027    4.815  -10.000     -257.3755    -4400.3789
27   4  17.097  41085.461 224.824  -0.022    5.880  -10.000     -257.3755    -4400.3789
23   4  17.097  41091.457 351.079  -0.016    3.915  -10.000     -257.0248    -4394.3828
24   4  17.097  41091.457 351.079   0.028    6.030  -10.000     -257.0248    -4394.3828
27   4  17.097  41091.457 351.079   0.041    7.602  -10.000     -257.0248    -4394.3828
23   4  17.097  41092.449  11.964   0.000    4.050  -10.000     -256.9668    -4393.3906
24   4  17.097  41092.449  11.964   0.001    6.182  -10.000     -256.9668    -4393.3906
27   4  17.097  41092.449  11.964  -0.041    7.755  -10.000     -256.9668    -4393.3906
23   4  17.097  41100.383 179.022   0.023    3.807  -10.000     -256.5027    -4385.4570
24   4  17.097  41100.383 179.022   0.076    5.582  -10.000     -256.5027    -4385.4570
27   4  17.097  41100.383 179.022   0.057    6.797  -10.000     -256.5027    -4385.4570
23   4  17.097  41101.426 200.984  -0.159    3.122  -10.000     -256.4417    -4384.4141
24   4  17.097  41101.426 200.984  -0.191    4.557  -10.000     -256.4417    -4384.4141
27   4  17.097  41101.426 200.984  -0.202    5.545  -10.000     -256.4417    -4384.4141
23   4  17.097  41106.387 305.442  -0.021    3.672  -10.000     -256.1516    -4379.4531
24   4  17.097  41106.387 305.442   0.009    5.617  -10.000     -256.1516    -4379.4531
27   4  17.097  41106.387 305.442   0.121    7.145  -10.000     -256.1516    -4379.4531
23   4  17.097  41107.391 326.580  -0.017    3.785  -10.000     -256.0928    -4378.4492
24   4  17.097  41107.391 326.580   0.003    5.800  -10.000     -256.0928    -4378.4492
27   4  17.097  41107.391 326.580   0.032    7.318  -10.000     -256.0928    -4378.4492
23   4  17.097  41114.359 113.313   0.014    4.273  -10.000     -255.6852    -4371.4805
24   4  17.097  41114.359 113.313   0.069    6.408  -10.000     -255.6852    -4371.4805
27   4  17.097  41114.359 113.313  -0.227    7.680  -10.000     -255.6852    -4371.4805
23   4  17.097  41115.379 134.780  -0.015    4.108  -10.000     -255.6256    -4370.4609
24   4  17.097  41115.379 134.780   0.048    6.125  -10.000     -255.6256    -4370.4609
27   4  17.097  41115.379 134.780  -0.127    7.403  -10.000     -255.6256    -4370.4609
23   4  17.097  41116.367 155.588  -0.036    4.023  -10.000     -255.5678    -4369.4727
24   4  17.097  41116.367 155.588   0.024    5.963  -10.000     -255.5678    -4369.4727
27   4  17.097  41116.367 155.588   0.131    7.453  -10.000     -255.5678    -4369.4727
23   4  17.097  41117.398 177.303   0.052    3.885  -10.000     -255.5075    -4368.4414
24   4  17.097  41117.398 177.303   0.095    5.675  -10.000     -255.5075    -4368.4414
27   4  17.097  41117.398 177.303   0.017    6.855  -10.000     -255.5075    -4368.4414
23   4  17.097  41122.375 282.090  -0.008    3.568  -10.000     -255.2164    -4363.4648
24   4  17.097  41122.375 282.090   0.021    5.412  -10.000     -255.2164    -4363.4648
27   4  17.097  41122.375 282.090   0.042    6.755  -10.000     -255.2164    -4363.4648
23   4  17.097  41123.340 302.410  -0.013    3.665  -10.000     -255.1600    -4362.5000
24   4  17.097  41123.340 302.410   0.024    5.605  -10.000     -255.1600    -4362.5000
27   4  17.097  41123.340 302.410   0.022    7.007  -10.000     -255.1600    -4362.5000
23   4  17.097  41124.336 323.383  -0.019    3.767  -10.000     -255.1017    -4361.5039
24   4  17.097  41124.336 323.383  -0.005    5.765  -10.000     -255.1017    -4361.5039
27   4  17.097  41124.336 323.383  -0.088    7.160  -10.000     -255.1017    -4361.5039
23   4  17.097  41125.371 345.179  -0.001    3.898  -10.000     -255.0412    -4360.4688
24   4  17.097  41125.371 345.179   0.018    5.970  -10.000     -255.0412    -4360.4688
27   4  17.097  41125.371 345.179   0.050    7.545  -10.000     -255.0412    -4360.4688
23   4  17.097  41130.336  89.720  -0.022    4.310  -10.000     -254.7508    -4355.5039
24   4  17.097  41130.336  89.720   0.005    6.512  -10.000     -254.7508    -4355.5039
27   4  17.097  41130.336  89.720  -0.124    8.040  -10.000     -254.7508    -4355.5039
23   4  17.097  41131.355 111.187  -0.039    4.233  -10.000     -254.6911    -4354.4844
24   4  17.097  41131.355 111.187  -0.037    6.328  -10.000     -254.6911    -4354.4844
27   4  17.097  41131.355 111.187  -0.093    7.850  -10.000     -254.6911    -4354.4844
23   4  17.097  41132.352 132.160   0.012    4.150  -10.000     -254.6329    -4353.4883
24   4  17.097  41132.352 132.160   0.062    6.170  -10.000     -254.6329    -4353.4883
27   4  17.097  41132.352 132.160  -0.053    7.520  -10.000     -254.6329    -4353.4883
23   4  17.097  41133.332 152.803  -0.052    4.005  -10.000     -254.5755    -4352.5078
24   4  17.097  41133.332 152.803  -0.052    5.890  -10.000     -254.5755    -4352.5078
27   4  17.097  41133.332 152.803  -0.178    7.150  -10.000     -254.5755    -4352.5078
23   4  17.097  41138.375 258.992  -0.018    3.447  -10.000     -254.2806    -4347.4648
24   4  17.097  41138.375 258.992  -0.008    5.165  -10.000     -254.2806    -4347.4648
27   4  17.097  41138.375 258.992   0.122    6.517  -10.000     -254.2806    -4347.4648
23   4  17.097  41139.254 277.498  -0.024    3.530  -10.000     -254.2292    -4346.5859
24   4  17.097  41139.254 277.498   0.036    5.385  -10.000     -254.2292    -4346.5859
27   4  17.097  41139.254 277.498   0.133    6.785  -10.000     -254.2292    -4346.5859
23   4  17.097  41140.262 298.718  -0.021    3.638  -10.000     -254.1702    -4345.5781
24   4  17.097  41140.262 298.718  -0.012    5.535  -10.000     -254.1702    -4345.5781
27   4  17.097  41140.262 298.718   0.301    7.238  -10.000     -254.1702    -4345.5781
23   4  17.097  41141.301 320.598  -0.039    3.733  -10.000     -254.1095    -4344.5391
24   4  17.097  41141.301 320.598  -0.011    5.735  -10.000     -254.1095    -4344.5391
27   4  17.097  41141.301 320.598  -0.164    7.050  -10.000     -254.1095    -4344.5391
23   4  17.097  41146.320  66.292   0.006    4.312  -10.000     -253.8159    -4339.5195
24   4  17.097  41146.320  66.292  -0.022    6.490  -10.000     -253.8159    -4339.5195
27   4  17.097  41146.320  66.292  -0.043    8.153  -10.000     -253.8159    -4339.5195
23   4  17.097  41147.312  87.182  -0.033    4.300  -10.000     -253.7578    -4338.5273
24   4  17.097  41147.312  87.182   0.000    6.515  -10.000     -253.7578    -4338.5273
27   4  17.097  41147.312  87.182  -0.017    8.160  -10.000     -253.7578    -4338.5273
23   4  17.097  41148.289 107.743  -0.020    4.270  -10.000     -253.7007    -4337.5508
24   4  17.097  41148.289 107.743   0.074    6.475  -10.000     -253.7007    -4337.5508
27   4  17.097  41148.289 107.743  -0.099    7.898  -10.000     -253.7007    -4337.5508
23   4  17.097  41149.293 128.881   0.020    4.177  -10.000     -253.6420    -4336.5469
24   4  17.097  41149.293 128.881   0.061    6.207  -10.000     -253.6420    -4336.5469
27   4  17.097  41149.293 128.881  -0.001    7.627  -10.000     -253.6420    -4336.5469
23   4  17.097  41154.293 234.163  -0.027    3.318  -10.000     -253.3495    -4331.5469
24   4  17.097  41154.293 234.163  -0.023    4.900  -10.000     -253.3495    -4331.5469
27   4  17.097  41154.293 234.163   0.002    6.028  -10.000     -253.3495    -4331.5469
23   4  17.097  41155.309 255.547   0.002    3.450  -10.000     -253.2901    -4330.5312
24   4  17.097  41155.309 255.547   0.024    5.162  -10.000     -253.2901    -4330.5312
27   4  17.097  41155.309 255.547   0.057    6.403  -10.000     -253.2901    -4330.5312
23   4  17.097  41156.285 276.108  -0.015    3.533  -10.000     -253.2330    -4329.5547
24   4  17.097  41156.285 276.108   0.022    5.358  -10.000     -253.2330    -4329.5547
27   4  17.097  41156.285 276.108   0.129    6.762  -10.000     -253.2330    -4329.5547
 3 150  17.097  50568.504 101.503   0.064   11.092  -10.000      297.2820     5082.6641
 5 150  17.097  50568.504 101.503   0.112    9.011  -10.000      297.2820     5082.6641
 3 150  17.097  50570.426 141.965  -0.042   10.761  -10.000      297.3943     5084.5859
 5 150  17.097  50570.426 141.965  -0.037    8.781  -10.000      297.3943     5084.5859
 3 150  17.097  50572.387 183.252   0.026   10.413  -10.000      297.5090     5086.5469
 5 150  17.097  50572.387 183.252  -0.014    8.561  -10.000      297.5090     5086.5469
 3 150  17.097  50572.512 185.889  -0.020   10.286  -10.000      297.5164     5086.6719
 5 150  17.097  50572.512 185.889  -0.025    8.497  -10.000      297.5164     5086.6719
 3 150  17.097  50573.375 204.060  -0.105    9.902  -10.000      297.5668     5087.5352
 5 150  17.097  50573.375 204.060  -0.098    8.221  -10.000      297.5668     5087.5352
 3 150  17.097  50573.461 205.873  -0.103    9.901  -10.000      297.5719     5087.6211
 5 150  17.097  50573.461 205.873  -0.088    8.226  -10.000      297.5719     5087.6211
 3 150  17.097  50573.555 207.850  -0.092    9.911  -10.000      297.5774     5087.7148
 5 150  17.097  50573.555 207.850  -0.070    8.242  -10.000      297.5774     5087.7148
 3 150  17.097  50574.492 227.593  -0.052   10.005  -10.000      297.6322     5088.6523
 5 150  17.097  50574.492 227.593  -0.047    8.268  -10.000      297.6322     5088.6523
 3 150  17.097  50575.359 245.852  -0.012   10.121  -10.000      297.6829     5089.5195
 5 150  17.097  50575.359 245.852  -0.026    8.302  -10.000      297.6829     5089.5195
 3 150  17.097  50575.457 247.906  -0.019   10.124  -10.000      297.6886     5089.6172
 5 150  17.097  50575.457 247.906  -0.003    8.328  -10.000      297.6886     5089.6172
 3 150  17.097  50575.547 249.796  -0.038   10.114  -10.000      297.6939     5089.7070
 5 150  17.097  50575.547 249.796  -0.016    8.318  -10.000      297.6939     5089.7070
 3 150  17.097  50576.449 268.792  -0.020   10.223  -10.000      297.7466     5090.6094
 5 150  17.097  50576.449 268.792  -0.009    8.355  -10.000      297.7466     5090.6094
 3 150  17.097  50576.508 270.033  -0.013   10.235  -10.000      297.7501     5090.6680
 5 150  17.097  50576.508 270.033  -0.006    8.360  -10.000      297.7501     5090.6680
 3 150  17.097  50576.570 271.340  -0.002   10.252  -10.000      297.7537     5090.7305
 5 150  17.097  50576.570 271.340  -0.006    8.361  -10.000      297.7537     5090.7305
 3 150  17.097  50577.516 291.248  -0.020   10.327  -10.000      297.8090     5091.6758
 5 150  17.097  50577.516 291.248   0.000    8.402  -10.000      297.8090     5091.6758
 3 150  17.097  50577.578 292.566  -0.029   10.324  -10.000      297.8127     5091.7383
 5 150  17.097  50577.578 292.566   0.003    8.408  -10.000      297.8127     5091.7383
 3 150  17.097  50578.391 309.672  -0.004   10.433  -10.000      297.8602     5092.5508
 5 150  17.097  50578.391 309.672   0.029    8.472  -10.000      297.8602     5092.5508
 3 150  17.097  50578.465 311.232  -0.017   10.428  -10.000      297.8645     5092.6250
 5 150  17.097  50578.465 311.232   0.019    8.465  -10.000      297.8645     5092.6250
 3 150  17.097  50578.559 313.209  -0.020   10.435  -10.000      297.8700     5092.7188
 5 150  17.097  50578.559 313.209   0.020    8.472  -10.000      297.8700     5092.7188
 3 150  17.097  50579.516 333.358  -0.018   10.538  -10.000      297.9260     5093.6758
 5 150  17.097  50579.516 333.358   0.022    8.528  -10.000      297.9260     5093.6758
 3 150  17.097  50579.551 334.105  -0.010   10.550  -10.000      297.9281     5093.7109
 5 150  17.097  50579.551 334.105   0.026    8.534  -10.000      297.9281     5093.7109
 3 150  17.097  50580.430 352.606  -0.024   10.633  -10.000      297.9795     5094.5898
 5 150  17.097  50580.430 352.606   0.036    8.605  -10.000      297.9795     5094.5898
 3 150  17.097  50580.555 355.243  -0.014   10.658  -10.000      297.9868     5094.7148
 5 150  17.097  50580.555 355.243   0.028    8.607  -10.000      297.9868     5094.7148
 3 150  17.097  50582.453  35.211  -0.017   10.872  -10.000      298.0978     5096.6133
 5 150  17.097  50582.453  35.211   0.052    8.785  -10.000      298.0978     5096.6133
 3 150  17.097  50582.539  37.024  -0.024   10.874  -10.000      298.1028     5096.6992
 5 150  17.097  50582.539  37.024   0.061    8.800  -10.000      298.1028     5096.6992
 3 150  17.097  50583.457  56.349  -0.008   10.977  -10.000      298.1565     5097.6172
 5 150  17.097  50583.457  56.349   0.064    8.877  -10.000      298.1565     5097.6172
 3 150  17.097  50583.582  58.986  -0.036   10.959  -10.000      298.1638     5097.7422
 5 150  17.097  50583.582  58.986   0.048    8.870  -10.000      298.1638     5097.7422
 3 150  17.097  50584.418  76.586  -0.018   11.025  -10.000      298.2127     5098.5781
 5 150  17.097  50584.418  76.586   0.056    8.930  -10.000      298.2127     5098.5781
 3 150  17.097  50584.496  78.234  -0.035   11.010  -10.000      298.2173     5098.6562
 5 150  17.097  50584.496  78.234   0.048    8.925  -10.000      298.2173     5098.6562
 3 150  17.097  50891.477  62.073  -0.037   10.968  -10.000      316.1724     5405.6367
 4 150  17.097  50891.477  62.073   0.019    9.899  -10.000      316.1724     5405.6367
 3 150  17.097  50891.574  64.127  -0.032   10.980  -10.000      316.1781     5405.7344
 4 150  17.097  50891.574  64.127   0.021    9.907  -10.000      316.1781     5405.7344
 3 150  17.097  50892.477  83.123  -0.033   11.014  -10.000      316.2309     5406.6367
 4 150  17.097  50892.477  83.123   0.004    9.931  -10.000      316.2309     5406.6367
 3 150  17.097  50892.594  85.594  -0.056   10.991  -10.000      316.2378     5406.7539
 4 150  17.097  50892.594  85.594   0.012    9.940  -10.000      316.2378     5406.7539
 3 150  17.097  50893.383 102.206  -0.019   11.007  -10.000      316.2839     5407.5430
 4 150  17.097  50893.383 102.206   0.027    9.952  -10.000      316.2839     5407.5430
 3 150  17.097  50893.488 104.425  -0.042   10.977  -10.000      316.2901     5407.6484
 4 150  17.097  50893.488 104.425   0.006    9.926  -10.000      316.2901     5407.6484
 3 150  17.097  50896.508 168.003   0.014   10.751  -10.000      316.4667     5410.6680
 4 150  17.097  50896.508 168.003   0.012    9.747  -10.000      316.4667     5410.6680
 3 150  17.097  50897.418 187.174   0.005   10.273  -10.000      316.5199     5411.5781
 4 150  17.097  50897.418 187.174   0.033    9.385  -10.000      316.5199     5411.5781
 3 150  17.097  50901.547 274.109  -0.023   10.243  -10.000      316.7614     5415.7070
 4 150  17.097  50901.547 274.109  -0.007    9.279  -10.000      316.7614     5415.7070
 3 150  17.097  50902.430 292.698  -0.047   10.307  -10.000      316.8130     5416.5898
 4 150  17.097  50902.430 292.698  -0.007    9.338  -10.000      316.8130     5416.5898
 3 150  17.097  50902.492 294.016  -0.041   10.319  -10.000      316.8167     5416.6523
 4 150  17.097  50902.492 294.016  -0.005    9.345  -10.000      316.8167     5416.6523
 3 150  17.097  50903.551 316.307  -0.044   10.427  -10.000      316.8786     5417.7109
 4 150  17.097  50903.551 316.307  -0.013    9.417  -10.000      316.8786     5417.7109
 3 150  17.097  50904.406 334.314  -0.043   10.518  -10.000      316.9286     5418.5664
 4 150  17.097  50904.406 334.314   0.000    9.499  -10.000      316.9286     5418.5664
 3 150  17.097  50904.504 336.379  -0.034   10.538  -10.000      316.9344     5418.6641
 4 150  17.097  50904.504 336.379  -0.001    9.506  -10.000      316.9344     5418.6641
 3 150  17.097  50905.352 354.221  -0.071   10.595  -10.000      316.9839     5419.5117
 4 150  17.097  50905.352 354.221   0.009    9.592  -10.000      316.9839     5419.5117
 3 150  17.097  50907.375  36.826  -0.053   10.844  -10.000      317.1023     5421.5352
 4 150  17.097  50907.375  36.826   0.006    9.785  -10.000      317.1023     5421.5352
 3 150  17.097  50907.430  37.980  -0.045   10.858  -10.000      317.1055     5421.5898
 4 150  17.097  50907.430  37.980   0.008    9.792  -10.000      317.1055     5421.5898
 3 150  17.097  50908.371  57.799  -0.049   10.941  -10.000      317.1606     5422.5312
 4 150  17.097  50908.371  57.799  -0.005    9.860  -10.000      317.1606     5422.5312
 3 150  17.097  50908.430  59.041  -0.030   10.965  -10.000      317.1640     5422.5898
 4 150  17.097  50908.430  59.041   0.022    9.892  -10.000      317.1640     5422.5898
 3 150  17.097  50908.578  62.161  -0.036   10.970  -10.000      317.1727     5422.7383
 4 150  17.097  50908.578  62.161   0.035    9.915  -10.000      317.1727     5422.7383
 3 150  17.097  50909.484  81.244  -0.026   11.021  -10.000      317.2257     5423.6445
 4 150  17.097  50909.484  81.244   0.002    9.928  -10.000      317.2257     5423.6445
 3 150  17.097  50909.578  83.221  -0.036   11.011  -10.000      317.2312     5423.7383
 4 150  17.097  50909.578  83.221  -0.009    9.918  -10.000      317.2312     5423.7383
 3 150  17.097  50910.316  98.767  -0.014   11.021  -10.000      317.2744     5424.4766
 4 150  17.097  50910.316  98.767   0.039    9.967  -10.000      317.2744     5424.4766
 3 150  17.097  50910.391 100.327  -0.011   11.020  -10.000      317.2787     5424.5508
 4 150  17.097  50910.391 100.327   0.002    9.929  -10.000      317.2787     5424.5508
 3 150  17.097  50910.574 104.194   0.008   11.028  -10.000      317.2894     5424.7344
 4 150  17.097  50910.574 104.194   0.038    9.959  -10.000      317.2894     5424.7344
 3 150  17.097  50912.406 142.767   0.001   10.801  -10.000      317.3966     5426.5664
 4 150  17.097  50912.406 142.767  -0.007    9.766  -10.000      317.3966     5426.5664
 3 150  17.097  50912.488 144.492  -0.013   10.780  -10.000      317.4014     5426.6484
 4 150  17.097  50912.488 144.492  -0.024    9.745  -10.000      317.4014     5426.6484
 3 150  17.097  50912.578 146.382  -0.006   10.781  -10.000      317.4066     5426.7383
 4 150  17.097  50912.578 146.382  -0.006    9.759  -10.000      317.4066     5426.7383
 3 150  17.097  50913.328 162.180  -0.025   10.752  -10.000      317.4505     5427.4883
 4 150  17.097  50913.328 162.180  -0.008    9.758  -10.000      317.4505     5427.4883
 3 150  17.097  50913.398 163.663   0.004   10.775  -10.000      317.4546     5427.5586
 4 150  17.097  50913.398 163.663  -0.012    9.749  -10.000      317.4546     5427.5586
 3 150  17.097  50913.473 165.223   0.001   10.763  -10.000      317.4590     5427.6328
 4 150  17.097  50913.473 165.223   0.011    9.765  -10.000      317.4590     5427.6328
 3 150  17.097  50914.324 183.153   0.051   10.442  -10.000      317.5088     5428.4844
 4 150  17.097  50914.324 183.153   0.083    9.535  -10.000      317.5088     5428.4844
 3 150  17.097  50914.391 184.548   0.058   10.405  -10.000      317.5126     5428.5508
 4 150  17.097  50914.391 184.548   0.072    9.489  -10.000      317.5126     5428.5508
 3 150  17.097  50914.477 186.361   0.051   10.343  -10.000      317.5177     5428.6367
 4 150  17.097  50914.477 186.361   0.067    9.439  -10.000      317.5177     5428.6367
 3 150  17.097  50914.551 187.921   0.039   10.286  -10.000      317.5220     5428.7109
 4 150  17.097  50914.551 187.921   0.057    9.392  -10.000      317.5220     5428.7109
 3 150  17.097  50915.414 206.104  -0.072    9.932  -10.000      317.5725     5429.5742
 4 150  17.097  50915.414 206.104  -0.032    9.098  -10.000      317.5725     5429.5742
 3 150  17.097  50915.496 207.828  -0.058    9.945  -10.000      317.5773     5429.6562
 4 150  17.097  50915.496 207.828  -0.022    9.107  -10.000      317.5773     5429.6562
 3 150  17.097  50916.320 225.187  -0.049   10.000  -10.000      317.6255     5430.4805
 4 150  17.097  50916.320 225.187  -0.010    9.142  -10.000      317.6255     5430.4805
 3 150  17.097  50916.391 226.659  -0.038   10.016  -10.000      317.6296     5430.5508
 4 150  17.097  50916.391 226.659   0.012    9.167  -10.000      317.6296     5430.5508
 3 150  17.097  50916.473 228.395  -0.016   10.044  -10.000      317.6344     5430.6328
 4 150  17.097  50916.473 228.395   0.005    9.163  -10.000      317.6344     5430.6328
 3 150  17.097  50916.555 230.120  -0.044   10.022  -10.000      317.6392     5430.7148
 4 150  17.097  50916.555 230.120   0.003    9.164  -10.000      317.6392     5430.7148
 3 150  17.097  50917.340 246.654   0.012   10.149  -10.000      317.6852     5431.5000
 4 150  17.097  50917.340 246.654   0.037    9.239  -10.000      317.6852     5431.5000
 3 150  17.097  50917.406 248.049   0.001   10.145  -10.000      317.6890     5431.5664
 4 150  17.097  50917.406 248.049   0.033    9.239  -10.000      317.6890     5431.5664
 3 150  17.097  50917.477 249.532   0.006   10.157  -10.000      317.6931     5431.6367
 4 150  17.097  50917.477 249.532   0.049    9.260  -10.000      317.6931     5431.6367
 2 123  17.097  41400.871  26.158   0.096   12.930  -10.000     -238.9273    -4084.9688
 3 123  17.097  41400.871  26.158  -0.014   10.830  -10.000     -238.9273    -4084.9688
 2 123  17.097  41401.828  46.307   0.094   13.050  -10.000     -238.8714    -4084.0117
 3 123  17.097  41401.828  46.307   0.009   10.950  -10.000     -238.8714    -4084.0117
 1 123  17.097  41408.867 194.524  -0.120   12.510  -10.000     -238.4597    -4076.9727
 2 123  17.097  41408.867 194.524  -0.164   11.380  -10.000     -238.4597    -4076.9727
 3 123  17.097  41408.867 194.524  -0.146    9.950  -10.000     -238.4597    -4076.9727
 1 123  17.097  41409.836 214.920   0.099   12.630  -10.000     -238.4030    -4076.0039
 2 123  17.097  41409.836 214.920   0.003   11.460  -10.000     -238.4030    -4076.0039
 3 123  17.097  41409.836 214.920  -0.058    9.960  -10.000     -238.4030    -4076.0039
 1 123  17.097  41410.781 234.827   0.150   12.920  -10.000     -238.3477    -4075.0586
 2 123  17.097  41410.781 234.827   0.032   11.630  -10.000     -238.3477    -4075.0586
 3 123  17.097  41410.781 234.827  -0.034   10.050  -10.000     -238.3477    -4075.0586
 1 123  17.097  41415.844 341.422   0.318   14.470  -10.000     -238.0516    -4069.9961
 2 123  17.097  41415.844 341.422   0.022   12.510  -10.000     -238.0516    -4069.9961
 3 123  17.097  41415.844 341.422  -0.027   10.570  -10.000     -238.0516    -4069.9961
 1 123  17.097  41416.820   1.989   0.267   14.650  -10.000     -237.9945    -4069.0195
 2 123  17.097  41416.820   1.989   0.038   12.690  -10.000     -237.9945    -4069.0195
 3 123  17.097  41416.820   1.989  -0.001   10.710  -10.000     -237.9945    -4069.0195
 2 123  17.097  41417.797  22.549   0.060   12.870  -10.000     -237.9374    -4068.0430
 3 123  17.097  41417.797  22.549   0.035   10.860  -10.000     -237.9374    -4068.0430
 1 123  17.097  41772.801 297.576   0.157   13.790  -10.000     -217.1734    -3713.0391
 2 123  17.097  41772.801 297.576   0.042   12.180  -10.000     -217.1734    -3713.0391
 3 123  17.097  41772.801 297.576  -0.008   10.370  -10.000     -217.1734    -3713.0391
 1 123  17.097  41773.766 317.889   0.405   14.290  -10.000     -217.1170    -3712.0742
 2 123  17.097  41773.766 317.889   0.025   12.330  -10.000     -217.1170    -3712.0742
 3 123  17.097  41773.766 317.889   0.021   10.500  -10.000     -217.1170    -3712.0742
 2 123  17.097  41779.824  85.463  -0.015   13.040  -10.000     -216.7626    -3706.0156
 3 123  17.097  41779.824  85.463   0.003   11.050  -10.000     -216.7626    -3706.0156
 1 123  17.097  41784.770 189.591  -0.170   12.670  -10.000     -216.4734    -3701.0703
 2 123  17.097  41784.770 189.591  -0.145   11.550  -10.000     -216.4734    -3701.0703
 3 123  17.097  41784.770 189.591  -0.172   10.030  -10.000     -216.4734    -3701.0703
 1 123  17.097  41785.801 211.306   0.283   12.780  -10.000     -216.4130    -3700.0391
 2 123  17.097  41785.801 211.306   0.113   11.550  -10.000     -216.4130    -3700.0391
 3 123  17.097  41785.801 211.306   0.012   10.020  -10.000     -216.4130    -3700.0391
 0 123  17.097  41405.891 131.847   0.024  -22.000  -10.000     -238.6338    -4079.9492
 0 123  17.097  41406.824 151.507   9.233  -19.400  -10.000     -238.5791    -4079.0156
 0 123  17.097  41407.855 173.221  -2.717  -47.400  -10.000     -238.5188    -4077.9844
 0 123  17.097  41787.844 254.323   4.887  -76.000  -10.000     -216.2935    -3697.9961
 0 123  17.097  41788.648 271.269  -1.130  -82.800  -10.000     -216.2465    -3697.1914
 0 123  17.097  41789.648 292.324  -4.185  -80.000  -10.000     -216.1880    -3696.1914
 0 123  17.097  41793.824  20.248   2.174  -40.500  -10.000     -215.9438    -3692.0156
 0 123  17.097  41794.820  41.221   1.795  -33.900  -10.000     -215.8855    -3691.0195
 0 123  17.097  41796.656  79.882  -8.478  -38.000  -10.000     -215.7781    -3689.1836
