 2  79  22.957  44827.426 188.946  -0.320   11.141  -10.000       79.5248     1825.6133
 3  79  22.957  44827.426 188.946  -0.277    9.674  -10.000       79.5248     1825.6133
 2  79  22.957  44829.426 220.309   0.006   11.393  -10.000       79.6120     1827.6133
 3  79  22.957  44829.426 220.309   0.026    9.877  -10.000       79.6120     1827.6133
 2  79  22.957  44830.445 236.297   0.040   11.588  -10.000       79.6564     1828.6328
 3  79  22.957  44830.445 236.297   0.065    9.995  -10.000       79.6564     1828.6328
 2  79  22.957  44831.383 250.999   0.025   11.731  -10.000       79.6972     1829.5703
 3  79  22.957  44831.383 250.999   0.030   10.043  -10.000       79.6972     1829.5703
 2  79  22.957  44832.441 267.599   0.048   11.894  -10.000       79.7433     1830.6289
 3  79  22.957  44832.441 267.599   0.038   10.122  -10.000       79.7433     1830.6289
 2  79  22.957  44833.422 282.975   0.032   12.005  -10.000       79.7860     1831.6094
 3  79  22.957  44833.422 282.975   0.042   10.195  -10.000       79.7860     1831.6094
 2  79  22.957  44834.449 299.086   0.017   12.128  -10.000       79.8308     1832.6367
 3  79  22.957  44834.449 299.086   0.027   10.260  -10.000       79.8308     1832.6367
 2  79  22.957  44835.449 314.767   0.009   12.244  -10.000       79.8744     1833.6367
 3  79  22.957  44835.449 314.767   0.020   10.328  -10.000       79.8744     1833.6367
 2  79  22.957  44880.410 299.836   0.017   12.134  -10.000       81.8329     1878.5977
 3  79  22.957  44880.410 299.836  -0.012   10.224  -10.000       81.8329     1878.5977
 2  79  22.957  44881.367 314.843   0.020   12.256  -10.000       81.8746     1879.5547
 3  79  22.957  44881.367 314.843   0.011   10.319  -10.000       81.8746     1879.5547
 2  79  22.957  44883.496 348.231  -0.050   12.445  -10.000       81.9673     1881.6836
 3  79  22.957  44883.496 348.231  -0.043   10.433  -10.000       81.9673     1881.6836
 2  79  22.957  44883.320 345.473  -0.035   12.439  -10.000       81.9596     1881.5078
 3  79  22.957  44883.320 345.473  -0.001   10.461  -10.000       81.9596     1881.5078
 2  79  22.957  44884.367   1.890  -0.038   12.573  -10.000       82.0052     1882.5547
 3  79  22.957  44884.367   1.890  -0.005   10.551  -10.000       82.0052     1882.5547
 2  79  22.957  45180.414 324.445  -0.008   12.303  -10.000       94.9012     2178.6016
 3  79  22.957  45180.414 324.445   0.002   10.357  -10.000       94.9012     2178.6016
 2  79  22.957  45181.418 340.189  -0.042   12.391  -10.000       94.9450     2179.6055
 3  79  22.957  45181.418 340.189  -0.017   10.418  -10.000       94.9450     2179.6055
 2  79  22.957  45182.418 355.869  -0.064   12.496  -10.000       94.9885     2180.6055
 3  79  22.957  45182.418 355.869  -0.044   10.477  -10.000       94.9885     2180.6055
 2  79  22.957  45183.426  11.676  -0.072   12.614  -10.000       95.0324     2181.6133
 3  79  22.957  45183.426  11.676  -0.035   10.574  -10.000       95.0324     2181.6133
 2  79  22.957  45184.410  27.112  -0.061   12.745  -10.000       95.0753     2182.5977
 3  79  22.957  45184.410  27.112  -0.028   10.669  -10.000       95.0753     2182.5977
 2  79  22.957  45186.441  58.964  -0.086   12.912  -10.000       95.1638     2184.6289
 3  79  22.957  45186.441  58.964  -0.055   10.800  -10.000       95.1638     2184.6289
 2  79  22.957  45187.414  74.218  -0.059   12.984  -10.000       95.2062     2185.6016
 3  79  22.957  45187.414  74.218  -0.021   10.881  -10.000       95.2062     2185.6016
 2  79  22.957  45188.418  89.962  -0.058   12.992  -10.000       95.2499     2186.6055
 3  79  22.957  45188.418  89.962  -0.030   10.897  -10.000       95.2499     2186.6055
 2  79  22.957  45189.445 106.070  -0.012   12.981  -10.000       95.2946     2187.6328
 3  79  22.957  45189.445 106.070  -0.002   10.910  -10.000       95.2946     2187.6328
 2  79  22.957  45190.422 121.385   0.010   12.962  -10.000       95.3372     2188.6094
 3  79  22.957  45190.422 121.385   0.024   10.935  -10.000       95.3372     2188.6094
 2  79  22.957  45191.414 136.945   0.014   12.944  -10.000       95.3804     2189.6016
 3  79  22.957  45191.414 136.945   0.009   10.935  -10.000       95.3804     2189.6016
 2  79  22.957  45192.426 152.812   0.028   12.910  -10.000       95.4245     2190.6133
 3  79  22.957  45192.426 152.812   0.016   10.932  -10.000       95.4245     2190.6133
 2  79  22.957  45193.441 168.736   0.154   12.663  -10.000       95.4687     2191.6289
 3  79  22.957  45193.441 168.736   0.121   10.796  -10.000       95.4687     2191.6289
 2  79  22.957  45194.430 184.235  -0.099   11.563  -10.000       95.5118     2192.6172
 3  79  22.957  45194.430 184.235  -0.053   10.041  -10.000       95.5118     2192.6172
 2  79  22.957  45198.438 247.085   0.006   11.676  -10.000       95.6863     2196.6250
 3  79  22.957  45198.438 247.085   0.018   10.012  -10.000       95.6863     2196.6250
 2  79  22.957  45199.422 262.521   0.020   11.821  -10.000       95.7292     2197.6094
 3  79  22.957  45199.422 262.521   0.030   10.090  -10.000       95.7292     2197.6094
 2  79  22.957  45200.465 278.877   0.017   11.958  -10.000       95.7747     2198.6523
 3  79  22.957  45200.465 278.877   0.038   10.173  -10.000       95.7747     2198.6523
 2  79  22.957  45201.469 294.620   0.007   12.080  -10.000       95.8184     2199.6562
 3  79  22.957  45201.469 294.620   0.013   10.223  -10.000       95.8184     2199.6562
 2  79  22.957  45205.402 356.306  -0.057   12.507  -10.000       95.9897     2203.5898
 3  79  22.957  45205.402 356.306  -0.033   10.491  -10.000       95.9897     2203.5898
 3  79  22.957  45649.426 119.405   0.027   10.938  -10.000      115.3317     2647.6133
 4  79  22.957  45649.426 119.405  -0.004    9.767  -10.000      115.3317     2647.6133
 3  79  22.957  45665.434  10.437  -0.005   10.597  -10.000      116.0290     2663.6211
 4  79  22.957  45665.434  10.437  -0.026    9.424  -10.000      116.0290     2663.6211
 3  79  22.957  45666.332  24.524  -0.012   10.671  -10.000      116.0681     2664.5195
 4  79  22.957  45666.332  24.524  -0.024    9.495  -10.000      116.0681     2664.5195
 1  79  22.957  45676.332 181.343  -0.243   12.872  -10.000      116.5037     2674.5195
 2  79  22.957  45676.332 181.343  -0.084   11.734  -10.000      116.5037     2674.5195
 3  79  22.957  45676.332 181.343  -0.062   10.140  -10.000      116.5037     2674.5195
 4  79  22.957  45676.332 181.343  -0.089    9.152  -10.000      116.5037     2674.5195
 1  79  22.957  45679.324 228.266  -0.045   12.664  -10.000      116.6341     2677.5117
 2  79  22.957  45679.324 228.266   0.050   11.513  -10.000      116.6341     2677.5117
 3  79  22.957  45679.324 228.266   0.044    9.931  -10.000      116.6341     2677.5117
 4  79  22.957  45679.324 228.266   0.013    8.956  -10.000      116.6341     2677.5117
 2  79  22.957  45687.238 352.373   0.022   12.552  -10.000      116.9788     2685.4258
 3  79  22.957  45687.238 352.373   0.006   10.506  -10.000      116.9788     2685.4258
 4  79  22.957  45687.238 352.373   0.003    9.370  -10.000      116.9788     2685.4258
 1  79  22.957  45689.355  25.573   0.233   14.965  -10.000      117.0710     2687.5430
 2  79  22.957  45689.355  25.573  -0.066   12.728  -10.000      117.0710     2687.5430
 3  79  22.957  45689.355  25.573  -0.029   10.660  -10.000      117.0710     2687.5430
 4  79  22.957  45689.355  25.573  -0.036    9.488  -10.000      117.0710     2687.5430
 1  79  22.957  45690.238  39.419   0.416   15.281  -10.000      117.1095     2688.4258
 2  79  22.957  45690.238  39.419  -0.067   12.830  -10.000      117.1095     2688.4258
 3  79  22.957  45690.238  39.419  -0.016   10.752  -10.000      117.1095     2688.4258
 4  79  22.957  45690.238  39.419  -0.030    9.564  -10.000      117.1095     2688.4258
 1  79  22.957  45691.246  55.223   0.210   15.179  -10.000      117.1534     2689.4336
 2  79  22.957  45691.246  55.223  -0.074   12.910  -10.000      117.1534     2689.4336
 3  79  22.957  45691.246  55.223  -0.030   10.811  -10.000      117.1534     2689.4336
 4  79  22.957  45691.246  55.223  -0.041    9.620  -10.000      117.1534     2689.4336
 1  79  22.957  45692.234  70.722   0.045   15.065  -10.000      117.1964     2690.4219
 2  79  22.957  45692.234  70.722  -0.053   12.981  -10.000      117.1964     2690.4219
 3  79  22.957  45692.234  70.722  -0.014   10.878  -10.000      117.1964     2690.4219
 4  79  22.957  45692.234  70.722  -0.028    9.684  -10.000      117.1964     2690.4219
 1  79  22.957  45693.219  86.158   0.118   15.141  -10.000      117.2393     2691.4062
 2  79  22.957  45693.219  86.158  -0.067   12.988  -10.000      117.2393     2691.4062
 3  79  22.957  45693.219  86.158  -0.016   10.910  -10.000      117.2393     2691.4062
 4  79  22.957  45693.219  86.158  -0.034    9.717  -10.000      117.2393     2691.4062
 1  79  22.957  45694.223 101.901   0.053   14.980  -10.000      117.2831     2692.4102
 2  79  22.957  45694.223 101.901  -0.020   12.986  -10.000      117.2831     2692.4102
 3  79  22.957  45694.223 101.901   0.003   10.917  -10.000      117.2831     2692.4102
 4  79  22.957  45694.223 101.901  -0.018    9.737  -10.000      117.2831     2692.4102
 1  79  22.957  45695.238 117.828   0.030   14.856  -10.000      117.3273     2693.4258
 2  79  22.957  45695.238 117.828   0.007   12.968  -10.000      117.3273     2693.4258
 3  79  22.957  45695.238 117.828   0.026   10.937  -10.000      117.3273     2693.4258
 4  79  22.957  45695.238 117.828  -0.003    9.766  -10.000      117.3273     2693.4258
 1  79  22.957  45705.148 273.238  -0.007   13.406  -10.000      117.7590     2703.3359
 2  79  22.957  45705.148 273.238   0.030   11.925  -10.000      117.7590     2703.3359
 3  79  22.957  45705.148 273.238   0.035   10.146  -10.000      117.7590     2703.3359
 4  79  22.957  45705.148 273.238   0.013    9.093  -10.000      117.7590     2703.3359
 1  79  22.957  45706.168 289.226   0.010   13.630  -10.000      117.8034     2704.3555
 2  79  22.957  45706.168 289.226   0.022   12.047  -10.000      117.8034     2704.3555
 3  79  22.957  45706.168 289.226   0.029   10.212  -10.000      117.8034     2704.3555
 4  79  22.957  45706.168 289.226   0.004    9.131  -10.000      117.8034     2704.3555
 1  79  22.957  45707.168 304.906   0.031   13.856  -10.000      117.8470     2705.3555
 2  79  22.957  45707.168 304.906   0.006   12.164  -10.000      117.8470     2705.3555
 3  79  22.957  45707.168 304.906   0.016   10.277  -10.000      117.8470     2705.3555
 4  79  22.957  45707.168 304.906  -0.011    9.171  -10.000      117.8470     2705.3555
 2  79  22.957  47402.449 250.010   0.037   11.734  -10.000      191.6945     4400.6367
 3  79  22.957  47402.449 250.010   0.054   10.062  -10.000      191.6945     4400.6367
 4  79  22.957  47402.449 250.010   0.047    9.064  -10.000      191.6945     4400.6367
 2  79  22.957  47403.477 266.116   0.022   11.855  -10.000      191.7392     4401.6641
 3  79  22.957  47403.477 266.116   0.032   10.109  -10.000      191.7392     4401.6641
 4  79  22.957  47403.477 266.116   0.023    9.081  -10.000      191.7392     4401.6641
 2  79  22.957  47404.469 281.678   0.018   11.981  -10.000      191.7824     4402.6562
 3  79  22.957  47404.469 281.678   0.036   10.183  -10.000      191.7824     4402.6562
 4  79  22.957  47404.469 281.678   0.034    9.137  -10.000      191.7824     4402.6562
 2  79  22.957  47407.449 328.420  -0.040   12.302  -10.000      191.9123     4405.6367
 3  79  22.957  47407.449 328.420   0.024   10.399  -10.000      191.9123     4405.6367
 4  79  22.957  47407.449 328.420   0.000    9.268  -10.000      191.9123     4405.6367
 2  79  22.957  47408.445 344.037  -0.040   12.423  -10.000      191.9557     4406.6328
 3  79  22.957  47408.445 344.037  -0.018   10.436  -10.000      191.9557     4406.6328
 4  79  22.957  47408.445 344.037  -0.017    9.313  -10.000      191.9557     4406.6328
 2  79  22.957  47409.422 359.352  -0.052   12.538  -10.000      191.9982     4407.6094
 3  79  22.957  47409.422 359.352   0.004   10.546  -10.000      191.9982     4407.6094
 4  79  22.957  47409.422 359.352  -0.009    9.392  -10.000      191.9982     4407.6094
 2  79  22.957  47410.441  15.342  -0.070   12.644  -10.000      192.0426     4408.6289
 3  79  22.957  47410.441  15.342  -0.011   10.618  -10.000      192.0426     4408.6289
 4  79  22.957  47410.441  15.342  -0.018    9.456  -10.000      192.0426     4408.6289
 2  79  22.957  47411.453  31.207  -0.066   12.770  -10.000      192.0867     4409.6406
 3  79  22.957  47411.453  31.207  -0.033   10.687  -10.000      192.0867     4409.6406
 4  79  22.957  47411.453  31.207  -0.028    9.524  -10.000      192.0867     4409.6406
 2  79  22.957  47413.387  61.529  -0.079   12.928  -10.000      192.1709     4411.5742
 3  79  22.957  47413.387  61.529  -0.006   10.857  -10.000      192.1709     4411.5742
 4  79  22.957  47413.387  61.529  -0.018    9.665  -10.000      192.1709     4411.5742
 2  79  22.957  47414.453  78.250  -0.065   12.986  -10.000      192.2174     4412.6406
 3  79  22.957  47414.453  78.250  -0.019   10.893  -10.000      192.2174     4412.6406
 4  79  22.957  47414.453  78.250  -0.028    9.706  -10.000      192.2174     4412.6406
 2  79  22.957  47415.453  93.933  -0.035   13.003  -10.000      192.2609     4413.6406
 3  79  22.957  47415.453  93.933   0.007   10.932  -10.000      192.2609     4413.6406
 4  79  22.957  47415.453  93.933  -0.003    9.754  -10.000      192.2609     4413.6406
 2  79  22.957  47416.395 108.699   0.010   12.996  -10.000      192.3019     4414.5820
 3  79  22.957  47416.395 108.699   0.023   10.935  -10.000      192.3019     4414.5820
 4  79  22.957  47416.395 108.699   0.001    9.761  -10.000      192.3019     4414.5820
 2  79  22.957  47417.395 124.376   0.018   12.965  -10.000      192.3455     4415.5820
 3  79  22.957  47417.395 124.376   0.038   10.952  -10.000      192.3455     4415.5820
 4  79  22.957  47417.395 124.376   0.012    9.791  -10.000      192.3455     4415.5820
 2  79  22.957  47418.395 140.059  -0.003   12.917  -10.000      192.3891     4416.5820
 3  79  22.957  47418.395 140.059   0.015   10.938  -10.000      192.3891     4416.5820
 4  79  22.957  47418.395 140.059  -0.031    9.773  -10.000      192.3891     4416.5820
 2  79  22.957  47419.383 155.555   0.087   12.947  -10.000      192.4321     4417.5703
 3  79  22.957  47419.383 155.555   0.086   10.990  -10.000      192.4321     4417.5703
 4  79  22.957  47419.383 155.555   0.034    9.836  -10.000      192.4321     4417.5703
 2  79  22.957  47420.383 171.238   0.171   12.561  -10.000      192.4757     4418.5703
 3  79  22.957  47420.383 171.238   0.132   10.727  -10.000      192.4757     4418.5703
 4  79  22.957  47420.383 171.238   0.094    9.653  -10.000      192.4757     4418.5703
 2  79  22.957  47421.375 186.801  -0.031   11.512  -10.000      192.5189     4419.5625
 3  79  22.957  47421.375 186.801  -0.026    9.984  -10.000      192.5189     4419.5625
 4  79  22.957  47421.375 186.801  -0.020    9.063  -10.000      192.5189     4419.5625
 2  79  22.957  47422.359 202.236  -0.038   11.235  -10.000      192.5618     4420.5469
 3  79  22.957  47422.359 202.236  -0.052    9.755  -10.000      192.5618     4420.5469
 4  79  22.957  47422.359 202.236  -0.042    8.866  -10.000      192.5618     4420.5469
 2  79  22.957  47423.473 219.694   0.003   11.384  -10.000      192.6103     4421.6602
 3  79  22.957  47423.473 219.694   0.019    9.867  -10.000      192.6103     4421.6602
 4  79  22.957  47423.473 219.694   0.014    8.936  -10.000      192.6103     4421.6602
 2  79  22.957  47424.387 234.031   0.009   11.532  -10.000      192.6501     4422.5742
 3  79  22.957  47424.387 234.031   0.062    9.979  -10.000      192.6501     4422.5742
 4  79  22.957  47424.387 234.031   0.036    8.996  -10.000      192.6501     4422.5742
 2  79  22.957  47425.438 250.505  -0.007   11.695  -10.000      192.6958     4423.6250
 3  79  22.957  47425.438 250.505   0.034   10.045  -10.000      192.6958     4423.6250
 4  79  22.957  47425.438 250.505   0.029    9.047  -10.000      192.6958     4423.6250
 2  79  22.957  47427.438 281.871   0.072   12.036  -10.000      192.7830     4425.6250
 3  79  22.957  47427.438 281.871   0.048   10.196  -10.000      192.7830     4425.6250
 4  79  22.957  47427.438 281.871   0.031    9.135  -10.000      192.7830     4425.6250
 2  79  22.957  47428.352 296.202   0.004   12.091  -10.000      192.8228     4426.5391
 3  79  22.957  47428.352 296.202   0.022   10.240  -10.000      192.8228     4426.5391
 4  79  22.957  47428.352 296.202   0.014    9.166  -10.000      192.8228     4426.5391
 2  79  22.957  47428.453 297.795   0.019   12.119  -10.000      192.8272     4426.6406
 3  79  22.957  47428.453 297.795   0.047   10.273  -10.000      192.8272     4426.6406
 4  79  22.957  47428.453 297.795   0.036    9.194  -10.000      192.8272     4426.6406
 2  79  22.957  47430.363 327.750   0.014   12.351  -10.000      192.9104     4428.5508
 3  79  22.957  47430.363 327.750   0.028   10.399  -10.000      192.9104     4428.5508
 4  79  22.957  47430.363 327.750   0.016    9.281  -10.000      192.9104     4428.5508
 2  79  22.957  47431.414 344.229  -0.003   12.461  -10.000      192.9562     4429.6016
 3  79  22.957  47431.414 344.229   0.018   10.473  -10.000      192.9562     4429.6016
 4  79  22.957  47431.414 344.229   0.016    9.347  -10.000      192.9562     4429.6016
 2  79  22.957  47432.418 359.973  -0.060   12.535  -10.000      192.9999     4430.6055
 3  79  22.957  47432.418 359.973  -0.036   10.509  -10.000      192.9999     4430.6055
 4  79  22.957  47432.418 359.973  -0.039    9.365  -10.000      192.9999     4430.6055
 2  79  22.957  47433.383  15.101  -0.042   12.670  -10.000      193.0419     4431.5703
 3  79  22.957  47433.383  15.101   0.009   10.637  -10.000      193.0419     4431.5703
 4  79  22.957  47433.383  15.101   0.003    9.475  -10.000      193.0419     4431.5703
 2  79  22.957  47434.398  31.031  -0.099   12.735  -10.000      193.0862     4432.5859
 3  79  22.957  47434.398  31.031  -0.012   10.707  -10.000      193.0862     4432.5859
 4  79  22.957  47434.398  31.031  -0.019    9.532  -10.000      193.0862     4432.5859
 2  79  22.957  48503.438 235.514   0.026   11.565  -10.000      239.6542     5501.6250
 3  79  22.957  48503.438 235.514   0.039    9.964  -10.000      239.6542     5501.6250
 4  79  22.957  48503.438 235.514   0.034    8.999  -10.000      239.6542     5501.6250
 2  79  22.957  48504.348 249.785   0.011   11.706  -10.000      239.6938     5502.5352
 3  79  22.957  48504.348 249.785   0.036   10.043  -10.000      239.6938     5502.5352
 4  79  22.957  48504.348 249.785   0.003    9.020  -10.000      239.6938     5502.5352
 2  79  22.957  48505.367 265.776   0.013   11.843  -10.000      239.7383     5503.5547
 3  79  22.957  48505.367 265.776   0.047   10.122  -10.000      239.7383     5503.5547
 4  79  22.957  48505.367 265.776   0.014    9.071  -10.000      239.7383     5503.5547
 2  79  22.957  48506.383 281.700   0.017   11.980  -10.000      239.7825     5504.5703
 3  79  22.957  48506.383 281.700   0.063   10.210  -10.000      239.7825     5504.5703
 4  79  22.957  48506.383 281.700   0.013    9.116  -10.000      239.7825     5504.5703
 2  79  22.957  48507.383 297.383   0.021   12.118  -10.000      239.8261     5505.5703
 3  79  22.957  48507.383 297.383   0.025   10.249  -10.000      239.8261     5505.5703
 4  79  22.957  48507.383 297.383   0.004    9.160  -10.000      239.8261     5505.5703
 2  79  22.957  48508.352 312.572   0.025   12.244  -10.000      239.8683     5506.5391
 3  79  22.957  48508.352 312.572   0.018   10.315  -10.000      239.8683     5506.5391
 4  79  22.957  48508.352 312.572   0.004    9.213  -10.000      239.8683     5506.5391
 2  79  22.957  48509.383 328.744  -0.024   12.321  -10.000      239.9132     5507.5703
 3  79  22.957  48509.383 328.744   0.004   10.381  -10.000      239.9132     5507.5703
 4  79  22.957  48509.383 328.744  -0.017    9.252  -10.000      239.9132     5507.5703
 2  79  22.957  48510.352 343.938  -0.018   12.444  -10.000      239.9554     5508.5391
 3  79  22.957  48510.352 343.938   0.020   10.474  -10.000      239.9554     5508.5391
 4  79  22.957  48510.352 343.938   0.012    9.341  -10.000      239.9554     5508.5391
 2  79  22.957  48511.348 359.555  -0.059   12.533  -10.000      239.9988     5509.5352
 3  79  22.957  48511.348 359.555   0.003   10.546  -10.000      239.9988     5509.5352
 4  79  22.957  48511.348 359.555  -0.017    9.385  -10.000      239.9988     5509.5352
 2  79  22.957  48512.336  15.057  -0.057   12.655  -10.000      240.0418     5510.5234
 3  79  22.957  48512.336  15.057   0.006   10.634  -10.000      240.0418     5510.5234
 4  79  22.957  48512.336  15.057  -0.025    9.447  -10.000      240.0418     5510.5234
 2  79  22.957  48513.344  30.861  -0.060   12.773  -10.000      240.0857     5511.5312
 3  79  22.957  48513.344  30.861  -0.005   10.713  -10.000      240.0857     5511.5312
 4  79  22.957  48513.344  30.861  -0.033    9.517  -10.000      240.0857     5511.5312
 2  79  22.957  48514.348  46.604  -0.081   12.862  -10.000      240.1295     5512.5352
 3  79  22.957  48514.348  46.604  -0.025   10.781  -10.000      240.1295     5512.5352
 4  79  22.957  48514.348  46.604  -0.033    9.595  -10.000      240.1295     5512.5352
 2  79  22.957  48515.344  62.221  -0.049   12.960  -10.000      240.1728     5513.5312
 3  79  22.957  48515.344  62.221   0.003   10.868  -10.000      240.1728     5513.5312
 4  79  22.957  48515.344  62.221  -0.009    9.676  -10.000      240.1728     5513.5312
 2  79  22.957  48516.352  78.030  -0.032   13.018  -10.000      240.2168     5514.5391
 3  79  22.957  48516.352  78.030  -0.010   10.902  -10.000      240.2168     5514.5391
 4  79  22.957  48516.352  78.030  -0.009    9.724  -10.000      240.2168     5514.5391
 2  79  22.957  48517.352  93.708   0.003   13.042  -10.000      240.2603     5515.5391
 3  79  22.957  48517.352  93.708   0.031   10.956  -10.000      240.2603     5515.5391
 4  79  22.957  48517.352  93.708  -0.010    9.747  -10.000      240.2603     5515.5391
 2  79  22.957  48518.352 109.391   0.006   12.990  -10.000      240.3039     5516.5391
 3  79  22.957  48518.352 109.391   0.026   10.938  -10.000      240.3039     5516.5391
 4  79  22.957  48518.352 109.391   0.005    9.766  -10.000      240.3039     5516.5391
 2  79  22.957  48519.332 124.766   0.018   12.964  -10.000      240.3466     5517.5195
 3  79  22.957  48519.332 124.766   0.037   10.951  -10.000      240.3466     5517.5195
 4  79  22.957  48519.332 124.766  -0.001    9.779  -10.000      240.3466     5517.5195
 2  79  22.957  48520.320 140.268   0.024   12.943  -10.000      240.3896     5518.5078
 3  79  22.957  48520.320 140.268   0.043   10.966  -10.000      240.3896     5518.5078
 4  79  22.957  48520.320 140.268  -0.034    9.770  -10.000      240.3896     5518.5078
 2  79  22.957  48521.379 156.868   0.087   12.932  -10.000      240.4357     5519.5664
 3  79  22.957  48521.379 156.868   0.052   10.948  -10.000      240.4357     5519.5664
 4  79  22.957  48521.379 156.868   0.015    9.811  -10.000      240.4357     5519.5664
 2  79  22.957  48522.336 171.876   0.240   12.598  -10.000      240.4774     5520.5234
 3  79  22.957  48522.336 171.876   0.185   10.758  -10.000      240.4774     5520.5234
 4  79  22.957  48522.336 171.876   0.110    9.652  -10.000      240.4774     5520.5234
 2  79  22.957  48523.332 187.493   0.031   11.546  -10.000      240.5208     5521.5195
 3  79  22.957  48523.332 187.493   0.028   10.018  -10.000      240.5208     5521.5195
 4  79  22.957  48523.332 187.493   0.012    9.078  -10.000      240.5208     5521.5195
 0 156  22.957  49639.605  52.701  -1.645  -30.240    0.350      289.1464     6637.7930
 0 156  22.957  49656.535 318.186  -0.747  -54.530    0.330      289.8839     6654.7227
 0 156  22.957  49663.582  68.698  -0.665  -26.080    0.470      290.1908     6661.7695
 0 156  22.957  49682.422   4.142   1.427  -42.630    0.280      291.0115     6680.6094
 0 156  22.957  49714.629 149.205   0.320  -21.910    0.970      292.4145     6712.8164
 0 156  22.957  49768.281 270.571  -1.123  -66.450    0.400      294.7516     6766.4688
 0 156  22.957  49768.457 273.329  -1.267  -65.980    0.460      294.7592     6766.6445
 0 156  22.957  49811.309 225.319  -1.664  -75.620    0.560      296.6259     6809.4961
 0 156  22.957  49695.348 206.840   1.189  -66.790    0.070      291.5746     6693.5352
 0 156  22.957  49755.527  70.565   0.286  -24.500    0.070      294.1960     6753.7148
 2 150  22.957  50323.484 337.170  -0.031   12.380  -10.000      318.9366     7321.6719
 3 150  22.957  50323.484 337.170   0.050   10.470  -10.000      318.9366     7321.6719
 4 150  22.957  50323.484 337.170   0.019    9.322  -10.000      318.9366     7321.6719
 2 150  22.957  50326.406  22.983  -0.141   12.634  -10.000      319.0638     7324.5938
 3 150  22.957  50326.406  22.983  -0.039   10.635  -10.000      319.0638     7324.5938
 4 150  22.957  50326.406  22.983  -0.044    9.468  -10.000      319.0638     7324.5938
 2 150  22.957  50327.453  39.408  -0.206   12.691  -10.000      319.1095     7325.6406
 3 150  22.957  50327.453  39.408  -0.101   10.667  -10.000      319.1095     7325.6406
 4 150  22.957  50327.453  39.408  -0.078    9.516  -10.000      319.1095     7325.6406
 2 150  22.957  50328.480  55.514  -0.177   12.808  -10.000      319.1542     7326.6680
 3 150  22.957  50328.480  55.514  -0.076   10.766  -10.000      319.1542     7326.6680
 4 150  22.957  50328.480  55.514  -0.081    9.581  -10.000      319.1542     7326.6680
 2 150  22.957  50332.387 116.774  -0.033   12.931  -10.000      319.3244     7330.5742
 3 150  22.957  50332.387 116.774   0.007   10.918  -10.000      319.3244     7330.5742
 4 150  22.957  50332.387 116.774  -0.065    9.703  -10.000      319.3244     7330.5742
 2 150  22.957  50333.395 132.572  -0.047   12.893  -10.000      319.3683     7331.5820
 3 150  22.957  50333.395 132.572   0.031   10.956  -10.000      319.3683     7331.5820
 4 150  22.957  50333.395 132.572  -0.087    9.711  -10.000      319.3683     7331.5820
 2 150  22.957  50334.402 148.381  -0.045   12.853  -10.000      319.4122     7332.5898
 3 150  22.957  50334.402 148.381  -0.014   10.906  -10.000      319.4122     7332.5898
 4 150  22.957  50334.402 148.381  -0.050    9.759  -10.000      319.4122     7332.5898
 2 150  22.957  50335.406 164.125   0.222   12.907  -10.000      319.4559     7333.5938
 3 150  22.957  50335.406 164.125   0.175   10.968  -10.000      319.4559     7333.5938
 4 150  22.957  50335.406 164.125   0.060    9.777  -10.000      319.4559     7333.5938
 2 150  22.957  50337.371 194.930   0.177   11.494  -10.000      319.5415     7335.5586
 3 150  22.957  50337.371 194.930   0.154   10.001  -10.000      319.5415     7335.5586
 4 150  22.957  50337.371 194.930   0.098    9.044  -10.000      319.5415     7335.5586
 2 150  22.957  50338.457 211.959  -0.006   11.306  -10.000      319.5888     7336.6445
 3 150  22.957  50338.457 211.959   0.028    9.844  -10.000      319.5888     7336.6445
 4 150  22.957  50338.457 211.959  -0.014    8.891  -10.000      319.5888     7336.6445
 2 150  22.957  50340.375 242.040  -0.058   11.558  -10.000      319.6723     7338.5625
 3 150  22.957  50340.375 242.040   0.015    9.981  -10.000      319.6723     7338.5625
 4 150  22.957  50340.375 242.040  -0.030    8.961  -10.000      319.6723     7338.5625
 2 150  22.957  50341.387 257.904  -0.072   11.691  -10.000      319.7164     7339.5742
 3 150  22.957  50341.387 257.904   0.026   10.067  -10.000      319.7164     7339.5742
 4 150  22.957  50341.387 257.904  -0.001    9.035  -10.000      319.7164     7339.5742
 2 150  22.957  50342.391 273.647  -0.067   11.831  -10.000      319.7601     7340.5781
 3 150  22.957  50342.391 273.647   0.003   10.116  -10.000      319.7601     7340.5781
 4 150  22.957  50342.391 273.647  -0.025    9.056  -10.000      319.7601     7340.5781
 2 150  22.957  50344.383 304.893  -0.047   12.111  -10.000      319.8469     7342.5703
 3 150  22.957  50344.383 304.893  -0.012   10.248  -10.000      319.8469     7342.5703
 4 150  22.957  50344.383 304.893  -0.061    9.121  -10.000      319.8469     7342.5703
 2 150  22.957  50347.387 352.002  -0.153   12.374  -10.000      319.9778     7345.5742
 3 150  22.957  50347.387 352.002  -0.071   10.427  -10.000      319.9778     7345.5742
 4 150  22.957  50347.387 352.002  -0.068    9.297  -10.000      319.9778     7345.5742
 0 119  22.957  47962.316  29.745  -0.289  -35.130    1.340      216.0826     4960.5039
 0 119  22.957  48252.488 260.173  -0.790  -68.240    0.850      228.7227     5250.6758
 0 119  22.957  48279.215 319.290   0.634  -52.950    0.730      229.8869     5277.4023
 0 119  22.957  48288.250 100.981   1.630  -16.700    0.900      230.2805     5286.4375
 0 119  22.957  48555.402 330.414   0.277  -49.300    0.750      241.9178     5553.5898
 3   9  22.957  43427.969 202.907  -0.016    9.790  -10.000       18.5636      426.1562
14   9  22.957  43427.969 202.907  -0.045   11.780  -10.000       18.5636      426.1562
15   9  22.957  43427.969 202.907   0.005   10.240  -10.000       18.5636      426.1562
16   9  22.957  43427.969 202.907  -0.006    8.960  -10.000       18.5636      426.1562
17   9  22.957  43427.969 202.907  -0.063    7.970  -10.000       18.5636      426.1562
 3   9  22.957  43428.922 217.854   0.030    9.870  -10.000       18.6052      427.1094
14   9  22.957  43428.922 217.854  -0.012   11.940  -10.000       18.6052      427.1094
15   9  22.957  43428.922 217.854   0.038   10.320  -10.000       18.6052      427.1094
16   9  22.957  43428.922 217.854   0.036    9.010  -10.000       18.6052      427.1094
17   9  22.957  43428.922 217.854  -0.020    8.000  -10.000       18.6052      427.1094
 3   9  22.957  43456.000 282.488  -0.071   10.080  -10.000       19.7847      454.1875
14   9  22.957  43456.000 282.488  -0.108   12.640  -10.000       19.7847      454.1875
15   9  22.957  43456.000 282.488  -0.051   10.610  -10.000       19.7847      454.1875
16   9  22.957  43456.000 282.488  -0.062    9.090  -10.000       19.7847      454.1875
17   9  22.957  43456.000 282.488  -0.111    7.980  -10.000       19.7847      454.1875
 3   9  22.957  43456.859 295.965   0.103   10.320  -10.000       19.8221      455.0469
14   9  22.957  43456.859 295.965   0.114   13.010  -10.000       19.8221      455.0469
15   9  22.957  43456.859 295.965   0.132   10.870  -10.000       19.8221      455.0469
16   9  22.957  43456.859 295.965   0.114    9.310  -10.000       19.8221      455.0469
17   9  22.957  43456.859 295.965   0.073    8.190  -10.000       19.8221      455.0469
 3   9  22.957  43457.828 311.157   0.010   10.300  -10.000       19.8643      456.0156
14   9  22.957  43457.828 311.157   0.019   13.070  -10.000       19.8643      456.0156
15   9  22.957  43457.828 311.157   0.047   10.870  -10.000       19.8643      456.0156
16   9  22.957  43457.828 311.157   0.033    9.280  -10.000       19.8643      456.0156
17   9  22.957  43457.828 311.157   0.000    8.150  -10.000       19.8643      456.0156
 3   9  22.957  43460.840 358.386   0.014   10.550  -10.000       19.9955      459.0273
14   9  22.957  43460.840 358.386  -0.008   13.500  -10.000       19.9955      459.0273
15   9  22.957  43460.840 358.386   0.021   11.120  -10.000       19.9955      459.0273
16   9  22.957  43460.840 358.386   0.035    9.470  -10.000       19.9955      459.0273
17   9  22.957  43460.840 358.386   0.009    8.300  -10.000       19.9955      459.0273
 3   9  22.957  43806.941  25.889  -0.011   10.680  -10.000       35.0719      805.1289
14   9  22.957  43806.941  25.889  -0.032   13.730  -10.000       35.0719      805.1289
15   9  22.957  43806.941  25.889   0.023   11.290  -10.000       35.0719      805.1289
16   9  22.957  43806.941  25.889   0.038    9.600  -10.000       35.0719      805.1289
17   9  22.957  43806.941  25.889   0.014    8.410  -10.000       35.0719      805.1289
 3   9  22.957  43784.922  40.583  -0.025   10.750  -10.000       34.1127      783.1094
14   9  22.957  43784.922  40.583  -0.056   13.830  -10.000       34.1127      783.1094
15   9  22.957  43784.922  40.583   0.003   11.360  -10.000       34.1127      783.1094
16   9  22.957  43784.922  40.583   0.014    9.650  -10.000       34.1127      783.1094
17   9  22.957  43784.922  40.583  -0.010    8.450  -10.000       34.1127      783.1094
 3   9  22.957  43463.828  45.247  -0.039   10.760  -10.000       20.1257      462.0156
14   9  22.957  43463.828  45.247  -0.050   13.870  -10.000       20.1257      462.0156
15   9  22.957  43463.828  45.247  -0.013   11.370  -10.000       20.1257      462.0156
16   9  22.957  43463.828  45.247   0.013    9.670  -10.000       20.1257      462.0156
17   9  22.957  43463.828  45.247   0.000    8.480  -10.000       20.1257      462.0156
 3   9  22.957  43785.988  57.306  -0.019   10.830  -10.000       34.1592      784.1758
14   9  22.957  43785.988  57.306  -0.041   13.940  -10.000       34.1592      784.1758
15   9  22.957  43785.988  57.306   0.016   11.450  -10.000       34.1592      784.1758
16   9  22.957  43785.988  57.306   0.026    9.730  -10.000       34.1592      784.1758
17   9  22.957  43785.988  57.306   0.006    8.530  -10.000       34.1592      784.1758
 3   9  22.957  43464.828  60.929  -0.021   10.840  -10.000       20.1692      463.0156
14   9  22.957  43464.828  60.929  -0.014   13.980  -10.000       20.1692      463.0156
15   9  22.957  43464.828  60.929  -0.006   11.440  -10.000       20.1692      463.0156
16   9  22.957  43464.828  60.929   0.014    9.730  -10.000       20.1692      463.0156
17   9  22.957  43464.828  60.929   0.004    8.540  -10.000       20.1692      463.0156
 3   9  22.957  43787.980  88.547   0.023   10.950  -10.000       34.2460      786.1680
14   9  22.957  43787.980  88.547   0.010   14.040  -10.000       34.2460      786.1680
15   9  22.957  43787.980  88.547   0.042   11.550  -10.000       34.2460      786.1680
16   9  22.957  43787.980  88.547   0.050    9.840  -10.000       34.2460      786.1680
17   9  22.957  43787.980  88.547   0.023    8.640  -10.000       34.2460      786.1680
 3   9  22.957  43790.969 135.409   0.054   10.980  -10.000       34.3761      789.1562
14   9  22.957  43790.969 135.409   0.064   13.900  -10.000       34.3761      789.1562
15   9  22.957  43790.969 135.409   0.110   11.590  -10.000       34.3761      789.1562
16   9  22.957  43790.969 135.409   0.088    9.930  -10.000       34.3761      789.1562
17   9  22.957  43790.969 135.409   0.018    8.730  -10.000       34.3761      789.1562
 3   9  22.957  43814.910 150.853  -0.019   10.900  -10.000       35.4190      813.0977
14   9  22.957  43814.910 150.853  -0.099   13.670  -10.000       35.4190      813.0977
15   9  22.957  43814.910 150.853   0.005   11.470  -10.000       35.4190      813.0977
16   9  22.957  43814.910 150.853  -0.011    9.840  -10.000       35.4190      813.0977
17   9  22.957  43814.910 150.853  -0.064    8.670  -10.000       35.4190      813.0977
 3   9  22.957  43541.801 188.001  -0.035    9.940  -10.000       23.5222      539.9883
14   9  22.957  43541.801 188.001  -0.100   11.980  -10.000       23.5222      539.9883
15   9  22.957  43541.801 188.001  -0.016   10.400  -10.000       23.5222      539.9883
16   9  22.957  43541.801 188.001  -0.021    9.090  -10.000       23.5222      539.9883
17   9  22.957  43541.801 188.001  -0.069    8.090  -10.000       23.5222      539.9883
