23   1  16.652  37812.301  46.373  -0.024    2.178  -10.000     -460.8712    -7674.5742
24   1  16.652  37812.301  46.373  -0.041    3.832  -10.000     -460.8712    -7674.5742
25   1  16.652  37812.301  46.373   0.034    5.725  -10.000     -460.8712    -7674.5742
26   1  16.652  37812.301  46.373  -0.160    6.622  -10.000     -460.8712    -7674.5742
27   1  16.652  37812.301  46.373  -0.077    5.300  -10.000     -460.8712    -7674.5742
23   1  16.652  37814.262  88.770   0.002    2.325  -10.000     -460.7534    -7672.6133
24   1  16.652  37814.262  88.770   0.028    4.015  -10.000     -460.7534    -7672.6133
25   1  16.652  37814.262  88.770   0.132    5.932  -10.000     -460.7534    -7672.6133
26   1  16.652  37814.262  88.770  -0.071    6.820  -10.000     -460.7534    -7672.6133
27   1  16.652  37814.262  88.770   0.019    5.503  -10.000     -460.7534    -7672.6133
23   1  16.652  37815.312 111.489   0.099    2.370  -10.000     -460.6903    -7671.5625
24   1  16.652  37815.312 111.489   0.143    3.995  -10.000     -460.6903    -7671.5625
25   1  16.652  37815.312 111.489   0.221    5.845  -10.000     -460.6903    -7671.5625
26   1  16.652  37815.312 111.489  -0.071    6.633  -10.000     -460.6903    -7671.5625
27   1  16.652  37815.312 111.489   0.165    5.438  -10.000     -460.6903    -7671.5625
23   1  16.652  37817.293 154.303   0.004    2.060  -10.000     -460.5714    -7669.5820
24   1  16.652  37817.293 154.303   0.057    3.480  -10.000     -460.5714    -7669.5820
25   1  16.652  37817.293 154.303   0.004    5.092  -10.000     -460.5714    -7669.5820
26   1  16.652  37817.293 154.303  -0.151    5.985  -10.000     -460.5714    -7669.5820
27   1  16.652  37817.293 154.303   0.015    4.660  -10.000     -460.5714    -7669.5820
23   1  16.652  37818.293 175.924   0.190    2.095  -10.000     -460.5113    -7668.5820
24   1  16.652  37818.293 175.924   0.312    3.487  -10.000     -460.5113    -7668.5820
25   1  16.652  37818.293 175.924   0.295    5.087  -10.000     -460.5113    -7668.5820
26   1  16.652  37818.293 175.924   0.149    5.975  -10.000     -460.5113    -7668.5820
27   1  16.652  37818.293 175.924   0.360    4.668  -10.000     -460.5113    -7668.5820
23   1  16.652  37820.301 219.331   0.011    1.290  -10.000     -460.3907    -7666.5742
24   1  16.652  37820.301 219.331   0.017    2.285  -10.000     -460.3907    -7666.5742
25   1  16.652  37820.301 219.331   0.076    3.820  -10.000     -460.3907    -7666.5742
26   1  16.652  37820.301 219.331   0.060    4.798  -10.000     -460.3907    -7666.5742
27   1  16.652  37820.301 219.331   0.020    3.160  -10.000     -460.3907    -7666.5742
23   1  16.652  37821.281 240.524  -0.043    1.325  -10.000     -460.3319    -7665.5938
24   1  16.652  37821.281 240.524  -0.086    2.380  -10.000     -460.3319    -7665.5938
25   1  16.652  37821.281 240.524  -0.056    3.940  -10.000     -460.3319    -7665.5938
26   1  16.652  37821.281 240.524  -0.090    4.915  -10.000     -460.3319    -7665.5938
27   1  16.652  37821.281 240.524  -0.083    3.355  -10.000     -460.3319    -7665.5938
23   1  16.652  37822.281 262.145  -0.049    1.428  -10.000     -460.2718    -7664.5938
24   1  16.652  37822.281 262.145  -0.093    2.595  -10.000     -460.2718    -7664.5938
25   1  16.652  37822.281 262.145  -0.105    4.170  -10.000     -460.2718    -7664.5938
26   1  16.652  37822.281 262.145  -0.102    5.198  -10.000     -460.2718    -7664.5938
27   1  16.652  37822.281 262.145  -0.117    3.648  -10.000     -460.2718    -7664.5938
23   1  16.652  37826.262 348.190  -0.022    1.867  -10.000     -460.0328    -7660.6133
24   1  16.652  37826.262 348.190  -0.040    3.387  -10.000     -460.0328    -7660.6133
25   1  16.652  37826.262 348.190  -0.003    5.175  -10.000     -460.0328    -7660.6133
26   1  16.652  37826.262 348.190  -0.065    6.185  -10.000     -460.0328    -7660.6133
27   1  16.652  37826.262 348.190  -0.022    4.785  -10.000     -460.0328    -7660.6133
23   1  16.652  37829.281  53.470  -0.025    2.210  -10.000     -459.8515    -7657.5938
24   1  16.652  37829.281  53.470  -0.025    3.890  -10.000     -459.8515    -7657.5938
25   1  16.652  37829.281  53.470   0.041    5.778  -10.000     -459.8515    -7657.5938
26   1  16.652  37829.281  53.470  -0.070    6.760  -10.000     -459.8515    -7657.5938
27   1  16.652  37829.281  53.470  -0.099    5.327  -10.000     -459.8515    -7657.5938
23   1  16.652  37839.281 269.659  -0.020    1.493  -10.000     -459.2509    -7647.5938
24   1  16.652  37839.281 269.659  -0.080    2.680  -10.000     -459.2509    -7647.5938
25   1  16.652  37839.281 269.659  -0.080    4.285  -10.000     -459.2509    -7647.5938
26   1  16.652  37839.281 269.659  -0.073    5.323  -10.000     -459.2509    -7647.5938
27   1  16.652  37839.281 269.659  -0.090    3.780  -10.000     -459.2509    -7647.5938
23   1  16.652  37840.250 290.599  -0.019    1.590  -10.000     -459.1928    -7646.6250
24   1  16.652  37840.250 290.599  -0.054    2.895  -10.000     -459.1928    -7646.6250
25   1  16.652  37840.250 290.599  -0.055    4.545  -10.000     -459.1928    -7646.6250
26   1  16.652  37840.250 290.599  -0.084    5.560  -10.000     -459.1928    -7646.6250
27   1  16.652  37840.250 290.599  -0.054    4.090  -10.000     -459.1928    -7646.6250
23   1  16.652  37841.262 312.473  -0.017    1.695  -10.000     -459.1320    -7645.6133
24   1  16.652  37841.262 312.473  -0.040    3.095  -10.000     -459.1320    -7645.6133
25   1  16.652  37841.262 312.473  -0.036    4.793  -10.000     -459.1320    -7645.6133
26   1  16.652  37841.262 312.473  -0.051    5.832  -10.000     -459.1320    -7645.6133
27   1  16.652  37841.262 312.473  -0.028    4.380  -10.000     -459.1320    -7645.6133
23   1  16.652  37842.230 333.413  -0.011    1.805  -10.000     -459.0739    -7644.6445
24   1  16.652  37842.230 333.413  -0.030    3.280  -10.000     -459.0739    -7644.6445
25   1  16.652  37842.230 333.413  -0.014    5.025  -10.000     -459.0739    -7644.6445
26   1  16.652  37842.230 333.413  -0.110    5.995  -10.000     -459.0739    -7644.6445
27   1  16.652  37842.230 333.413  -0.014    4.635  -10.000     -459.0739    -7644.6445
23   1  16.652  37844.242  16.908  -0.013    2.037  -10.000     -458.9530    -7642.6328
24   1  16.652  37844.242  16.908  -0.035    3.632  -10.000     -458.9530    -7642.6328
25   1  16.652  37844.242  16.908   0.020    5.477  -10.000     -458.9530    -7642.6328
26   1  16.652  37844.242  16.908  -0.112    6.430  -10.000     -458.9530    -7642.6328
27   1  16.652  37844.242  16.908  -0.051    5.070  -10.000     -458.9530    -7642.6328
23   1  16.652  37845.242  38.529  -0.030    2.135  -10.000     -458.8930    -7641.6328
24   1  16.652  37845.242  38.529  -0.051    3.775  -10.000     -458.8930    -7641.6328
25   1  16.652  37845.242  38.529   0.027    5.665  -10.000     -458.8930    -7641.6328
26   1  16.652  37845.242  38.529  -0.236    6.493  -10.000     -458.8930    -7641.6328
27   1  16.652  37845.242  38.529  -0.070    5.250  -10.000     -458.8930    -7641.6328
23   1  16.652  37846.242  60.139  -0.020    2.245  -10.000     -458.8329    -7640.6328
24   1  16.652  37846.242  60.139  -0.035    3.915  -10.000     -458.8329    -7640.6328
25   1  16.652  37846.242  60.139   0.078    5.852  -10.000     -458.8329    -7640.6328
26   1  16.652  37846.242  60.139  -0.048    6.820  -10.000     -458.8329    -7640.6328
27   1  16.652  37846.242  60.139  -0.074    5.392  -10.000     -458.8329    -7640.6328
23   1  16.652  37850.262 147.041   0.040    2.100  -10.000     -458.5916    -7636.6133
24   1  16.652  37850.262 147.041   0.110    3.552  -10.000     -458.5916    -7636.6133
25   1  16.652  37850.262 147.041   0.090    5.205  -10.000     -458.5916    -7636.6133
26   1  16.652  37850.262 147.041  -0.070    6.095  -10.000     -458.5916    -7636.6133
27   1  16.652  37850.262 147.041   0.107    4.785  -10.000     -458.5916    -7636.6133
23   1  16.652  37854.230 232.844  -0.054    1.277  -10.000     -458.3532    -7632.6445
24   1  16.652  37854.230 232.844  -0.095    2.293  -10.000     -458.3532    -7632.6445
25   1  16.652  37854.230 232.844  -0.059    3.837  -10.000     -458.3532    -7632.6445
26   1  16.652  37854.230 232.844  -0.059    4.840  -10.000     -458.3532    -7632.6445
27   1  16.652  37854.230 232.844  -0.123    3.197  -10.000     -458.3532    -7632.6445
23   1  16.652  37855.219 254.202  -0.029    1.408  -10.000     -458.2939    -7631.6562
24   1  16.652  37855.219 254.202  -0.084    2.525  -10.000     -458.2939    -7631.6562
25   1  16.652  37855.219 254.202  -0.081    4.095  -10.000     -458.2939    -7631.6562
26   1  16.652  37855.219 254.202  -0.111    5.085  -10.000     -458.2939    -7631.6562
27   1  16.652  37855.219 254.202  -0.122    3.527  -10.000     -458.2939    -7631.6562
 0  55  16.652  45390.746  81.827   3.900   23.720    0.550       -5.7727      -96.1289
 0  55  16.652  45394.781 169.061   3.907   12.200    0.850       -5.5304      -92.0938
 0  55  16.652  45397.758 233.410  -0.725  -26.940    0.520       -5.3516      -89.1172
 0  55  16.652  45400.688 296.746   3.308  -11.450    0.410       -5.1757      -86.1875
 3 150  16.652  50542.566 217.013   0.045    8.110  -10.000      303.6028     5055.6914
 5 150  16.652  50542.566 217.013  -0.015    6.966  -10.000      303.6028     5055.6914
 3 150  16.652  50568.418  55.887  -0.030    8.984  -10.000      305.1552     5081.5430
 5 150  16.652  50568.418  55.887  -0.009    7.463  -10.000      305.1552     5081.5430
 3 150  16.652  50570.359  97.866  -0.022    9.064  -10.000      305.2719     5083.4844
 5 150  16.652  50570.359  97.866  -0.003    7.569  -10.000      305.2719     5083.4844
 3 150  16.652  50572.324 140.339  -0.036    8.831  -10.000      305.3898     5085.4492
 5 150  16.652  50572.324 140.339  -0.088    7.412  -10.000      305.3898     5085.4492
 3 150  16.652  50573.324 161.960  -0.020    8.821  -10.000      305.4499     5086.4492
 5 150  16.652  50573.324 161.960  -0.079    7.429  -10.000      305.4499     5086.4492
 3 150  16.652  50573.418 163.982  -0.025    8.813  -10.000      305.4555     5086.5430
 5 150  16.652  50573.418 163.982  -0.061    7.446  -10.000      305.4555     5086.5430
 3 150  16.652  50574.445 186.196   0.082    8.472  -10.000      305.5172     5087.5703
 5 150  16.652  50574.445 186.196   0.013    7.233  -10.000      305.5172     5087.5703
 3 150  16.652  50575.316 205.027   0.052    8.108  -10.000      305.5695     5088.4414
 5 150  16.652  50575.316 205.027  -0.020    6.973  -10.000      305.5695     5088.4414
 3 150  16.652  50575.410 207.048   0.029    8.080  -10.000      305.5751     5088.5352
 5 150  16.652  50575.410 207.048  -0.030    6.957  -10.000      305.5751     5088.5352
 3 150  16.652  50576.316 226.648   0.003    8.101  -10.000      305.6296     5089.4414
 5 150  16.652  50576.316 226.648  -0.042    6.943  -10.000      305.6296     5089.4414
 3 150  16.652  50576.406 228.593   0.013    8.118  -10.000      305.6350     5089.5312
 5 150  16.652  50576.406 228.593  -0.048    6.938  -10.000      305.6350     5089.5312
 3 150  16.652  50578.348 270.560   0.012    8.312  -10.000      305.7516     5091.4727
 5 150  16.652  50578.348 270.560  -0.029    7.010  -10.000      305.7516     5091.4727
 3 150  16.652  50578.426 272.252   0.018    8.326  -10.000      305.7563     5091.5508
 5 150  16.652  50578.426 272.252  -0.014    7.027  -10.000      305.7563     5091.5508
 3 150  16.652  50579.430 293.950   0.008    8.413  -10.000      305.8165     5092.5547
 5 150  16.652  50579.430 293.950  -0.031    7.046  -10.000      305.8165     5092.5547
 3 150  16.652  50580.328 313.374   0.015    8.508  -10.000      305.8705     5093.4531
 5 150  16.652  50580.328 313.374   0.001    7.119  -10.000      305.8705     5093.4531
 3 150  16.652  50580.395 314.813   0.000    8.500  -10.000      305.8745     5093.5195
 5 150  16.652  50580.395 314.813  -0.018    7.104  -10.000      305.8745     5093.5195
 3 150  16.652  50582.348 357.034  -0.007    8.705  -10.000      305.9918     5095.4727
 5 150  16.652  50582.348 357.034  -0.006    7.241  -10.000      305.9918     5095.4727
 3 150  16.652  50582.414 358.473  -0.003    8.717  -10.000      305.9958     5095.5391
 5 150  16.652  50582.414 358.473   0.007    7.259  -10.000      305.9958     5095.5391
 3 150  16.652  50583.340  18.479   0.001    8.831  -10.000      306.0513     5096.4648
 5 150  16.652  50583.340  18.479   0.010    7.337  -10.000      306.0513     5096.4648
 3 150  16.652  50583.410  20.006  -0.003    8.835  -10.000      306.0556     5096.5352
 5 150  16.652  50583.410  20.006   0.013    7.346  -10.000      306.0556     5096.5352
 3 150  16.652  50584.332  39.935  -0.002    8.938  -10.000      306.1109     5097.4570
 5 150  16.652  50584.332  39.935   0.014    7.424  -10.000      306.1109     5097.4570
 3 150  16.652  50584.395  41.287  -0.010    8.936  -10.000      306.1147     5097.5195
 5 150  16.652  50584.395  41.287   0.013    7.428  -10.000      306.1147     5097.5195
 3 150  16.652  50890.504 178.945   0.102    8.713  -10.000      324.4971     5403.6289
 5 150  16.652  50890.504 178.945   0.022    7.386  -10.000      324.4971     5403.6289
 3 150  16.652  50891.461 199.633   0.019    8.113  -10.000      324.5545     5404.5859
 5 150  16.652  50891.461 199.633  -0.028    6.995  -10.000      324.5545     5404.5859
 3 150  16.652  50892.453 221.078  -0.005    8.073  -10.000      324.6141     5405.5781
 5 150  16.652  50892.453 221.078  -0.050    6.933  -10.000      324.6141     5405.5781
 3 150  16.652  50893.371 240.930   0.019    8.178  -10.000      324.6693     5406.4961
 5 150  16.652  50893.371 240.930  -0.031    6.966  -10.000      324.6693     5406.4961
 3 150  16.652  50893.469 243.040   0.008    8.177  -10.000      324.6751     5406.5938
 5 150  16.652  50893.469 243.040  -0.033    6.966  -10.000      324.6751     5406.5938
 3 150  16.652  50896.496 308.485   0.005    8.475  -10.000      324.8569     5409.6211
 5 150  16.652  50896.496 308.485  -0.003    7.103  -10.000      324.8569     5409.6211
 3 150  16.652  50897.406 328.162   0.015    8.580  -10.000      324.9116     5410.5312
 5 150  16.652  50897.406 328.162   0.010    7.166  -10.000      324.9116     5410.5312
 3 150  16.652  50901.535  57.426  -0.023    8.998  -10.000      325.1595     5414.6602
 5 150  16.652  50901.535  57.426   0.012    7.490  -10.000      325.1595     5414.6602
 3 150  16.652  50902.324  74.476  -0.032    9.045  -10.000      325.2069     5415.4492
 5 150  16.652  50902.324  74.476   0.013    7.546  -10.000      325.2069     5415.4492
 3 150  16.652  50902.418  76.509  -0.023    9.058  -10.000      325.2125     5415.5430
 5 150  16.652  50902.418  76.509   0.010    7.548  -10.000      325.2125     5415.5430
 3 150  16.652  50903.531 100.580  -0.012    9.070  -10.000      325.2794     5416.6562
 5 150  16.652  50903.531 100.580  -0.004    7.569  -10.000      325.2794     5416.6562
 3 150  16.652  50904.387 119.070   0.014    9.010  -10.000      325.3307     5417.5117
 5 150  16.652  50904.387 119.070  -0.005    7.544  -10.000      325.3307     5417.5117
 3 150  16.652  50904.492 121.344   0.020    9.002  -10.000      325.3371     5417.6172
 5 150  16.652  50904.492 121.344  -0.022    7.522  -10.000      325.3371     5417.6172
 3 150  16.652  50905.344 139.757  -0.037    8.833  -10.000      325.3882     5418.4688
 5 150  16.652  50905.344 139.757  -0.068    7.434  -10.000      325.3882     5418.4688
 3 150  16.652  50906.520 165.179   0.047    8.880  -10.000      325.4588     5419.6445
 5 150  16.652  50906.520 165.179  -0.005    7.500  -10.000      325.4588     5419.6445
 3 150  16.652  50907.332 182.747   0.077    8.574  -10.000      325.5076     5420.4570
 5 150  16.652  50907.332 182.747   0.002    7.292  -10.000      325.5076     5420.4570
 3 150  16.652  50907.418 184.603   0.066    8.505  -10.000      325.5128     5420.5430
 5 150  16.652  50907.418 184.603   0.003    7.256  -10.000      325.5128     5420.5430
 3 150  16.652  50907.496 186.284   0.049    8.436  -10.000      325.5175     5420.6211
 5 150  16.652  50907.496 186.284  -0.010    7.208  -10.000      325.5175     5420.6211
 3 150  16.652  50908.355 204.873   0.035    8.092  -10.000      325.5691     5421.4805
 5 150  16.652  50908.355 204.873  -0.030    6.964  -10.000      325.5691     5421.4805
 3 150  16.652  50908.418 206.224   0.026    8.079  -10.000      325.5728     5421.5430
 5 150  16.652  50908.418 206.224  -0.039    6.950  -10.000      325.5728     5421.5430
 3 150  16.652  50909.473 229.021  -0.003    8.104  -10.000      325.6362     5422.5977
 5 150  16.652  50909.473 229.021  -0.042    6.944  -10.000      325.6362     5422.5977
 3 150  16.652  50909.547 230.625   0.000    8.113  -10.000      325.6406     5422.6719
 5 150  16.652  50909.547 230.625  -0.027    6.960  -10.000      325.6406     5422.6719
 3 150  16.652  50910.305 247.006   0.020    8.209  -10.000      325.6861     5423.4297
 5 150  16.652  50910.305 247.006  -0.011    6.993  -10.000      325.6861     5423.4297
 3 150  16.652  50910.379 248.610   0.020    8.216  -10.000      325.6906     5423.5039
 5 150  16.652  50910.379 248.610  -0.018    6.988  -10.000      325.6906     5423.5039
 3 150  16.652  50910.453 250.214   0.006    8.210  -10.000      325.6950     5423.5781
 5 150  16.652  50910.453 250.214  -0.027    6.982  -10.000      325.6950     5423.5781
 3 150  16.652  50910.453 250.214   0.003    8.207  -10.000      325.6950     5423.5781
 5 150  16.652  50910.453 250.214  -0.030    6.979  -10.000      325.6950     5423.5781
 3 150  16.652  50912.316 290.500   0.022    8.411  -10.000      325.8069     5425.4414
 5 150  16.652  50912.316 290.500   0.002    7.073  -10.000      325.8069     5425.4414
 3 150  16.652  50912.395 292.192   0.026    8.423  -10.000      325.8116     5425.5195
 5 150  16.652  50912.395 292.192  -0.001    7.073  -10.000      325.8116     5425.5195
 3 150  16.652  50912.477 293.961   0.028    8.433  -10.000      325.8166     5425.6016
 5 150  16.652  50912.477 293.961   0.001    7.078  -10.000      325.8166     5425.6016
 3 150  16.652  50913.316 312.122   0.023    8.510  -10.000      325.8670     5426.4414
 5 150  16.652  50913.316 312.122   0.008    7.123  -10.000      325.8670     5426.4414
 3 150  16.652  50913.387 313.638   0.029    8.524  -10.000      325.8712     5426.5117
 5 150  16.652  50913.387 313.638   0.020    7.139  -10.000      325.8712     5426.5117
 3 150  16.652  50913.449 314.989   0.032    8.533  -10.000      325.8750     5426.5742
 5 150  16.652  50913.449 314.989   0.022    7.144  -10.000      325.8750     5426.5742
 3 150  16.652  50914.312 333.655   0.031    8.623  -10.000      325.9268     5427.4375
 5 150  16.652  50914.312 333.655   0.034    7.205  -10.000      325.9268     5427.4375
 3 150  16.652  50914.379 335.083   0.020    8.618  -10.000      325.9308     5427.5039
 5 150  16.652  50914.379 335.083   0.030    7.205  -10.000      325.9308     5427.5039
 3 150  16.652  50914.461 336.863   0.034    8.641  -10.000      325.9357     5427.5859
 5 150  16.652  50914.461 336.863   0.038    7.219  -10.000      325.9357     5427.5859
 3 150  16.652  50914.527 338.291   0.014    8.628  -10.000      325.9397     5427.6523
 5 150  16.652  50914.527 338.291   0.013    7.198  -10.000      325.9397     5427.6523
 3 150  16.652  50915.324 355.518   0.015    8.718  -10.000      325.9875     5428.4492
 5 150  16.652  50915.324 355.518   0.023    7.264  -10.000      325.9875     5428.4492
 3 150  16.652  50915.398 357.133   0.009    8.721  -10.000      325.9920     5428.5234
 5 150  16.652  50915.398 357.133   0.008    7.255  -10.000      325.9920     5428.5234
 3 150  16.652  50915.480 358.901  -0.006    8.716  -10.000      325.9969     5428.6055
 5 150  16.652  50915.480 358.901  -0.003    7.251  -10.000      325.9969     5428.6055
 3 150  16.652  50916.309  16.798   0.005    8.825  -10.000      326.0467     5429.4336
 5 150  16.652  50916.309  16.798   0.023    7.343  -10.000      326.0467     5429.4336
 3 150  16.652  50916.379  18.325  -0.001    8.828  -10.000      326.0509     5429.5039
 5 150  16.652  50916.379  18.325   0.027    7.353  -10.000      326.0509     5429.5039
 3 150  16.652  50916.457  20.017   0.018    8.856  -10.000      326.0556     5429.5820
 5 150  16.652  50916.457  20.017   0.031    7.364  -10.000      326.0556     5429.5820
 3 150  16.652  50917.320  38.672   0.008    8.942  -10.000      326.1074     5430.4453
 5 150  16.652  50917.320  38.672   0.040    7.445  -10.000      326.1074     5430.4453
 3 150  16.652  50917.395  40.276   0.008    8.950  -10.000      326.1119     5430.5195
 5 150  16.652  50917.395  40.276   0.026    7.437  -10.000      326.1119     5430.5195
 3 150  16.652  50917.461  41.715   0.008    8.956  -10.000      326.1159     5430.5859
 5 150  16.652  50917.461  41.715   0.027    7.444  -10.000      326.1159     5430.5859
18 163  16.652  47866.598 326.294   0.001    8.703  -10.000      142.9064     2379.7227
18 163  16.652  47884.902   2.016  -0.007    8.875  -10.000      144.0056     2398.0273
18 163  16.652  47915.910 312.363   0.003    8.638  -10.000      145.8677     2429.0352
18 163  16.652  47915.926 312.698   0.048    8.684  -10.000      145.8686     2429.0508
18 163  16.652  47916.000 314.302   0.023    8.667  -10.000      145.8731     2429.1250
18 163  16.652  47969.141  23.132   0.003    9.000  -10.000      149.0643     2482.2656
18 163  16.652  47969.152  23.384  -0.010    8.988  -10.000      149.0650     2482.2773
18 163  16.652  47969.227  24.988   0.011    9.017  -10.000      149.0694     2482.3516
18 163  16.652  47969.242  25.329   0.020    9.028  -10.000      149.0704     2482.3672
18 163  16.652  47969.316  26.933   0.029    9.045  -10.000      149.0748     2482.4414
18 163  16.652  48011.438 217.529  -0.015    8.208  -10.000      151.6042     2524.5625
18 163  16.652  48011.449 217.782  -0.009    8.215  -10.000      151.6049     2524.5742
18 163  16.652  48033.387 332.040   0.020    8.749  -10.000      152.9223     2546.5117
18 163  16.652  48033.402 332.380   0.010    8.740  -10.000      152.9233     2546.5273
18 163  16.652  48033.477 333.984   0.036    8.774  -10.000      152.9277     2546.6016
18 163  16.652  48033.492 334.319  -0.006    8.733  -10.000      152.9287     2546.6172
18 163  16.652  48069.105  24.230  -0.017    8.985  -10.000      155.0673     2582.2305
18 163  16.652  48069.121  24.571  -0.003    9.002  -10.000      155.0683     2582.2461
18 163  16.652  48069.195  26.175   0.005    9.017  -10.000      155.0727     2582.3203
18 163  16.652  48069.207  26.428  -0.002    9.012  -10.000      155.0734     2582.3320
18 163  16.652  48099.941 330.864   0.030    8.753  -10.000      156.9191     2613.0664
18 163  16.652  48100.016 332.468  -0.018    8.713  -10.000      156.9235     2613.1406
18 163  16.652  48100.031 332.803   0.025    8.757  -10.000      156.9245     2613.1562
18 163  16.652  48160.172 192.958  -0.048    8.313  -10.000      160.5360     2673.2969
18 163  16.652  48173.312 117.043   0.005    9.157  -10.000      161.3251     2686.4375
18 163  16.652  48173.328 117.378  -0.014    9.136  -10.000      161.3260     2686.4531
18 163  16.652  48212.305 240.002   0.005    8.313  -10.000      163.6667     2725.4297
18 163  16.652  48212.320 240.337   0.019    8.329  -10.000      163.6676     2725.4453
18 163  16.652  48212.395 241.941  -0.010    8.308  -10.000      163.6721     2725.5195
18 163  16.652  48212.410 242.281   0.010    8.329  -10.000      163.6730     2725.5352
18 163  16.652  48227.164 201.237  -0.008    8.227  -10.000      164.5590     2740.2891
18 163  16.652  48261.086 214.585  -0.017    8.197  -10.000      166.5961     2774.2109
18 163  16.652  48261.102 214.920  -0.025    8.190  -10.000      166.5970     2774.2266
18 163  16.652  48261.172 216.442  -0.005    8.215  -10.000      166.6012     2774.2969
18 163  16.652  48261.188 216.777  -0.014    8.207  -10.000      166.6022     2774.3125
18 163  16.652  48285.965  32.432   0.007    9.052  -10.000      168.0901     2799.0898
18 163  16.652  48285.980  32.767  -0.027    9.019  -10.000      168.0910     2799.1055
18 163  16.652  48286.055  34.371   0.004    9.058  -10.000      168.0955     2799.1797
18 163  16.652  48286.070  34.711  -0.036    9.019  -10.000      168.0964     2799.1953
18 163  16.652  48312.359 243.045   0.038    8.361  -10.000      169.6751     2825.4844
18 163  16.652  48312.371 243.298   0.008    8.332  -10.000      169.6758     2825.4961
18 163  16.652  48312.445 244.902   0.039    8.370  -10.000      169.6803     2825.5703
18 163  16.652  48312.461 245.237   0.006    8.340  -10.000      169.6812     2825.5859
18 163  16.652  48350.922 356.710  -0.033    8.820  -10.000      171.9909     2864.0469
18 163  16.652  48350.938 357.050   0.021    8.876  -10.000      171.9918     2864.0625
18 163  16.652  48351.012 358.654  -0.005    8.859  -10.000      171.9963     2864.1367
18 163  16.652  48351.023 358.907  -0.026    8.839  -10.000      171.9970     2864.1484
18 163  16.652  48351.203   2.791   0.009    8.895  -10.000      172.0078     2864.3281
18 163  16.652  48351.277   4.395   0.000    8.894  -10.000      172.0122     2864.4023
18 163  16.652  48351.289   4.647   0.004    8.900  -10.000      172.0129     2864.4141
18 163  16.652  48371.023  71.279  -0.009    9.200  -10.000      173.1980     2884.1484
18 163  16.652  48371.188  74.822   0.022    9.240  -10.000      173.2078     2884.3125
18 163  16.652  48371.273  76.685  -0.013    9.208  -10.000      173.2130     2884.3984
18 163  16.652  48371.363  78.624   0.019    9.244  -10.000      173.2184     2884.4883
18 163  16.652  48371.379  78.964  -0.015    9.211  -10.000      173.2193     2884.5039
18 163  16.652  48412.059 238.403   0.012    8.313  -10.000      175.6622     2925.1836
18 163  16.652  48412.070 238.656   0.022    8.324  -10.000      175.6629     2925.1953
18 163  16.652  48412.148 240.342   0.015    8.325  -10.000      175.6676     2925.2734
18 163  16.652  48412.160 240.595   0.032    8.344  -10.000      175.6683     2925.2852
18 163  16.652  48467.059 347.426   0.030    8.833  -10.000      178.9651     2980.1836
18 163  16.652  48502.148  26.021   0.006    9.017  -10.000      181.0723     3015.2734
18 163  16.652  48502.164  26.356  -0.021    8.992  -10.000      181.0732     3015.2891
18 163  16.652  48502.238  27.960   0.018    9.039  -10.000      181.0777     3015.3633
18 163  16.652  48502.250  28.213  -0.001    9.022  -10.000      181.0784     3015.3750
18 163  16.652  48502.328  29.905   0.005    9.036  -10.000      181.0831     3015.4531
18 163  16.652  48518.500  19.517  -0.012    8.965  -10.000      182.0542     3031.6250
18 163  16.652  48518.516  19.852   0.008    8.987  -10.000      182.0551     3031.6406
18 163  16.652  48557.617 145.173  -0.047    8.944  -10.000      184.4033     3070.7422
18 163  16.652  48557.629 145.432  -0.087    8.903  -10.000      184.4040     3070.7539
18 163  16.652  48557.703 147.036  -0.044    8.942  -10.000      184.4084     3070.8281
18 163  16.652  48570.148  56.085  -0.012    9.144  -10.000      185.1558     3083.2734
18 163  16.652  48570.160  56.338  -0.018    9.138  -10.000      185.1565     3083.2852
18 163  16.652  48570.234  57.942  -0.027    9.136  -10.000      185.1609     3083.3594
18 163  16.652  48570.250  58.277  -0.037    9.128  -10.000      185.1619     3083.3750
18 163  16.652  48606.672 125.667   0.017    9.118  -10.000      187.3491     3119.7969
18 163  16.652  48606.836 129.216  -0.024    9.056  -10.000      187.3589     3119.9609
18 163  16.652  48627.184 209.103  -0.008    8.199  -10.000      188.5808     3140.3086
18 163  16.652  48627.199 209.443  -0.024    8.183  -10.000      188.5818     3140.3242
18 163  16.652  48627.273 211.047  -0.020    8.188  -10.000      188.5862     3140.3984
18 163  16.652  48627.289 211.382  -0.035    8.173  -10.000      188.5872     3140.4141
18 163  16.652  48656.684 126.854   0.035    9.129  -10.000      190.3524     3169.8086
18 163  16.652  48656.695 127.106   0.007    9.099  -10.000      190.3531     3169.8203
18 163  16.652  48656.773 128.798  -0.007    9.076  -10.000      190.3578     3169.8984
18 163  16.652  48656.785 129.051  -0.042    9.039  -10.000      190.3585     3169.9102
18 163  16.652  48711.156 224.478  -0.002    8.244  -10.000      193.6236     3224.2812
18 163  16.652  48711.246 226.417  -0.016    8.237  -10.000      193.6289     3224.3711
18 163  16.652  48711.258 226.670  -0.015    8.239  -10.000      193.6296     3224.3828
18 163  16.652  48711.336 228.362   0.004    8.264  -10.000      193.6343     3224.4609
18 163  16.652  48711.348 228.615  -0.001    8.259  -10.000      193.6350     3224.4727
18 163  16.652  48711.422 230.219  -0.020    8.246  -10.000      193.6395     3224.5469
18 163  16.652  48711.438 230.559   0.019    8.286  -10.000      193.6404     3224.5625
18 163  16.652  48711.512 232.163  -0.020    8.254  -10.000      193.6449     3224.6367
18 163  16.652  48711.523 232.416   0.006    8.281  -10.000      193.6456     3224.6484
18 163  16.652  48754.086  72.559   0.001    9.213  -10.000      196.2016     3267.2109
18 163  16.652  48754.164  74.246   0.003    9.219  -10.000      196.2062     3267.2891
18 163  16.652  48754.176  74.498   0.012    9.229  -10.000      196.2069     3267.3008
18 163  16.652  48754.250  76.102  -0.018    9.203  -10.000      196.2114     3267.3750
18 163  16.652  48754.266  76.443   0.013    9.234  -10.000      196.2123     3267.3906
18 163  16.652  48777.625 221.440  -0.002    8.233  -10.000      197.6151     3290.7500
18 163  16.652  48777.637 221.693  -0.014    8.222  -10.000      197.6158     3290.7617
18 163  16.652  48777.711 223.297   0.022    8.264  -10.000      197.6203     3290.8359
18 163  16.652  48777.727 223.632  -0.015    8.228  -10.000      197.6212     3290.8516
18 163  16.652  48777.801 225.236  -0.003    8.245  -10.000      197.6257     3290.9258
18 163  16.652  48777.816 225.577  -0.019    8.231  -10.000      197.6266     3290.9414
18 163  16.652  48970.539  71.971  -0.013    9.198  -10.000      209.1999     3483.6641
18 163  16.652  48970.555  72.312  -0.029    9.182  -10.000      209.2009     3483.6797
18 163  16.652  48970.629  73.916  -0.026    9.190  -10.000      209.2053     3483.7539
18 163  16.652  48970.641  74.169   0.000    9.216  -10.000      209.2060     3483.7656
18 163  16.652  49015.957 333.847   0.010    8.747  -10.000      211.9274     3529.0820
 1   2  16.652  41767.789 238.535   0.066   10.030  -10.000     -223.3374    -3719.0859
 2   2  16.652  41767.789 238.535   0.012    9.220  -10.000     -223.3374    -3719.0859
 3   2  16.652  41767.789 238.535   0.042    8.190  -10.000     -223.3374    -3719.0859
 1   2  16.652  41768.785 260.068   0.037   10.320  -10.000     -223.2776    -3718.0898
 2   2  16.652  41768.785 260.068   0.025    9.430  -10.000     -223.2776    -3718.0898
 3   2  16.652  41768.785 260.068   0.038    8.290  -10.000     -223.2776    -3718.0898
 1   2  16.652  41769.773 281.431   0.082   10.650  -10.000     -223.2182    -3717.1016
 2   2  16.652  41769.773 281.431   0.046    9.630  -10.000     -223.2182    -3717.1016
 3   2  16.652  41769.773 281.431   0.051    8.400  -10.000     -223.2182    -3717.1016
 1   2  16.652  41770.809 303.810   0.061   10.900  -10.000     -223.1561    -3716.0664
 2   2  16.652  41770.809 303.810   0.032    9.790  -10.000     -223.1561    -3716.0664
 3   2  16.652  41770.809 303.810   0.041    8.490  -10.000     -223.1561    -3716.0664
 1   2  16.652  41771.770 324.586   0.102   11.180  -10.000     -223.0984    -3715.1055
 2   2  16.652  41771.770 324.586   0.052    9.970  -10.000     -223.0984    -3715.1055
 3   2  16.652  41771.770 324.586   0.062    8.610  -10.000     -223.0984    -3715.1055
 1   2  16.652  41772.789 346.630  -0.021   11.290  -10.000     -223.0371    -3714.0859
 2   2  16.652  41772.789 346.630  -0.029   10.050  -10.000     -223.0371    -3714.0859
 3   2  16.652  41772.789 346.630  -0.025    8.630  -10.000     -223.0371    -3714.0859
 1   2  16.652  41773.777   7.993  -0.031   11.510  -10.000     -222.9778    -3713.0977
 2   2  16.652  41773.777   7.993  -0.054   10.190  -10.000     -222.9778    -3713.0977
 3   2  16.652  41773.777   7.993  -0.040    8.730  -10.000     -222.9778    -3713.0977
 2  19  16.652  43978.473 150.439  -0.017   10.110  -10.000      -90.5821    -1508.4023
 3  19  16.652  43978.473 150.439  -0.023    8.810  -10.000      -90.5821    -1508.4023
 4  19  16.652  43978.473 150.439  -0.053    8.087  -10.000      -90.5821    -1508.4023
 5  19  16.652  43978.473 150.439  -0.076    7.417  -10.000      -90.5821    -1508.4023
 2  19  16.652  43980.477 193.760  -0.003    9.179  -10.000      -90.4618    -1506.3984
 3  19  16.652  43980.477 193.760   0.014    8.202  -10.000      -90.4618    -1506.3984
 4  19  16.652  43980.477 193.760  -0.006    7.614  -10.000      -90.4618    -1506.3984
 5  19  16.652  43980.477 193.760  -0.041    7.046  -10.000      -90.4618    -1506.3984
 2  19  16.652  44044.250 132.454  -0.011   10.266  -10.000      -86.6321    -1442.6250
 3  19  16.652  44044.250 132.454  -0.022    8.893  -10.000      -86.6321    -1442.6250
 4  19  16.652  44044.250 132.454  -0.058    8.136  -10.000      -86.6321    -1442.6250
 5  19  16.652  44044.250 132.454  -0.066    7.454  -10.000      -86.6321    -1442.6250
 2  19  16.652  44046.301 176.789   0.084    9.952  -10.000      -86.5089    -1440.5742
 3  19  16.652  44046.301 176.789   0.061    8.729  -10.000      -86.5089    -1440.5742
 4  19  16.652  44046.301 176.789   0.022    8.035  -10.000      -86.5089    -1440.5742
 5  19  16.652  44046.301 176.789  -0.007    7.394  -10.000      -86.5089    -1440.5742
 2  19  16.652  44047.273 197.817   0.039    9.121  -10.000      -86.4505    -1439.6016
 3  19  16.652  44047.273 197.817   0.018    8.135  -10.000      -86.4505    -1439.6016
 4  19  16.652  44047.273 197.817  -0.010    7.551  -10.000      -86.4505    -1439.6016
 5  19  16.652  44047.273 197.817  -0.040    6.999  -10.000      -86.4505    -1439.6016
 2  19  16.652  44048.293 219.858   0.024    9.081  -10.000      -86.3893    -1438.5820
 3  19  16.652  44048.293 219.858   0.015    8.089  -10.000      -86.3893    -1438.5820
 4  19  16.652  44048.293 219.858  -0.008    7.503  -10.000      -86.3893    -1438.5820
 5  19  16.652  44048.293 219.858  -0.041    6.941  -10.000      -86.3893    -1438.5820
 2  19  16.652  44646.535 193.022  -0.020    9.184  -10.000      -50.4638     -840.3398
 3  19  16.652  44646.535 193.022  -0.016    8.188  -10.000      -50.4638     -840.3398
 4  19  16.652  44646.535 193.022  -0.027    7.606  -10.000      -50.4638     -840.3398
 5  19  16.652  44646.535 193.022  -0.045    7.053  -10.000      -50.4638     -840.3398
 1  19  16.652  44647.504 213.964   0.113    9.760  -10.000      -50.4057     -839.3711
 2  19  16.652  44647.504 213.964   0.029    9.048  -10.000      -50.4057     -839.3711
 3  19  16.652  44647.504 213.964   0.010    8.066  -10.000      -50.4057     -839.3711
 4  19  16.652  44647.504 213.964  -0.010    7.491  -10.000      -50.4057     -839.3711
 5  19  16.652  44647.504 213.964  -0.039    6.941  -10.000      -50.4057     -839.3711
 2  19  16.652  44649.523 257.624   0.030    9.414  -10.000      -50.2844     -837.3516
 3  19  16.652  44649.523 257.624   0.019    8.260  -10.000      -50.2844     -837.3516
 4  19  16.652  44649.523 257.624   0.003    7.613  -10.000      -50.2844     -837.3516
 5  19  16.652  44649.523 257.624  -0.012    7.008  -10.000      -50.2844     -837.3516
 2  19  16.652  44654.613   7.659   0.002   10.244  -10.000      -49.9787     -832.2617
 3  19  16.652  44654.613   7.659  -0.005    8.764  -10.000      -49.9787     -832.2617
 4  19  16.652  44654.613   7.659  -0.020    7.981  -10.000      -49.9787     -832.2617
 5  19  16.652  44654.613   7.659  -0.026    7.259  -10.000      -49.9787     -832.2617
 1  19  16.652  44654.688   9.264   0.120   11.674  -10.000      -49.9743     -832.1875
 2  19  16.652  44654.688   9.264   0.054   10.308  -10.000      -49.9743     -832.1875
 3  19  16.652  44654.688   9.264   0.008    8.785  -10.000      -49.9743     -832.1875
 4  19  16.652  44654.688   9.264  -0.008    8.000  -10.000      -49.9743     -832.1875
 5  19  16.652  44654.688   9.264   0.025    7.316  -10.000      -49.9743     -832.1875
 2  19  16.652  44655.562  28.180  -0.016   10.379  -10.000      -49.9217     -831.3125
 3  19  16.652  44655.562  28.180  -0.024    8.857  -10.000      -49.9217     -831.3125
 4  19  16.652  44655.562  28.180  -0.030    8.067  -10.000      -49.9217     -831.3125
 5  19  16.652  44655.562  28.180  -0.013    7.352  -10.000      -49.9217     -831.3125
 2  19  16.652  44677.449 141.340  -0.050   10.133  -10.000      -48.6074     -809.4258
 3  19  16.652  44677.449 141.340  -0.042    8.819  -10.000      -48.6074     -809.4258
 2  19  16.652  44679.477 185.169   0.049    9.564  -10.000      -48.4856     -807.3984
 3  19  16.652  44679.477 185.169   0.047    8.469  -10.000      -48.4856     -807.3984
 4  19  16.652  44679.477 185.169   0.015    7.827  -10.000      -48.4856     -807.3984
 5  19  16.652  44679.477 185.169   0.000    7.241  -10.000      -48.4856     -807.3984
 2  19  16.652  44680.496 207.209   0.052    9.050  -10.000      -48.4244     -806.3789
 3  19  16.652  44680.496 207.209   0.038    8.089  -10.000      -48.4244     -806.3789
 4  19  16.652  44680.496 207.209   0.015    7.517  -10.000      -48.4244     -806.3789
 5  19  16.652  44680.496 207.209  -0.017    6.970  -10.000      -48.4244     -806.3789
 2  19  16.652  44704.469   5.464  -0.009   10.217  -10.000      -46.9848     -782.4062
 3  19  16.652  44704.469   5.464   0.003    8.760  -10.000      -46.9848     -782.4062
 4  19  16.652  44704.469   5.464  -0.012    7.979  -10.000      -46.9848     -782.4062
 5  19  16.652  44704.469   5.464   0.000    7.277  -10.000      -46.9848     -782.4062
 2  19  16.652  44706.488  49.124  -0.022   10.501  -10.000      -46.8635     -780.3867
 3  19  16.652  44706.488  49.124  -0.007    8.975  -10.000      -46.8635     -780.3867
 4  19  16.652  44706.488  49.124  -0.007    8.180  -10.000      -46.8635     -780.3867
 5  19  16.652  44706.488  49.124   0.007    7.452  -10.000      -46.8635     -780.3867
 2  19  16.652  44712.473 178.498   0.070    9.874  -10.000      -46.5042     -774.4023
 3  19  16.652  44712.473 178.498   0.057    8.680  -10.000      -46.5042     -774.4023
 4  19  16.652  44712.473 178.498   0.028    8.005  -10.000      -46.5042     -774.4023
 5  19  16.652  44712.473 178.498   0.005    7.377  -10.000      -46.5042     -774.4023
 2  19  16.652  44713.445 199.525   0.014    9.066  -10.000      -46.4458     -773.4297
 3  19  16.652  44713.445 199.525   0.016    8.111  -10.000      -46.4458     -773.4297
 4  19  16.652  44713.445 199.525  -0.015    7.528  -10.000      -46.4458     -773.4297
 5  19  16.652  44713.445 199.525  -0.032    6.992  -10.000      -46.4458     -773.4297
 2  19  16.652  44795.273 168.536   0.049   10.125  -10.000      -41.5318     -691.6016
 3  19  16.652  44795.273 168.536   0.031    8.841  -10.000      -41.5318     -691.6016
 4  19  16.652  44795.273 168.536  -0.003    8.126  -10.000      -41.5318     -691.6016
 5  19  16.652  44795.273 168.536  -0.024    7.468  -10.000      -41.5318     -691.6016
 1  19  16.652  45003.594 352.132   0.054   11.425  -10.000      -29.0219     -483.2812
 2  19  16.652  45003.594 352.132   0.005   10.127  -10.000      -29.0219     -483.2812
 3  19  16.652  45003.594 352.132   0.013    8.697  -10.000      -29.0219     -483.2812
 4  19  16.652  45003.594 352.132   0.003    7.934  -10.000      -29.0219     -483.2812
 5  19  16.652  45003.594 352.132   0.006    7.235  -10.000      -29.0219     -483.2812
 2  19  16.652  45005.594  35.368  -0.010   10.433  -10.000      -28.9018     -481.2812
 3  19  16.652  45005.594  35.368  -0.001    8.917  -10.000      -28.9018     -481.2812
 4  19  16.652  45005.594  35.368   0.001    8.129  -10.000      -28.9018     -481.2812
 5  19  16.652  45005.594  35.368   0.007    7.400  -10.000      -28.9018     -481.2812
 1  19  16.652  45006.547  55.974  -0.028   11.924  -10.000      -28.8445     -480.3281
 2  19  16.652  45006.547  55.974  -0.021   10.540  -10.000      -28.8445     -480.3281
 3  19  16.652  45006.547  55.974  -0.003    9.011  -10.000      -28.8445     -480.3281
 4  19  16.652  45006.547  55.974  -0.003    8.213  -10.000      -28.8445     -480.3281
 5  19  16.652  45006.547  55.974   0.004    7.476  -10.000      -28.8445     -480.3281
 1  19  16.652  45007.586  78.437  -0.018   12.001  -10.000      -28.7821     -479.2891
 2  19  16.652  45007.586  78.437  -0.009   10.621  -10.000      -28.7821     -479.2891
 3  19  16.652  45007.586  78.437   0.003    9.087  -10.000      -28.7821     -479.2891
 4  19  16.652  45007.586  78.437  -0.010    8.277  -10.000      -28.7821     -479.2891
 5  19  16.652  45007.586  78.437   0.034    7.577  -10.000      -28.7821     -479.2891
 1  19  16.652  45008.586 100.056  -0.013   11.914  -10.000      -28.7221     -478.2891
 2  19  16.652  45008.586 100.056   0.005   10.594  -10.000      -28.7221     -478.2891
 3  19  16.652  45008.586 100.056   0.010    9.093  -10.000      -28.7221     -478.2891
 4  19  16.652  45008.586 100.056   0.005    8.307  -10.000      -28.7221     -478.2891
 5  19  16.652  45008.586 100.056  -0.003    7.570  -10.000      -28.7221     -478.2891
 1  19  16.652  45037.527   5.729   0.116   11.634  -10.000      -26.9841     -449.3477
 2  19  16.652  45037.527   5.729   0.033   10.261  -10.000      -26.9841     -449.3477
 3  19  16.652  45037.527   5.729   0.012    8.771  -10.000      -26.9841     -449.3477
 4  19  16.652  45037.527   5.729  -0.006    7.987  -10.000      -26.9841     -449.3477
 5  19  16.652  45037.527   5.729   0.007    7.285  -10.000      -26.9841     -449.3477
 0  19  16.652  43971.527   0.291   1.703    3.900  -10.000      -90.9992    -1515.3477
 0  19  16.652  43972.516  21.657   0.713    8.200  -10.000      -90.9398    -1514.3594
 0  19  16.652  43973.523  43.443  -1.286   11.700  -10.000      -90.8793    -1513.3516
 0  19  16.652  43977.543 130.342  -2.096   23.100  -10.000      -90.6379    -1509.3320
 0  19  16.652  43978.484 150.691  -1.702   15.200  -10.000      -90.5814    -1508.3906
 0  19  16.652  43979.469 171.974  -0.186    7.100  -10.000      -90.5223    -1507.4062
 0  19  16.652  43980.504 194.351   2.778    2.000  -10.000      -90.4601    -1506.3711
 0  19  16.652  44240.621  57.725   1.518   17.700  -10.000      -74.8397    -1246.2539
 0  19  16.652  44246.609 187.182   0.823    3.700  -10.000      -74.4800    -1240.2656
 0  19  16.652  44299.547 251.617   0.789  -21.900  -10.000      -71.3011    -1187.3281
 0  19  16.652  44301.473 293.250   3.370  -12.300  -10.000      -71.1854    -1185.4023
 0  19  16.652  44331.480 221.976  -2.141  -24.000  -10.000      -69.3834    -1155.3945
 0  19  16.652  44335.512 309.128   0.302  -10.400  -10.000      -69.1413    -1151.3633
 0  19  16.652  44336.535 331.252  -1.413   -6.700  -10.000      -69.0799    -1150.3398
 0  19  16.652  44364.383 213.280   0.332  -18.700  -10.000      -67.4076    -1122.4922
 0  19  16.652  44444.273 140.404  -1.819   18.900  -10.000      -62.6100    -1042.6016
 0  19  16.652  44445.270 161.938  -2.280    7.800  -10.000      -62.5502    -1041.6055
 0  19  16.652  44446.270 183.557   1.190    5.100  -10.000      -62.4901    -1040.6055
 0  19  16.652  44447.250 204.754   0.328  -12.300  -10.000      -62.4312    -1039.6250
 0  19  16.652  44653.602 345.786   0.585   -0.200  -10.000      -50.0395     -833.2734
 0  19  16.652  44655.582  28.602  -0.864    7.800  -10.000      -49.9206     -831.2930
 0  19  16.652  44659.629 116.090   2.019   28.300  -10.000      -49.6775     -827.2461
 0  19  16.652  44691.348  81.806   0.184   20.000  -10.000      -47.7728     -795.5273
 0  19  16.652  44692.344 103.339  -0.021   25.200  -10.000      -47.7129     -794.5312
 0  19  16.652  44693.320 124.452  -1.522   25.500  -10.000      -47.6543     -793.5547
 0  19  16.652  44693.520 128.758   0.640   26.600  -10.000      -47.6423     -793.3555
 0  19  16.652  44694.523 150.461  -3.573   13.500  -10.000      -47.5821     -792.3516
 0  19  16.652  44703.535 345.282  -0.978   -1.900  -10.000      -47.0409     -783.3398
 0  19  16.652  44704.500   6.140  -3.783   -0.600  -10.000      -46.9829     -782.3750
 0  19  16.652  44705.512  28.012  -4.804    3.800  -10.000      -46.9222     -781.3633
 0  19  16.652  44706.516  49.716  -0.567   13.700  -10.000      -46.8619     -780.3594
 0  19  16.652  44707.484  70.659  -3.213   16.100  -10.000      -46.8037     -779.3906
 0  19  16.652  44713.500 200.708  -0.226   -7.600  -10.000      -46.4425     -773.3750
 0  19  16.652  44715.527 244.536  -2.246  -27.700  -10.000      -46.3207     -771.3477
 0  19  16.652  44774.348  76.150   3.501   23.100  -10.000      -42.7885     -712.5273
 0  19  16.652  44775.289  96.501   0.721   25.600  -10.000      -42.7319     -711.5859
 0  19  16.652  44777.320 140.415   1.383   22.100  -10.000      -42.6100     -709.5547
 0  19  16.652  44778.328 162.202  -0.410    9.600  -10.000      -42.5494     -708.5469
 0  19  16.652  45042.363 110.275  -0.473   25.300  -10.000      -26.6937     -444.5117
 0  19  16.652  45042.504 113.315  -2.021   24.000  -10.000      -26.6852     -444.3711
 0  19  16.652  45043.301 130.542  -0.788   24.300  -10.000      -26.6374     -443.5742
 0  19  16.652  45043.445 133.667  -2.795   20.500  -10.000      -26.6287     -443.4297
 0  19  16.652  45044.340 153.005   0.007   15.100  -10.000      -26.5750     -442.5352
 0  19  16.652  45089.395  47.025   0.344   14.100  -10.000      -23.8694     -397.4805
 0  19  16.652  45090.438  69.572   4.266   23.400  -10.000      -23.8067     -396.4375
 0  19  16.652  45091.418  90.769   0.425   23.700  -10.000      -23.7479     -395.4570
 0  19  16.652  45093.422 134.091   4.644   27.700  -10.000      -23.6275     -393.4531
 0 170  16.652  50497.875 330.853   2.307   -3.080    0.320      300.9190     5011.0000
 0 170  16.652  50500.859  35.365   2.193   12.370    0.290      301.0982     5013.9844
 0 170  16.652  50502.652  74.136   2.779   22.380    0.330      301.2059     5015.7773
 0 170  16.652  50533.699  25.323   2.365   10.670    0.300      303.0703     5046.8242
 0 170  16.652  50535.727  69.148   1.504   20.560    0.430      303.1921     5048.8516
 0 170  16.652  50536.738  91.022   3.326   26.710    0.400      303.2528     5049.8633
 3   9  16.652  44015.531 231.595  -0.027    8.090  -10.000      -88.3567    -1471.3438
14   9  16.652  44015.531 231.595   0.021    9.550  -10.000      -88.3567    -1471.3438
15   9  16.652  44015.531 231.595   0.005    8.400  -10.000      -88.3567    -1471.3438
16   9  16.652  44015.531 231.595  -0.020    7.540  -10.000      -88.3567    -1471.3438
17   9  16.652  44015.531 231.595  -0.052    6.930  -10.000      -88.3567    -1471.3438
 3   9  16.652  44016.512 252.790  -0.007    8.210  -10.000      -88.2978    -1470.3633
14   9  16.652  44016.512 252.790   0.016    9.800  -10.000      -88.2978    -1470.3633
15   9  16.652  44016.512 252.790   0.004    8.520  -10.000      -88.2978    -1470.3633
16   9  16.652  44016.512 252.790  -0.018    7.600  -10.000      -88.2978    -1470.3633
17   9  16.652  44016.512 252.790  -0.055    6.950  -10.000      -88.2978    -1470.3633
 3   9  16.652  44017.512 274.408   0.002    8.320  -10.000      -88.2378    -1469.3633
14   9  16.652  44017.512 274.408   0.034   10.060  -10.000      -88.2378    -1469.3633
15   9  16.652  44017.512 274.408   0.013    8.650  -10.000      -88.2378    -1469.3633
16   9  16.652  44017.512 274.408  -0.010    7.670  -10.000      -88.2378    -1469.3633
17   9  16.652  44017.512 274.408  -0.025    7.010  -10.000      -88.2378    -1469.3633
 3   9  16.652  44019.551 318.491   0.092    8.610  -10.000      -88.1153    -1467.3242
14   9  16.652  44019.551 318.491   0.127   10.590  -10.000      -88.1153    -1467.3242
15   9  16.652  44019.551 318.491   0.099    8.970  -10.000      -88.1153    -1467.3242
16   9  16.652  44019.551 318.491   0.084    7.900  -10.000      -88.1153    -1467.3242
17   9  16.652  44019.551 318.491   0.071    7.190  -10.000      -88.1153    -1467.3242
 3   9  16.652  44021.578   2.318   0.009    8.750  -10.000      -87.9936    -1465.2969
14   9  16.652  44021.578   2.318   0.014   10.880  -10.000      -87.9936    -1465.2969
15   9  16.652  44021.578   2.318   0.012    9.130  -10.000      -87.9936    -1465.2969
16   9  16.652  44021.578   2.318   0.021    8.010  -10.000      -87.9936    -1465.2969
17   9  16.652  44021.578   2.318   0.018    7.270  -10.000      -87.9936    -1465.2969
 3   9  16.652  44024.559  66.753  -0.015    9.040  -10.000      -87.8146    -1462.3164
14   9  16.652  44024.559  66.753  -0.006   11.320  -10.000      -87.8146    -1462.3164
15   9  16.652  44024.559  66.753   0.007    9.460  -10.000      -87.8146    -1462.3164
16   9  16.652  44024.559  66.753   0.006    8.270  -10.000      -87.8146    -1462.3164
17   9  16.652  44024.559  66.753   0.025    7.520  -10.000      -87.8146    -1462.3164
 3   9  16.652  44027.520 130.765   0.014    8.940  -10.000      -87.6368    -1459.3555
14   9  16.652  44027.520 130.765   0.031   10.930  -10.000      -87.6368    -1459.3555
15   9  16.652  44027.520 130.765   0.038    9.320  -10.000      -87.6368    -1459.3555
16   9  16.652  44027.520 130.765  -0.005    8.210  -10.000      -87.6368    -1459.3555
17   9  16.652  44027.520 130.765  -0.032    7.480  -10.000      -87.6368    -1459.3555
