 0  42  11.289  46923.781 175.408  -1.156  -43.120    0.810     -746.5128    -8427.6914
 0  42  11.289  46924.707 204.939   1.253  -44.990    0.810     -746.4307    -8426.7656
 0  42  11.289  46925.863 241.809   0.715  -45.800    0.650     -746.3283    -8425.6094
 0  42  11.289  46926.809 271.956   2.520  -46.080    0.650     -746.2446    -8424.6641
 0  42  11.289  46927.801 303.596  -1.231  -47.730    0.710     -746.1567    -8423.6719
 3 150  11.289  50568.535 120.344  -0.069    8.447  -10.000     -423.6657    -4782.9375
 5 150  11.289  50568.535 120.344  -0.046    7.195  -10.000     -423.6657    -4782.9375
 3 150  11.289  50570.473 182.131  -0.113    8.281  -10.000     -423.4941    -4781.0000
 5 150  11.289  50570.473 182.131  -0.072    7.098  -10.000     -423.4941    -4781.0000
 3 150  11.289  50572.422 244.292   0.061    8.318  -10.000     -423.3214    -4779.0508
 5 150  11.289  50572.422 244.292   0.056    7.122  -10.000     -423.3214    -4779.0508
 3 150  11.289  50572.527 247.654   0.084    8.347  -10.000     -423.3121    -4778.9453
 5 150  11.289  50572.527 247.654   0.062    7.131  -10.000     -423.3121    -4778.9453
 3 150  11.289  50573.395 275.306  -0.033    8.281  -10.000     -423.2353    -4778.0781
 5 150  11.289  50573.395 275.306  -0.007    7.086  -10.000     -423.2353    -4778.0781
 3 150  11.289  50573.480 278.042  -0.043    8.275  -10.000     -423.2277    -4777.9922
 5 150  11.289  50573.480 278.042  -0.019    7.076  -10.000     -423.2277    -4777.9922
 3 150  11.289  50573.574 281.030   0.005    8.327  -10.000     -423.2194    -4777.8984
 5 150  11.289  50573.574 281.030   0.037    7.133  -10.000     -423.2194    -4777.8984
 3 150  11.289  50574.508 310.803  -0.033    8.335  -10.000     -423.1367    -4776.9648
 5 150  11.289  50574.508 310.803  -0.017    7.099  -10.000     -423.1367    -4776.9648
 3 150  11.289  50575.375 338.456   0.011    8.425  -10.000     -423.0598    -4776.0977
 5 150  11.289  50575.375 338.456   0.012    7.152  -10.000     -423.0598    -4776.0977
 3 150  11.289  50575.473 341.576   0.017    8.437  -10.000     -423.0512    -4776.0000
 5 150  11.289  50575.473 341.576   0.030    7.173  -10.000     -423.0512    -4776.0000
 3 150  11.289  50575.559 344.312  -0.007    8.418  -10.000     -423.0436    -4775.9141
 5 150  11.289  50575.559 344.312   0.019    7.165  -10.000     -423.0436    -4775.9141
 3 150  11.289  50576.465  13.217   0.031    8.509  -10.000     -422.9633    -4775.0078
 5 150  11.289  50576.465  13.217   0.049    7.229  -10.000     -422.9633    -4775.0078
 3 150  11.289  50576.523  15.084   0.032    8.513  -10.000     -422.9581    -4774.9492
 5 150  11.289  50576.523  15.084   0.062    7.244  -10.000     -422.9581    -4774.9492
 3 150  11.289  50576.641  18.820   0.012    8.501  -10.000     -422.9477    -4774.8320
 5 150  11.289  50576.641  18.820   0.026    7.214  -10.000     -422.9477    -4774.8320
 3 150  11.289  50577.531  47.219   0.021    8.557  -10.000     -422.8688    -4773.9414
 5 150  11.289  50577.531  47.219   0.040    7.264  -10.000     -422.8688    -4773.9414
 3 150  11.289  50577.594  49.208   0.019    8.559  -10.000     -422.8633    -4773.8789
 5 150  11.289  50577.594  49.208   0.032    7.259  -10.000     -422.8633    -4773.8789
 3 150  11.289  50577.633  50.460   0.040    8.581  -10.000     -422.8598    -4773.8398
 5 150  11.289  50577.633  50.460   0.052    7.280  -10.000     -422.8598    -4773.8398
 3 150  11.289  50578.410  75.245   0.006    8.571  -10.000     -422.7910    -4773.0625
 5 150  11.289  50578.410  75.245   0.024    7.276  -10.000     -422.7910    -4773.0625
 3 150  11.289  50578.484  77.607  -0.005    8.560  -10.000     -422.7844    -4772.9883
 5 150  11.289  50578.484  77.607   0.021    7.274  -10.000     -422.7844    -4772.9883
 3 150  11.289  50578.574  80.475  -0.016    8.550  -10.000     -422.7765    -4772.8984
 5 150  11.289  50578.574  80.475   0.015    7.269  -10.000     -422.7765    -4772.8984
 3 150  11.289  50578.629  82.222  -0.018    8.548  -10.000     -422.7716    -4772.8438
 5 150  11.289  50578.629  82.222   0.000    7.255  -10.000     -422.7716    -4772.8438
 3 150  11.289  50579.535 111.116  -0.037    8.502  -10.000     -422.6913    -4771.9375
 5 150  11.289  50579.535 111.116  -0.025    7.227  -10.000     -422.6913    -4771.9375
 3 150  11.289  50580.457 140.515  -0.055    8.414  -10.000     -422.6097    -4771.0156
 5 150  11.289  50580.457 140.515  -0.030    7.188  -10.000     -422.6097    -4771.0156
 3 150  11.289  50580.570 144.130  -0.059    8.402  -10.000     -422.5996    -4770.9023
 5 150  11.289  50580.570 144.130  -0.041    7.172  -10.000     -422.5996    -4770.9023
 3 150  11.289  50580.617 145.624  -0.042    8.416  -10.000     -422.5955    -4770.8555
 5 150  11.289  50580.617 145.624  -0.025    7.186  -10.000     -422.5955    -4770.8555
 3 150  11.289  50582.473 204.785  -0.021    8.302  -10.000     -422.4312    -4769.0000
 5 150  11.289  50582.473 204.785  -0.005    7.114  -10.000     -422.4312    -4769.0000
 3 150  11.289  50582.594 208.652   0.012    8.318  -10.000     -422.4204    -4768.8789
 5 150  11.289  50582.594 208.652   0.035    7.141  -10.000     -422.4204    -4768.8789
 3 150  11.289  50582.641 210.146  -0.011    8.288  -10.000     -422.4163    -4768.8320
 5 150  11.289  50582.641 210.146   0.014    7.116  -10.000     -422.4163    -4768.8320
 3 150  11.289  50583.477 236.799   0.031    8.280  -10.000     -422.3422    -4767.9961
 5 150  11.289  50583.477 236.799   0.026    7.088  -10.000     -422.3422    -4767.9961
 3 150  11.289  50583.594 240.546   0.057    8.309  -10.000     -422.3318    -4767.8789
 5 150  11.289  50583.594 240.546   0.050    7.114  -10.000     -422.3318    -4767.8789
 3 150  11.289  50584.434 267.319  -0.021    8.280  -10.000     -422.2574    -4767.0391
 5 150  11.289  50584.434 267.319  -0.010    7.078  -10.000     -422.2574    -4767.0391
 3 150  11.289  50584.586 272.175  -0.027    8.282  -10.000     -422.2440    -4766.8867
 5 150  11.289  50584.586 272.175  -0.020    7.071  -10.000     -422.2440    -4766.8867
 3 150  11.289  50584.633 273.669  -0.033    8.279  -10.000     -422.2398    -4766.8398
 5 150  11.289  50584.633 273.669  -0.041    7.051  -10.000     -422.2398    -4766.8398
 6  36  11.289  45886.395 214.937   0.018    6.232  -10.000     -838.4030    -9465.0781
 7  36  11.289  45886.395 214.937   0.005    5.735  -10.000     -838.4030    -9465.0781
 8  36  11.289  45886.395 214.937   0.002    5.587  -10.000     -838.4030    -9465.0781
 6  36  11.289  46222.578 135.242   0.018    6.330  -10.000     -808.6243    -9128.8945
 7  36  11.289  46222.578 135.242  -0.004    5.798  -10.000     -808.6243    -9128.8945
 8  36  11.289  46222.578 135.242  -0.011    5.640  -10.000     -808.6243    -9128.8945
 6  36  11.289  46223.590 167.520   0.005    6.296  -10.000     -808.5347    -9127.8828
 7  36  11.289  46223.590 167.520  -0.019    5.772  -10.000     -808.5347    -9127.8828
 8  36  11.289  46223.590 167.520  -0.007    5.635  -10.000     -808.5347    -9127.8828
 6  36  11.289  46224.539 197.776   0.003    6.257  -10.000     -808.4506    -9126.9336
 7  36  11.289  46224.539 197.776  -0.035    5.727  -10.000     -808.4506    -9126.9336
 8  36  11.289  46224.539 197.776  -0.021    5.594  -10.000     -808.4506    -9126.9336
 6  36  11.289  46225.578 230.911   0.049    6.241  -10.000     -808.3586    -9125.8945
 7  36  11.289  46225.578 230.911   0.025    5.737  -10.000     -808.3586    -9125.8945
 8  36  11.289  46225.578 230.911   0.008    5.575  -10.000     -808.3586    -9125.8945
 6  36  11.289  46582.355  87.935   0.043    6.362  -10.000     -776.7557    -8769.1172
 7  36  11.289  46582.355  87.935   0.006    5.795  -10.000     -776.7557    -8769.1172
 8  36  11.289  46582.355  87.935   0.021    5.654  -10.000     -776.7557    -8769.1172
 6  36  11.289  46612.246 321.086   0.000    6.211  -10.000     -774.1081    -8739.2266
 7  36  11.289  46612.246 321.086  -0.035    5.665  -10.000     -774.1081    -8739.2266
 8  36  11.289  46612.246 321.086  -0.024    5.524  -10.000     -774.1081    -8739.2266
 6  36  11.289  46961.293 291.599   0.014    6.216  -10.000     -743.1900    -8390.1797
 7  36  11.289  46961.293 291.599  -0.004    5.697  -10.000     -743.1900    -8390.1797
 8  36  11.289  46961.293 291.599   0.013    5.564  -10.000     -743.1900    -8390.1797
 6  36  11.289  46965.449  64.138   0.043    6.344  -10.000     -742.8218    -8386.0234
 7  36  11.289  46965.449  64.138  -0.005    5.762  -10.000     -742.8218    -8386.0234
 8  36  11.289  46965.449  64.138   0.005    5.615  -10.000     -742.8218    -8386.0234
 6  36  11.289  46985.277 336.423  -0.002    6.216  -10.000     -741.0655    -8366.1953
 7  36  11.289  46985.277 336.423  -0.025    5.677  -10.000     -741.0655    -8366.1953
 8  36  11.289  46985.277 336.423  -0.013    5.536  -10.000     -741.0655    -8366.1953
 6  36  11.289  47199.645 332.227  -0.007    6.208  -10.000     -722.0771    -8151.8281
 7  36  11.289  47199.645 332.227  -0.053    5.648  -10.000     -722.0771    -8151.8281
 8  36  11.289  47199.645 332.227  -0.035    5.513  -10.000     -722.0771    -8151.8281
 6  36  11.289  47313.578   5.361   0.019    6.258  -10.000     -711.9851    -8037.8945
 7  36  11.289  47313.578   5.361  -0.034    5.681  -10.000     -711.9851    -8037.8945
 8  36  11.289  47313.578   5.361  -0.031    5.529  -10.000     -711.9851    -8037.8945
 6  36  11.289  47601.680 192.437  -0.007    6.256  -10.000     -686.4655    -7749.7930
 7  36  11.289  47601.680 192.437  -0.037    5.732  -10.000     -686.4655    -7749.7930
 8  36  11.289  47601.680 192.437  -0.022    5.600  -10.000     -686.4655    -7749.7930
 6  36  11.289  47608.680  55.657   0.037    6.329  -10.000     -685.8454    -7742.7930
 7  36  11.289  47608.680  55.657   0.003    5.762  -10.000     -685.8454    -7742.7930
 8  36  11.289  47608.680  55.657  -0.005    5.597  -10.000     -685.8454    -7742.7930
 0  56  11.289  45400.809 210.432  -1.175  -45.990    0.630     -881.4155    -9950.6641
 0  56  11.289  45522.516 131.462  -0.277  -32.740    0.810     -870.6348    -9828.9570
 0  56  11.289  45535.578 187.998  -0.249  -43.480    0.680     -869.4778    -9815.8945
 0  56  11.289  45536.480 216.782  -2.071  -46.140    0.650     -869.3978    -9814.9922
 0  56  11.289  45537.559 251.147  -0.774  -46.220    0.770     -869.3024    -9813.9141
 0  56  11.289  45540.484 344.443  -1.919  -45.220    0.500     -869.0432    -9810.9883
 0  56  11.289  45541.535  17.952  -0.824  -40.060    0.500     -868.9501    -9809.9375
 0  56  11.289  45767.863  35.178   0.646  -35.730    0.490     -848.9023    -9583.6094
 0  56  11.289  45875.641 232.009  -0.339  -45.390    0.860     -839.3555    -9475.8320
 0  56  11.289  45876.645 264.023   2.162  -45.730    0.580     -839.2666    -9474.8281
 0  56  11.289  45877.641 295.796  -0.234  -47.780    0.670     -839.1783    -9473.8320
 0  56  11.289  45879.594 358.066  -1.039  -41.860    0.500     -839.0054    -9471.8789
 0  56  11.289  45880.715  33.816   0.518  -35.860    0.520     -838.9061    -9470.7578
 0  56  11.289  45881.570  61.106   2.129  -32.220    0.510     -838.8303    -9469.9023
 0  56  11.289  46112.852 236.250  -0.102  -45.720    0.550     -818.3438    -9238.6211
 0  56  11.289  46291.535 174.177   0.151  -41.670    0.720     -802.5162    -9059.9375
 0  56  11.289  46292.543 206.301   1.257  -44.810    0.550     -802.4269    -9058.9297
 0  56  11.289  46293.516 237.327  -0.527  -46.370    0.570     -802.3408    -9057.9570
 0  56  11.289  46294.480 268.088   1.518  -46.810    0.500     -802.2553    -9056.9922
 0  56  11.289  46295.477 299.861  -0.504  -47.400    0.490     -802.1671    -9055.9961
 0  56  11.289  46296.477 331.743  -1.069  -45.780    0.480     -802.0785    -9054.9961
 0  56  11.289  46297.484   3.889  -0.260  -41.530    0.510     -801.9892    -9053.9883
 0  56  11.289  46308.527 356.023  -1.132  -42.080    0.440     -801.0110    -9042.9453
 0  56  11.289  46309.480  26.411  -0.266  -37.610    0.500     -800.9266    -9041.9922
 0  56  11.289  46310.488  58.557   2.861  -32.010    0.510     -800.8373    -9040.9844
 0  56  11.289  46311.488  90.439   0.325  -29.860    0.560     -800.7488    -9039.9844
 0  56  11.289  46312.496 122.585   0.388  -32.310    0.640     -800.6595    -9038.9766
 0  56  11.289  46313.516 155.083  -0.163  -38.670    0.700     -800.5692    -9037.9570
 0  56  11.289  48452.590 326.492  -0.999  -46.390    0.550     -611.0931    -6898.8828
 0  56  11.289  48453.566 357.627  -0.821  -41.650    0.520     -611.0066    -6897.9062
 0  56  11.289  48456.547  92.681   0.917  -29.810    0.660     -610.7426    -6894.9258
 0  56  11.289  48459.555 188.591  -1.544  -44.690    0.630     -610.4761    -6891.9180
 0  56  11.289  48460.594 221.726  -0.140  -45.200    0.560     -610.3841    -6890.8789
 0  56  11.289  48461.613 254.224  -0.659  -46.270    0.530     -610.2938    -6889.8594
 0  56  11.289  48462.559 284.370   1.570  -47.460    0.520     -610.2101    -6888.9141
