 1  79  14.710  45503.281 251.932   0.047   12.207  -10.000      -20.3002     -298.6172
 2  79  14.710  45503.281 251.932   0.036   10.869  -10.000      -20.3002     -298.6172
 3  79  14.710  45503.281 251.932   0.000    9.109  -10.000      -20.3002     -298.6172
 4  79  14.710  45503.281 251.932  -0.032    7.989  -10.000      -20.3002     -298.6172
 1  79  14.710  45505.270 300.591  -0.012   12.776  -10.000      -20.1650     -296.6289
 2  79  14.710  45505.270 300.591   0.032   11.257  -10.000      -20.1650     -296.6289
 3  79  14.710  45505.270 300.591   0.004    9.323  -10.000      -20.1650     -296.6289
 4  79  14.710  45505.270 300.591  -0.006    8.150  -10.000      -20.1650     -296.6289
 2  79  14.710  45508.254  13.629   0.049   11.844  -10.000      -19.9621     -293.6445
 3  79  14.710  45508.254  13.629  -0.003    9.694  -10.000      -19.9621     -293.6445
 4  79  14.710  45508.254  13.629   0.004    8.458  -10.000      -19.9621     -293.6445
 1  79  14.710  45509.281  38.771   0.324   14.197  -10.000      -19.8923     -292.6172
 2  79  14.710  45509.281  38.771   0.069   12.063  -10.000      -19.8923     -292.6172
 3  79  14.710  45509.281  38.771   0.005    9.852  -10.000      -19.8923     -292.6172
 4  79  14.710  45509.281  38.771   0.000    8.583  -10.000      -19.8923     -292.6172
 1  79  14.710  45512.289 112.381   0.156   13.953  -10.000      -19.6878     -289.6094
 2  79  14.710  45512.289 112.381  -0.017   11.995  -10.000      -19.6878     -289.6094
 3  79  14.710  45512.289 112.381  -0.033    9.904  -10.000      -19.6878     -289.6094
 4  79  14.710  45512.289 112.381  -0.048    8.655  -10.000      -19.6878     -289.6094
 1  79  14.710  45513.309 137.332   0.031   13.314  -10.000      -19.6185     -288.5898
 2  79  14.710  45513.309 137.332   0.073   11.754  -10.000      -19.6185     -288.5898
 3  79  14.710  45513.309 137.332   0.027    9.773  -10.000      -19.6185     -288.5898
 4  79  14.710  45513.309 137.332  -0.024    8.546  -10.000      -19.6185     -288.5898
 1  79  14.710  45514.273 160.944  -0.044   13.071  -10.000      -19.5529     -287.6250
 2  79  14.710  45514.273 160.944   0.025   11.606  -10.000      -19.5529     -287.6250
 3  79  14.710  45514.273 160.944  -0.013    9.684  -10.000      -19.5529     -287.6250
 4  79  14.710  45514.273 160.944  -0.051    8.492  -10.000      -19.5529     -287.6250
 1  79  14.710  45515.285 185.704   0.011   12.510  -10.000      -19.4842     -286.6133
 2  79  14.710  45515.285 185.704   0.063   11.202  -10.000      -19.4842     -286.6133
 3  79  14.710  45515.285 185.704   0.011    9.400  -10.000      -19.4842     -286.6133
 4  79  14.710  45515.285 185.704  -0.025    8.265  -10.000      -19.4842     -286.6133
 1  79  14.710  45648.250 199.757  -0.031   11.717  -10.000      -10.4451     -153.6484
 2  79  14.710  45648.250 199.757  -0.050   10.545  -10.000      -10.4451     -153.6484
 3  79  14.710  45648.250 199.757  -0.065    8.938  -10.000      -10.4451     -153.6484
 4  79  14.710  45648.250 199.757  -0.044    7.927  -10.000      -10.4451     -153.6484
 2  79  14.710  45658.199  83.244   0.061   12.234  -10.000       -9.7688     -143.6992
 3  79  14.710  45658.199  83.244   0.031   10.043  -10.000       -9.7688     -143.6992
 4  79  14.710  45658.199  83.244   0.040    8.783  -10.000       -9.7688     -143.6992
 1  79  14.710  47399.379 215.189  -0.094   11.497  -10.000      108.5977     1597.4805
 2  79  14.710  47399.379 215.189  -0.098   10.372  -10.000      108.5977     1597.4805
 3  79  14.710  47399.379 215.189  -0.081    8.822  -10.000      108.5977     1597.4805
 4  79  14.710  47399.379 215.189  -0.050    7.831  -10.000      108.5977     1597.4805
 2  79  14.710  47400.312 238.038   0.029   10.716  -10.000      108.6612     1598.4141
 3  79  14.710  47400.312 238.038   0.009    9.036  -10.000      108.6612     1598.4141
 4  79  14.710  47400.312 238.038  -0.005    7.962  -10.000      108.6612     1598.4141
 2  79  14.710  47401.305 262.318   0.021   10.946  -10.000      108.7287     1599.4062
 3  79  14.710  47401.305 262.318   0.003    9.160  -10.000      108.7287     1599.4062
 4  79  14.710  47401.305 262.318   0.020    8.070  -10.000      108.7287     1599.4062
 2  79  14.710  47402.305 286.793   0.038   11.161  -10.000      108.7966     1600.4062
 3  79  14.710  47402.305 286.793   0.034    9.295  -10.000      108.7966     1600.4062
 4  79  14.710  47402.305 286.793   0.040    8.156  -10.000      108.7966     1600.4062
 2  79  14.710  47403.340 312.124   0.032   11.348  -10.000      108.8670     1601.4414
 3  79  14.710  47403.340 312.124   0.032    9.406  -10.000      108.8670     1601.4414
 4  79  14.710  47403.340 312.124   0.035    8.231  -10.000      108.8670     1601.4414
 2  79  14.710  47404.309 335.833   0.013   11.514  -10.000      108.9329     1602.4102
 3  79  14.710  47404.309 335.833   0.023    9.515  -10.000      108.9329     1602.4102
 4  79  14.710  47404.309 335.833   0.051    8.337  -10.000      108.9329     1602.4102
 2  79  14.710  47407.301  49.062  -0.017   12.044  -10.000      109.1363     1605.4023
 3  79  14.710  47407.301  49.062  -0.009    9.892  -10.000      109.1363     1605.4023
 4  79  14.710  47407.301  49.062   0.015    8.647  -10.000      109.1363     1605.4023
 2  79  14.710  47408.305  73.630  -0.030   12.132  -10.000      109.2045     1606.4062
 3  79  14.710  47408.305  73.630  -0.019    9.974  -10.000      109.2045     1606.4062
 4  79  14.710  47408.305  73.630   0.010    8.730  -10.000      109.2045     1606.4062
 2  79  14.710  47409.301  98.006  -0.036   12.098  -10.000      109.2722     1607.4023
 3  79  14.710  47409.301  98.006   0.021   10.022  -10.000      109.2722     1607.4023
 4  79  14.710  47409.301  98.006   0.024    8.766  -10.000      109.2722     1607.4023
 2  79  14.710  47410.312 122.767   0.047   11.925  -10.000      109.3410     1608.4141
 3  79  14.710  47410.312 122.767   0.029    9.890  -10.000      109.3410     1608.4141
 4  79  14.710  47410.312 122.767   0.021    8.672  -10.000      109.3410     1608.4141
 2  79  14.710  47411.316 147.335   0.063   11.657  -10.000      109.4093     1609.4180
 3  79  14.710  47411.316 147.335   0.028    9.725  -10.000      109.4093     1609.4180
 4  79  14.710  47411.316 147.335  -0.003    8.535  -10.000      109.4093     1609.4180
 2  79  14.710  47413.273 195.230   0.028   10.773  -10.000      109.5423     1611.3750
 3  79  14.710  47413.273 195.230   0.007    9.117  -10.000      109.5423     1611.3750
 4  79  14.710  47413.273 195.230  -0.001    8.059  -10.000      109.5423     1611.3750
 2  79  14.710  47414.281 219.894   0.003   10.512  -10.000      109.6108     1612.3828
 3  79  14.710  47414.281 219.894  -0.048    8.878  -10.000      109.6108     1612.3828
 4  79  14.710  47414.281 219.894  -0.029    7.868  -10.000      109.6108     1612.3828
 2  79  14.710  47415.258 243.795   0.087   10.836  -10.000      109.6772     1613.3594
 3  79  14.710  47415.258 243.795   0.054    9.116  -10.000      109.6772     1613.3594
 4  79  14.710  47415.258 243.795   0.040    8.030  -10.000      109.6772     1613.3594
 2  79  14.710  47416.258 268.267   0.045   11.018  -10.000      109.7452     1614.3594
 3  79  14.710  47416.258 268.267   0.026    9.208  -10.000      109.7452     1614.3594
 4  79  14.710  47416.258 268.267   0.037    8.103  -10.000      109.7452     1614.3594
 2  79  14.710  47417.246 292.453   0.012   11.175  -10.000      109.8124     1615.3477
 3  79  14.710  47417.246 292.453   0.013    9.296  -10.000      109.8124     1615.3477
 4  79  14.710  47417.246 292.453   0.023    8.154  -10.000      109.8124     1615.3477
 2  79  14.710  47418.246 316.925   0.016   11.370  -10.000      109.8803     1616.3477
 3  79  14.710  47418.246 316.925   0.026    9.424  -10.000      109.8803     1616.3477
 4  79  14.710  47418.246 316.925   0.033    8.247  -10.000      109.8803     1616.3477
 2  79  14.710  47419.223 340.826   0.026   11.563  -10.000      109.9467     1617.3242
 3  79  14.710  47419.223 340.826   0.038    9.554  -10.000      109.9467     1617.3242
 4  79  14.710  47419.223 340.826   0.039    8.344  -10.000      109.9467     1617.3242
 2  79  14.710  47420.223   5.298   0.001   11.731  -10.000      110.0147     1618.3242
 3  79  14.710  47420.223   5.298  -0.002    9.649  -10.000      110.0147     1618.3242
 4  79  14.710  47420.223   5.298   0.024    8.439  -10.000      110.0147     1618.3242
 2  79  14.710  47421.211  29.485   0.021   11.941  -10.000      110.0819     1619.3125
 3  79  14.710  47421.211  29.485   0.031    9.819  -10.000      110.0819     1619.3125
 4  79  14.710  47421.211  29.485   0.048    8.578  -10.000      110.0819     1619.3125
 2  79  14.710  47422.227  54.341  -0.066   12.023  -10.000      110.1509     1620.3281
 3  79  14.710  47422.227  54.341  -0.027    9.898  -10.000      110.1509     1620.3281
 4  79  14.710  47422.227  54.341   0.006    8.660  -10.000      110.1509     1620.3281
 2  79  14.710  47423.230  78.909  -0.025   12.145  -10.000      110.2192     1621.3320
 3  79  14.710  47423.230  78.909  -0.014    9.991  -10.000      110.2192     1621.3320
 4  79  14.710  47423.230  78.909  -0.001    8.733  -10.000      110.2192     1621.3320
 2  79  14.710  47424.238 103.574  -0.059   12.037  -10.000      110.2877     1622.3398
 3  79  14.710  47424.238 103.574  -0.044    9.938  -10.000      110.2877     1622.3398
 4  79  14.710  47424.238 103.574  -0.045    8.687  -10.000      110.2877     1622.3398
 2  79  14.710  47425.258 128.524   0.075   11.871  -10.000      110.3570     1623.3594
 3  79  14.710  47425.258 128.524   0.043    9.855  -10.000      110.3570     1623.3594
 4  79  14.710  47425.258 128.524   0.027    8.643  -10.000      110.3570     1623.3594
 2  79  14.710  47427.293 178.330   0.161   11.556  -10.000      110.4954     1625.3945
 3  79  14.710  47427.293 178.330   0.100    9.669  -10.000      110.4954     1625.3945
 4  79  14.710  47427.293 178.330   0.082    8.521  -10.000      110.4954     1625.3945
 2  79  14.710  47428.223 201.083  -0.101   10.460  -10.000      110.5586     1626.3242
 3  79  14.710  47428.223 201.083  -0.087    8.892  -10.000      110.5586     1626.3242
 4  79  14.710  47428.223 201.083  -0.053    7.897  -10.000      110.5586     1626.3242
 2  79  14.710  47429.223 225.555   0.053   10.618  -10.000      110.6265     1627.3242
 3  79  14.710  47429.223 225.555   0.027    8.987  -10.000      110.6265     1627.3242
 4  79  14.710  47429.223 225.555   0.028    7.949  -10.000      110.6265     1627.3242
 2  79  14.710  47430.215 249.837   0.066   10.879  -10.000      110.6940     1628.3164
 3  79  14.710  47430.215 249.837   0.019    9.116  -10.000      110.6940     1628.3164
 4  79  14.710  47430.215 249.837   0.019    8.033  -10.000      110.6940     1628.3164
 2  79  14.710  47431.262 275.457   0.049   11.081  -10.000      110.7652     1629.3633
 3  79  14.710  47431.262 275.457   0.018    9.231  -10.000      110.7652     1629.3633
 4  79  14.710  47431.262 275.457   0.028    8.114  -10.000      110.7652     1629.3633
 2  79  14.710  47432.242 299.454   0.003   11.219  -10.000      110.8318     1630.3438
 3  79  14.710  47432.242 299.454   0.033    9.347  -10.000      110.8318     1630.3438
 4  79  14.710  47432.242 299.454   0.028    8.180  -10.000      110.8318     1630.3438
 2  79  14.710  47433.242 323.926   0.010   11.420  -10.000      110.8998     1631.3438
 3  79  14.710  47433.242 323.926   0.028    9.462  -10.000      110.8998     1631.3438
 4  79  14.710  47433.242 323.926   0.021    8.262  -10.000      110.8998     1631.3438
 2  79  14.710  47434.242 348.398   0.018   11.611  -10.000      110.9678     1632.3438
 3  79  14.710  47434.242 348.398   0.012    9.567  -10.000      110.9678     1632.3438
 4  79  14.710  47434.242 348.398   0.020    8.356  -10.000      110.9678     1632.3438
 2  79  14.710  48503.328 232.174   0.084   10.713  -10.000      183.6449     2701.4297
 3  79  14.710  48503.328 232.174   0.016    9.012  -10.000      183.6449     2701.4297
 4  79  14.710  48503.328 232.174   0.010    7.956  -10.000      183.6449     2701.4297
 2  79  14.710  48504.266 255.114   0.027   10.890  -10.000      183.7086     2702.3672
 3  79  14.710  48504.266 255.114   0.020    9.144  -10.000      183.7086     2702.3672
 4  79  14.710  48504.266 255.114   0.002    8.032  -10.000      183.7086     2702.3672
 2  79  14.710  48505.293 280.256   0.032   11.104  -10.000      183.7785     2703.3945
 3  79  14.710  48505.293 280.256   0.039    9.274  -10.000      183.7785     2703.3945
 4  79  14.710  48505.293 280.256   0.020    8.120  -10.000      183.7785     2703.3945
 2  79  14.710  48506.301 304.920   0.023   11.282  -10.000      183.8470     2704.4023
 3  79  14.710  48506.301 304.920   0.023    9.363  -10.000      183.8470     2704.4023
 4  79  14.710  48506.301 304.920   0.012    8.183  -10.000      183.8470     2704.4023
 2  79  14.710  48507.285 329.013   0.039   11.489  -10.000      183.9139     2705.3867
 3  79  14.710  48507.285 329.013   0.015    9.474  -10.000      183.9139     2705.3867
 4  79  14.710  48507.285 329.013   0.018    8.278  -10.000      183.9139     2705.3867
 2  79  14.710  48508.246 352.529   0.025   11.651  -10.000      183.9792     2706.3477
 3  79  14.710  48508.246 352.529   0.019    9.597  -10.000      183.9792     2706.3477
 4  79  14.710  48508.246 352.529   0.015    8.370  -10.000      183.9792     2706.3477
 2  79  14.710  48509.297  18.248   0.019   11.852  -10.000      184.0507     2707.3984
 3  79  14.710  48509.297  18.248   0.054    9.779  -10.000      184.0507     2707.3984
 4  79  14.710  48509.297  18.248   0.026    8.503  -10.000      184.0507     2707.3984
 2  79  14.710  48510.281  42.336  -0.010   12.010  -10.000      184.1176     2708.3828
 3  79  14.710  48510.281  42.336   0.023    9.892  -10.000      184.1176     2708.3828
 4  79  14.710  48510.281  42.336   0.002    8.605  -10.000      184.1176     2708.3828
 2  79  14.710  48511.289  67.000  -0.018   12.130  -10.000      184.1861     2709.3906
 3  79  14.710  48511.289  67.000  -0.008    9.970  -10.000      184.1861     2709.3906
 4  79  14.710  48511.289  67.000  -0.006    8.698  -10.000      184.1861     2709.3906
 2  79  14.710  48512.273  91.093  -0.010   12.151  -10.000      184.2530     2710.3750
 3  79  14.710  48512.273  91.093   0.003   10.016  -10.000      184.2530     2710.3750
 4  79  14.710  48512.273  91.093  -0.003    8.745  -10.000      184.2530     2710.3750
 2  79  14.710  48513.285 115.851   0.014   11.985  -10.000      184.3218     2711.3867
 3  79  14.710  48513.285 115.851  -0.003    9.912  -10.000      184.3218     2711.3867
 4  79  14.710  48513.285 115.851  -0.012    8.677  -10.000      184.3218     2711.3867
 2  79  14.710  48514.289 140.422   0.078   11.726  -10.000      184.3901     2712.3906
 3  79  14.710  48514.289 140.422   0.047    9.774  -10.000      184.3901     2712.3906
 4  79  14.710  48514.289 140.422  -0.002    8.555  -10.000      184.3901     2712.3906
 2  79  14.710  48515.238 163.652   0.055   11.635  -10.000      184.4546     2713.3398
 3  79  14.710  48515.238 163.652   0.005    9.702  -10.000      184.4546     2713.3398
 4  79  14.710  48515.238 163.652  -0.020    8.524  -10.000      184.4546     2713.3398
 2  79  14.710  48516.227 187.839   0.139   11.189  -10.000      184.5218     2714.3281
 3  79  14.710  48516.227 187.839   0.075    9.401  -10.000      184.5218     2714.3281
 4  79  14.710  48516.227 187.839   0.043    8.282  -10.000      184.5218     2714.3281
 2  79  14.710  48517.297 214.030  -0.103   10.360  -10.000      184.5945     2715.3984
 3  79  14.710  48517.297 214.030  -0.090    8.809  -10.000      184.5945     2715.3984
 4  79  14.710  48517.297 214.030  -0.079    7.799  -10.000      184.5945     2715.3984
 2  79  14.710  48518.230 236.876   0.106   10.781  -10.000      184.6580     2716.3320
 3  79  14.710  48518.230 236.876   0.046    9.067  -10.000      184.6580     2716.3320
 4  79  14.710  48518.230 236.876   0.029    7.991  -10.000      184.6580     2716.3320
 2  79  14.710  48519.266 262.211   0.044   10.968  -10.000      184.7284     2717.3672
 3  79  14.710  48519.266 262.211   0.020    9.176  -10.000      184.7284     2717.3672
 4  79  14.710  48519.266 262.211   0.009    8.059  -10.000      184.7284     2717.3672
 2  79  14.710  48520.246 286.205   0.022   11.140  -10.000      184.7950     2718.3477
 3  79  14.710  48520.246 286.205   0.007    9.266  -10.000      184.7950     2718.3477
 4  79  14.710  48520.246 286.205   0.010    8.125  -10.000      184.7950     2718.3477
 2  79  14.710  48521.281 311.539   0.026   11.337  -10.000      184.8654     2719.3828
 3  79  14.710  48521.281 311.539   0.006    9.377  -10.000      184.8654     2719.3828
 4  79  14.710  48521.281 311.539   0.010    8.204  -10.000      184.8654     2719.3828
 2  79  14.710  48522.250 335.248   0.013   11.510  -10.000      184.9312     2720.3516
 3  79  14.710  48522.250 335.248   0.022    9.511  -10.000      184.9312     2720.3516
 4  79  14.710  48522.250 335.248   0.011    8.295  -10.000      184.9312     2720.3516
 2  79  14.710  48523.242 359.528   0.030   11.714  -10.000      184.9987     2721.3438
 3  79  14.710  48523.242 359.528   0.027    9.646  -10.000      184.9987     2721.3438
 4  79  14.710  48523.242 359.528   0.027    8.416  -10.000      184.9987     2721.3438
 3  79  14.710  49934.410 335.083   0.040    9.528  -10.000      280.9308     4132.5117
 4  79  14.710  49934.410 335.083  -0.040    8.243  -10.000      280.9308     4132.5117
 5  79  14.710  49934.410 335.083   0.028    7.188  -10.000      280.9308     4132.5117
 3  79  14.710  49935.406 359.462  -0.031    9.587  -10.000      280.9985     4133.5078
 4  79  14.710  49935.406 359.462  -0.076    8.313  -10.000      280.9985     4133.5078
 5  79  14.710  49935.406 359.462  -0.033    7.210  -10.000      280.9985     4133.5078
 3  79  14.710  49936.398  23.741   0.039    9.795  -10.000      281.0659     4134.5000
 4  79  14.710  49936.398  23.741  -0.019    8.484  -10.000      281.0659     4134.5000
 5  79  14.710  49936.398  23.741   0.026    7.362  -10.000      281.0659     4134.5000
 2  79  14.710  49937.402  48.318   0.026   12.083  -10.000      281.1342     4135.5039
 3  79  14.710  49937.402  48.318  -0.029    9.869  -10.000      281.1342     4135.5039
 4  79  14.710  49937.402  48.318  -0.051    8.578  -10.000      281.1342     4135.5039
 3  79  14.710  49938.422  73.268   0.015   10.007  -10.000      281.2035     4136.5234
 4  79  14.710  49938.422  73.268  -0.010    8.709  -10.000      281.2035     4136.5234
 5  79  14.710  49938.422  73.268  -0.019    7.515  -10.000      281.2035     4136.5234
 3  79  14.710  49939.410  97.449   0.020   10.022  -10.000      281.2707     4137.5117
 4  79  14.710  49939.410  97.449  -0.013    8.730  -10.000      281.2707     4137.5117
 5  79  14.710  49939.410  97.449  -0.004    7.567  -10.000      281.2707     4137.5117
 3  79  14.710  49941.391 145.920   0.064    9.766  -10.000      281.4053     4139.4922
 5  79  14.710  49941.391 145.920  -0.017    7.441  -10.000      281.4053     4139.4922
 3  79  14.710  49942.371 169.915   0.021    9.698  -10.000      281.4720     4140.4727
 5  79  14.710  49942.371 169.915  -0.083    7.373  -10.000      281.4720     4140.4727
 3  79  14.710  49943.363 194.194   0.132    9.271  -10.000      281.5394     4141.4648
 5  79  14.710  49943.363 194.194   0.019    7.117  -10.000      281.5394     4141.4648
 3  79  14.710  49944.398 219.529  -0.071    8.853  -10.000      281.6098     4142.5000
 5  79  14.710  49944.398 219.529  -0.103    6.832  -10.000      281.6098     4142.5000
 3  79  14.710  49945.398 244.006   0.066    9.129  -10.000      281.6778     4143.5000
 5  79  14.710  49945.398 244.006   0.006    6.996  -10.000      281.6778     4143.5000
 3  79  14.710  49946.387 268.187   0.054    9.235  -10.000      281.7450     4144.4883
 5  79  14.710  49946.387 268.187  -0.012    7.013  -10.000      281.7450     4144.4883
 3  79  14.710  49947.344 291.610   0.045    9.325  -10.000      281.8100     4145.4453
 5  79  14.710  49947.344 291.610   0.000    7.055  -10.000      281.8100     4145.4453
 3  79  14.710  49948.312 315.319   0.023    9.413  -10.000      281.8759     4146.4141
 5  79  14.710  49948.312 315.319  -0.018    7.088  -10.000      281.8759     4146.4141
 3  79  14.710  49949.312 339.796   0.046    9.557  -10.000      281.9439     4147.4141
 5  79  14.710  49949.312 339.796   0.012    7.185  -10.000      281.9439     4147.4141
 3  79  14.710  49950.297   3.889  -0.008    9.635  -10.000      282.0108     4148.3984
 5  79  14.710  49950.297   3.889  -0.032    7.227  -10.000      282.0108     4148.3984
 3  79  14.710  49952.293  52.734   0.003    9.920  -10.000      282.1465     4150.3945
 5  79  14.710  49952.293  52.734  -0.036    7.428  -10.000      282.1465     4150.3945
 3  79  14.710  49953.371  79.124   0.005   10.010  -10.000      282.2198     4151.4727
 5  79  14.710  49953.371  79.124  -0.025    7.526  -10.000      282.2198     4151.4727
 3  79  14.710  49954.312 102.162   0.016   10.003  -10.000      282.2838     4152.4141
 5  79  14.710  49954.312 102.162  -0.017    7.552  -10.000      282.2838     4152.4141
 3  79  14.710  49955.289 126.057   0.057    9.890  -10.000      282.3502     4153.3906
 5  79  14.710  49955.289 126.057  -0.023    7.489  -10.000      282.3502     4153.3906
 2 162  14.710  36774.805 119.663  -0.042   11.880  -10.000     -613.6676    -9027.0938
 3 162  14.710  36774.805 119.663  -0.007    9.880  -10.000     -613.6676    -9027.0938
 1 162  14.710  36777.859 194.414  -0.017   11.980  -10.000     -613.4600    -9024.0391
 2 162  14.710  36777.859 194.414   0.084   10.860  -10.000     -613.4600    -9024.0391
 3 162  14.710  36777.859 194.414   0.057    9.190  -10.000     -613.4600    -9024.0391
 2 162  14.710  36784.777   3.713   0.003   11.720  -10.000     -612.9897    -9017.1211
 3 162  14.710  36784.777   3.713  -0.002    9.640  -10.000     -612.9897    -9017.1211
 2 162  14.710  36785.805  28.850  -0.035   11.880  -10.000     -612.9199    -9016.0938
 3 162  14.710  36785.805  28.850  -0.024    9.760  -10.000     -612.9199    -9016.0938
 2 162  14.710  36786.773  52.559  -0.070   12.010  -10.000     -612.8540    -9015.1250
 3 162  14.710  36786.773  52.559  -0.007    9.910  -10.000     -612.8540    -9015.1250
 2 162  14.710  36787.758  76.663  -0.104   12.063  -10.000     -612.7870    -9014.1406
 3 162  14.710  36787.758  76.663  -0.034    9.966  -10.000     -612.7870    -9014.1406
 2 162  14.710  36789.816 127.046   0.073   11.890  -10.000     -612.6471    -9012.0820
 3 162  14.710  36789.816 127.046   0.015    9.840  -10.000     -612.6471    -9012.0820
 1 162  14.710  36791.832 176.375  -0.017   12.906  -10.000     -612.5101    -9010.0664
 2 162  14.710  36791.832 176.375   0.021   11.466  -10.000     -612.5101    -9010.0664
 3 162  14.710  36791.832 176.375   0.049    9.653  -10.000     -612.5101    -9010.0664
 1 162  14.710  36792.754 198.918   0.009   11.790  -10.000     -612.4474    -9009.1445
 2 162  14.710  36792.754 198.918  -0.009   10.610  -10.000     -612.4474    -9009.1445
 3 162  14.710  36792.754 198.918  -0.001    9.020  -10.000     -612.4474    -9009.1445
 1 162  14.710  36793.750 223.308  -0.081   11.620  -10.000     -612.3797    -9008.1484
 2 162  14.710  36793.750 223.308  -0.072   10.470  -10.000     -612.3797    -9008.1484
 3 162  14.710  36793.750 223.308  -0.046    8.900  -10.000     -612.3797    -9008.1484
 1 162  14.710  36805.711 156.028   0.017   13.130  -10.000     -611.5666    -8996.1875
 2 162  14.710  36805.711 156.028   0.033   11.610  -10.000     -611.5666    -8996.1875
 3 162  14.710  36805.711 156.028   0.027    9.720  -10.000     -611.5666    -8996.1875
 1 162  14.710  36806.730 180.967   0.073   12.815  -10.000     -611.4973    -8995.1680
 2 162  14.710  36806.730 180.967   0.121   11.435  -10.000     -611.4973    -8995.1680
 3 162  14.710  36806.730 180.967   0.085    9.598  -10.000     -611.4973    -8995.1680
 1 162  14.710  36808.738 230.120   0.012   11.817  -10.000     -611.3608    -8993.1602
 2 162  14.710  36808.738 230.120   0.017   10.626  -10.000     -611.3608    -8993.1602
 3 162  14.710  36808.738 230.120  -0.003    8.982  -10.000     -611.3608    -8993.1602
 1 162  14.710  36809.723 254.202  -0.021   12.174  -10.000     -611.2939    -8992.1758
 2 162  14.710  36809.723 254.202   0.014   10.869  -10.000     -611.2939    -8992.1758
 3 162  14.710  36809.723 254.202   0.019    9.139  -10.000     -611.2939    -8992.1758
 1 162  14.710  36810.730 278.877  -0.118   12.411  -10.000     -611.2253    -8991.1680
 2 162  14.710  36810.730 278.877   0.010   11.071  -10.000     -611.2253    -8991.1680
 3 162  14.710  36810.730 278.877   0.013    9.242  -10.000     -611.2253    -8991.1680
 1 162  14.710  36811.727 303.245  -0.155   12.665  -10.000     -611.1577    -8990.1719
 2 162  14.710  36811.727 303.245   0.009   11.255  -10.000     -611.1577    -8990.1719
 3 162  14.710  36811.727 303.245   0.033    9.365  -10.000     -611.1577    -8990.1719
 1 162  14.710  36812.723 327.612  -0.072   13.037  -10.000     -611.0900    -8989.1758
 2 162  14.710  36812.723 327.612  -0.022   11.417  -10.000     -611.0900    -8989.1758
 3 162  14.710  36812.723 327.612   0.006    9.458  -10.000     -611.0900    -8989.1758
 1 162  14.710  36813.723 352.090  -0.012   13.359  -10.000     -611.0220    -8988.1758
 2 162  14.710  36813.723 352.090  -0.014   11.609  -10.000     -611.0220    -8988.1758
 3 162  14.710  36813.723 352.090   0.036    9.611  -10.000     -611.0220    -8988.1758
 2 162  14.710  36817.715  89.802  -0.036   12.129  -10.000     -610.7505    -8984.1836
 3 162  14.710  36817.715  89.802   0.011   10.025  -10.000     -610.7505    -8984.1836
 2  18  14.710  44486.891 217.774  -0.060   10.429  -10.000      -89.3951    -1315.0078
 3  18  14.710  44486.891 217.774  -0.005    8.909  -10.000      -89.3951    -1315.0078
 9  18  14.710  44486.891 217.774   0.000    7.426  -10.000      -89.3951    -1315.0078
10  18  14.710  44486.891 217.774  -0.020    6.196  -10.000      -89.3951    -1315.0078
 2  18  14.710  44913.637 221.543  -0.036   10.489  -10.000      -60.3846     -888.2617
 3  18  14.710  44913.637 221.543   0.016    8.951  -10.000      -60.3846     -888.2617
 9  18  14.710  44913.637 221.543   0.029    7.467  -10.000      -60.3846     -888.2617
10  18  14.710  44913.637 221.543   0.014    6.237  -10.000      -60.3846     -888.2617
 2  18  14.710  44913.703 223.168   0.000   10.541  -10.000      -60.3801     -888.1953
 3  18  14.710  44913.703 223.168   0.028    8.973  -10.000      -60.3801     -888.1953
 9  18  14.710  44913.703 223.168   0.033    7.477  -10.000      -60.3801     -888.1953
10  18  14.710  44913.703 223.168   0.011    6.237  -10.000      -60.3801     -888.1953
 2  18  14.710  45472.883 227.990   0.022   10.611  -10.000      -22.3667     -329.0156
 3  18  14.710  45472.883 227.990   0.061    9.034  -10.000      -22.3667     -329.0156
 9  18  14.710  45472.883 227.990   0.070    7.529  -10.000      -22.3667     -329.0156
10  18  14.710  45472.883 227.990   0.035    6.269  -10.000      -22.3667     -329.0156
 2  18  14.710  44987.559 230.636   0.072   10.686  -10.000      -55.3593     -814.3398
 3  18  14.710  44987.559 230.636   0.074    9.062  -10.000      -55.3593     -814.3398
 9  18  14.710  44987.559 230.636   0.058    7.525  -10.000      -55.3593     -814.3398
10  18  14.710  44987.559 230.636   0.038    6.275  -10.000      -55.3593     -814.3398
 2  18  14.710  44943.656 236.213   0.075   10.743  -10.000      -58.3439     -858.2422
 3  18  14.710  44943.656 236.213   0.095    9.112  -10.000      -58.3439     -858.2422
 9  18  14.710  44943.656 236.213   0.077    7.558  -10.000      -58.3439     -858.2422
10  18  14.710  44943.656 236.213   0.036    6.278  -10.000      -58.3439     -858.2422
 2  18  14.710  44075.988 241.746   0.029   10.755  -10.000     -117.3285    -1725.9102
 3  18  14.710  44075.988 241.746   0.088    9.137  -10.000     -117.3285    -1725.9102
 9  18  14.710  44075.988 241.746   0.060    7.556  -10.000     -117.3285    -1725.9102
10  18  14.710  44075.988 241.746   0.028    6.276  -10.000     -117.3285    -1725.9102
 2  18  14.710  44914.648 246.304   0.030   10.806  -10.000      -60.3158     -887.2500
 3  18  14.710  44914.648 246.304   0.087    9.164  -10.000      -60.3158     -887.2500
 9  18  14.710  44914.648 246.304   0.054    7.564  -10.000      -60.3158     -887.2500
10  18  14.710  44914.648 246.304   0.041    6.294  -10.000      -60.3158     -887.2500
 2  18  14.710  44459.965 278.817  -0.020   11.040  -10.000      -91.2255    -1341.9336
 3  18  14.710  44459.965 278.817   0.052    9.280  -10.000      -91.2255    -1341.9336
 9  18  14.710  44459.965 278.817   0.039    7.616  -10.000      -91.2255    -1341.9336
10  18  14.710  44459.965 278.817   0.028    6.296  -10.000      -91.2255    -1341.9336
 2  18  14.710  44077.984 290.597  -0.025   11.125  -10.000     -117.1928    -1723.9141
 3  18  14.710  44077.984 290.597   0.054    9.330  -10.000     -117.1928    -1723.9141
 9  18  14.710  44077.984 290.597   0.038    7.636  -10.000     -117.1928    -1723.9141
10  18  14.710  44077.984 290.597   0.033    6.306  -10.000     -117.1928    -1723.9141
 2  18  14.710  44460.918 302.143  -0.017   11.220  -10.000      -91.1607    -1340.9805
 3  18  14.710  44460.918 302.143   0.069    9.396  -10.000      -91.1607    -1340.9805
 9  18  14.710  44460.918 302.143   0.048    7.673  -10.000      -91.1607    -1340.9805
10  18  14.710  44460.918 302.143   0.047    6.333  -10.000      -91.1607    -1340.9805
 2  18  14.710  44461.910 326.426  -0.014   11.416  -10.000      -91.0933    -1339.9883
 3  18  14.710  44461.910 326.426   0.054    9.500  -10.000      -91.0933    -1339.9883
 9  18  14.710  44461.910 326.426   0.038    7.736  -10.000      -91.0933    -1339.9883
10  18  14.710  44461.910 326.426   0.055    6.386  -10.000      -91.0933    -1339.9883
 2  18  14.710  44432.988 338.618  -0.033   11.488  -10.000      -93.0594    -1368.9102
 3  18  14.710  44432.988 338.618   0.063    9.568  -10.000      -93.0594    -1368.9102
 9  18  14.710  44432.988 338.618   0.045    7.782  -10.000      -93.0594    -1368.9102
10  18  14.710  44432.988 338.618   0.055    6.412  -10.000      -93.0594    -1368.9102
 2  18  14.710  44139.754   2.285  -0.056   11.650  -10.000     -112.9937    -1662.1445
 3  18  14.710  44139.754   2.285   0.036    9.670  -10.000     -112.9937    -1662.1445
 9  18  14.710  44139.754   2.285   0.035    7.865  -10.000     -112.9937    -1662.1445
10  18  14.710  44139.754   2.285   0.047    6.475  -10.000     -112.9937    -1662.1445
 2  18  14.710  44463.910  15.370  -0.031   11.779  -10.000      -90.9573    -1337.9883
 3  18  14.710  44463.910  15.370   0.056    9.764  -10.000      -90.9573    -1337.9883
 9  18  14.710  44463.910  15.370   0.043    7.927  -10.000      -90.9573    -1337.9883
10  18  14.710  44463.910  15.370   0.056    6.527  -10.000      -90.9573    -1337.9883
 2  18  14.710  44434.977  27.279   0.005   11.908  -10.000      -92.9242    -1366.9219
 3  18  14.710  44434.977  27.279   0.054    9.829  -10.000      -92.9242    -1366.9219
 9  18  14.710  44434.977  27.279   0.047    7.982  -10.000      -92.9242    -1366.9219
10  18  14.710  44434.977  27.279   0.070    6.582  -10.000      -92.9242    -1366.9219
 2  18  14.710  44493.840  27.842  -0.014   11.893  -10.000      -88.9227    -1308.0586
 3  18  14.710  44493.840  27.842   0.051    9.829  -10.000      -88.9227    -1308.0586
 9  18  14.710  44493.840  27.842   0.038    7.976  -10.000      -88.9227    -1308.0586
10  18  14.710  44493.840  27.842   0.062    6.576  -10.000      -88.9227    -1308.0586
 2  18  14.710  44494.879  53.270  -0.025   12.058  -10.000      -88.8520    -1307.0195
 3  18  14.710  44494.879  53.270   0.021    9.941  -10.000      -88.8520    -1307.0195
 9  18  14.710  44494.879  53.270   0.039    8.097  -10.000      -88.8520    -1307.0195
10  18  14.710  44494.879  53.270   0.036    6.657  -10.000      -88.8520    -1307.0195
 2  18  14.710  44098.871  81.760  -0.058   12.114  -10.000     -115.7729    -1703.0273
 3  18  14.710  44098.871  81.760   0.019   10.029  -10.000     -115.7729    -1703.0273
 9  18  14.710  44098.871  81.760   0.015    8.164  -10.000     -115.7729    -1703.0273
10  18  14.710  44098.871  81.760   0.041    6.754  -10.000     -115.7729    -1703.0273
 2  18  14.710  44099.887 106.614  -0.080   11.990  -10.000     -115.7038    -1702.0117
 3  18  14.710  44099.887 106.614   0.015    9.983  -10.000     -115.7038    -1702.0117
 9  18  14.710  44099.887 106.614   0.011    8.156  -10.000     -115.7038    -1702.0117
10  18  14.710  44099.887 106.614   0.014    6.746  -10.000     -115.7038    -1702.0117
 2  18  14.710  44217.590 107.166  -0.097   11.968  -10.000     -107.7023    -1584.3086
 3  18  14.710  44217.590 107.166  -0.003    9.963  -10.000     -107.7023    -1584.3086
 9  18  14.710  44217.590 107.166  -0.013    8.131  -10.000     -107.7023    -1584.3086
10  18  14.710  44217.590 107.166   0.009    6.741  -10.000     -107.7023    -1584.3086
 2  18  14.710  44938.617 112.891  -0.105   11.901  -10.000      -58.6864     -863.2812
 3  18  14.710  44938.617 112.891   0.016    9.950  -10.000      -58.6864     -863.2812
 9  18  14.710  44938.617 112.891   0.014    8.144  -10.000      -58.6864     -863.2812
10  18  14.710  44938.617 112.891   0.016    6.744  -10.000      -58.6864     -863.2812
 2  18  14.710  44556.586 123.429  -0.057   11.812  -10.000      -84.6571    -1245.3125
 3  18  14.710  44556.586 123.429   0.012    9.868  -10.000      -84.6571    -1245.3125
 9  18  14.710  44556.586 123.429  -0.019    8.070  -10.000      -84.6571    -1245.3125
10  18  14.710  44556.586 123.429   0.010    6.720  -10.000      -84.6571    -1245.3125
 2  18  14.710  44909.633 123.555  -0.040   11.827  -10.000      -60.6568     -892.2656
 3  18  14.710  44909.633 123.555   0.025    9.880  -10.000      -60.6568     -892.2656
 9  18  14.710  44909.633 123.555   0.010    8.098  -10.000      -60.6568     -892.2656
10  18  14.710  44909.633 123.555  -0.012    6.698  -10.000      -60.6568     -892.2656
 2  18  14.710  44909.672 124.512  -0.025   11.828  -10.000      -60.6541     -892.2266
 3  18  14.710  44909.672 124.512   0.024    9.870  -10.000      -60.6541     -892.2266
 9  18  14.710  44909.672 124.512   0.015    8.099  -10.000      -60.6541     -892.2266
10  18  14.710  44909.672 124.512   0.002    6.709  -10.000      -60.6541     -892.2266
 2  18  14.710  44909.746 126.328  -0.010   11.817  -10.000      -60.6491     -892.1523
 3  18  14.710  44909.746 126.328   0.022    9.853  -10.000      -60.6491     -892.1523
 9  18  14.710  44909.746 126.328   0.008    8.083  -10.000      -60.6491     -892.1523
10  18  14.710  44909.746 126.328   0.021    6.723  -10.000      -60.6491     -892.1523
 2  18  14.710  44100.926 132.045   0.031   11.778  -10.000     -115.6332    -1700.9727
 3  18  14.710  44100.926 132.045   0.072    9.856  -10.000     -115.6332    -1700.9727
 9  18  14.710  44100.926 132.045   0.013    8.062  -10.000     -115.6332    -1700.9727
10  18  14.710  44100.926 132.045  -0.007    6.682  -10.000     -115.6332    -1700.9727
 2  18  14.710  44483.898 144.544   0.034   11.646  -10.000      -89.5985    -1318.0000
 3  18  14.710  44483.898 144.544   0.043    9.750  -10.000      -89.5985    -1318.0000
 9  18  14.710  44483.898 144.544  -0.029    7.980  -10.000      -89.5985    -1318.0000
10  18  14.710  44483.898 144.544  -0.042    6.630  -10.000      -89.5985    -1318.0000
 2  18  14.710  44910.605 147.360   0.006   11.600  -10.000      -60.5907     -891.2930
 3  18  14.710  44910.605 147.360   0.063    9.760  -10.000      -60.5907     -891.2930
 9  18  14.710  44910.605 147.360   0.017    8.022  -10.000      -60.5907     -891.2930
10  18  14.710  44910.605 147.360  -0.009    6.662  -10.000      -60.5907     -891.2930
 2  18  14.710  44910.676 149.080   0.036   11.623  -10.000      -60.5859     -891.2227
 3  18  14.710  44910.676 149.080   0.046    9.740  -10.000      -60.5859     -891.2227
 9  18  14.710  44910.676 149.080   0.004    8.007  -10.000      -60.5859     -891.2227
10  18  14.710  44910.676 149.080  -0.004    6.667  -10.000      -60.5859     -891.2227
 2  18  14.710  44910.707 149.845   0.031   11.615  -10.000      -60.5838     -891.1914
 3  18  14.710  44910.707 149.845   0.058    9.751  -10.000      -60.5838     -891.1914
 9  18  14.710  44910.707 149.845   0.020    8.023  -10.000      -60.5838     -891.1914
10  18  14.710  44910.707 149.845  -0.008    6.663  -10.000      -60.5838     -891.1914
 2  18  14.710  44910.734 150.514   0.001   11.583  -10.000      -60.5819     -891.1641
 3  18  14.710  44910.734 150.514   0.063    9.755  -10.000      -60.5819     -891.1641
 9  18  14.710  44910.734 150.514   0.023    8.026  -10.000      -60.5819     -891.1641
10  18  14.710  44910.734 150.514   0.014    6.686  -10.000      -60.5819     -891.1641
 2  18  14.710  44822.828 159.181  -0.008   11.571  -10.000      -66.5578     -979.0703
 3  18  14.710  44822.828 159.181   0.028    9.724  -10.000      -66.5578     -979.0703
 9  18  14.710  44822.828 159.181  -0.001    8.010  -10.000      -66.5578     -979.0703
10  18  14.710  44822.828 159.181  -0.023    6.660  -10.000      -66.5578     -979.0703
 2  18  14.710  45264.562 169.761  -0.029   11.522  -10.000      -36.5284     -537.3359
 3  18  14.710  45264.562 169.761   0.033    9.711  -10.000      -36.5284     -537.3359
 9  18  14.710  45264.562 169.761   0.011    8.012  -10.000      -36.5284     -537.3359
10  18  14.710  45264.562 169.761  -0.014    6.662  -10.000      -36.5284     -537.3359
 2  18  14.710  45264.660 172.150  -0.035   11.488  -10.000      -36.5218     -537.2383
 3  18  14.710  45264.660 172.150   0.016    9.675  -10.000      -36.5218     -537.2383
 9  18  14.710  45264.660 172.150   0.001    7.988  -10.000      -36.5218     -537.2383
10  18  14.710  45264.660 172.150  -0.028    6.638  -10.000      -36.5218     -537.2383
 2  18  14.710  45264.746 174.254  -0.017   11.472  -10.000      -36.5160     -537.1523
 3  18  14.710  45264.746 174.254   0.030    9.665  -10.000      -36.5160     -537.1523
 9  18  14.710  45264.746 174.254   0.028    7.998  -10.000      -36.5160     -537.1523
10  18  14.710  45264.746 174.254   0.035    6.688  -10.000      -36.5160     -537.1523
 2  18  14.710  45264.766 174.732  -0.020   11.460  -10.000      -36.5146     -537.1328
 3  18  14.710  45264.766 174.732   0.037    9.666  -10.000      -36.5146     -537.1328
 9  18  14.710  45264.766 174.732   0.019    7.984  -10.000      -36.5146     -537.1328
10  18  14.710  45264.766 174.732   0.035    6.684  -10.000      -36.5146     -537.1328
 2  18  14.710  44823.773 182.315  -0.005   11.263  -10.000      -66.4936     -978.1250
 3  18  14.710  44823.773 182.315   0.051    9.531  -10.000      -66.4936     -978.1250
 9  18  14.710  44823.773 182.315   0.026    7.882  -10.000      -66.4936     -978.1250
10  18  14.710  44823.773 182.315   0.008    6.572  -10.000      -66.4936     -978.1250
 2  18  14.710  44941.547 184.590  -0.008   11.175  -10.000      -58.4873     -860.3516
 3  18  14.710  44941.547 184.590   0.047    9.467  -10.000      -58.4873     -860.3516
 9  18  14.710  44941.547 184.590   0.046    7.858  -10.000      -58.4873     -860.3516
10  18  14.710  44941.547 184.590   0.028    6.558  -10.000      -58.4873     -860.3516
 2  18  14.710  44941.602 185.928  -0.016   11.113  -10.000      -58.4835     -860.2969
 3  18  14.710  44941.602 185.928   0.058    9.440  -10.000      -58.4835     -860.2969
 9  18  14.710  44941.602 185.928   0.039    7.823  -10.000      -58.4835     -860.2969
10  18  14.710  44941.602 185.928   0.015    6.523  -10.000      -58.4835     -860.2969
 2  18  14.710  44941.664 187.457  -0.031   11.035  -10.000      -58.4793     -860.2344
 3  18  14.710  44941.664 187.457   0.026    9.364  -10.000      -58.4793     -860.2344
 9  18  14.710  44941.664 187.457   0.056    7.808  -10.000      -58.4793     -860.2344
10  18  14.710  44941.664 187.457   0.005    6.488  -10.000      -58.4793     -860.2344
 2  18  14.710  44485.836 191.961  -0.121   10.754  -10.000      -89.4668    -1316.0625
 3  18  14.710  44485.836 191.961  -0.015    9.188  -10.000      -89.4668    -1316.0625
 9  18  14.710  44485.836 191.961  -0.025    7.628  -10.000      -89.4668    -1316.0625
10  18  14.710  44485.836 191.961  -0.048    6.358  -10.000      -89.4668    -1316.0625
 2  18  14.710  45265.559 194.138  -0.084   10.703  -10.000      -36.4607     -536.3398
 3  18  14.710  45265.559 194.138   0.000    9.140  -10.000      -36.4607     -536.3398
 9  18  14.710  45265.559 194.138   0.021    7.627  -10.000      -36.4607     -536.3398
10  18  14.710  45265.559 194.138  -0.002    6.367  -10.000      -36.4607     -536.3398
 2  18  14.710  44912.672 197.931  -0.165   10.485  -10.000      -60.4502     -889.2266
 3  18  14.710  44912.672 197.931  -0.056    8.987  -10.000      -60.4502     -889.2266
 9  18  14.710  44912.672 197.931  -0.012    7.522  -10.000      -60.4502     -889.2266
10  18  14.710  44912.672 197.931  -0.030    6.282  -10.000      -60.4502     -889.2266
 2  18  14.710  44942.566 209.541  -0.160   10.295  -10.000      -58.4179     -859.3320
 3  18  14.710  44942.566 209.541  -0.071    8.827  -10.000      -58.4179     -859.3320
 9  18  14.710  44942.566 209.541  -0.024    7.397  -10.000      -58.4179     -859.3320
10  18  14.710  44942.566 209.541  -0.021    6.197  -10.000      -58.4179     -859.3320
18 163  14.710  47912.668 176.929   0.006    9.634  -10.000      143.4915     2110.7695
18 163  14.710  47912.684 177.308   0.027    9.649  -10.000      143.4925     2110.7852
18 163  14.710  47912.758 179.127   0.002    9.589  -10.000      143.4976     2110.8594
18 163  14.710  47912.773 179.511   0.020    9.599  -10.000      143.4986     2110.8750
18 163  14.710  47912.848 181.324   0.039    9.577  -10.000      143.5037     2110.9492
18 163  14.710  47973.719 231.026  -0.009    9.019  -10.000      147.6417     2171.8203
18 163  14.710  47974.086 240.013   0.037    9.114  -10.000      147.6667     2172.1875
18 163  14.710  48040.641  68.807  -0.075    9.932  -10.000      152.1911     2238.7422
18 163  14.710  48040.719  70.719  -0.051    9.960  -10.000      152.1964     2238.8203
18 163  14.710  48040.730  71.005  -0.058    9.953  -10.000      152.1972     2238.8320
18 163  14.710  48064.992 304.766  -0.052    9.318  -10.000      153.8466     2263.0938
18 163  14.710  48102.723 148.145   0.020    9.747  -10.000      156.4115     2300.8242
18 163  14.710  48102.738 148.524  -0.020    9.707  -10.000      156.4126     2300.8398
18 163  14.710  48102.812 150.342   0.003    9.727  -10.000      156.4176     2300.9141
18 163  14.710  48102.828 150.721   0.004    9.728  -10.000      156.4187     2300.9297
18 163  14.710  48115.965 112.220  -0.066    9.899  -10.000      157.3117     2314.0664
18 163  14.710  48115.980 112.599  -0.073    9.889  -10.000      157.3128     2314.0820
18 163  14.710  48116.055 114.417  -0.033    9.918  -10.000      157.3178     2314.1562
18 163  14.710  48116.070 114.802  -0.089    9.860  -10.000      157.3189     2314.1719
18 163  14.710  48156.930  34.755  -0.032    9.813  -10.000      160.0965     2355.0312
18 163  14.710  48157.004  36.568  -0.051    9.806  -10.000      160.1016     2355.1055
18 163  14.710  48157.020  36.953  -0.060    9.800  -10.000      160.1026     2355.1211
18 163  14.710  48157.094  38.771  -0.050    9.821  -10.000      160.1077     2355.1953
18 163  14.710  48157.109  39.150  -0.062    9.812  -10.000      160.1087     2355.2109
18 163  14.710  48170.246   0.648  -0.078    9.574  -10.000      161.0018     2368.3477
18 163  14.710  48170.262   1.027  -0.062    9.592  -10.000      161.0029     2368.3633
18 163  14.710  48170.336   2.845  -0.021    9.642  -10.000      161.0079     2368.4375
18 163  14.710  48170.352   3.224  -0.041    9.625  -10.000      161.0090     2368.4531
18 163  14.710  48170.422   4.949  -0.060    9.615  -10.000      161.0137     2368.5234
18 163  14.710  48206.223 161.104  -0.038    9.692  -10.000      163.4475     2404.3242
18 163  14.710  48206.234 161.389   0.005    9.734  -10.000      163.4483     2404.3359
18 163  14.710  48206.312 163.301  -0.035    9.695  -10.000      163.4536     2404.4141
18 163  14.710  48206.324 163.586  -0.032    9.697  -10.000      163.4544     2404.4258
18 163  14.710  48229.602  13.255  -0.087    9.634  -10.000      165.0368     2427.7031
18 163  14.710  48229.680  15.167  -0.036    9.696  -10.000      165.0421     2427.7812
18 163  14.710  48229.691  15.452  -0.037    9.697  -10.000      165.0429     2427.7930
18 163  14.710  48229.766  17.271  -0.047    9.697  -10.000      165.0480     2427.8672
18 163  14.710  48229.781  17.650  -0.053    9.694  -10.000      165.0490     2427.8828
18 163  14.710  48256.777 318.329  -0.020    9.414  -10.000      166.8842     2454.8789
18 163  14.710  48256.793 318.708   0.020    9.457  -10.000      166.8853     2454.8945
18 163  14.710  48256.867 320.526  -0.014    9.432  -10.000      166.8904     2454.9688
18 163  14.710  48256.883 320.911  -0.028    9.419  -10.000      166.8914     2454.9844
18 163  14.710  48256.953 322.630   0.002    9.459  -10.000      166.8962     2455.0547
18 163  14.710  48256.969 323.015  -0.028    9.431  -10.000      166.8973     2455.0703
18 163  14.710  48293.918 147.272  -0.033    9.696  -10.000      169.4091     2492.0195
18 163  14.710  48293.930 147.557  -0.043    9.686  -10.000      169.4099     2492.0312
18 163  14.710  48294.008 149.469  -0.010    9.715  -10.000      169.4152     2492.1094
18 163  14.710  48294.020 149.755  -0.015    9.709  -10.000      169.4160     2492.1211
18 163  14.710  48294.094 151.573   0.018    9.741  -10.000      169.4210     2492.1953
18 163  14.710  48294.109 151.957  -0.008    9.714  -10.000      169.4221     2492.2109
18 163  14.710  48294.184 153.770  -0.025    9.698  -10.000      169.4271     2492.2852
18 163  14.710  48294.199 154.155  -0.040    9.683  -10.000      169.4282     2492.3008
18 163  14.710  48312.312 237.442   0.006    9.068  -10.000      170.6596     2510.4141
18 163  14.710  48312.328 237.821   0.030    9.094  -10.000      170.6606     2510.4297
18 163  14.710  48312.402 239.639   0.027    9.101  -10.000      170.6657     2510.5039
18 163  14.710  48312.418 240.024   0.024    9.101  -10.000      170.6667     2510.5195
18 163  14.710  48312.582 244.039   0.016    9.117  -10.000      170.6779     2510.6836
18 163  14.710  48312.594 244.325   0.048    9.150  -10.000      170.6787     2510.6953
18 163  14.710  48312.672 246.237   0.038    9.152  -10.000      170.6840     2510.7734
18 163  14.710  48312.684 246.522   0.015    9.130  -10.000      170.6848     2510.7852
18 163  14.710  48354.879 199.171  -0.005    9.050  -10.000      173.5533     2552.9805
18 163  14.710  48354.891 199.457  -0.055    8.995  -10.000      173.5540     2552.9922
18 163  14.710  48354.969 201.368  -0.138    8.876  -10.000      173.5594     2553.0703
18 163  14.710  48354.980 201.654  -0.076    8.933  -10.000      173.5602     2553.0820
18 163  14.710  48379.852  90.330  -0.081    9.957  -10.000      175.2509     2577.9531
18 163  14.710  48380.043  95.010  -0.076    9.956  -10.000      175.2639     2578.1445
18 163  14.710  48443.660 211.915  -0.043    8.893  -10.000      179.5887     2641.7617
18 163  14.710  48443.734 213.734  -0.073    8.867  -10.000      179.5937     2641.8359
18 163  14.710  48443.750 214.118  -0.055    8.885  -10.000      179.5948     2641.8516
18 163  14.710  48460.887 273.505  -0.059    9.179  -10.000      180.7597     2658.9883
18 163  14.710  48460.902 273.884   0.003    9.243  -10.000      180.7608     2659.0039
18 163  14.710  48460.977 275.702   0.027    9.275  -10.000      180.7658     2659.0781
18 163  14.710  48460.992 276.086   0.006    9.256  -10.000      180.7669     2659.0938
18 163  14.710  48461.062 277.806  -0.013    9.244  -10.000      180.7717     2659.1641
18 163  14.710  48501.660 191.354   0.002    9.260  -10.000      183.5315     2699.7617
18 163  14.710  48501.672 191.640   0.042    9.292  -10.000      183.5323     2699.7734
18 163  14.710  48501.750 193.552   0.038    9.233  -10.000      183.5376     2699.8516
18 163  14.710  48501.762 193.837   0.006    9.193  -10.000      183.5384     2699.8633
18 163  14.710  48512.871 105.716  -0.077    9.921  -10.000      184.2937     2710.9727
18 163  14.710  48512.961 107.919  -0.078    9.910  -10.000      184.2998     2711.0625
18 163  14.710  48551.797 338.351  -0.026    9.506  -10.000      186.9399     2749.8984
18 163  14.710  48551.809 338.637  -0.036    9.497  -10.000      186.9407     2749.9102
18 163  14.710  48551.883 340.455  -0.036    9.506  -10.000      186.9457     2749.9844
18 163  14.710  48570.898  85.825  -0.082    9.957  -10.000      188.2384     2769.0000
18 163  14.710  48570.914  86.204  -0.047    9.992  -10.000      188.2395     2769.0156
18 163  14.710  48601.547 115.884  -0.045    9.897  -10.000      190.3219     2799.6484
18 163  14.710  48601.562 116.263  -0.062    9.877  -10.000      190.3230     2799.6641
18 163  14.710  48601.637 118.081  -0.058    9.869  -10.000      190.3280     2799.7383
18 163  14.710  48632.645 156.940  -0.022    9.703  -10.000      192.4359     2830.7461
18 163  14.710  48632.660 157.319  -0.043    9.683  -10.000      192.4370     2830.7617
18 163  14.710  48632.734 159.137  -0.051    9.677  -10.000      192.4420     2830.8359
18 163  14.710  48632.750 159.516  -0.035    9.693  -10.000      192.4431     2830.8516
18 163  14.710  48654.062 321.097  -0.098    9.351  -10.000      193.8919     2852.1641
18 163  14.710  48654.078 321.482  -0.038    9.413  -10.000      193.8930     2852.1797
18 163  14.710  48654.242 325.497   0.001    9.472  -10.000      193.9042     2852.3438
18 163  14.710  48654.328 327.601  -0.048    9.433  -10.000      193.9100     2852.4297
18 163  14.710  48697.426 302.333  -0.060    9.299  -10.000      196.8398     2895.5273
18 163  14.710  48697.438 302.618   0.026    9.386  -10.000      196.8406     2895.5391
18 163  14.710  48697.516 304.530   0.024    9.393  -10.000      196.8459     2895.6172
18 163  14.710  48697.527 304.816  -0.023    9.348  -10.000      196.8467     2895.6289
18 163  14.710  48697.602 306.634  -0.007    9.372  -10.000      196.8518     2895.7031
18 163  14.710  48718.133  89.094  -0.101    9.938  -10.000      198.2475     2916.2344
18 163  14.710  48718.148  89.478  -0.084    9.955  -10.000      198.2486     2916.2500
18 163  14.710  48718.223  91.291  -0.083    9.954  -10.000      198.2536     2916.3242
18 163  14.710  48718.234  91.582  -0.087    9.950  -10.000      198.2544     2916.3359
18 163  14.710  48718.312  93.494  -0.053    9.982  -10.000      198.2597     2916.4141
18 163  14.710  48752.875 219.342   0.012    8.974  -10.000      200.6093     2950.9766
18 163  14.710  48752.891 219.721  -0.055    8.910  -10.000      200.6103     2950.9922
18 163  14.710  48752.965 221.539  -0.041    8.934  -10.000      200.6154     2951.0664
18 163  14.710  48752.980 221.924  -0.098    8.880  -10.000      200.6165     2951.0820
18 163  14.710  48805.660  71.153  -0.067    9.945  -10.000      204.1976     3003.7617
18 163  14.710  48946.625 280.992  -0.039    9.232  -10.000      213.7805     3144.7266
18 163  14.710  48946.695 282.711   0.007    9.285  -10.000      213.7853     3144.7969
18 163  14.710  48946.711 283.096  -0.007    9.272  -10.000      213.7864     3144.8125
18 163  14.710  48946.785 284.908  -0.005    9.282  -10.000      213.7914     3144.8867
18 163  14.710  48946.801 285.293  -0.024    9.264  -10.000      213.7925     3144.9023
18 163  14.710  48974.039 231.894   0.024    9.057  -10.000      215.6441     3172.1406
18 163  14.710  48974.055 232.278   0.036    9.071  -10.000      215.6452     3172.1562
18 163  14.710  49024.246  20.616  -0.119    9.644  -10.000      219.0573     3222.3477
18 163  14.710  49024.258  20.901  -0.041    9.724  -10.000      219.0581     3222.3594
 2  14  14.710  43437.281  90.648  -0.043   12.120  -10.000     -160.7482    -2364.6172
 3  14  14.710  43437.281  90.648  -0.003   10.010  -10.000     -160.7482    -2364.6172
 2  14  14.710  43483.309 137.076   0.136   11.820  -10.000     -157.6192    -2318.5898
 3  14  14.710  43483.309 137.076   0.092    9.840  -10.000     -157.6192    -2318.5898
 2  14  14.710  43705.539 175.732   0.091   11.550  -10.000     -142.5119    -2096.3594
 3  14  14.710  43705.539 175.732   0.005    9.620  -10.000     -142.5119    -2096.3594
 2  14  14.710  43722.492 230.625   0.206   10.820  -10.000     -141.3594    -2079.4062
 3  14  14.710  43722.492 230.625   0.102    9.090  -10.000     -141.3594    -2079.4062
 2  14  14.710  43724.520 280.239   0.168   11.240  -10.000     -141.2216    -2077.3789
 3  14  14.710  43724.520 280.239   0.095    9.330  -10.000     -141.2216    -2077.3789
 2  14  14.710  43761.410 103.068  -0.050   12.050  -10.000     -138.7137    -2040.4883
 3  14  14.710  43761.410 103.068  -0.034    9.950  -10.000     -138.7137    -2040.4883
 2  14  14.710  43763.465 153.353   0.133   11.710  -10.000     -138.5740    -2038.4336
 3  14  14.710  43763.465 153.353   0.029    9.720  -10.000     -138.5740    -2038.4336
 2  14  14.710  43765.371 200.001  -0.068   10.520  -10.000     -138.4444    -2036.5273
 3  14  14.710  43765.371 200.001  -0.099    8.900  -10.000     -138.4444    -2036.5273
 2  14  14.710  43772.363  11.124   0.035   11.810  -10.000     -137.9691    -2029.5352
 3  14  14.710  43772.363  11.124  -0.003    9.680  -10.000     -137.9691    -2029.5352
 2  14  14.710  43789.344  66.687  -0.068   12.080  -10.000     -136.8148    -2012.5547
 3  14  14.710  43789.344  66.687   0.013    9.990  -10.000     -136.8148    -2012.5547
 2  14  14.710  43791.352 115.823  -0.022   11.950  -10.000     -136.6783    -2010.5469
 3  14  14.710  43791.352 115.823   0.005    9.920  -10.000     -136.6783    -2010.5469
 2  14  14.710  43800.270 334.072   0.112   11.600  -10.000     -136.0720    -2001.6289
 3  14  14.710  43800.270 334.072   0.006    9.490  -10.000     -136.0720    -2001.6289
 2  14  14.710  43803.328  48.928  -0.010   12.050  -10.000     -135.8641    -1998.5703
 3  14  14.710  43803.328  48.928  -0.001    9.900  -10.000     -135.8641    -1998.5703
 2  14  14.710  43830.328 349.700   0.067   11.670  -10.000     -134.0286    -1971.5703
 3  14  14.710  43830.328 349.700  -0.012    9.550  -10.000     -134.0286    -1971.5703
 2  14  14.710  44049.445 312.160   0.054   11.370  -10.000     -119.1329    -1752.4531
 3  14  14.710  44049.445 312.160   0.016    9.390  -10.000     -119.1329    -1752.4531
 2  14  14.710  44054.441  74.430  -0.084   12.080  -10.000     -118.7933    -1747.4570
 3  14  14.710  44054.441  74.430   0.005   10.000  -10.000     -118.7933    -1747.4570
 2  14  14.710  44100.438 120.094  -0.026   11.890  -10.000     -115.6664    -1701.4609
 3  14  14.710  44100.438 120.094  -0.023    9.860  -10.000     -115.6664    -1701.4609
 2  14  14.710  44111.418  28.820   0.025   11.940  -10.000     -114.9199    -1690.4805
 3  14  14.710  44111.418  28.820  -0.014    9.770  -10.000     -114.9199    -1690.4805
 2  14  14.710  44147.320 187.457   0.104   11.170  -10.000     -112.4793    -1654.5781
 3  14  14.710  44147.320 187.457   0.102    9.440  -10.000     -112.4793    -1654.5781
 2  14  14.710  44150.281 259.920   0.055   10.960  -10.000     -112.2780    -1651.6172
 3  14  14.710  44150.281 259.920   0.044    9.190  -10.000     -112.2780    -1651.6172
 2  14  14.710  44162.363 195.606  -0.071   10.660  -10.000     -111.4566    -1639.5352
 3  14  14.710  44162.363 195.606  -0.040    9.060  -10.000     -111.4566    -1639.5352
 2  14  14.710  44166.293 291.778   0.082   11.240  -10.000     -111.1895    -1635.6055
 3  14  14.710  44166.293 291.778   0.059    9.340  -10.000     -111.1895    -1635.6055
 3   9  14.710  43456.672 205.197  -0.333    8.590  -10.000     -159.4300    -2345.2266
14   9  14.710  43456.672 205.197  -0.349   10.680  -10.000     -159.4300    -2345.2266
15   9  14.710  43456.672 205.197  -0.325    9.080  -10.000     -159.4300    -2345.2266
16   9  14.710  43456.672 205.197  -0.307    7.680  -10.000     -159.4300    -2345.2266
17   9  14.710  43456.672 205.197  -0.290    6.610  -10.000     -159.4300    -2345.2266
 3   9  14.710  43427.781 218.156  -0.066    8.850  -10.000     -161.3940    -2374.1172
14   9  14.710  43427.781 218.156  -0.015   11.030  -10.000     -161.3940    -2374.1172
15   9  14.710  43427.781 218.156  -0.061    9.340  -10.000     -161.3940    -2374.1172
16   9  14.710  43427.781 218.156  -0.063    7.910  -10.000     -161.3940    -2374.1172
17   9  14.710  43427.781 218.156  -0.061    6.820  -10.000     -161.3940    -2374.1172
 3   9  14.710  43428.762 242.150   0.008    9.060  -10.000     -161.3274    -2373.1367
14   9  14.710  43428.762 242.150   0.081   11.430  -10.000     -161.3274    -2373.1367
15   9  14.710  43428.762 242.150   0.020    9.580  -10.000     -161.3274    -2373.1367
16   9  14.710  43428.762 242.150  -0.003    8.060  -10.000     -161.3274    -2373.1367
17   9  14.710  43428.762 242.150  -0.024    6.910  -10.000     -161.3274    -2373.1367
 3   9  14.710  43314.910 335.858  -0.052    9.440  -10.000     -169.0671    -2486.9883
14   9  14.710  43314.910 335.858  -0.013   12.320  -10.000     -169.0671    -2486.9883
15   9  14.710  43314.910 335.858  -0.047   10.030  -10.000     -169.0671    -2486.9883
16   9  14.710  43314.910 335.858  -0.045    8.310  -10.000     -169.0671    -2486.9883
17   9  14.710  43314.910 335.858  -0.055    7.050  -10.000     -169.0671    -2486.9883
 3   9  14.710  43315.922   0.621  -0.025    9.600  -10.000     -168.9983    -2485.9766
14   9  14.710  43315.922   0.621   0.037   12.600  -10.000     -168.9983    -2485.9766
15   9  14.710  43315.922   0.621  -0.003   10.220  -10.000     -168.9983    -2485.9766
16   9  14.710  43315.922   0.621  -0.001    8.460  -10.000     -168.9983    -2485.9766
17   9  14.710  43315.922   0.621  -0.019    7.170  -10.000     -168.9983    -2485.9766
 3   9  14.710  43463.648  15.936  -0.041    9.670  -10.000     -158.9557    -2338.2500
14   9  14.710  43463.648  15.936   0.002   12.710  -10.000     -158.9557    -2338.2500
15   9  14.710  43463.648  15.936  -0.018   10.300  -10.000     -158.9557    -2338.2500
16   9  14.710  43463.648  15.936  -0.011    8.520  -10.000     -158.9557    -2338.2500
17   9  14.710  43463.648  15.936  -0.007    7.240  -10.000     -158.9557    -2338.2500
 3   9  14.710  43464.648  40.408  -0.017    9.840  -10.000     -158.8878    -2337.2500
14   9  14.710  43464.648  40.408   0.050   12.980  -10.000     -158.8878    -2337.2500
15   9  14.710  43464.648  40.408  -0.005   10.470  -10.000     -158.8878    -2337.2500
16   9  14.710  43464.648  40.408   0.003    8.660  -10.000     -158.8878    -2337.2500
17   9  14.710  43464.648  40.408   0.014    7.370  -10.000     -158.8878    -2337.2500
 3   9  14.710  43392.879  83.990  -0.083    9.930  -10.000     -163.7667    -2409.0195
14   9  14.710  43392.879  83.990  -0.092   13.010  -10.000     -163.7667    -2409.0195
15   9  14.710  43392.879  83.990  -0.063   10.570  -10.000     -163.7667    -2409.0195
16   9  14.710  43392.879  83.990  -0.048    8.760  -10.000     -163.7667    -2409.0195
17   9  14.710  43392.879  83.990  -0.043    7.460  -10.000     -163.7667    -2409.0195
 3   9  14.710  43304.898  90.840  -0.003   10.010  -10.000     -169.7477    -2497.0000
14   9  14.710  43304.898  90.840   0.025   13.110  -10.000     -169.7477    -2497.0000
15   9  14.710  43304.898  90.840   0.020   10.650  -10.000     -169.7477    -2497.0000
16   9  14.710  43304.898  90.840   0.028    8.840  -10.000     -169.7477    -2497.0000
17   9  14.710  43304.898  90.840   0.039    7.550  -10.000     -169.7477    -2497.0000
 3   9  14.710  43393.879 108.463  -0.089    9.870  -10.000     -163.6987    -2408.0195
14   9  14.710  43393.879 108.463  -0.080   12.860  -10.000     -163.6987    -2408.0195
15   9  14.710  43393.879 108.463  -0.073   10.490  -10.000     -163.6987    -2408.0195
16   9  14.710  43393.879 108.463  -0.063    8.720  -10.000     -163.6987    -2408.0195
17   9  14.710  43393.879 108.463  -0.062    7.440  -10.000     -163.6987    -2408.0195
