23   4  10.274  40989.594  77.651  -0.022    5.447  -10.000     -437.7843    -4497.8672
24   4  10.274  40989.594  77.651   0.026    7.382  -10.000     -437.7843    -4497.8672
23   4  10.274  41009.430  52.690  -0.024    5.398  -10.000     -435.8536    -4478.0312
24   4  10.274  41009.430  52.690   0.041    7.360  -10.000     -435.8536    -4478.0312
25   4  10.274  41009.430  52.690   0.338    9.640  -10.000     -435.8536    -4478.0312
23   4  10.274  41014.551 232.130  -0.066    4.642  -10.000     -435.3552    -4472.9102
24   4  10.274  41014.551 232.130  -0.102    6.037  -10.000     -435.3552    -4472.9102
25   4  10.274  41014.551 232.130  -0.151    7.738  -10.000     -435.3552    -4472.9102
23   4  10.274  41016.473 299.476  -0.018    4.865  -10.000     -435.1681    -4470.9883
24   4  10.274  41016.473 299.476  -0.025    6.457  -10.000     -435.1681    -4470.9883
25   4  10.274  41016.473 299.476  -0.044    8.273  -10.000     -435.1681    -4470.9883
23   4  10.274  41042.438 129.265   0.005    5.273  -10.000     -432.6409    -4445.0234
24   4  10.274  41042.438 129.265   0.037    7.000  -10.000     -432.6409    -4445.0234
25   4  10.274  41042.438 129.265   0.038    8.882  -10.000     -432.6409    -4445.0234
23   4  10.274  41043.344 161.016   0.063    5.117  -10.000     -432.5527    -4444.1172
24   4  10.274  41043.344 161.016   0.088    6.707  -10.000     -432.5527    -4444.1172
25   4  10.274  41043.344 161.016  -0.011    8.425  -10.000     -432.5527    -4444.1172
23   4  10.274  41058.422 329.348  -0.035    4.992  -10.000     -431.0851    -4429.0391
24   4  10.274  41058.422 329.348  -0.044    6.690  -10.000     -431.0851    -4429.0391
25   4  10.274  41058.422 329.348  -0.034    8.587  -10.000     -431.0851    -4429.0391
23   4  10.274  41066.434 250.071  -0.050    4.640  -10.000     -430.3054    -4421.0273
24   4  10.274  41066.434 250.071  -0.078    6.050  -10.000     -430.3054    -4421.0273
25   4  10.274  41066.434 250.071   0.034    7.915  -10.000     -430.3054    -4421.0273
23   4  10.274  41067.430 284.974   0.034    4.845  -10.000     -430.2084    -4420.0312
24   4  10.274  41067.430 284.974   0.063    6.417  -10.000     -430.2084    -4420.0312
25   4  10.274  41067.430 284.974   0.064    8.225  -10.000     -430.2084    -4420.0312
23   4  10.274  41068.418 319.603   0.005    4.985  -10.000     -430.1122    -4419.0430
24   4  10.274  41068.418 319.603  -0.003    6.650  -10.000     -430.1122    -4419.0430
25   4  10.274  41068.418 319.603   0.091    8.615  -10.000     -430.1122    -4419.0430
23   4  10.274  41070.434  30.234  -0.012    5.312  -10.000     -429.9160    -4417.0273
24   4  10.274  41070.434  30.234  -0.012    7.182  -10.000     -429.9160    -4417.0273
25   4  10.274  41070.434  30.234   0.173    9.337  -10.000     -429.9160    -4417.0273
23   4  10.274  41090.371   8.822  -0.018    5.200  -10.000     -427.9755    -4397.0898
24   4  10.274  41090.371   8.822  -0.028    7.012  -10.000     -427.9755    -4397.0898
25   4  10.274  41090.371   8.822  -0.201    8.785  -10.000     -427.9755    -4397.0898
23   4  10.274  41092.383  79.321   0.031    5.500  -10.000     -427.7797    -4395.0781
24   4  10.274  41092.383  79.321   0.037    7.390  -10.000     -427.7797    -4395.0781
25   4  10.274  41092.383  79.321  -0.280    9.050  -10.000     -427.7797    -4395.0781
23   4  10.274  41100.340 358.121   0.019    5.182  -10.000     -427.0052    -4387.1211
24   4  10.274  41100.340 358.121   0.100    7.057  -10.000     -427.0052    -4387.1211
25   4  10.274  41100.340 358.121   0.038    8.927  -10.000     -427.0052    -4387.1211
23   4  10.274  41101.328  32.750  -0.019    5.318  -10.000     -426.9090    -4386.1328
24   4  10.274  41101.328  32.750  -0.094    7.118  -10.000     -426.9090    -4386.1328
25   4  10.274  41101.328  32.750   0.027    9.210  -10.000     -426.9090    -4386.1328
23   4  10.274  41116.328 198.347   0.075    4.963  -10.000     -425.4490    -4371.1328
24   4  10.274  41116.328 198.347   0.071    6.455  -10.000     -425.4490    -4371.1328
25   4  10.274  41116.328 198.347   0.180    8.347  -10.000     -425.4490    -4371.1328
23   4  10.274  41122.324  48.439   0.004    5.410  -10.000     -424.8654    -4365.1367
24   4  10.274  41122.324  48.439   0.020    7.320  -10.000     -424.8654    -4365.1367
25   4  10.274  41122.324  48.439  -0.114    9.167  -10.000     -424.8654    -4365.1367
23   4  10.274  41123.289  82.255  -0.008    5.460  -10.000     -424.7715    -4364.1719
24   4  10.274  41123.289  82.255  -0.067    7.280  -10.000     -424.7715    -4364.1719
25   4  10.274  41123.289  82.255  -0.119    9.203  -10.000     -424.7715    -4364.1719
23   4  10.274  41124.285 117.158  -0.051    5.303  -10.000     -424.6746    -4363.1758
24   4  10.274  41124.285 117.158  -0.034    7.078  -10.000     -424.6746    -4363.1758
25   4  10.274  41124.285 117.158   0.467    9.493  -10.000     -424.6746    -4363.1758
23   4  10.274  41130.281 327.250   0.013    5.030  -10.000     -424.0910    -4357.1797
24   4  10.274  41130.281 327.250  -0.047    6.670  -10.000     -424.0910    -4357.1797
25   4  10.274  41130.281 327.250  -0.271    8.330  -10.000     -424.0910    -4357.1797
23   4  10.274  41131.301   2.977  -0.031    5.157  -10.000     -423.9917    -4356.1602
24   4  10.274  41131.301   2.977  -0.030    6.965  -10.000     -423.9917    -4356.1602
25   4  10.274  41131.301   2.977   0.081    9.015  -10.000     -423.9917    -4356.1602
23   4  10.274  41146.262 167.201   0.042    5.057  -10.000     -422.5356    -4341.1992
24   4  10.274  41146.262 167.201   0.068    6.630  -10.000     -422.5356    -4341.1992
25   4  10.274  41146.262 167.201  -0.142    8.227  -10.000     -422.5356    -4341.1992
23   4  10.274  41147.258 202.104   0.080    4.952  -10.000     -422.4386    -4340.2031
24   4  10.274  41147.258 202.104   0.127    6.492  -10.000     -422.4386    -4340.2031
25   4  10.274  41147.258 202.104  -0.006    8.140  -10.000     -422.4386    -4340.2031
23   4  10.274  41148.242 236.591  -0.067    4.628  -10.000     -422.3428    -4339.2188
24   4  10.274  41148.242 236.591  -0.117    6.005  -10.000     -422.3428    -4339.2188
25   4  10.274  41148.242 236.591   0.166    8.035  -10.000     -422.3428    -4339.2188
23   4  10.274  41149.254 272.043   0.093    4.850  -10.000     -422.2443    -4338.2070
24   4  10.274  41149.254 272.043   0.150    6.405  -10.000     -422.2443    -4338.2070
25   4  10.274  41149.254 272.043   0.289    8.328  -10.000     -422.2443    -4338.2070
23   4  10.274  41154.230  86.418  -0.013    5.452  -10.000     -421.7599    -4333.2305
24   4  10.274  41154.230  86.418  -0.029    7.307  -10.000     -421.7599    -4333.2305
23   4  10.274  41155.242 121.871   0.023    5.343  -10.000     -421.6615    -4332.2188
24   4  10.274  41155.242 121.871   0.009    7.062  -10.000     -421.6615    -4332.2188
25   4  10.274  41155.242 121.871  -0.217    8.738  -10.000     -421.6615    -4332.2188
23   4  10.274  41156.238 156.775   0.003    5.085  -10.000     -421.5645    -4331.2227
24   4  10.274  41156.238 156.775   0.029    6.690  -10.000     -421.5645    -4331.2227
25   4  10.274  41156.238 156.775  -0.164    8.320  -10.000     -421.5645    -4331.2227
23   4  10.274  41158.199 225.483  -0.082    4.660  -10.000     -421.3737    -4329.2617
24   4  10.274  41158.199 225.483  -0.093    6.090  -10.000     -421.3737    -4329.2617
25   4  10.274  41158.199 225.483  -0.096    7.842  -10.000     -421.3737    -4329.2617
23   4  10.274  41159.203 260.662  -0.001    4.715  -10.000     -421.2759    -4328.2578
24   4  10.274  41159.203 260.662   0.006    6.185  -10.000     -421.2759    -4328.2578
25   4  10.274  41159.203 260.662  -0.175    7.770  -10.000     -421.2759    -4328.2578
 0  55  10.274  45761.770 251.595   2.650  -12.790    0.820       26.6989      274.3086
 0  55  10.274  45763.754 321.126  -2.050  -16.520    0.940       26.8920      276.2930
 0  55  10.274  45765.727  30.247  -2.162    2.780    0.750       27.0840      278.2656
 0  55  10.274  45767.738 100.736   2.201   17.650    1.960       27.2798      280.2773
 0  55  10.274  45769.715 169.994   1.398   -4.830    0.960       27.4722      282.2539
