 1  79  11.623  45666.383 225.901   0.042    8.597  -10.000      217.6275     2529.5859
 2  79  11.623  45666.383 225.901  -0.039    8.088  -10.000      217.6275     2529.5859
 3  79  11.623  45666.383 225.901  -0.013    7.309  -10.000      217.6275     2529.5859
 4  79  11.623  45666.383 225.901  -0.003    6.835  -10.000      217.6275     2529.5859
 1  79  11.623  45676.383 175.622   0.029    9.208  -10.000      218.4878     2539.5859
 2  79  11.623  45676.383 175.622   0.020    8.611  -10.000      218.4878     2539.5859
 3  79  11.623  45676.383 175.622   0.008    7.673  -10.000      218.4878     2539.5859
 4  79  11.623  45676.383 175.622  -0.005    7.125  -10.000      218.4878     2539.5859
 1  79  11.623  45679.367 268.050  -0.037    8.844  -10.000      218.7446     2542.5703
 2  79  11.623  45679.367 268.050  -0.043    8.296  -10.000      218.7446     2542.5703
 3  79  11.623  45679.367 268.050  -0.043    7.404  -10.000      218.7446     2542.5703
 4  79  11.623  45679.367 268.050  -0.033    6.894  -10.000      218.7446     2542.5703
 1  79  11.623  45687.285 153.287   0.019    9.344  -10.000      219.4258     2550.4883
 2  79  11.623  45687.285 153.287   0.037    8.733  -10.000      219.4258     2550.4883
 3  79  11.623  45687.285 153.287   0.025    7.763  -10.000      219.4258     2550.4883
 4  79  11.623  45687.285 153.287   0.011    7.201  -10.000      219.4258     2550.4883
 1  79  11.623  45689.402 218.859   0.099    8.703  -10.000      219.6079     2552.6055
 2  79  11.623  45689.402 218.859   0.005    8.170  -10.000      219.6079     2552.6055
 3  79  11.623  45689.402 218.859   0.018    7.370  -10.000      219.6079     2552.6055
 4  79  11.623  45689.402 218.859   0.022    6.886  -10.000      219.6079     2552.6055
 1  79  11.623  45690.324 247.412   0.019    8.684  -10.000      219.6873     2553.5273
 2  79  11.623  45690.324 247.412  -0.048    8.147  -10.000      219.6873     2553.5273
 3  79  11.623  45690.324 247.412  -0.028    7.331  -10.000      219.6873     2553.5273
 4  79  11.623  45690.324 247.412  -0.021    6.841  -10.000      219.6873     2553.5273
 1  79  11.623  45691.320 278.262  -0.005    8.973  -10.000      219.7729     2554.5234
 2  79  11.623  45691.320 278.262  -0.023    8.379  -10.000      219.7729     2554.5234
 3  79  11.623  45691.320 278.262  -0.009    7.475  -10.000      219.7729     2554.5234
 4  79  11.623  45691.320 278.262  -0.014    6.939  -10.000      219.7729     2554.5234
 1  79  11.623  45692.316 309.111  -0.045    9.196  -10.000      219.8586     2555.5195
 2  79  11.623  45692.316 309.111  -0.030    8.541  -10.000      219.8586     2555.5195
 3  79  11.623  45692.316 309.111  -0.020    7.561  -10.000      219.8586     2555.5195
 4  79  11.623  45692.316 309.111  -0.020    7.000  -10.000      219.8586     2555.5195
 1  79  11.623  45693.328 340.450  -0.043    9.448  -10.000      219.9457     2556.5312
 2  79  11.623  45693.328 340.450  -0.006    8.732  -10.000      219.9457     2556.5312
 3  79  11.623  45693.328 340.450  -0.006    7.680  -10.000      219.9457     2556.5312
 4  79  11.623  45693.328 340.450  -0.008    7.091  -10.000      219.9457     2556.5312
 1  79  11.623  45694.289  10.212  -0.017    9.706  -10.000      220.0284     2557.4922
 2  79  11.623  45694.289  10.212   0.010    8.912  -10.000      220.0284     2557.4922
 3  79  11.623  45694.289  10.212   0.003    7.801  -10.000      220.0284     2557.4922
 4  79  11.623  45694.289  10.212  -0.004    7.185  -10.000      220.0284     2557.4922
 1  79  11.623  45695.285  41.061  -0.017    9.904  -10.000      220.1141     2558.4883
 2  79  11.623  45695.285  41.061   0.012    9.065  -10.000      220.1141     2558.4883
 3  79  11.623  45695.285  41.061   0.012    7.924  -10.000      220.1141     2558.4883
 4  79  11.623  45695.285  41.061   0.009    7.296  -10.000      220.1141     2558.4883
 1  79  11.623  45705.246 349.568  -0.002    9.559  -10.000      220.9710     2568.4492
 2  79  11.623  45705.246 349.568   0.021    8.808  -10.000      220.9710     2568.4492
 3  79  11.623  45705.246 349.568   0.013    7.731  -10.000      220.9710     2568.4492
 4  79  11.623  45705.246 349.568   0.027    7.151  -10.000      220.9710     2568.4492
 1  79  11.623  45706.266  21.149  -0.012    9.793  -10.000      221.0587     2569.4688
 2  79  11.623  45706.266  21.149   0.019    8.982  -10.000      221.0587     2569.4688
 3  79  11.623  45706.266  21.149   0.000    7.842  -10.000      221.0587     2569.4688
 4  79  11.623  45706.266  21.149  -0.002    7.224  -10.000      221.0587     2569.4688
 1  79  11.623  45707.266  52.119  -0.030    9.948  -10.000      221.1448     2570.4688
 2  79  11.623  45707.266  52.119   0.003    9.101  -10.000      221.1448     2570.4688
 3  79  11.623  45707.266  52.119   0.008    7.957  -10.000      221.1448     2570.4688
 4  79  11.623  45707.266  52.119  -0.003    7.318  -10.000      221.1448     2570.4688
 2  79  11.623  47401.488 325.294  -0.025    8.629  -10.000      366.9036     4264.6914
 3  79  11.623  47401.488 325.294  -0.007    7.624  -10.000      366.9036     4264.6914
 4  79  11.623  47401.488 325.294   0.001    7.058  -10.000      366.9036     4264.6914
 1  79  11.623  47402.465 355.540  -0.018    9.588  -10.000      366.9876     4265.6680
 2  79  11.623  47402.465 355.540   0.000    8.819  -10.000      366.9876     4265.6680
 3  79  11.623  47402.465 355.540  -0.008    7.732  -10.000      366.9876     4265.6680
 4  79  11.623  47402.465 355.540  -0.008    7.134  -10.000      366.9876     4265.6680
 2  79  11.623  47403.492  27.356   0.003    8.994  -10.000      367.0760     4266.6953
 3  79  11.623  47403.492  27.356  -0.017    7.846  -10.000      367.0760     4266.6953
 4  79  11.623  47403.492  27.356  -0.012    7.232  -10.000      367.0760     4266.6953
 2  79  11.623  47404.484  58.085  -0.002    9.117  -10.000      367.1613     4267.6875
 3  79  11.623  47404.484  58.085  -0.016    7.951  -10.000      367.1613     4267.6875
 4  79  11.623  47404.484  58.085  -0.002    7.335  -10.000      367.1613     4267.6875
 1  79  11.623  47407.465 150.403  -0.035    9.313  -10.000      367.4178     4270.6680
 2  79  11.623  47407.465 150.403   0.028    8.740  -10.000      367.4178     4270.6680
 3  79  11.623  47407.465 150.403   0.024    7.773  -10.000      367.4178     4270.6680
 4  79  11.623  47407.465 150.403   0.004    7.202  -10.000      367.4178     4270.6680
 1  79  11.623  47408.461 181.252  -0.038    9.098  -10.000      367.5035     4271.6641
 2  79  11.623  47408.461 181.252   0.000    8.559  -10.000      367.5035     4271.6641
 3  79  11.623  47408.461 181.252  -0.015    7.626  -10.000      367.5035     4271.6641
 4  79  11.623  47408.461 181.252  -0.007    7.103  -10.000      367.5035     4271.6641
 1  79  11.623  47409.457 212.102   0.025    8.717  -10.000      367.5892     4272.6602
 2  79  11.623  47409.457 212.102   0.037    8.267  -10.000      367.5892     4272.6602
 3  79  11.623  47409.457 212.102   0.056    7.456  -10.000      367.5892     4272.6602
 4  79  11.623  47409.457 212.102   0.049    6.954  -10.000      367.5892     4272.6602
 1  79  11.623  47410.461 243.193  -0.112    8.513  -10.000      367.6755     4273.6641
 2  79  11.623  47410.461 243.193  -0.092    8.076  -10.000      367.6755     4273.6641
 3  79  11.623  47410.461 243.193  -0.039    7.304  -10.000      367.6755     4273.6641
 4  79  11.623  47410.461 243.193  -0.028    6.821  -10.000      367.6755     4273.6641
 1  79  11.623  47411.473 274.526  -0.108    8.836  -10.000      367.7626     4274.6758
 2  79  11.623  47411.473 274.526  -0.027    8.352  -10.000      367.7626     4274.6758
 3  79  11.623  47411.473 274.526  -0.014    7.457  -10.000      367.7626     4274.6758
 4  79  11.623  47411.473 274.526  -0.024    6.920  -10.000      367.7626     4274.6758
 1  79  11.623  47413.465 336.226  -0.081    9.374  -10.000      367.9340     4276.6680
 2  79  11.623  47413.465 336.226  -0.010    8.704  -10.000      367.9340     4276.6680
 3  79  11.623  47413.465 336.226   0.031    7.701  -10.000      367.9340     4276.6680
 2  79  11.623  47414.477   7.559  -0.014    8.873  -10.000      368.0210     4277.6797
 3  79  11.623  47414.477   7.559  -0.018    7.770  -10.000      368.0210     4277.6797
 4  79  11.623  47414.477   7.559  -0.014    7.167  -10.000      368.0210     4277.6797
 2  79  11.623  47415.477  38.540   0.005    9.047  -10.000      368.1071     4278.6797
 3  79  11.623  47415.477  38.540   0.002    7.905  -10.000      368.1071     4278.6797
 4  79  11.623  47415.477  38.540  -0.001    7.279  -10.000      368.1071     4278.6797
 1  79  11.623  47416.469  69.269  -0.074    9.949  -10.000      368.1924     4279.6719
 2  79  11.623  47416.469  69.269   0.001    9.141  -10.000      368.1924     4279.6719
 3  79  11.623  47416.469  69.269  -0.010    7.979  -10.000      368.1924     4279.6719
 4  79  11.623  47416.469  69.269  -0.012    7.348  -10.000      368.1924     4279.6719
 1  79  11.623  47417.414  98.547  -0.099    9.822  -10.000      368.2737     4280.6172
 2  79  11.623  47417.414  98.547   0.003    9.092  -10.000      368.2737     4280.6172
 3  79  11.623  47417.414  98.547   0.002    7.979  -10.000      368.2737     4280.6172
 4  79  11.623  47417.414  98.547  -0.005    7.359  -10.000      368.2737     4280.6172
 1  79  11.623  47418.414 129.518  -0.032    9.531  -10.000      368.3598     4281.6172
 2  79  11.623  47418.414 129.518   0.059    8.915  -10.000      368.3598     4281.6172
 3  79  11.623  47418.414 129.518   0.051    7.889  -10.000      368.3598     4281.6172
 4  79  11.623  47418.414 129.518   0.033    7.298  -10.000      368.3598     4281.6172
 1  79  11.623  47419.402 160.126   0.064    9.343  -10.000      368.4448     4282.6055
 2  79  11.623  47419.402 160.126   0.089    8.753  -10.000      368.4448     4282.6055
 3  79  11.623  47419.402 160.126   0.054    7.771  -10.000      368.4448     4282.6055
 4  79  11.623  47419.402 160.126   0.030    7.203  -10.000      368.4448     4282.6055
 1  79  11.623  47420.398 190.975  -0.026    9.009  -10.000      368.5305     4283.6016
 2  79  11.623  47420.398 190.975   0.024    8.508  -10.000      368.5305     4283.6016
 3  79  11.623  47420.398 190.975   0.024    7.610  -10.000      368.5305     4283.6016
 4  79  11.623  47420.398 190.975   0.020    7.083  -10.000      368.5305     4283.6016
 1  79  11.623  47421.391 221.704  -0.002    8.576  -10.000      368.6158     4284.5938
 2  79  11.623  47421.391 221.704   0.012    8.157  -10.000      368.6158     4284.5938
 3  79  11.623  47421.391 221.704   0.016    7.353  -10.000      368.6158     4284.5938
 4  79  11.623  47421.391 221.704   0.021    6.873  -10.000      368.6158     4284.5938
 1  79  11.623  47422.473 255.212  -0.176    8.573  -10.000      368.7089     4285.6758
 2  79  11.623  47422.473 255.212  -0.159    8.093  -10.000      368.7089     4285.6758
 3  79  11.623  47422.473 255.212  -0.099    7.296  -10.000      368.7089     4285.6758
 4  79  11.623  47422.473 255.212  -0.075    6.814  -10.000      368.7089     4285.6758
 1  79  11.623  47423.488 286.677  -0.092    8.958  -10.000      368.7963     4286.6914
 2  79  11.623  47423.488 286.677  -0.059    8.388  -10.000      368.7963     4286.6914
 3  79  11.623  47423.488 286.677  -0.026    7.483  -10.000      368.7963     4286.6914
 4  79  11.623  47423.488 286.677  -0.027    6.943  -10.000      368.7963     4286.6914
 1  79  11.623  47424.410 315.220  -0.129    9.162  -10.000      368.8756     4287.6133
 2  79  11.623  47424.410 315.220  -0.088    8.516  -10.000      368.8756     4287.6133
 3  79  11.623  47424.410 315.220  -0.033    7.569  -10.000      368.8756     4287.6133
 4  79  11.623  47424.410 315.220  -0.032    7.003  -10.000      368.8756     4287.6133
 1  79  11.623  47425.453 347.531  -0.095    9.451  -10.000      368.9654     4288.6562
 2  79  11.623  47425.453 347.531  -0.030    8.747  -10.000      368.9654     4288.6562
 3  79  11.623  47425.453 347.531  -0.008    7.703  -10.000      368.9654     4288.6562
 4  79  11.623  47425.453 347.531   0.004    7.122  -10.000      368.9654     4288.6562
 1  79  11.623  47427.465  49.834  -0.024    9.943  -10.000      369.1384     4290.6680
 2  79  11.623  47427.465  49.834   0.055    9.144  -10.000      369.1384     4290.6680
 3  79  11.623  47427.465  49.834   0.001    7.942  -10.000      369.1384     4290.6680
 4  79  11.623  47427.465  49.834   0.004    7.318  -10.000      369.1384     4290.6680
 1  79  11.623  47428.379  78.146  -0.052    9.961  -10.000      369.2171     4291.5820
 2  79  11.623  47428.379  78.146  -0.001    9.138  -10.000      369.2171     4291.5820
 3  79  11.623  47428.379  78.146  -0.008    7.985  -10.000      369.2171     4291.5820
 4  79  11.623  47428.379  78.146  -0.005    7.362  -10.000      369.2171     4291.5820
 1  79  11.623  47430.406 140.933  -0.017    9.418  -10.000      369.3915     4293.6094
 2  79  11.623  47430.406 140.933   0.072    8.843  -10.000      369.3915     4293.6094
 3  79  11.623  47430.406 140.933   0.036    7.823  -10.000      369.3915     4293.6094
 4  79  11.623  47430.406 140.933   0.016    7.244  -10.000      369.3915     4293.6094
 1  79  11.623  47431.469 173.848   0.005    9.197  -10.000      369.4829     4294.6719
 2  79  11.623  47431.469 173.848   0.037    8.637  -10.000      369.4829     4294.6719
 3  79  11.623  47431.469 173.848   0.035    7.707  -10.000      369.4829     4294.6719
 4  79  11.623  47431.469 173.848   0.028    7.163  -10.000      369.4829     4294.6719
 1  79  11.623  47432.457 204.456   0.041    8.863  -10.000      369.5679     4295.6602
 2  79  11.623  47432.457 204.456  -0.011    8.316  -10.000      369.5679     4295.6602
 3  79  11.623  47432.457 204.456   0.005    7.476  -10.000      369.5679     4295.6602
 4  79  11.623  47432.457 204.456  -0.005    6.961  -10.000      369.5679     4295.6602
 1  79  11.623  47433.438 234.822  -0.001    8.564  -10.000      369.6523     4296.6406
 2  79  11.623  47433.438 234.822   0.003    8.133  -10.000      369.6523     4296.6406
 3  79  11.623  47433.438 234.822   0.017    7.338  -10.000      369.6523     4296.6406
 4  79  11.623  47433.438 234.822   0.012    6.846  -10.000      369.6523     4296.6406
 1  79  11.623  47434.441 265.913  -0.077    8.783  -10.000      369.7386     4297.6445
 2  79  11.623  47434.441 265.913  -0.057    8.268  -10.000      369.7386     4297.6445
 3  79  11.623  47434.441 265.913  -0.020    7.419  -10.000      369.7386     4297.6445
 4  79  11.623  47434.441 265.913  -0.022    6.899  -10.000      369.7386     4297.6445
 1  79  11.623  46044.344  52.042  -0.009    9.969  -10.000      250.1446     2907.5469
 2  79  11.623  46044.344  52.042  -0.007    9.091  -10.000      250.1446     2907.5469
 3  79  11.623  46044.344  52.042  -0.018    7.931  -10.000      250.1446     2907.5469
 4  79  11.623  46044.344  52.042  -0.021    7.300  -10.000      250.1446     2907.5469
 1  79  11.623  46046.270 111.687  -0.033    9.760  -10.000      250.3102     2909.4727
 2  79  11.623  46046.270 111.687   0.001    9.009  -10.000      250.3102     2909.4727
 3  79  11.623  46046.270 111.687  -0.010    7.921  -10.000      250.3102     2909.4727
 4  79  11.623  46046.270 111.687  -0.018    7.315  -10.000      250.3102     2909.4727
 1  79  11.623  46048.328 175.446  -0.006    9.175  -10.000      250.4874     2911.5312
 2  79  11.623  46048.328 175.446   0.006    8.598  -10.000      250.4874     2911.5312
 3  79  11.623  46048.328 175.446   0.010    7.676  -10.000      250.4874     2911.5312
 4  79  11.623  46048.328 175.446   0.016    7.146  -10.000      250.4874     2911.5312
 1  79  11.623  46057.246  91.653  -0.024    9.942  -10.000      251.2546     2920.4492
 2  79  11.623  46057.246  91.653   0.004    9.120  -10.000      251.2546     2920.4492
 3  79  11.623  46057.246  91.653  -0.016    7.974  -10.000      251.2546     2920.4492
 4  79  11.623  46057.246  91.653  -0.021    7.350  -10.000      251.2546     2920.4492
 1  79  11.623  46059.133 150.090   0.043    9.393  -10.000      251.4169     2922.3359
 2  79  11.623  46059.133 150.090   0.052    8.765  -10.000      251.4169     2922.3359
 3  79  11.623  46059.133 150.090   0.004    7.754  -10.000      251.4169     2922.3359
 4  79  11.623  46059.133 150.090   0.019    7.218  -10.000      251.4169     2922.3359
 1  79  11.623  46060.199 183.115   0.033    9.152  -10.000      251.5087     2923.4023
 2  79  11.623  46060.199 183.115  -0.013    8.534  -10.000      251.5087     2923.4023
 3  79  11.623  46060.199 183.115  -0.005    7.627  -10.000      251.5087     2923.4023
 4  79  11.623  46060.199 183.115  -0.021    7.081  -10.000      251.5087     2923.4023
 1  79  11.623  46061.211 214.453   0.115    8.773  -10.000      251.5957     2924.4141
 2  79  11.623  46061.211 214.453   0.002    8.207  -10.000      251.5957     2924.4141
 3  79  11.623  46061.211 214.453   0.027    7.408  -10.000      251.5957     2924.4141
 4  79  11.623  46061.211 214.453   0.016    6.905  -10.000      251.5957     2924.4141
 3  79  11.623  50007.504  38.364  -0.028    7.874  -10.000      591.1066     6870.7070
 5  79  11.623  50007.504  38.364  -0.028    6.668  -10.000      591.1066     6870.7070
 3  79  11.623  50008.488  68.840   0.002    7.990  -10.000      591.1912     6871.6914
 5  79  11.623  50008.488  68.840   0.018    6.789  -10.000      591.1912     6871.6914
 3  79  11.623  50009.422  97.756   0.036    8.015  -10.000      591.2715     6872.6250
 5  79  11.623  50009.422  97.756   0.035    6.827  -10.000      591.2715     6872.6250
 3  79  11.623  50010.410 128.364   0.078    7.922  -10.000      591.3566     6873.6133
 5  79  11.623  50010.410 128.364   0.048    6.779  -10.000      591.3566     6873.6133
 3  79  11.623  50011.391 158.730   0.085    7.806  -10.000      591.4409     6874.5938
 5  79  11.623  50011.391 158.730   0.053    6.718  -10.000      591.4409     6874.5938
 3  79  11.623  50017.410 345.168   0.044    7.747  -10.000      591.9588     6880.6133
 5  79  11.623  50017.410 345.168   0.050    6.608  -10.000      591.9588     6880.6133
 3  79  11.623  50018.418  16.392  -0.034    7.789  -10.000      592.0455     6881.6211
 5  79  11.623  50018.418  16.392   0.002    6.638  -10.000      592.0455     6881.6211
 3  79  11.623  50019.359  45.549   0.014    7.941  -10.000      592.1265     6882.5625
 5  79  11.623  50019.359  45.549   0.027    6.742  -10.000      592.1265     6882.5625
 3  79  11.623  50020.320  75.300  -0.058    7.935  -10.000      592.2092     6883.5234
 5  79  11.623  50020.320  75.300  -0.035    6.743  -10.000      592.2092     6883.5234
 2  18  11.623  43516.688 245.907  -0.014    8.171  -10.000       32.6831      379.8906
 3  18  11.623  43516.688 245.907   0.006    7.359  -10.000       32.6831      379.8906
 9  18  11.623  43516.688 245.907  -0.021    6.617  -10.000       32.6831      379.8906
 2  18  11.623  43564.621 290.499   0.013    8.480  -10.000       36.8069      427.8242
 3  18  11.623  43564.621 290.499   0.013    7.533  -10.000       36.8069      427.8242
 9  18  11.623  43564.621 290.499  -0.026    6.707  -10.000       36.8069      427.8242
10  18  11.623  43564.621 290.499   0.029    6.167  -10.000       36.8069      427.8242
 2  18  11.623  43936.730 295.406  -0.003    8.490  -10.000       68.8206      799.9336
 3  18  11.623  43936.730 295.406   0.013    7.548  -10.000       68.8206      799.9336
 9  18  11.623  43936.730 295.406  -0.039    6.701  -10.000       68.8206      799.9336
10  18  11.623  43936.730 295.406   0.020    6.161  -10.000       68.8206      799.9336
 2  18  11.623  44215.840 299.935   0.000    8.518  -10.000       92.8332     1079.0430
 3  18  11.623  44215.840 299.935   0.003    7.553  -10.000       92.8332     1079.0430
 9  18  11.623  44215.840 299.935  -0.012    6.736  -10.000       92.8332     1079.0430
10  18  11.623  44215.840 299.935   0.001    6.146  -10.000       92.8332     1079.0430
 2  18  11.623  43937.586 321.902   0.020    8.657  -10.000       68.8942      800.7891
 3  18  11.623  43937.586 321.902   0.009    7.630  -10.000       68.8942      800.7891
 9  18  11.623  43937.586 321.902  -0.015    6.775  -10.000       68.8942      800.7891
10  18  11.623  43937.586 321.902   0.007    6.175  -10.000       68.8942      800.7891
 2  18  11.623  43565.703 324.012   0.027    8.674  -10.000       36.9000      428.9062
 3  18  11.623  43565.703 324.012   0.016    7.644  -10.000       36.9000      428.9062
 9  18  11.623  43565.703 324.012  -0.010    6.784  -10.000       36.9000      428.9062
10  18  11.623  43565.703 324.012   0.024    6.194  -10.000       36.9000      428.9062
 2  18  11.623  44216.848 331.147   0.005    8.689  -10.000       92.9199     1080.0508
 3  18  11.623  44216.848 331.147   0.006    7.657  -10.000       92.9199     1080.0508
 9  18  11.623  44216.848 331.147  -0.006    6.802  -10.000       92.9199     1080.0508
10  18  11.623  44216.848 331.147   0.013    6.192  -10.000       92.9199     1080.0508
 2  18  11.623  43821.863 337.760   0.009    8.732  -10.000       58.9382      685.0664
 3  18  11.623  43821.863 337.760   0.004    7.680  -10.000       58.9382      685.0664
 9  18  11.623  43821.863 337.760  -0.010    6.814  -10.000       58.9382      685.0664
10  18  11.623  43821.863 337.760   0.023    6.214  -10.000       58.9382      685.0664
 2  18  11.623  43938.598 353.238   0.024    8.831  -10.000       68.9812      801.8008
 3  18  11.623  43938.598 353.238   0.015    7.747  -10.000       68.9812      801.8008
 9  18  11.623  43938.598 353.238  -0.003    6.860  -10.000       68.9812      801.8008
10  18  11.623  43938.598 353.238   0.012    6.230  -10.000       68.9812      801.8008
 2  18  11.623  43508.715 358.980   0.030    8.868  -10.000       31.9972      371.9180
 3  18  11.623  43508.715 358.980   0.022    7.776  -10.000       31.9972      371.9180
 9  18  11.623  43508.715 358.980  -0.008    6.871  -10.000       31.9972      371.9180
10  18  11.623  43508.715 358.980   0.001    6.231  -10.000       31.9972      371.9180
 2  18  11.623  44217.836   1.758   0.020    8.874  -10.000       93.0049     1081.0391
 3  18  11.623  44217.836   1.758   0.007    7.772  -10.000       93.0049     1081.0391
 9  18  11.623  44217.836   1.758  -0.001    6.885  -10.000       93.0049     1081.0391
10  18  11.623  44217.836   1.758   0.009    6.245  -10.000       93.0049     1081.0391
 2  18  11.623  43939.598  24.208   0.015    8.992  -10.000       69.0672      802.8008
 3  18  11.623  43939.598  24.208   0.017    7.869  -10.000       69.0672      802.8008
 9  18  11.623  43939.598  24.208  -0.006    6.946  -10.000       69.0672      802.8008
10  18  11.623  43939.598  24.208   0.008    6.296  -10.000       69.0672      802.8008
 2  18  11.623  43731.000  43.558   0.024    9.087  -10.000       51.1210      594.2031
 3  18  11.623  43731.000  43.558   0.020    7.940  -10.000       51.1210      594.2031
 9  18  11.623  43731.000  43.558  -0.019    6.989  -10.000       51.1210      594.2031
10  18  11.623  43731.000  43.558   0.012    6.349  -10.000       51.1210      594.2031
 2  18  11.623  43940.602  55.302   0.024    9.134  -10.000       69.1536      803.8047
 3  18  11.623  43940.602  55.302  -0.002    7.957  -10.000       69.1536      803.8047
 9  18  11.623  43940.602  55.302  -0.027    7.014  -10.000       69.1536      803.8047
10  18  11.623  43940.602  55.302  -0.003    6.364  -10.000       69.1536      803.8047
 2  18  11.623  43731.996  74.409   0.041    9.182  -10.000       51.2067      595.1992
 3  18  11.623  43731.996  74.409   0.012    8.004  -10.000       51.2067      595.1992
 9  18  11.623  43731.996  74.409   0.017    7.093  -10.000       51.2067      595.1992
10  18  11.623  43731.996  74.409   0.060    6.463  -10.000       51.2067      595.1992
 2  18  11.623  43429.922  78.617  -0.022    9.116  -10.000       25.2184      293.1250
 3  18  11.623  43429.922  78.617   0.000    7.993  -10.000       25.2184      293.1250
 9  18  11.623  43429.922  78.617   0.010    7.089  -10.000       25.2184      293.1250
 2  18  11.623  43941.605  86.394  -0.025    9.103  -10.000       69.2400      804.8086
 3  18  11.623  43941.605  86.394  -0.019    7.974  -10.000       69.2400      804.8086
 9  18  11.623  43941.605  86.394  -0.043    7.042  -10.000       69.2400      804.8086
10  18  11.623  43941.605  86.394  -0.005    6.412  -10.000       69.2400      804.8086
 2  18  11.623  43569.691  87.535  -0.026    9.100  -10.000       37.2432      432.8945
 3  18  11.623  43569.691  87.535  -0.010    7.982  -10.000       37.2432      432.8945
 9  18  11.623  43569.691  87.535  -0.019    7.067  -10.000       37.2432      432.8945
10  18  11.623  43569.691  87.535   0.028    6.447  -10.000       37.2432      432.8945
 2  18  11.623  43825.801  99.711  -0.039    9.045  -10.000       59.2770      689.0039
 3  18  11.623  43825.801  99.711  -0.024    7.950  -10.000       59.2770      689.0039
 9  18  11.623  43825.801  99.711  -0.035    7.048  -10.000       59.2770      689.0039
10  18  11.623  43825.801  99.711   0.004    6.428  -10.000       59.2770      689.0039
 2  18  11.623  43825.918 103.340  -0.053    9.011  -10.000       59.2871      689.1211
 3  18  11.623  43825.918 103.340  -0.029    7.934  -10.000       59.2871      689.1211
 9  18  11.623  43825.918 103.340  -0.039    7.038  -10.000       59.2871      689.1211
10  18  11.623  43825.918 103.340  -0.015    6.408  -10.000       59.2871      689.1211
 2  18  11.623  43733.969 135.505  -0.028    8.781  -10.000       51.3764      597.1719
 3  18  11.623  43733.969 135.505  -0.019    7.791  -10.000       51.3764      597.1719
 9  18  11.623  43733.969 135.505  -0.049    6.940  -10.000       51.3764      597.1719
10  18  11.623  43733.969 135.505   0.006    6.380  -10.000       51.3764      597.1719
 2  18  11.623  44222.641 150.568   0.002    8.713  -10.000       93.4182     1085.8438
 3  18  11.623  44222.641 150.568   0.003    7.751  -10.000       93.4182     1085.8438
 9  18  11.623  44222.641 150.568  -0.024    6.926  -10.000       93.4182     1085.8438
10  18  11.623  44222.641 150.568  -0.003    6.346  -10.000       93.4182     1085.8438
 2  18  11.623  44222.805 155.649  -0.006    8.678  -10.000       93.4324     1086.0078
 3  18  11.623  44222.805 155.649   0.012    7.742  -10.000       93.4324     1086.0078
 9  18  11.623  44222.805 155.649  -0.015    6.923  -10.000       93.4324     1086.0078
10  18  11.623  44222.805 155.649   0.003    6.343  -10.000       93.4324     1086.0078
 2  18  11.623  43734.992 167.202  -0.015    8.617  -10.000       51.4645      598.1953
 3  18  11.623  43734.992 167.202   0.011    7.706  -10.000       51.4645      598.1953
 9  18  11.623  43734.992 167.202   0.009    6.922  -10.000       51.4645      598.1953
10  18  11.623  43734.992 167.202   0.051    6.372  -10.000       51.4645      598.1953
 2  18  11.623  43572.637 178.757  -0.033    8.541  -10.000       37.4965      435.8398
 3  18  11.623  43572.637 178.757  -0.006    7.646  -10.000       37.4965      435.8398
 9  18  11.623  43572.637 178.757  -0.028    6.853  -10.000       37.4965      435.8398
10  18  11.623  43572.637 178.757   0.008    6.303  -10.000       37.4965      435.8398
 2  18  11.623  44223.633 181.296  -0.028    8.531  -10.000       93.5036     1086.8359
 3  18  11.623  44223.633 181.296   0.000    7.641  -10.000       93.5036     1086.8359
 9  18  11.623  44223.633 181.296  -0.022    6.850  -10.000       93.5036     1086.8359
10  18  11.623  44223.633 181.296   0.012    6.300  -10.000       93.5036     1086.8359
 2  18  11.623  44223.805 186.619  -0.043    8.478  -10.000       93.5184     1087.0078
 3  18  11.623  44223.805 186.619  -0.010    7.603  -10.000       93.5184     1087.0078
 9  18  11.623  44223.805 186.619  -0.029    6.821  -10.000       93.5184     1087.0078
10  18  11.623  44223.805 186.619   0.021    6.291  -10.000       93.5184     1087.0078
 2  18  11.623  43735.996 198.296  -0.116    8.290  -10.000       51.5508      599.1992
 3  18  11.623  43735.996 198.296  -0.040    7.490  -10.000       51.5508      599.1992
 9  18  11.623  43735.996 198.296  -0.028    6.759  -10.000       51.5508      599.1992
10  18  11.623  43735.996 198.296   0.030    6.249  -10.000       51.5508      599.1992
 2  18  11.623  43736.977 228.663  -0.008    8.114  -10.000       51.6352      600.1797
 3  18  11.623  43736.977 228.663   0.013    7.331  -10.000       51.6352      600.1797
 9  18  11.623  43736.977 228.663   0.018    6.639  -10.000       51.6352      600.1797
10  18  11.623  43736.977 228.663   0.098    6.179  -10.000       51.6352      600.1797
 2 150  11.623  50326.438 196.326   0.098    8.528  -10.000      618.5453     7189.6406
 3 150  11.623  50326.438 196.326   0.081    7.628  -10.000      618.5453     7189.6406
 4 150  11.623  50326.438 196.326   0.055    7.085  -10.000      618.5453     7189.6406
 2 150  11.623  50327.473 228.384   0.018    8.140  -10.000      618.6344     7190.6758
 3 150  11.623  50327.473 228.384   0.021    7.339  -10.000      618.6344     7190.6758
 4 150  11.623  50327.473 228.384   0.045    6.879  -10.000      618.6344     7190.6758
 2 150  11.623  50328.496 260.068  -0.064    8.222  -10.000      618.7224     7191.6992
 3 150  11.623  50328.496 260.068  -0.078    7.338  -10.000      618.7224     7191.6992
 4 150  11.623  50328.496 260.068  -0.051    6.854  -10.000      618.7224     7191.6992
 2 150  11.623  50332.414  21.423  -0.045    8.919  -10.000      619.0595     7195.6172
 3 150  11.623  50332.414  21.423  -0.037    7.806  -10.000      619.0595     7195.6172
 2 150  11.623  50333.434  52.998  -0.046    9.056  -10.000      619.1472     7196.6367
 3 150  11.623  50333.434  52.998  -0.010    7.942  -10.000      619.1472     7196.6367
 2 150  11.623  50334.445  84.331  -0.047    9.085  -10.000      619.2343     7197.6484
 3 150  11.623  50334.445  84.331  -0.027    7.966  -10.000      619.2343     7197.6484
 4 150  11.623  50334.445  84.331  -0.027    7.343  -10.000      619.2343     7197.6484
 2 150  11.623  50335.453 115.554   0.058    9.035  -10.000      619.3210     7198.6562
 3 150  11.623  50335.453 115.554   0.033    7.945  -10.000      619.3210     7198.6562
 4 150  11.623  50335.453 115.554  -0.011    7.309  -10.000      619.3210     7198.6562
 2 150  11.623  50337.391 175.562   0.102    8.694  -10.000      619.4877     7200.5938
 3 150  11.623  50337.391 175.562   0.066    7.731  -10.000      619.4877     7200.5938
 4 150  11.623  50337.391 175.562   0.011    7.141  -10.000      619.4877     7200.5938
 2 150  11.623  50338.461 208.696   0.104    8.375  -10.000      619.5797     7201.6641
 3 150  11.623  50338.461 208.696   0.067    7.497  -10.000      619.5797     7201.6641
 4 150  11.623  50338.461 208.696   0.042    6.973  -10.000      619.5797     7201.6641
 2 150  11.623  50340.391 268.484  -0.048    8.293  -10.000      619.7458     7203.5938
 3 150  11.623  50340.391 268.484  -0.048    7.401  -10.000      619.7458     7203.5938
 4 150  11.623  50340.391 268.484  -0.065    6.863  -10.000      619.7458     7203.5938
 2 150  11.623  50341.398 299.685  -0.062    8.454  -10.000      619.8325     7204.6016
 3 150  11.623  50341.398 299.685  -0.039    7.510  -10.000      619.8325     7204.6016
 4 150  11.623  50341.398 299.685  -0.043    6.953  -10.000      619.8325     7204.6016
 2 150  11.623  50342.406 330.908  -0.081    8.602  -10.000      619.9192     7205.6094
 3 150  11.623  50342.406 330.908  -0.056    7.594  -10.000      619.9192     7205.6094
 4 150  11.623  50342.406 330.908  -0.059    7.011  -10.000      619.9192     7205.6094
 2 150  11.623  50344.398  32.607  -0.027    8.988  -10.000      620.0906     7207.6016
 3 150  11.623  50344.398  32.607  -0.041    7.841  -10.000      620.0906     7207.6016
 2 150  11.623  50347.406 125.750   0.032    8.920  -10.000      620.3493     7210.6094
 3 150  11.623  50347.406 125.750   0.000    7.858  -10.000      620.3493     7210.6094
 4 150  11.623  50347.406 125.750  -0.013    7.267  -10.000      620.3493     7210.6094
 0 119  11.623  46865.273 277.734   2.106  -33.480    1.040      320.7715     3728.4766
 0 119  11.623  46866.273 308.705  -2.486  -34.060    1.210      320.8575     3729.4766
 0 119  11.623  46889.328 302.761  -3.064  -35.950    0.600      322.8410     3752.5312
 0 119  11.623  47471.465 332.589  -1.660  -29.290    0.580      372.9239     4334.6680
 0 119  11.623  47792.559 197.457  -2.329  -28.720    0.580      400.5485     4655.7617
 0 119  11.623  47962.258  53.350  -0.146  -11.170    0.450      415.1482     4825.4609
 0 119  11.623  47970.227 300.157  -1.222  -34.770    7.300      415.8338     4833.4297
 0 119  11.623  47979.301 221.199  -3.521  -31.630    0.820      416.6144     4842.5039
 0 119  11.623  47991.293 232.625  -1.144  -31.320    1.140      417.6462     4854.4961
 0 119  11.623  47991.297 232.745  -2.095  -32.310    0.950      417.6465     4854.5000
 0 119  11.623  48149.609  95.966   2.750   -1.980    0.510      431.2666     5012.8125
 0 119  11.623  48150.625 127.430  -4.864  -11.860    0.460      431.3540     5013.8281
 0 119  11.623  48151.578 156.951  -4.687  -22.770    0.510      431.4360     5014.7812
 0 119  11.623  48151.582 157.072  -6.508  -24.610    0.480      431.4363     5014.7852
 0 119  11.623  48152.594 188.405  -2.758  -28.690    0.350      431.5233     5015.7969
 0 119  11.623  48154.551 249.016  -5.867  -35.680    0.460      431.6917     5017.7539
 0 119  11.623  48210.535 182.955   0.437  -25.500    0.570      436.5082     5073.7383
 0 119  11.623  48219.445  98.921   3.701   -1.850    0.390      437.2748     5082.6484
 0 119  11.623  48220.449 130.012  -0.291   -7.310    0.560      437.3611     5083.6523
 0 119  11.623  48245.391 182.494   4.810  -21.020    0.370      439.5069     5108.5938
 0 119  11.623  48251.414   9.053   2.299  -19.030    0.400      440.0251     5114.6172
 0 119  11.623  48252.449  41.111  -0.199  -13.120    0.390      440.1142     5115.6523
 0 119  11.623  48253.414  70.994   3.383   -5.710    0.290      440.1972     5116.6172
 0 119  11.623  48279.285 152.271  -0.434  -18.370    0.420      442.4230     5142.4883
 0 119  11.623  48288.262  70.291   2.759   -6.190    0.350      443.1953     5151.4648
 0 119  11.623  48329.160 256.992  -1.636  -33.640    0.430      446.7139     5192.3633
 0 119  11.623  48339.230 208.883  -0.731  -30.050    0.500      447.5802     5202.4336
 0 119  11.623  48345.156  32.421  -2.349  -15.550    0.430      448.0901     5208.3594
 0 119  11.623  48555.477  66.423   1.559   -6.770    0.370      466.1845     5418.6797
 0 119  11.623  48561.484 252.488  -0.818  -30.460    0.510      466.7014     5424.6875
 0 119  11.623  48566.434  45.780   2.586   -9.740    0.460      467.1272     5429.6367
 0 119  11.623  48567.426  76.509   1.995   -6.770    0.460      467.2125     5430.6289
 0 119  11.623  48569.410 137.966  -1.820  -10.730    0.790      467.3832     5432.6133
 0 119  11.623  48572.410 230.889  -1.626  -31.360    0.510      467.6414     5435.6133
 0 119  11.623  48575.438 324.646  -1.645  -32.090    0.320      467.9018     5438.6406
 0 119  11.623  48586.348 302.552  -2.552  -35.490    0.510      468.8404     5449.5508
 0 119  11.623  48587.375 334.369  -0.498  -27.570    0.730      468.9288     5450.5781
 0 119  11.623  48590.395  67.896   1.064   -7.420    0.540      469.1886     5453.5977
 0 119  11.623  48591.293  95.724  -0.306   -4.940    0.670      469.2659     5454.4961
 0 119  11.623  48598.395 315.670  -1.670  -32.820    0.480      469.8769     5461.5977
 0 119  11.623  48600.289  14.348   1.675  -18.070    0.560      470.0399     5463.4922
 0 119  11.623  49455.262 214.409   0.081  -27.160    0.480      543.5956     6318.4648
 0 119  11.623  49636.477  66.973   2.480   -5.890    0.520      559.1860     6499.6797
 0 119  11.623  49648.512  79.717  -1.903   -8.660    0.280      560.2214     6511.7148
 0 119  11.623  49789.312 120.586   0.718   -6.180    0.320      572.3350     6652.5156
 0 119  11.623  50096.387 271.230   4.651  -30.030    0.310      598.7534     6959.5898
 0 119  11.623  50097.391 302.322   0.108  -32.890    0.330      598.8398     6960.5938
 0 119  11.623  50108.352 281.799   6.980  -29.450    0.440      599.7828     6971.5547
 0 119  11.623  50116.383 170.552  -0.766  -24.400    0.450      600.4738     6979.5859
 0 119  11.623  50121.293 322.625  -0.646  -31.490    0.380      600.8962     6984.4961
 0 119  11.623  50124.309  56.008   0.759   -9.730    0.230      601.1556     6987.5117
 0 119  11.623  50143.379 286.655   3.156  -33.170    0.430      602.7963     7006.5820
 0 119  11.623  50144.293 314.978  -2.971  -34.120    0.300      602.8749     7007.4961
 0 119  11.623  50165.355 247.324  -2.079  -32.550    0.490      604.6870     7028.5586
 0 119  11.623  50499.367 152.271   1.366  -16.570    0.510      633.4230     7362.5703
 0 119  11.623  50503.215 271.428  -0.731  -35.400    0.670      633.7540     7366.4180
 0 119  11.623  50518.348  20.127   0.680  -17.260    0.290      635.0559     7381.5508
 0 119  11.623  50898.285 267.495   4.033  -31.170    0.420      667.7430     7761.4883
 0 119  11.623  50900.270 328.953  -1.166  -30.190    0.430      667.9138     7763.4727
 0 119  11.623  50901.328   1.736   1.386  -20.520    0.330      668.0048     7764.5312
 0 119  11.623  50907.355 188.416   0.862  -25.070    0.420      668.5234     7770.5586
 0 119  11.623  50908.309 217.925   3.975  -23.290    0.610      668.6053     7771.5117
 0 119  11.623  50909.340 249.873  -1.371  -30.970    0.540      668.6941     7772.5430
 0 119  11.623  50914.359  45.330   0.326  -12.080    0.380      669.1259     7777.5625
 0  32  11.623  43384.957 125.974   0.682   -6.300    3.800       21.3499      248.1602
 0  32  11.623  43385.941 156.462  -4.774  -22.800    3.800       21.4346      249.1445
 0  32  11.623  43386.938 187.313   3.816  -22.300    3.800       21.5203      250.1406
 0  32  11.623  43387.938 218.285   1.435  -25.900    3.800       21.6063      251.1406
18 163  11.623  47919.781 177.770   0.009    7.826  -10.000      411.4938     4782.9844
18 163  11.623  47932.652 216.420   0.020    7.550  -10.000      412.6012     4795.8555
18 163  11.623  47932.668 216.903   0.017    7.544  -10.000      412.6025     4795.8711
18 163  11.623  47932.742 219.199   0.012    7.525  -10.000      412.6089     4795.9453
18 163  11.623  47932.758 219.683   0.017    7.528  -10.000      412.6102     4795.9609
18 163  11.623  47964.277 115.895   0.031    8.097  -10.000      415.3219     4827.4805
18 163  11.623  47964.293 116.378   0.015    8.079  -10.000      415.3233     4827.4961
18 163  11.623  47964.367 118.685   0.005    8.058  -10.000      415.3297     4827.5703
18 163  11.623  47964.383 119.169   0.017    8.067  -10.000      415.3310     4827.5859
18 163  11.623  48003.191 241.139  -0.059    7.439  -10.000      418.6698     4866.3945
18 163  11.623  48003.207 241.622  -0.053    7.447  -10.000      418.6712     4866.4102
18 163  11.623  48003.281 243.918  -0.053    7.455  -10.000      418.6776     4866.4844
18 163  11.623  48003.297 244.402  -0.066    7.443  -10.000      418.6789     4866.5000
18 163  11.623  48003.371 246.709  -0.050    7.469  -10.000      418.6853     4866.5742
18 163  11.623  48003.383 247.072  -0.066    7.455  -10.000      418.6863     4866.5859
18 163  11.623  48004.082 268.726  -0.035    7.576  -10.000      418.7465     4867.2852
18 163  11.623  48004.094 269.088  -0.046    7.566  -10.000      418.7475     4867.2969
18 163  11.623  48004.172 271.505  -0.038    7.583  -10.000      418.7542     4867.3750
18 163  11.623  48004.184 271.868  -0.045    7.577  -10.000      418.7552     4867.3867
18 163  11.623  48004.273 274.647  -0.039    7.593  -10.000      418.7629     4867.4766
18 163  11.623  48004.363 277.438  -0.027    7.615  -10.000      418.7707     4867.5664
18 163  11.623  48004.527 282.513  -0.049    7.608  -10.000      418.7848     4867.7305
18 163  11.623  48004.539 282.876  -0.043    7.616  -10.000      418.7858     4867.7422
18 163  11.623  48004.613 285.172  -0.034    7.631  -10.000      418.7921     4867.8164
18 163  11.623  48004.629 285.656  -0.033    7.633  -10.000      418.7935     4867.8320
18 163  11.623  48004.703 287.963  -0.037    7.635  -10.000      418.7999     4867.9062
18 163  11.623  48004.719 288.446  -0.034    7.640  -10.000      418.8012     4867.9219
18 163  11.623  48004.809 291.226  -0.033    7.649  -10.000      418.8090     4868.0117
18 163  11.623  48004.969 296.191  -0.034    7.662  -10.000      418.8228     4868.1719
18 163  11.623  48004.984 296.675  -0.036    7.662  -10.000      418.8241     4868.1875
18 163  11.623  48005.059 298.971  -0.023    7.682  -10.000      418.8305     4868.2617
18 163  11.623  48005.074 299.454  -0.025    7.682  -10.000      418.8318     4868.2773
18 163  11.623  48005.148 301.750  -0.029    7.685  -10.000      418.8382     4868.3516
18 163  11.623  48005.164 302.234  -0.032    7.684  -10.000      418.8395     4868.3672
18 163  11.623  48005.504 312.759  -0.024    7.728  -10.000      418.8688     4868.7070
18 163  11.623  48005.520 313.242  -0.023    7.731  -10.000      418.8701     4868.7227
18 163  11.623  48005.605 315.912  -0.035    7.727  -10.000      418.8775     4868.8086
18 163  11.623  48005.695 318.691  -0.028    7.742  -10.000      418.8853     4868.8984
18 163  11.623  48135.359  14.623  -0.010    7.961  -10.000      430.0406     4998.5625
18 163  11.623  48135.535  20.072   0.002    7.995  -10.000      430.0558     4998.7383
18 163  11.623  48166.086 246.281  -0.056    7.461  -10.000      432.6841     5029.2891
18 163  11.623  48166.102 246.764  -0.054    7.465  -10.000      432.6855     5029.3047
18 163  11.623  48166.176 249.060  -0.074    7.455  -10.000      432.6918     5029.3789
18 163  11.623  48166.191 249.543  -0.054    7.477  -10.000      432.6932     5029.3945
18 163  11.623  48182.086  21.830  -0.009    7.989  -10.000      434.0606     5045.2891
18 163  11.623  48182.176  24.609  -0.013    7.995  -10.000      434.0684     5045.3789
18 163  11.623  48182.191  25.093  -0.009    8.001  -10.000      434.0697     5045.3945
18 163  11.623  48310.801  48.362  -0.007    8.083  -10.000      445.1343     5174.0039
18 163  11.623  48310.875  50.658  -0.002    8.096  -10.000      445.1407     5174.0781
18 163  11.623  48310.891  51.141  -0.009    8.091  -10.000      445.1421     5174.0938
18 163  11.623  48336.996 139.680   0.027    7.978  -10.000      447.3880     5200.1992
18 163  11.623  48337.012 140.164   0.036    7.985  -10.000      447.3893     5200.2148
18 163  11.623  48337.086 142.460   0.022    7.961  -10.000      447.3957     5200.2891
18 163  11.623  48337.102 142.943   0.012    7.949  -10.000      447.3971     5200.3047
18 163  11.623  48337.176 145.250   0.035    7.963  -10.000      447.4035     5200.3789
18 163  11.623  48357.703  61.018   0.011    8.139  -10.000      449.1695     5220.9062
18 163  11.623  48357.895  66.940   0.002    8.141  -10.000      449.1859     5221.0977
18 163  11.623  48481.234 287.007  -0.042    7.628  -10.000      459.7972     5344.4375
18 163  11.623  48481.250 287.490  -0.037    7.634  -10.000      459.7986     5344.4531
18 163  11.623  48481.324 289.786  -0.039    7.639  -10.000      459.8050     5344.5273
18 163  11.623  48481.336 290.149  -0.034    7.645  -10.000      459.8060     5344.5391
18 163  11.623  48481.414 292.566  -0.037    7.648  -10.000      459.8127     5344.6172
18 163  11.623  48481.426 292.928  -0.034    7.653  -10.000      459.8137     5344.6289
18 163  11.623  48504.609 290.973  -0.037    7.644  -10.000      461.8083     5367.8125
18 163  11.623  48658.227   8.778  -0.025    7.922  -10.000      475.0244     5521.4297
18 163  11.623  48658.242   9.261  -0.028    7.922  -10.000      475.0257     5521.4453
18 163  11.623  48658.316  11.558  -0.015    7.944  -10.000      475.0321     5521.5195
18 163  11.623  48658.328  11.920  -0.028    7.932  -10.000      475.0331     5521.5312
18 163  11.623  48658.406  14.337  -0.049    7.922  -10.000      475.0398     5521.6094
18 163  11.623  48658.418  14.700  -0.036    7.935  -10.000      475.0408     5521.6211
18 163  11.623  48676.176 204.697   0.027    7.658  -10.000      476.5686     5539.3789
18 163  11.623  48676.191 205.181   0.038    7.665  -10.000      476.5699     5539.3945
18 163  11.623  48676.266 207.477   0.055    7.659  -10.000      476.5763     5539.4688
18 163  11.623  48676.281 207.960   0.031    7.630  -10.000      476.5777     5539.4844
18 163  11.623  48704.441   0.132  -0.026    7.888  -10.000      479.0004     5567.6445
18 163  11.623  48704.516   2.428  -0.012    7.911  -10.000      479.0067     5567.7188
18 163  11.623  48704.531   2.911  -0.040    7.885  -10.000      479.0081     5567.7344
18 163  11.623  48830.027 289.764  -0.047    7.630  -10.000      489.8049     5693.2305
18 163  11.623  48830.043 290.248  -0.051    7.628  -10.000      489.8062     5693.2461
18 163  11.623  48830.117 292.544  -0.033    7.653  -10.000      489.8126     5693.3203
18 163  11.623  48830.133 293.027  -0.041    7.646  -10.000      489.8140     5693.3359
 0 151  11.623  50096.387 271.230   4.651  -30.030    0.310      598.7534     6959.5898
 0 151  11.623  50097.391 302.322   0.108  -32.890    0.330      598.8398     6960.5938
 0 151  11.623  50108.352 281.799   6.980  -29.450    0.440      599.7828     6971.5547
 0 151  11.623  50116.383 170.552  -0.766  -24.400    0.450      600.4738     6979.5859
 0 151  11.623  50121.293 322.625  -0.646  -31.490    0.380      600.8962     6984.4961
 0 151  11.623  50124.309  56.008   0.759   -9.730    0.230      601.1556     6987.5117
 0 151  11.623  50143.379 286.655   3.156  -33.170    0.430      602.7963     7006.5820
 0 151  11.623  50144.293 314.978  -2.971  -34.120    0.300      602.8749     7007.4961
 0 151  11.623  50165.355 247.324  -2.079  -32.550    0.490      604.6870     7028.5586
 0 151  11.623  50499.367 152.271   1.366  -16.570    0.510      633.4230     7362.5703
 0 151  11.623  50503.215 271.428  -0.731  -35.400    0.670      633.7540     7366.4180
 0 151  11.623  50518.348  20.127   0.680  -17.260    0.290      635.0559     7381.5508
 0 151  11.623  50898.285 267.495   4.033  -31.170    0.420      667.7430     7761.4883
 0 151  11.623  50900.270 328.953  -1.166  -30.190    0.430      667.9138     7763.4727
 0 151  11.623  50901.328   1.736   1.386  -20.520    0.330      668.0048     7764.5312
 0 151  11.623  50907.355 188.416   0.862  -25.070    0.420      668.5234     7770.5586
 0 151  11.623  50908.309 217.925   3.975  -23.290    0.610      668.6053     7771.5117
 0 151  11.623  50909.340 249.873  -1.371  -30.970    0.540      668.6941     7772.5430
 0 151  11.623  50914.359  45.330   0.326  -12.080    0.380      669.1259     7777.5625
 1  14  11.623  43438.605 347.564   0.074    9.620  -10.000       25.9655      301.8086
 2  14  11.623  43438.605 347.564   0.103    8.880  -10.000       25.9655      301.8086
 3  14  11.623  43438.605 347.564   0.049    7.760  -10.000       25.9655      301.8086
 1  14  11.623  43483.652 302.748   0.105    9.290  -10.000       29.8410      346.8555
 2  14  11.623  43483.652 302.748   0.036    8.570  -10.000       29.8410      346.8555
 3  14  11.623  43483.652 302.748   0.041    7.600  -10.000       29.8410      346.8555
 1  14  11.623  43490.523 155.559  -0.018    9.290  -10.000       30.4321      353.7266
 2  14  11.623  43490.523 155.559   0.076    8.760  -10.000       30.4321      353.7266
 3  14  11.623  43490.523 155.559   0.080    7.810  -10.000       30.4321      353.7266
 1  14  11.623  43599.312 284.955   0.045    9.080  -10.000       39.7915      462.5156
 2  14  11.623  43599.312 284.955   0.072    8.510  -10.000       39.7915      462.5156
 3  14  11.623  43599.312 284.955   0.046    7.550  -10.000       39.7915      462.5156
 2  14  11.623  43607.297 172.245   0.052    8.660  -10.000       40.4785      470.5000
 3  14  11.623  43607.297 172.245   0.053    7.730  -10.000       40.4785      470.5000
 1  14  11.623  43777.535  44.837   0.028    9.970  -10.000       55.1245      640.7383
 2  14  11.623  43777.535  44.837   0.061    9.130  -10.000       55.1245      640.7383
 3  14  11.623  43777.535  44.837   0.055    7.980  -10.000       55.1245      640.7383
 1  14  11.623  43789.617  59.039   0.034   10.040  -10.000       56.1640      652.8203
 2  14  11.623  43789.617  59.039   0.038    9.160  -10.000       56.1640      652.8203
 3  14  11.623  43789.617  59.039   0.051    8.020  -10.000       56.1640      652.8203
 1  14  11.623  43791.574 119.652  -0.044    9.650  -10.000       56.3324      654.7773
 2  14  11.623  43791.574 119.652   0.038    8.980  -10.000       56.3324      654.7773
 3  14  11.623  43791.574 119.652   0.059    7.950  -10.000       56.3324      654.7773
 1  14  11.623  43830.398 242.108   0.125    8.740  -10.000       59.6725      693.6016
 2  14  11.623  43830.398 242.108   0.038    8.200  -10.000       59.6725      693.6016
 3  14  11.623  43830.398 242.108   0.031    7.370  -10.000       59.6725      693.6016
 1  14  11.623  43911.445 232.278   0.135    8.690  -10.000       66.6452      774.6484
 2  14  11.623  43911.445 232.278   0.006    8.130  -10.000       66.6452      774.6484
 3  14  11.623  43911.445 232.278   0.032    7.350  -10.000       66.6452      774.6484
 1  14  11.623  43926.434 336.492   0.072    9.530  -10.000       67.9347      789.6367
 2  14  11.623  43926.434 336.492   0.075    8.790  -10.000       67.9347      789.6367
 3  14  11.623  43926.434 336.492   0.059    7.730  -10.000       67.9347      789.6367
 1  14  11.623  43957.301 212.506   0.014    8.700  -10.000       70.5903      820.5039
 2  14  11.623  43957.301 212.506   0.005    8.230  -10.000       70.5903      820.5039
 3  14  11.623  43957.301 212.506   0.033    7.430  -10.000       70.5903      820.5039
 2  14  11.623  43966.312 131.616   0.062    8.900  -10.000       71.3656      829.5156
 3  14  11.623  43966.312 131.616   0.032    7.860  -10.000       71.3656      829.5156
 1  14  11.623  44143.473 218.589   0.133    8.740  -10.000       86.6072     1006.6758
 2  14  11.623  44143.473 218.589   0.043    8.210  -10.000       86.6072     1006.6758
 3  14  11.623  44143.473 218.589   0.056    7.410  -10.000       86.6072     1006.6758
 1  14  11.623  44162.535  88.989  -0.109    9.870  -10.000       88.2472     1025.7383
 2  14  11.623  44162.535  88.989   0.007    9.130  -10.000       88.2472     1025.7383
 3  14  11.623  44162.535  88.989   0.028    8.020  -10.000       88.2472     1025.7383
 1  14  11.623  44203.324 272.302   0.148    9.070  -10.000       91.7564     1066.5273
 2  14  11.623  44203.324 272.302   0.114    8.480  -10.000       91.7564     1066.5273
 3  14  11.623  44203.324 272.302   0.037    7.500  -10.000       91.7564     1066.5273
 1  14  11.623  44251.332 319.191   0.049    9.370  -10.000       95.8866     1114.5352
 2  14  11.623  44251.332 319.191   0.046    8.670  -10.000       95.8866     1114.5352
 3  14  11.623  44251.332 319.191   0.017    7.630  -10.000       95.8866     1114.5352
 0  24  11.623  44178.859 234.580  -1.115  -31.990    3.800       89.6516     1042.0625
 0  24  11.623  43563.660 260.737   2.299  -32.130    3.800       36.7243      426.8633
 0  24  11.623  44179.902 266.885   3.836  -31.460    3.800       89.7413     1043.1055
 0  24  11.623  43819.906 277.147  -0.538  -35.970    3.800       58.7699      683.1094
 0  24  11.623  43819.906 277.147   2.062  -33.370    3.800       58.7699      683.1094
 0  24  11.623  43564.633 290.862   2.211  -33.340    3.800       36.8079      427.8359
 0  24  11.623  44215.820 299.328  -4.069  -37.820    3.800       92.8315     1079.0234
 0  24  11.623  43820.852 306.425  -6.173  -38.170    3.800       58.8512      684.0547
 0  24  11.623  43820.852 306.425 -10.593  -42.590    3.800       58.8512      684.0547
 0  24  11.623  44134.973 315.330  -3.821  -34.970    3.800       85.8759      998.1758
 0  24  11.623  43565.602 320.865   0.955  -30.090    3.800       36.8913      428.8047
 0  24  11.623  43821.855 337.518   4.279  -22.160    3.800       58.9375      685.0586
 0  24  11.623  43880.719   0.621  -0.645  -22.480    3.800       64.0017      743.9219
 0  24  11.623  44217.816   1.151  -1.452  -23.320    3.800       93.0032     1081.0195
 0  24  11.623  43822.809   7.038  -2.653  -24.400    3.800       59.0196      686.0117
 0  24  11.623  43939.613  24.692   1.538  -14.530    3.800       69.0686      802.8164
 0  24  11.623  44218.801  31.641  -3.265  -16.620    3.800       93.0879     1082.0039
 0  24  11.623  43940.609  55.544   0.788   -9.810    3.800       69.1543      803.8125
 0  24  11.623  43882.695  61.839   3.703   -5.160    3.800       64.1718      745.8984
 0  24  11.623  44952.836  86.050  -2.872   -5.160    3.800      156.2390     1816.0391
 0  24  11.623  43941.617  86.756  -6.166   -8.240    3.800       69.2410      804.8203
 0  24  11.623  43825.844 101.041  -2.266   -8.000    3.800       59.2807      689.0469
 0  24  11.623  43825.859 101.526  -3.849   -9.590    3.800       59.2820      689.0625
 0  24  11.623  44198.883 134.745   2.893   -4.640    3.800       91.3743     1062.0859
 0  24  11.623  43885.672 154.028  -3.502  -21.450    3.800       64.4279      748.8750
 0  24  11.623  44199.844 164.507  -5.898  -27.340    3.800       91.4570     1063.0469
 0  24  11.623  44200.855 195.840  -5.100  -30.770    3.800       91.5440     1064.0586
 0  24  11.623  44572.820 196.273  -6.437  -32.270    3.800      123.5452     1436.0234
 0  24  11.623  44177.883 204.335  -5.301  -35.220    3.800       89.5676     1041.0859
 0 171  11.623  49649.531 111.292   2.031   -4.110    0.350      560.3091     6512.7344
 0 171  11.623  49650.539 142.515  -1.688  -14.260    0.260      560.3959     6513.7422
 0 171  11.623  49652.512 203.599   0.275  -29.460    0.250      560.5656     6515.7148
 0 171  11.623  49654.508 265.430   2.723  -32.720    0.450      560.7373     6517.7109
 0 171  11.623  49978.609 223.440  -1.707  -30.400    0.430      588.6207     6841.8125
 0 171  11.623  49981.605 316.230  -2.128  -33.280    0.250      588.8784     6844.8086
 0 171  11.623  49799.312  70.291   1.130   -7.820    0.520      573.1953     6662.5156
 0 171  11.623  49982.570 346.113  -1.527  -26.840    0.260      588.9614     6845.7734
 0 171  11.623  49800.316 101.382   1.570   -4.170    0.530      573.2816     6663.5195
 0 171  11.623  49801.320 132.473  -2.467   -9.610    0.500      573.3680     6664.5234
 0 171  11.623  49802.355 164.531  -1.688  -23.150    0.640      573.4570     6665.5586
 0 171  11.623  49805.355 257.454   1.144  -31.190    0.570      573.7151     6668.5586
 0 171  11.623  50155.320 296.499  -1.592  -35.980    0.340      603.8236     7018.5234
 0 171  11.623  50349.574 192.898  -4.749  -29.940    0.300      620.5358     7212.7773
 0 171  11.623  50352.531 284.480   0.909  -35.620    0.270      620.7902     7215.7344
 0 171  11.623  50699.539 231.965  -0.364  -30.350    0.380      650.6443     7562.7422
 0 171  11.623  50465.426 181.033  -1.787  -27.210    0.280      630.5029     7328.6289
 0 171  11.623  50466.496 214.189  -3.275  -30.560    0.370      630.5950     7329.6992
 0 171  11.623  50875.336 276.702   0.987  -34.330    0.300      665.7686     7738.5391
 0 171  11.623  50876.281 305.991  -2.417  -34.510    0.240      665.8500     7739.4844
 0 171  11.623  50878.348   9.976   0.188  -20.890    0.200      666.0277     7741.5508
 0 171  11.623  51134.566  25.554  -1.729  -17.400    0.270      688.0710     7997.7695
 0 171  11.623  51135.570  56.646   1.475   -8.860    0.440      688.1573     7998.7734
 0 171  11.623  51136.488  85.078  -2.322   -5.040    0.260      688.2363     7999.6914
 0 171  11.623  51137.574 118.696   0.863   -5.990    0.250      688.3297     8000.7773
 3   9  11.623  43457.949 226.675  -0.041    7.280  -10.000       27.6297      321.1523
14   9  11.623  43457.949 226.675  -0.046    8.320  -10.000       27.6297      321.1523
15   9  11.623  43457.949 226.675  -0.034    7.510  -10.000       27.6297      321.1523
16   9  11.623  43457.949 226.675  -0.039    6.830  -10.000       27.6297      321.1523
17   9  11.623  43457.949 226.675  -0.030    6.350  -10.000       27.6297      321.1523
 3   9  11.623  43806.941 235.602  -0.022    7.300  -10.000       57.6544      670.1445
14   9  11.623  43806.941 235.602  -0.028    8.350  -10.000       57.6544      670.1445
15   9  11.623  43806.941 235.602  -0.017    7.530  -10.000       57.6544      670.1445
16   9  11.623  43806.941 235.602  -0.017    6.850  -10.000       57.6544      670.1445
17   9  11.623  43806.941 235.602  -0.025    6.350  -10.000       57.6544      670.1445
 3   9  11.623  43784.930 273.859   0.021    7.490  -10.000       55.7607      648.1328
14   9  11.623  43784.930 273.859   0.027    8.710  -10.000       55.7607      648.1328
15   9  11.623  43784.930 273.859   0.034    7.750  -10.000       55.7607      648.1328
16   9  11.623  43784.930 273.859   0.009    6.980  -10.000       55.7607      648.1328
17   9  11.623  43784.930 273.859  -0.014    6.430  -10.000       55.7607      648.1328
 3   9  11.623  43786.020 307.613   0.024    7.600  -10.000       55.8545      649.2227
14   9  11.623  43786.020 307.613   0.039    8.960  -10.000       55.8545      649.2227
15   9  11.623  43786.020 307.613   0.038    7.880  -10.000       55.8545      649.2227
16   9  11.623  43786.020 307.613   0.018    7.060  -10.000       55.8545      649.2227
17   9  11.623  43786.020 307.613   0.013    6.500  -10.000       55.8545      649.2227
 3   9  11.623  43460.922 318.744   0.008    7.620  -10.000       27.8854      324.1250
14   9  11.623  43460.922 318.744   0.015    9.010  -10.000       27.8854      324.1250
15   9  11.623  43460.922 318.744   0.027    7.910  -10.000       27.8854      324.1250
16   9  11.623  43460.922 318.744   0.012    7.080  -10.000       27.8854      324.1250
17   9  11.623  43460.922 318.744   0.007    6.510  -10.000       27.8854      324.1250
 3   9  11.623  43788.000   8.951   0.067    7.860  -10.000       56.0249      651.2031
14   9  11.623  43788.000   8.951   0.111    9.440  -10.000       56.0249      651.2031
15   9  11.623  43788.000   8.951   0.085    8.170  -10.000       56.0249      651.2031
16   9  11.623  43788.000   8.951   0.063    7.270  -10.000       56.0249      651.2031
17   9  11.623  43788.000   8.951   0.051    6.660  -10.000       56.0249      651.2031
 3   9  11.623  43428.012  19.456   0.005    7.840  -10.000       25.0540      291.2148
14   9  11.623  43428.012  19.456   0.041    9.440  -10.000       25.0540      291.2148
15   9  11.623  43428.012  19.456   0.029    8.160  -10.000       25.0540      291.2148
16   9  11.623  43428.012  19.456   0.019    7.260  -10.000       25.0540      291.2148
17   9  11.623  43428.012  19.456   0.003    6.640  -10.000       25.0540      291.2148
 3   9  11.623  43428.949  48.492   0.003    7.940  -10.000       25.1347      292.1523
14   9  11.623  43428.949  48.492   0.033    9.580  -10.000       25.1347      292.1523
15   9  11.623  43428.949  48.492   0.020    8.260  -10.000       25.1347      292.1523
16   9  11.623  43428.949  48.492   0.020    7.350  -10.000       25.1347      292.1523
17   9  11.623  43428.949  48.492   0.024    6.740  -10.000       25.1347      292.1523
 3   9  11.623  43463.922  51.660  -0.007    7.940  -10.000       28.1435      327.1250
14   9  11.623  43463.922  51.660   0.019    9.580  -10.000       28.1435      327.1250
15   9  11.623  43463.922  51.660   0.009    8.260  -10.000       28.1435      327.1250
16   9  11.623  43463.922  51.660   0.000    7.340  -10.000       28.1435      327.1250
17   9  11.623  43463.922  51.660  -0.005    6.720  -10.000       28.1435      327.1250
 3   9  11.623  43464.941  83.237  -0.033    7.960  -10.000       28.2312      328.1445
14   9  11.623  43464.941  83.237  -0.052    9.540  -10.000       28.2312      328.1445
15   9  11.623  43464.941  83.237  -0.024    8.270  -10.000       28.2312      328.1445
16   9  11.623  43464.941  83.237  -0.020    7.370  -10.000       28.2312      328.1445
17   9  11.623  43464.941  83.237  -0.018    6.760  -10.000       28.2312      328.1445
 3   9  11.623  43791.000 101.867  -0.008    7.960  -10.000       56.2830      654.2031
14   9  11.623  43791.000 101.867  -0.028    9.480  -10.000       56.2830      654.2031
15   9  11.623  43791.000 101.867   0.010    8.270  -10.000       56.2830      654.2031
16   9  11.623  43791.000 101.867   0.010    7.390  -10.000       56.2830      654.2031
17   9  11.623  43791.000 101.867  -0.001    6.780  -10.000       56.2830      654.2031
 3   9  11.623  43456.898 194.130   0.046    7.610  -10.000       27.5393      320.1016
14   9  11.623  43456.898 194.130   0.031    8.780  -10.000       27.5393      320.1016
15   9  11.623  43456.898 194.130   0.063    7.870  -10.000       27.5393      320.1016
16   9  11.623  43456.898 194.130   0.057    7.130  -10.000       27.5393      320.1016
17   9  11.623  43456.898 194.130   0.067    6.620  -10.000       27.5393      320.1016
