 0  22  30.106  43970.250  35.515   0.226   66.300  -10.000      -50.9013    -1532.4336
 0  22  30.106  43973.297  71.949  -6.847   66.600  -10.000      -50.8001    -1529.3867
 0  22  30.106  43976.344 108.383   2.696   81.800  -10.000      -50.6989    -1526.3398
 0  22  30.106  43977.277 119.546   0.651   81.800  -10.000      -50.6679    -1525.4062
 0  22  30.106  43978.289 131.645   5.767   88.700  -10.000      -50.6343    -1524.3945
 0  22  30.106  43979.301 143.742   5.733   84.900  -10.000      -50.6007    -1523.3828
 0  22  30.106  43980.309 155.793  -1.864   74.700  -10.000      -50.5672    -1522.3750
 0  22  30.106  44177.609 355.070   0.385   54.300  -10.000      -44.0137    -1325.0742
 0  22  30.106  44178.570   6.562  -0.774   58.200  -10.000      -43.9818    -1324.1133
 0  22  30.106  44180.551  30.243  -2.291   63.300  -10.000      -43.9160    -1322.1328
 0  22  30.106  44181.562  42.341  -0.331   65.400  -10.000      -43.8824    -1321.1211
 0  22  30.106  44183.574  66.397  -1.181   71.000  -10.000      -43.8156    -1319.1094
 0  22  30.106  44237.543 351.742  -2.196   52.500  -10.000      -42.0229    -1265.1406
 0  22  30.106  44239.535  15.565  -3.789   58.700  -10.000      -41.9568    -1263.1484
 0  22  30.106  44240.527  27.429  -1.920   62.900  -10.000      -41.9238    -1262.1562
 0  22  30.106  44297.426 347.807  -3.942   50.500  -10.000      -40.0339    -1205.2578
 0  22  30.106  44299.445  11.956  -0.482   61.700  -10.000      -39.9668    -1203.2383
 0  22  30.106  44301.395  35.265  -0.576   65.500  -10.000      -39.9020    -1201.2891
 0  22  30.106  44331.312  33.017   2.808   68.800  -10.000      -38.9083    -1171.3711
 0  22  30.106  44332.344  45.349  -8.149   57.700  -10.000      -38.8740    -1170.3398
 0  22  30.106  44333.332  57.166  -6.589   64.800  -10.000      -38.8412    -1169.3516
 0  22  30.106  44336.383  93.646   1.570   84.400  -10.000      -38.7399    -1166.3008
 0  22  30.106  44363.273  55.198  -1.654   68.700  -10.000      -37.8467    -1139.4102
 0  22  30.106  44364.285  67.297  -2.406   69.800  -10.000      -37.8131    -1138.3984
 0  22  30.106  44591.473 263.951  -0.966   32.900  -10.000      -30.2668     -911.2109
 0  22  30.106  44592.496 276.189   2.181   37.400  -10.000      -30.2328     -910.1875
 0  22  30.106  44595.484 311.922   0.597   47.500  -10.000      -30.1335     -907.1992
 0  22  30.106  44625.395 309.581  -0.586   45.100  -10.000      -29.1401     -877.2891
 0  22  30.106  44637.391  93.028   1.232   83.700  -10.000      -28.7416     -865.2930
 0  22  30.106  44638.398 105.079   0.260   80.300  -10.000      -28.7081     -864.2852
 0  22  30.106  44653.375 284.165   2.336   39.800  -10.000      -28.2107     -849.3086
 0  22  30.106  44654.309 295.329   3.006   43.400  -10.000      -28.1796     -848.3750
 0  22  30.106  44655.324 307.474   2.597   46.600  -10.000      -28.1459     -847.3594
 0  22  30.106  44656.324 319.432   0.092   46.700  -10.000      -28.1127     -846.3594
 0  22  30.106  44692.305  29.678  -6.064   59.400  -10.000      -26.9176     -810.3789
 0  22  30.106  44694.316  53.733   0.245   69.700  -10.000      -26.8507     -808.3672
 0  22  30.106  44704.289 172.984   3.957   74.800  -10.000      -26.5195     -798.3945
 0  22  30.106  44706.340 197.507  -5.840   33.400  -10.000      -26.4514     -796.3438
 0  22  30.106  44707.297 208.950  -0.121   33.100  -10.000      -26.4196     -795.3867
 0  22  30.106  44708.336 221.375   0.170   30.100  -10.000      -26.3851     -794.3477
 0  22  30.106  44711.297 256.781  -0.166   33.300  -10.000      -26.2867     -791.3867
 0  22  30.106  44712.301 268.786   4.017   38.600  -10.000      -26.2534     -790.3828
 0  22  30.106  44713.324 281.024  -5.365   30.700  -10.000      -26.2194     -789.3594
 0  22  30.106  44714.281 292.468   4.725   45.500  -10.000      -26.1876     -788.4023
 0  22  30.106  44715.289 304.519   3.492   45.000  -10.000      -26.1541     -787.3945
 0  22  30.106  45091.254 120.219   7.187   88.400  -10.000      -13.6661     -411.4297
 0  22  30.106  45093.242 143.995   0.537   79.700  -10.000      -13.6000     -409.4414
 2  22  30.106  44169.621 259.548  -0.065    9.594  -10.000      -44.2790    -1333.0625
 3  22  30.106  44169.621 259.548  -0.005    8.333  -10.000      -44.2790    -1333.0625
 4  22  30.106  44169.621 259.548   0.011    7.615  -10.000      -44.2790    -1333.0625
 5  22  30.106  44169.621 259.548  -0.002    6.917  -10.000      -44.2790    -1333.0625
 2  22  30.106  44210.586  29.397   0.000   10.644  -10.000      -42.9183    -1292.0977
 3  22  30.106  44210.586  29.397   0.027    8.980  -10.000      -42.9183    -1292.0977
 4  22  30.106  44210.586  29.397   0.024    8.089  -10.000      -42.9183    -1292.0977
 5  22  30.106  44210.586  29.397   0.019    7.257  -10.000      -42.9183    -1292.0977
 2  22  30.106  44234.523 315.636  -0.036   10.080  -10.000      -42.1232    -1268.1602
 3  22  30.106  44234.523 315.636  -0.008    8.581  -10.000      -42.1232    -1268.1602
 4  22  30.106  44234.523 315.636  -0.001    7.768  -10.000      -42.1232    -1268.1602
 5  22  30.106  44234.523 315.636   0.000    7.004  -10.000      -42.1232    -1268.1602
 2  22  30.106  44246.531  99.222   0.023   10.865  -10.000      -41.7244    -1256.1523
 3  22  30.106  44246.531  99.222   0.024    9.191  -10.000      -41.7244    -1256.1523
 4  22  30.106  44246.531  99.222   0.012    8.298  -10.000      -41.7244    -1256.1523
 5  22  30.106  44246.531  99.222   0.006    7.471  -10.000      -41.7244    -1256.1523
 2  22  30.106  44254.488 194.370  -0.071    9.086  -10.000      -41.4601    -1248.1953
 3  22  30.106  44254.488 194.370  -0.018    8.096  -10.000      -41.4601    -1248.1953
 4  22  30.106  44254.488 194.370  -0.019    7.476  -10.000      -41.4601    -1248.1953
 5  22  30.106  44254.488 194.370  -0.034    6.882  -10.000      -41.4601    -1248.1953
 2  22  30.106  44551.598 147.136   0.044   10.806  -10.000      -31.5913     -951.0859
 3  22  30.106  44551.598 147.136   0.049    9.250  -10.000      -31.5913     -951.0859
 4  22  30.106  44551.598 147.136   0.026    8.393  -10.000      -31.5913     -951.0859
 5  22  30.106  44551.598 147.136  -0.039    7.551  -10.000      -31.5913     -951.0859
 2  22  30.106  44553.590 170.958   0.408   10.319  -10.000      -31.5251     -949.0938
 3  22  30.106  44553.590 170.958   0.305    8.948  -10.000      -31.5251     -949.0938
 4  22  30.106  44553.590 170.958   0.229    8.159  -10.000      -31.5251     -949.0938
 5  22  30.106  44553.590 170.958   0.140    7.404  -10.000      -31.5251     -949.0938
 1  22  30.106  44647.316 211.718  -0.030    9.935  -10.000      -28.4119     -855.3672
 2  22  30.106  44647.316 211.718  -0.058    9.152  -10.000      -28.4119     -855.3672
 3  22  30.106  44647.316 211.718  -0.010    8.109  -10.000      -28.4119     -855.3672
 4  22  30.106  44647.316 211.718   0.009    7.490  -10.000      -28.4119     -855.3672
 5  22  30.106  44647.316 211.718  -0.010    6.873  -10.000      -28.4119     -855.3672
 2  22  30.106  44655.359 307.894   0.103   10.163  -10.000      -28.1447     -847.3242
 3  22  30.106  44655.359 307.894   0.104    8.658  -10.000      -28.1447     -847.3242
 4  22  30.106  44655.359 307.894   0.101    7.845  -10.000      -28.1447     -847.3242
 5  22  30.106  44655.359 307.894   0.074    7.062  -10.000      -28.1447     -847.3242
 2  22  30.106  44676.340 198.774  -0.087    9.056  -10.000      -27.4479     -826.3438
 3  22  30.106  44676.340 198.774  -0.030    8.067  -10.000      -27.4479     -826.3438
 4  22  30.106  44676.340 198.774  -0.027    7.451  -10.000      -27.4479     -826.3438
 5  22  30.106  44676.340 198.774  -0.058    6.839  -10.000      -27.4479     -826.3438
 2  22  30.106  44677.320 210.498  -0.064    9.136  -10.000      -27.4153     -825.3633
 3  22  30.106  44677.320 210.498  -0.005    8.110  -10.000      -27.4153     -825.3633
 4  22  30.106  44677.320 210.498  -0.012    7.467  -10.000      -27.4153     -825.3633
 5  22  30.106  44677.320 210.498  -0.038    6.845  -10.000      -27.4153     -825.3633
 2  22  30.106  44678.336 222.642  -0.048    9.264  -10.000      -27.3815     -824.3477
 3  22  30.106  44678.336 222.642   0.005    8.173  -10.000      -27.3815     -824.3477
 4  22  30.106  44678.336 222.642  -0.007    7.500  -10.000      -27.3815     -824.3477
 5  22  30.106  44678.336 222.642  -0.038    6.850  -10.000      -27.3815     -824.3477
 2  22  30.106  44679.320 234.413   0.004    9.429  -10.000      -27.3489     -823.3633
 3  22  30.106  44679.320 234.413   0.043    8.264  -10.000      -27.3489     -823.3633
 4  22  30.106  44679.320 234.413   0.026    7.562  -10.000      -27.3489     -823.3633
 5  22  30.106  44679.320 234.413   0.002    6.897  -10.000      -27.3489     -823.3633
 2  22  30.106  44704.320 173.357   0.183    9.978  -10.000      -26.5185     -798.3633
 3  22  30.106  44704.320 173.357   0.159    8.723  -10.000      -26.5185     -798.3633
 4  22  30.106  44704.320 173.357   0.100    7.967  -10.000      -26.5185     -798.3633
 5  22  30.106  44704.320 173.357   0.035    7.251  -10.000      -26.5185     -798.3633
 2  22  30.106  44918.590 215.543  -0.036    9.208  -10.000      -19.4013     -584.0938
 3  22  30.106  44918.590 215.543   0.002    8.137  -10.000      -19.4013     -584.0938
 2  22  30.106  44961.484   8.466   0.022   10.537  -10.000      -17.9765     -541.1992
 3  22  30.106  44961.484   8.466   0.033    8.888  -10.000      -17.9765     -541.1992
 2  22  30.106  44965.473  56.157   0.038   10.809  -10.000      -17.8440     -537.2109
 3  22  30.106  44965.473  56.157   0.046    9.105  -10.000      -17.8440     -537.2109
 2  22  30.106  44966.547  69.002   0.088   10.876  -10.000      -17.8083     -536.1367
 3  22  30.106  44966.547  69.002   0.077    9.161  -10.000      -17.8083     -536.1367
 2  22  30.106  44967.523  80.679   0.076   10.895  -10.000      -17.7759     -535.1602
 3  22  30.106  44967.523  80.679   0.068    9.188  -10.000      -17.7759     -535.1602
 2  22  30.106  44988.586 332.540   0.027   10.276  -10.000      -17.0763     -514.0977
 3  22  30.106  44988.586 332.540   0.034    8.708  -10.000      -17.0763     -514.0977
 4  22  30.106  44988.586 332.540   0.033    7.867  -10.000      -17.0763     -514.0977
 5  22  30.106  44988.586 332.540   0.017    7.068  -10.000      -17.0763     -514.0977
 2  22  30.106  44991.594   8.506   0.033   10.549  -10.000      -16.9764     -511.0898
 3  22  30.106  44991.594   8.506   0.043    8.898  -10.000      -16.9764     -511.0898
 4  22  30.106  44991.594   8.506   0.049    8.028  -10.000      -16.9764     -511.0898
 5  22  30.106  44991.594   8.506   0.028    7.192  -10.000      -16.9764     -511.0898
 2  22  30.106  44994.523  43.539   0.041   10.767  -10.000      -16.8791     -508.1602
 3  22  30.106  44994.523  43.539   0.047    9.065  -10.000      -16.8791     -508.1602
 4  22  30.106  44994.523  43.539   0.057    8.181  -10.000      -16.8791     -508.1602
 5  22  30.106  44994.523  43.539   0.064    7.354  -10.000      -16.8791     -508.1602
 2  22  30.106  44995.527  55.543   0.074   10.844  -10.000      -16.8457     -507.1562
 3  22  30.106  44995.527  55.543   0.077    9.135  -10.000      -16.8457     -507.1562
 4  22  30.106  44995.527  55.543   0.079    8.240  -10.000      -16.8457     -507.1562
 5  22  30.106  44995.527  55.543   0.074    7.400  -10.000      -16.8457     -507.1562
 1  22  30.106  45006.367 185.164  -0.214    9.843  -10.000      -16.4857     -496.3164
 2  22  30.106  45006.367 185.164  -0.240    9.073  -10.000      -16.4857     -496.3164
 3  22  30.106  45006.367 185.164  -0.138    8.093  -10.000      -16.4857     -496.3164
 4  22  30.106  45006.367 185.164  -0.127    7.469  -10.000      -16.4857     -496.3164
 5  22  30.106  45006.367 185.164  -0.129    6.872  -10.000      -16.4857     -496.3164
 2  79  30.106  45676.539 278.923   0.158    9.992  -10.000        5.7748      173.8555
 3  79  30.106  45676.539 278.923   0.094    8.525  -10.000        5.7748      173.8555
 4  79  30.106  45676.539 278.923   0.084    7.746  -10.000        5.7748      173.8555
 2  79  30.106  45687.484  49.805   0.292   11.047  -10.000        6.1383      184.8008
 3  79  30.106  45687.484  49.805   0.095    9.138  -10.000        6.1383      184.8008
 2  79  30.106  45692.410 108.706   0.002   10.847  -10.000        6.3020      189.7266
 3  79  30.106  45692.410 108.706   0.019    9.205  -10.000        6.3020      189.7266
 4  79  30.106  45692.410 108.706  -0.001    8.311  -10.000        6.3020      189.7266
 1  79  30.106  45693.414 120.711  -0.053   12.278  -10.000        6.3353      190.7305
 2  79  30.106  45693.414 120.711   0.002   10.859  -10.000        6.3353      190.7305
 3  79  30.106  45693.414 120.711  -0.011    9.205  -10.000        6.3353      190.7305
 4  79  30.106  45693.414 120.711  -0.044    8.305  -10.000        6.3353      190.7305
 1  79  30.106  45694.422 132.762  -0.129   12.180  -10.000        6.3688      191.7383
 2  79  30.106  45694.422 132.762  -0.051   10.812  -10.000        6.3688      191.7383
 3  79  30.106  45694.422 132.762  -0.024    9.220  -10.000        6.3688      191.7383
 4  79  30.106  45694.422 132.762  -0.053    8.333  -10.000        6.3688      191.7383
 2  79  30.106  45704.391 251.966   0.110    9.701  -10.000        6.6999      201.7070
 3  79  30.106  45704.391 251.966   0.053    8.357  -10.000        6.6999      201.7070
 4  79  30.106  45704.391 251.966   0.039    7.623  -10.000        6.6999      201.7070
 1  79  30.106  45706.363 275.554   0.175   11.128  -10.000        6.7654      203.6797
 2  79  30.106  45706.363 275.554   0.107    9.913  -10.000        6.7654      203.6797
 3  79  30.106  45706.363 275.554   0.095    8.511  -10.000        6.7654      203.6797
 4  79  30.106  45706.363 275.554   0.038    7.691  -10.000        6.7654      203.6797
 2  79  30.106  49803.703 310.594  -0.009   10.070  -10.000      142.8628     4301.0195
 3  79  30.106  49803.703 310.594   0.033    8.599  -10.000      142.8628     4301.0195
 4  79  30.106  49803.703 310.594  -0.006    7.746  -10.000      142.8628     4301.0195
 5  79  30.106  49803.703 310.594  -0.027    6.966  -10.000      142.8628     4301.0195
 2  79  30.106  49804.711 322.641  -0.043   10.127  -10.000      142.8962     4302.0273
 3  79  30.106  49804.711 322.641   0.003    8.625  -10.000      142.8962     4302.0273
 4  79  30.106  49804.711 322.641   0.009    7.803  -10.000      142.8962     4302.0273
 2  79  30.106  49805.684 334.276   0.033   10.296  -10.000      142.9285     4303.0000
 3  79  30.106  49805.684 334.276   0.052    8.735  -10.000      142.9285     4303.0000
 4  79  30.106  49805.684 334.276   0.038    7.879  -10.000      142.9285     4303.0000
 5  79  30.106  49805.684 334.276   0.016    7.073  -10.000      142.9285     4303.0000
 2  79  30.106  49806.711 346.558   0.086   10.439  -10.000      142.9627     4304.0273
 3  79  30.106  49806.711 346.558   0.070    8.813  -10.000      142.9627     4304.0273
 4  79  30.106  49806.711 346.558   0.064    7.952  -10.000      142.9627     4304.0273
 5  79  30.106  49806.711 346.558   0.040    7.132  -10.000      142.9627     4304.0273
 2  79  30.106  49807.688 358.237   0.040   10.485  -10.000      142.9951     4305.0039
 3  79  30.106  49807.688 358.237   0.052    8.857  -10.000      142.9951     4305.0039
 4  79  30.106  49807.688 358.237   0.028    7.967  -10.000      142.9951     4305.0039
 5  79  30.106  49807.688 358.237   0.011    7.142  -10.000      142.9951     4305.0039
 2  79  30.106  49808.699  10.333   0.053   10.582  -10.000      143.0287     4306.0156
 3  79  30.106  49808.699  10.333   0.046    8.910  -10.000      143.0287     4306.0156
 4  79  30.106  49808.699  10.333   0.026    8.013  -10.000      143.0287     4306.0156
 5  79  30.106  49808.699  10.333   0.045    7.215  -10.000      143.0287     4306.0156
 2  79  30.106  49809.637  21.544   0.040   10.644  -10.000      143.0598     4306.9531
 3  79  30.106  49809.637  21.544   0.050    8.971  -10.000      143.0598     4306.9531
 4  79  30.106  49809.637  21.544   0.038    8.074  -10.000      143.0598     4306.9531
 5  79  30.106  49809.637  21.544   0.025    7.237  -10.000      143.0598     4306.9531
 2  79  30.106  49810.672  33.920   0.070   10.739  -10.000      143.0942     4307.9883
 3  79  30.106  49810.672  33.920   0.073    9.046  -10.000      143.0942     4307.9883
 4  79  30.106  49810.672  33.920   0.052    8.135  -10.000      143.0942     4307.9883
 5  79  30.106  49810.672  33.920   0.047    7.301  -10.000      143.0942     4307.9883
 2  79  30.106  49811.641  45.505   0.072   10.808  -10.000      143.1264     4308.9570
 3  79  30.106  49811.641  45.505   0.076    9.103  -10.000      143.1264     4308.9570
 4  79  30.106  49811.641  45.505   0.052    8.183  -10.000      143.1264     4308.9570
 5  79  30.106  49811.641  45.505   0.051    7.348  -10.000      143.1264     4308.9570
 2  79  30.106  49812.543  56.294   0.075   10.846  -10.000      143.1564     4309.8594
 3  79  30.106  49812.543  56.294   0.059    9.119  -10.000      143.1564     4309.8594
 4  79  30.106  49812.543  56.294   0.050    8.213  -10.000      143.1564     4309.8594
 5  79  30.106  49812.543  56.294   0.041    7.369  -10.000      143.1564     4309.8594
 2  79  30.106  49812.660  57.700   0.096   10.870  -10.000      143.1603     4309.9766
 3  79  30.106  49812.660  57.700   0.068    9.130  -10.000      143.1603     4309.9766
 4  79  30.106  49812.660  57.700   0.052    8.218  -10.000      143.1603     4309.9766
 5  79  30.106  49812.660  57.700   0.041    7.372  -10.000      143.1603     4309.9766
 2  79  30.106  49813.668  69.747   0.107   10.897  -10.000      143.1937     4310.9844
 3  79  30.106  49813.668  69.747   0.097    9.183  -10.000      143.1937     4310.9844
 4  79  30.106  49813.668  69.747   0.069    8.262  -10.000      143.1937     4310.9844
 5  79  30.106  49813.668  69.747   0.067    7.428  -10.000      143.1937     4310.9844
 2  79  30.106  49814.617  81.101   0.084   10.904  -10.000      143.2253     4311.9336
 3  79  30.106  49814.617  81.101   0.077    9.199  -10.000      143.2253     4311.9336
 4  79  30.106  49814.617  81.101   0.055    8.285  -10.000      143.2253     4311.9336
 5  79  30.106  49814.617  81.101   0.035    7.435  -10.000      143.2253     4311.9336
 2  79  30.106  49816.633 105.200   0.003   10.847  -10.000      143.2922     4313.9492
 3  79  30.106  49816.633 105.200   0.010    9.190  -10.000      143.2922     4313.9492
 4  79  30.106  49816.633 105.200  -0.005    8.298  -10.000      143.2922     4313.9492
 5  79  30.106  49816.633 105.200  -0.023    7.463  -10.000      143.2922     4313.9492
 2  79  30.106  49817.613 116.927   0.001   10.853  -10.000      143.3248     4314.9297
 3  79  30.106  49817.613 116.927  -0.001    9.205  -10.000      143.3248     4314.9297
 4  79  30.106  49817.613 116.927  -0.028    8.308  -10.000      143.3248     4314.9297
 5  79  30.106  49817.613 116.927  -0.035    7.491  -10.000      143.3248     4314.9297
 2  79  30.106  49818.613 128.886   0.023   10.887  -10.000      143.3580     4315.9297
 3  79  30.106  49818.613 128.886   0.016    9.252  -10.000      143.3580     4315.9297
 4  79  30.106  49818.613 128.886  -0.022    8.353  -10.000      143.3580     4315.9297
 5  79  30.106  49818.613 128.886  -0.035    7.537  -10.000      143.3580     4315.9297
 2  79  30.106  49819.594 140.609  -0.023   10.814  -10.000      143.3906     4316.9102
 3  79  30.106  49819.594 140.609  -0.019    9.222  -10.000      143.3906     4316.9102
 4  79  30.106  49819.594 140.609  -0.037    8.356  -10.000      143.3906     4316.9102
 5  79  30.106  49819.594 140.609  -0.073    7.529  -10.000      143.3906     4316.9102
 2  79  30.106  49821.602 164.619   0.325   10.539  -10.000      143.4573     4318.9180
 3  79  30.106  49821.602 164.619   0.249    9.095  -10.000      143.4573     4318.9180
 4  79  30.106  49821.602 164.619   0.182    8.274  -10.000      143.4573     4318.9180
 5  79  30.106  49821.602 164.619   0.100    7.488  -10.000      143.4573     4318.9180
 2  79  30.106  49822.602 176.572   0.027    9.669  -10.000      143.4905     4319.9180
 3  79  30.106  49822.602 176.572   0.056    8.516  -10.000      143.4905     4319.9180
 4  79  30.106  49822.602 176.572   0.036    7.820  -10.000      143.4905     4319.9180
 5  79  30.106  49822.602 176.572  -0.036    7.115  -10.000      143.4905     4319.9180
 2  79  30.106  49823.594 188.438  -0.175    9.059  -10.000      143.5234     4320.9102
 3  79  30.106  49823.594 188.438  -0.081    8.092  -10.000      143.5234     4320.9102
 4  79  30.106  49823.594 188.438  -0.053    7.495  -10.000      143.5234     4320.9102
 5  79  30.106  49823.594 188.438  -0.093    6.868  -10.000      143.5234     4320.9102
 2  79  30.106  49824.516 199.462  -0.111    9.032  -10.000      143.5541     4321.8320
 3  79  30.106  49824.516 199.462  -0.042    8.054  -10.000      143.5541     4321.8320
 4  79  30.106  49824.516 199.462  -0.030    7.446  -10.000      143.5541     4321.8320
 5  79  30.106  49824.516 199.462  -0.071    6.824  -10.000      143.5541     4321.8320
 2  79  30.106  49824.590 200.352  -0.103    9.041  -10.000      143.5565     4321.9062
 3  79  30.106  49824.590 200.352  -0.030    8.065  -10.000      143.5565     4321.9062
 4  79  30.106  49824.590 200.352  -0.012    7.463  -10.000      143.5565     4321.9062
 5  79  30.106  49824.590 200.352  -0.063    6.830  -10.000      143.5565     4321.9062
 2  79  30.106  49825.590 212.311  -0.073    9.142  -10.000      143.5898     4322.9062
 3  79  30.106  49825.590 212.311   0.006    8.128  -10.000      143.5898     4322.9062
 4  79  30.106  49825.590 212.311   0.013    7.495  -10.000      143.5898     4322.9062
 5  79  30.106  49825.590 212.311  -0.033    6.851  -10.000      143.5898     4322.9062
 2  79  30.106  49826.605 224.451  -0.047    9.284  -10.000      143.6235     4323.9219
 3  79  30.106  49826.605 224.451   0.024    8.200  -10.000      143.6235     4323.9219
 4  79  30.106  49826.605 224.451   0.027    7.539  -10.000      143.6235     4323.9219
 5  79  30.106  49826.605 224.451  -0.025    6.865  -10.000      143.6235     4323.9219
 2  79  30.106  49827.590 236.223  -0.036    9.405  -10.000      143.6562     4324.9062
 3  79  30.106  49827.590 236.223   0.034    8.262  -10.000      143.6562     4324.9062
 4  79  30.106  49827.590 236.223   0.015    7.554  -10.000      143.6562     4324.9062
 5  79  30.106  49827.590 236.223  -0.023    6.872  -10.000      143.6562     4324.9062
 2  18  30.106  45010.805 238.226   0.021    9.480  -10.000      -16.3383     -491.8789
 3  18  30.106  45010.805 238.226   0.050    8.287  -10.000      -16.3383     -491.8789
 9  18  30.106  45010.805 238.226   0.032    7.259  -10.000      -16.3383     -491.8789
10  18  30.106  45010.805 238.226  -0.028    6.439  -10.000      -16.3383     -491.8789
 2  18  30.106  45010.805 238.226   0.010    9.469  -10.000      -16.3383     -491.8789
 3  18  30.106  45010.805 238.226   0.044    8.281  -10.000      -16.3383     -491.8789
 9  18  30.106  45010.805 238.226   0.004    7.231  -10.000      -16.3383     -491.8789
10  18  30.106  45010.805 238.226  -0.026    6.441  -10.000      -16.3383     -491.8789
 2  18  30.106  45011.773 249.811   0.050    9.620  -10.000      -16.3061     -490.9102
 3  18  30.106  45011.773 249.811   0.072    8.365  -10.000      -16.3061     -490.9102
 9  18  30.106  45011.773 249.811   0.033    7.281  -10.000      -16.3061     -490.9102
10  18  30.106  45011.773 249.811  -0.036    6.431  -10.000      -16.3061     -490.9102
 2  18  30.106  45011.773 249.811   0.013    9.583  -10.000      -16.3061     -490.9102
 3  18  30.106  45011.773 249.811   0.042    8.335  -10.000      -16.3061     -490.9102
 9  18  30.106  45011.773 249.811   0.024    7.272  -10.000      -16.3061     -490.9102
10  18  30.106  45011.773 249.811  -0.035    6.432  -10.000      -16.3061     -490.9102
 2  18  30.106  45011.777 249.857   0.023    9.594  -10.000      -16.3060     -490.9062
 3  18  30.106  45011.777 249.857   0.049    8.342  -10.000      -16.3060     -490.9062
 9  18  30.106  45011.777 249.857   0.031    7.279  -10.000      -16.3060     -490.9062
10  18  30.106  45011.777 249.857  -0.048    6.419  -10.000      -16.3060     -490.9062
 2  18  30.106  45012.773 261.768   0.058    9.736  -10.000      -16.2729     -489.9102
 3  18  30.106  45012.773 261.768   0.077    8.425  -10.000      -16.2729     -489.9102
 9  18  30.106  45012.773 261.768   0.063    7.332  -10.000      -16.2729     -489.9102
10  18  30.106  45012.773 261.768  -0.006    6.462  -10.000      -16.2729     -489.9102
 2  18  30.106  45042.656 259.100   0.059    9.714  -10.000      -15.2803     -460.0273
 3  18  30.106  45042.656 259.100   0.107    8.443  -10.000      -15.2803     -460.0273
 9  18  30.106  45042.656 259.100   0.067    7.332  -10.000      -15.2803     -460.0273
10  18  30.106  45042.656 259.100  -0.006    6.462  -10.000      -15.2803     -460.0273
 2  18  30.106  44984.848 287.838   0.046    9.949  -10.000      -17.2004     -517.8359
 3  18  30.106  44984.848 287.838   0.049    8.516  -10.000      -17.2004     -517.8359
 9  18  30.106  44984.848 287.838   0.041    7.361  -10.000      -17.2004     -517.8359
10  18  30.106  44984.848 287.838  -0.016    6.461  -10.000      -17.2004     -517.8359
 2  18  30.106  45014.762 285.544   0.050    9.935  -10.000      -16.2068     -487.9219
 3  18  30.106  45014.762 285.544   0.065    8.522  -10.000      -16.2068     -487.9219
 9  18  30.106  45014.762 285.544   0.031    7.347  -10.000      -16.2068     -487.9219
10  18  30.106  45014.762 285.544  -0.009    6.467  -10.000      -16.2068     -487.9219
 2  18  30.106  45014.766 285.590   0.035    9.921  -10.000      -16.2067     -487.9180
 3  18  30.106  45014.766 285.590   0.060    8.517  -10.000      -16.2067     -487.9180
 9  18  30.106  45014.766 285.590   0.037    7.353  -10.000      -16.2067     -487.9180
10  18  30.106  45014.766 285.590  -0.013    6.463  -10.000      -16.2067     -487.9180
 2  18  30.106  44985.828 299.562   0.059   10.058  -10.000      -17.1679     -516.8555
 3  18  30.106  44985.828 299.562   0.084    8.605  -10.000      -17.1679     -516.8555
 9  18  30.106  44985.828 299.562   0.034    7.382  -10.000      -17.1679     -516.8555
10  18  30.106  44985.828 299.562   0.003    6.492  -10.000      -17.1679     -516.8555
 2  18  30.106  45045.660 295.020   0.050   10.012  -10.000      -15.1805     -457.0234
 3  18  30.106  45045.660 295.020   0.064    8.564  -10.000      -15.1805     -457.0234
 9  18  30.106  45045.660 295.020   0.045    7.382  -10.000      -15.1805     -457.0234
10  18  30.106  45045.660 295.020  -0.023    6.462  -10.000      -15.1805     -457.0234
 2  18  30.106  45045.664 295.067   0.061   10.024  -10.000      -15.1804     -457.0195
 3  18  30.106  45045.664 295.067   0.074    8.574  -10.000      -15.1804     -457.0195
 9  18  30.106  45045.664 295.067   0.044    7.382  -10.000      -15.1804     -457.0195
10  18  30.106  45045.664 295.067  -0.003    6.482  -10.000      -15.1804     -457.0195
 2  18  30.106  44986.852 311.800   0.123   10.210  -10.000      -17.1339     -515.8320
 3  18  30.106  44986.852 311.800   0.101    8.672  -10.000      -17.1339     -515.8320
 9  18  30.106  44986.852 311.800   0.065    7.439  -10.000      -17.1339     -515.8320
10  18  30.106  44986.852 311.800  -0.002    6.499  -10.000      -17.1339     -515.8320
 2  18  30.106  44987.852 323.758   0.074   10.253  -10.000      -17.1007     -514.8320
 3  18  30.106  44987.852 323.758   0.071    8.698  -10.000      -17.1007     -514.8320
 9  18  30.106  44987.852 323.758   0.041    7.449  -10.000      -17.1007     -514.8320
10  18  30.106  44987.852 323.758  -0.012    6.509  -10.000      -17.1007     -514.8320
 2  18  30.106  44987.852 323.758   0.072   10.251  -10.000      -17.1007     -514.8320
 3  18  30.106  44987.852 323.758   0.070    8.697  -10.000      -17.1007     -514.8320
 9  18  30.106  44987.852 323.758   0.064    7.472  -10.000      -17.1007     -514.8320
10  18  30.106  44987.852 323.758  -0.019    6.502  -10.000      -17.1007     -514.8320
 2  18  30.106  45264.965  37.414   0.091   10.780  -10.000       -7.8961     -237.7188
 3  18  30.106  45264.965  37.414   0.124    9.113  -10.000       -7.8961     -237.7188
 9  18  30.106  45264.965  37.414   0.062    7.738  -10.000       -7.8961     -237.7188
10  18  30.106  45264.965  37.414   0.057    6.788  -10.000       -7.8961     -237.7188
 2  18  30.106  45265.988  49.653   0.085   10.839  -10.000       -7.8621     -236.6953
 3  18  30.106  45265.988  49.653   0.106    9.148  -10.000       -7.8621     -236.6953
 9  18  30.106  45265.988  49.653   0.090    7.811  -10.000       -7.8621     -236.6953
10  18  30.106  45265.988  49.653   0.070    6.841  -10.000       -7.8621     -236.6953
 2  18  30.106  45265.992  49.699   0.111   10.865  -10.000       -7.8619     -236.6914
 3  18  30.106  45265.992  49.699   0.109    9.151  -10.000       -7.8619     -236.6914
 9  18  30.106  45265.992  49.699   0.079    7.800  -10.000       -7.8619     -236.6914
10  18  30.106  45265.992  49.699   0.068    6.840  -10.000       -7.8619     -236.6914
 2  18  30.106  44908.969 100.496   0.055   10.898  -10.000      -19.7208     -593.7148
 3  18  30.106  44908.969 100.496   0.090    9.260  -10.000      -19.7208     -593.7148
 9  18  30.106  44908.969 100.496   0.062    7.936  -10.000      -19.7208     -593.7148
10  18  30.106  44908.969 100.496  -0.014    6.926  -10.000      -19.7208     -593.7148
 2  18  30.106  44909.992 112.734   0.047   10.895  -10.000      -19.6868     -592.6914
 3  18  30.106  44909.992 112.734   0.046    9.241  -10.000      -19.6868     -592.6914
 9  18  30.106  44909.992 112.734   0.034    7.945  -10.000      -19.6868     -592.6914
10  18  30.106  44909.992 112.734  -0.040    6.945  -10.000      -19.6868     -592.6914
 2  18  30.106  44911.000 124.785   0.060   10.921  -10.000      -19.6534     -591.6836
 3  18  30.106  44911.000 124.785   0.060    9.286  -10.000      -19.6534     -591.6836
 9  18  30.106  44911.000 124.785   0.054    8.008  -10.000      -19.6534     -591.6836
10  18  30.106  44911.000 124.785  -0.037    6.998  -10.000      -19.6534     -591.6836
 2  18  30.106  44911.000 124.785   0.011   10.872  -10.000      -19.6534     -591.6836
 3  18  30.106  44911.000 124.785   0.019    9.245  -10.000      -19.6534     -591.6836
 9  18  30.106  44911.000 124.785   0.000    7.954  -10.000      -19.6534     -591.6836
10  18  30.106  44911.000 124.785  -0.061    6.974  -10.000      -19.6534     -591.6836
 2  18  30.106  44941.965 135.056   0.050   10.910  -10.000      -18.6248     -560.7188
 3  18  30.106  44941.965 135.056   0.064    9.311  -10.000      -18.6248     -560.7188
 9  18  30.106  44941.965 135.056  -0.020    7.968  -10.000      -18.6248     -560.7188
10  18  30.106  44941.965 135.056  -0.109    6.968  -10.000      -18.6248     -560.7188
 2  18  30.106  44912.996 148.654   0.083   10.819  -10.000      -19.5871     -589.6875
 3  18  30.106  44912.996 148.654   0.075    9.261  -10.000      -19.5871     -589.6875
 9  18  30.106  44912.996 148.654   0.011    7.978  -10.000      -19.5871     -589.6875
10  18  30.106  44912.996 148.654  -0.052    7.028  -10.000      -19.5871     -589.6875
 2  18  30.106  44912.996 148.654   0.088   10.824  -10.000      -19.5871     -589.6875
 3  18  30.106  44912.996 148.654   0.067    9.253  -10.000      -19.5871     -589.6875
 9  18  30.106  44912.996 148.654  -0.008    7.959  -10.000      -19.5871     -589.6875
10  18  30.106  44912.996 148.654  -0.051    7.029  -10.000      -19.5871     -589.6875
 2  18  30.106  44913.996 160.612   0.286   10.672  -10.000      -19.5539     -588.6875
 3  18  30.106  44913.996 160.612   0.198    9.159  -10.000      -19.5539     -588.6875
 9  18  30.106  44913.996 160.612   0.104    7.926  -10.000      -19.5539     -588.6875
10  18  30.106  44913.996 160.612   0.023    7.006  -10.000      -19.5539     -588.6875
 2  18  30.106  44913.996 160.612   0.256   10.642  -10.000      -19.5539     -588.6875
 3  18  30.106  44913.996 160.612   0.201    9.162  -10.000      -19.5539     -588.6875
 9  18  30.106  44913.996 160.612   0.102    7.924  -10.000      -19.5539     -588.6875
10  18  30.106  44913.996 160.612   0.001    6.984  -10.000      -19.5539     -588.6875
 2  18  30.106  44561.973 271.198   0.003    9.769  -10.000      -31.2467     -940.7109
 3  18  30.106  44561.973 271.198   0.035    8.430  -10.000      -31.2467     -940.7109
 9  18  30.106  44561.973 271.198   0.022    7.311  -10.000      -31.2467     -940.7109
10  18  30.106  44561.973 271.198  -0.021    6.451  -10.000      -31.2467     -940.7109
 2  18  30.106  45010.801 238.179   0.002    9.460  -10.000      -16.3384     -491.8828
 3  18  30.106  45010.801 238.179   0.038    8.275  -10.000      -16.3384     -491.8828
 9  18  30.106  45010.801 238.179  -0.002    7.225  -10.000      -16.3384     -491.8828
10  18  30.106  45010.801 238.179  -0.052    6.415  -10.000      -16.3384     -491.8828
 3 150  30.106  50542.395 143.690  -0.018    9.209  -10.000      167.3991     5039.7109
 5 150  30.106  50542.395 143.690  -0.101    7.499  -10.000      167.3991     5039.7109
 3 150  30.106  50543.270 154.155   0.110    9.216  -10.000      167.4282     5040.5859
 5 150  30.106  50543.270 154.155   0.016    7.558  -10.000      167.4282     5040.5859
 3 150  30.106  50568.262  93.005   0.034    9.186  -10.000      168.2583     5065.5781
 5 150  30.106  50568.262  93.005  -0.006    7.436  -10.000      168.2583     5065.5781
 3 150  30.106  50570.238 116.642  -0.034    9.171  -10.000      168.3240     5067.5547
 5 150  30.106  50570.238 116.642  -0.067    7.458  -10.000      168.3240     5067.5547
 3 150  30.106  50571.227 128.458  -0.026    9.209  -10.000      168.3568     5068.5430
 5 150  30.106  50571.227 128.458  -0.081    7.490  -10.000      168.3568     5068.5430
 3 150  30.106  50572.223 140.372  -0.014    9.228  -10.000      168.3899     5069.5391
 5 150  30.106  50572.223 140.372  -0.098    7.504  -10.000      168.3899     5069.5391
 3 150  30.106  50573.234 152.468   0.077    9.212  -10.000      168.4235     5070.5508
 5 150  30.106  50573.234 152.468  -0.030    7.527  -10.000      168.4235     5070.5508
 3 150  30.106  50575.223 176.243   0.476    8.947  -10.000      168.4896     5072.5391
 5 150  30.106  50575.223 176.243   0.221    7.379  -10.000      168.4896     5072.5391
 3 150  30.106  50575.246 176.523   0.474    8.936  -10.000      168.4903     5072.5625
 5 150  30.106  50575.246 176.523   0.218    7.370  -10.000      168.4903     5072.5625
 3 150  30.106  50576.219 188.152   0.158    8.336  -10.000      168.5226     5073.5352
 5 150  30.106  50576.219 188.152   0.050    7.014  -10.000      168.5226     5073.5352
 3 150  30.106  50576.250 188.525   0.158    8.330  -10.000      168.5237     5073.5664
 5 150  30.106  50576.250 188.525   0.048    7.008  -10.000      168.5237     5073.5664
 3 150  30.106  50578.246 212.399  -0.020    8.102  -10.000      168.5900     5075.5625
 5 150  30.106  50578.246 212.399  -0.040    6.844  -10.000      168.5900     5075.5625
 3 150  30.106  50580.203 235.800  -0.007    8.220  -10.000      168.6550     5077.5195
 5 150  30.106  50580.203 235.800  -0.034    6.861  -10.000      168.6550     5077.5195
 3 150  30.106  50580.254 236.404   0.021    8.250  -10.000      168.6567     5077.5703
 5 150  30.106  50580.254 236.404   0.001    6.896  -10.000      168.6567     5077.5703
 3 150  30.106  50582.211 259.805   0.013    8.352  -10.000      168.7217     5079.5273
 5 150  30.106  50582.211 259.805  -0.014    6.905  -10.000      168.7217     5079.5273
 3 150  30.106  50582.266 260.464   0.003    8.345  -10.000      168.7235     5079.5820
 5 150  30.106  50582.266 260.464  -0.021    6.899  -10.000      168.7235     5079.5820
 3 150  30.106  50583.230 272.000  -0.007    8.392  -10.000      168.7556     5080.5469
 5 150  30.106  50583.230 272.000  -0.031    6.904  -10.000      168.7556     5080.5469
 3 150  30.106  50583.262 272.373   0.001    8.401  -10.000      168.7566     5080.5781
 5 150  30.106  50583.262 272.373  -0.023    6.913  -10.000      168.7566     5080.5781
 3 150  30.106  50584.203 283.629   0.000    8.449  -10.000      168.7879     5081.5195
 5 150  30.106  50584.203 283.629  -0.017    6.932  -10.000      168.7879     5081.5195
 3 150  30.106  50584.250 284.189  -0.001    8.451  -10.000      168.7894     5081.5664
 5 150  30.106  50584.250 284.189  -0.018    6.932  -10.000      168.7894     5081.5664
 3 150  30.106  50891.375 356.721  -0.040    8.758  -10.000      178.9909     5388.6914
 5 150  30.106  50891.375 356.721  -0.026    7.101  -10.000      178.9909     5388.6914
 3 150  30.106  50892.305   7.839  -0.035    8.816  -10.000      179.0218     5389.6211
 5 150  30.106  50892.305   7.839  -0.035    7.126  -10.000      179.0218     5389.6211
 3 150  30.106  50892.348   8.350  -0.021    8.833  -10.000      179.0232     5389.6641
 5 150  30.106  50892.348   8.350  -0.023    7.140  -10.000      179.0232     5389.6641
 3 150  30.106  50892.426   9.283  -0.026    8.833  -10.000      179.0258     5389.7422
 5 150  30.106  50892.426   9.283  -0.017    7.149  -10.000      179.0258     5389.7422
 3 150  30.106  50893.285  19.561  -0.013    8.899  -10.000      179.0543     5390.6016
 5 150  30.106  50893.285  19.561  -0.011    7.195  -10.000      179.0543     5390.6016
 3 150  30.106  50893.422  21.193  -0.047    8.872  -10.000      179.0589     5390.7383
 5 150  30.106  50893.422  21.193  -0.019    7.192  -10.000      179.0589     5390.7383
 3 150  30.106  50896.434  57.211   0.035    9.096  -10.000      179.1589     5393.7500
 5 150  30.106  50896.434  57.211   0.035    7.365  -10.000      179.1589     5393.7500
 3 150  30.106  50897.316  67.764   0.014    9.096  -10.000      179.1882     5394.6328
 5 150  30.106  50897.316  67.764   0.025    7.381  -10.000      179.1882     5394.6328
 3 150  30.106  50902.273 127.040  -0.006    9.226  -10.000      179.3529     5399.5898
 5 150  30.106  50902.273 127.040  -0.048    7.517  -10.000      179.3529     5399.5898
 3 150  30.106  50902.363 128.117   0.010    9.245  -10.000      179.3559     5399.6797
 5 150  30.106  50902.363 128.117  -0.047    7.522  -10.000      179.3559     5399.6797
 3 150  30.106  50904.289 151.144   0.086    9.240  -10.000      179.4198     5401.6055
 5 150  30.106  50904.289 151.144  -0.021    7.546  -10.000      179.4198     5401.6055
 3 150  30.106  50904.344 151.798   0.098    9.243  -10.000      179.4217     5401.6602
 5 150  30.106  50904.344 151.798  -0.016    7.547  -10.000      179.4217     5401.6602
 3 150  30.106  50904.344 151.798   0.100    9.245  -10.000      179.4217     5401.6602
 5 150  30.106  50904.344 151.798  -0.013    7.550  -10.000      179.4217     5401.6602
 3 150  30.106  50905.254 162.680   0.330    9.233  -10.000      179.4519     5402.5703
 5 150  30.106  50905.254 162.680   0.133    7.556  -10.000      179.4519     5402.5703
 3 150  30.106  50905.406 164.504   0.389    9.238  -10.000      179.4570     5402.7227
 5 150  30.106  50905.406 164.504   0.190    7.580  -10.000      179.4570     5402.7227
 3 150  30.106  50907.270 186.784   0.416    8.616  -10.000      179.5188     5404.5859
 5 150  30.106  50907.270 186.784   0.218    7.198  -10.000      179.5188     5404.5859
 3 150  30.106  50907.359 187.855   0.330    8.512  -10.000      179.5218     5404.6758
 5 150  30.106  50907.359 187.855   0.164    7.132  -10.000      179.5218     5404.6758
 3 150  30.106  50908.270 198.743   0.010    8.107  -10.000      179.5521     5405.5859
 5 150  30.106  50908.270 198.743  -0.037    6.861  -10.000      179.5521     5405.5859
 3 150  30.106  50908.348 199.677  -0.016    8.080  -10.000      179.5547     5405.6641
 5 150  30.106  50908.348 199.677  -0.041    6.854  -10.000      179.5547     5405.6641
 3 150  30.106  50908.379 200.050  -0.039    8.057  -10.000      179.5557     5405.6953
 5 150  30.106  50908.379 200.050  -0.047    6.847  -10.000      179.5557     5405.6953
 3 150  30.106  50909.391 212.146  -0.096    8.025  -10.000      179.5893     5406.7070
 5 150  30.106  50909.391 212.146  -0.090    6.794  -10.000      179.5893     5406.7070
 3 150  30.106  50910.258 222.517  -0.057    8.110  -10.000      179.6181     5407.5742
 5 150  30.106  50910.258 222.517  -0.051    6.837  -10.000      179.6181     5407.5742
 3 150  30.106  50910.336 223.451  -0.057    8.114  -10.000      179.6207     5407.6523
 5 150  30.106  50910.336 223.451  -0.047    6.842  -10.000      179.6207     5407.6523
 3 150  30.106  50911.262 234.520  -0.051    8.170  -10.000      179.6514     5408.5781
 5 150  30.106  50911.262 234.520  -0.045    6.850  -10.000      179.6514     5408.5781
 3 150  30.106  50912.262 246.478  -0.032    8.244  -10.000      179.6847     5409.5781
 5 150  30.106  50912.262 246.478  -0.025    6.879  -10.000      179.6847     5409.5781
 3 150  30.106  50913.254 258.344  -0.009    8.324  -10.000      179.7176     5410.5703
 5 150  30.106  50913.254 258.344  -0.013    6.905  -10.000      179.7176     5410.5703
 3 150  30.106  50913.352 259.508  -0.016    8.322  -10.000      179.7209     5410.6680
 5 150  30.106  50913.352 259.508  -0.013    6.906  -10.000      179.7209     5410.6680
 3 150  30.106  50914.262 270.396  -0.014    8.376  -10.000      179.7511     5411.5781
 5 150  30.106  50914.262 270.396  -0.015    6.918  -10.000      179.7511     5411.5781
 3 150  30.106  50915.262 282.349  -0.020    8.424  -10.000      179.7843     5412.5781
 5 150  30.106  50915.262 282.349  -0.013    6.935  -10.000      179.7843     5412.5781
 3 150  30.106  50915.336 283.239  -0.010    8.438  -10.000      179.7868     5412.6523
 5 150  30.106  50915.336 283.239  -0.016    6.933  -10.000      179.7868     5412.6523
 3 150  30.106  50916.332 295.148  -0.013    8.488  -10.000      179.8199     5413.6484
 5 150  30.106  50916.332 295.148  -0.020    6.948  -10.000      179.8199     5413.6484
 3 150  30.106  50917.246 306.079  -0.015    8.532  -10.000      179.8502     5414.5625
 5 150  30.106  50917.246 306.079  -0.013    6.972  -10.000      179.8502     5414.5625
 3 150  30.106  50917.281 306.502  -0.030    8.519  -10.000      179.8514     5414.5977
 5 150  30.106  50917.281 306.502  -0.022    6.963  -10.000      179.8514     5414.5977
18 163  30.106  47895.926 177.833  -0.431    8.127  -10.000       79.4940     2393.2422
18 163  30.106  47895.938 177.973  -0.413    8.142  -10.000       79.4944     2393.2539
18 163  30.106  47908.633 329.782  -0.025    8.760  -10.000       79.9161     2405.9492
18 163  30.106  47908.648 329.969  -0.013    8.773  -10.000       79.9166     2405.9648
18 163  30.106  47908.723 330.856  -0.014    8.776  -10.000       79.9190     2406.0391
18 163  30.106  47908.738 331.043   0.007    8.798  -10.000       79.9196     2406.0547
18 163  30.106  47908.812 331.930  -0.002    8.794  -10.000       79.9220     2406.1289
18 163  30.106  47908.828 332.117  -0.011    8.787  -10.000       79.9225     2406.1445
18 163  30.106  47909.258 337.256   0.000    8.824  -10.000       79.9368     2406.5742
18 163  30.106  47909.273 337.442   0.033    8.858  -10.000       79.9373     2406.5898
18 163  30.106  47958.398 204.868  -0.015    8.224  -10.000       81.5691     2455.7148
18 163  30.106  47958.410 205.008   0.000    8.239  -10.000       81.5695     2455.7266
18 163  30.106  47958.484 205.895  -0.029    8.211  -10.000       81.5719     2455.8008
18 163  30.106  47958.500 206.082  -0.024    8.217  -10.000       81.5724     2455.8164
18 163  30.106  47958.574 206.969  -0.022    8.222  -10.000       81.5749     2455.8906
18 163  30.106  47958.590 207.155  -0.011    8.232  -10.000       81.5754     2455.9062
18 163  30.106  48044.492 154.355  -0.201    9.030  -10.000       84.4288     2541.8086
18 163  30.106  48044.578 155.385  -0.194    9.017  -10.000       84.4316     2541.8945
18 163  30.106  48060.930 350.912   0.004    8.894  -10.000       84.9748     2558.2461
18 163  30.106  48060.945 351.098  -0.021    8.871  -10.000       84.9753     2558.2617
18 163  30.106  48061.020 351.985  -0.015    8.881  -10.000       84.9777     2558.3359
18 163  30.106  48061.035 352.172  -0.004    8.893  -10.000       84.9783     2558.3516
18 163  30.106  48061.109 353.062  -0.017    8.886  -10.000       84.9807     2558.4258
18 163  30.106  48061.121 353.202  -0.030    8.873  -10.000       84.9811     2558.4375
18 163  30.106  48104.906 156.775  -0.251    8.932  -10.000       86.4355     2602.2227
18 163  30.106  48105.066 158.689  -0.288    8.851  -10.000       86.4408     2602.3828
18 163  30.106  48105.082 158.876  -0.281    8.854  -10.000       86.4413     2602.3984
18 163  30.106  48105.348 162.051  -0.327    8.725  -10.000       86.4501     2602.6641
18 163  30.106  48105.438 163.125  -0.370    8.651  -10.000       86.4531     2602.7539
18 163  30.106  48109.422 210.770  -0.008    8.248  -10.000       86.5855     2606.7383
18 163  30.106  48109.438 210.957  -0.008    8.248  -10.000       86.5860     2606.7539
18 163  30.106  48109.793 215.208   0.018    8.290  -10.000       86.5978     2607.1094
18 163  30.106  48109.867 216.096  -0.017    8.259  -10.000       86.6003     2607.1836
18 163  30.106  48109.883 216.282   0.013    8.291  -10.000       86.6008     2607.1992
18 163  30.106  48109.957 217.169  -0.017    8.264  -10.000       86.6032     2607.2734
18 163  30.106  48109.973 217.356   0.015    8.297  -10.000       86.6038     2607.2891
18 163  30.106  48110.047 218.243   0.007    8.293  -10.000       86.6062     2607.3633
18 163  30.106  48153.219  14.483  -0.057    8.953  -10.000       88.0402     2650.5352
18 163  30.106  48153.230  14.623  -0.036    8.974  -10.000       88.0406     2650.5469
18 163  30.106  48169.762 212.300  -0.005    8.256  -10.000       88.5897     2667.0781
18 163  30.106  48169.836 213.187  -0.004    8.261  -10.000       88.5922     2667.1523
18 163  30.106  48169.852 213.374  -0.006    8.259  -10.000       88.5927     2667.1680
18 163  30.106  48202.180 239.947   0.018    8.398  -10.000       89.6665     2699.4961
18 163  30.106  48202.191 240.087   0.025    8.405  -10.000       89.6669     2699.5078
18 163  30.106  48202.266 240.974   0.032    8.417  -10.000       89.6694     2699.5820
18 163  30.106  48202.281 241.161   0.020    8.405  -10.000       89.6699     2699.5977
18 163  30.106  48232.672 244.567   0.017    8.418  -10.000       90.6794     2729.9883
18 163  30.106  48232.742 245.407   0.039    8.445  -10.000       90.6817     2730.0586
18 163  30.106  48232.758 245.594   0.015    8.421  -10.000       90.6822     2730.0742
18 163  30.106  48232.832 246.481   0.029    8.440  -10.000       90.6847     2730.1484
18 163  30.106  48232.848 246.668   0.037    8.449  -10.000       90.6852     2730.1641
18 163  30.106  48232.922 247.555   0.005    8.421  -10.000       90.6877     2730.2383
18 163  30.106  48232.938 247.742   0.016    8.433  -10.000       90.6882     2730.2539
18 163  30.106  48252.918 126.664  -0.139    9.216  -10.000       91.3518     2750.2344
18 163  30.106  48252.934 126.851  -0.202    9.155  -10.000       91.3524     2750.2500
18 163  30.106  48253.188 129.886  -0.186    9.177  -10.000       91.3608     2750.5039
18 163  30.106  48253.199 130.026  -0.131    9.232  -10.000       91.3612     2750.5156
18 163  30.106  48302.164 355.537   0.013    8.929  -10.000       92.9876     2799.4805
18 163  30.106  48302.250 356.564   0.030    8.951  -10.000       92.9905     2799.5664
18 163  30.106  48302.609   0.862  -0.063    8.879  -10.000       93.0024     2799.9258
18 163  30.106  48302.859   3.851  -0.014    8.942  -10.000       93.0107     2800.1758
18 163  30.106  48315.926 160.096  -0.250    8.855  -10.000       93.4447     2813.2422
18 163  30.106  48315.938 160.236  -0.229    8.872  -10.000       93.4451     2813.2539
18 163  30.106  48316.191 163.273  -0.293    8.724  -10.000       93.4535     2813.5078
18 163  30.106  48316.281 164.347  -0.362    8.623  -10.000       93.4565     2813.5977
18 163  30.106  48316.297 164.534  -0.329    8.651  -10.000       93.4570     2813.6133
18 163  30.106  48316.367 165.374  -0.358    8.596  -10.000       93.4594     2813.6836
18 163  30.106  48316.383 165.561  -0.313    8.635  -10.000       93.4599     2813.6992
18 163  30.106  48384.266 257.289   0.007    8.468  -10.000       95.7147     2881.5820
18 163  30.106  48384.340 258.176   0.018    8.484  -10.000       95.7172     2881.6562
18 163  30.106  48406.641 164.844  -0.345    8.626  -10.000       96.4579     2903.9570
18 163  30.106  48447.059 288.152  -0.017    8.580  -10.000       97.8004     2944.3750
18 163  30.106  48447.070 288.292  -0.010    8.588  -10.000       97.8008     2944.3867
18 163  30.106  48447.234 290.253  -0.025    8.582  -10.000       97.8063     2944.5508
18 163  30.106  48447.250 290.440  -0.039    8.569  -10.000       97.8068     2944.5664
18 163  30.106  48447.324 291.327  -0.005    8.607  -10.000       97.8092     2944.6406
18 163  30.106  48455.148  24.890  -0.069    8.989  -10.000       98.0691     2952.4648
18 163  30.106  48455.160  25.030  -0.024    9.035  -10.000       98.0695     2952.4766
18 163  30.106  48455.250  26.104  -0.089    8.974  -10.000       98.0725     2952.5664
18 163  30.106  48499.395 193.972  -0.118    8.139  -10.000       99.5388     2996.7109
18 163  30.106  48499.469 194.859  -0.143    8.109  -10.000       99.5413     2996.7852
18 163  30.106  48499.484 195.049  -0.120    8.131  -10.000       99.5418     2996.8008
18 163  30.106  48499.559 195.936  -0.089    8.157  -10.000       99.5443     2996.8750
18 163  30.106  48499.574 196.122  -0.126    8.120  -10.000       99.5448     2996.8906
18 163  30.106  48499.648 197.010  -0.093    8.149  -10.000       99.5472     2996.9648
18 163  30.106  48510.594 327.890  -0.017    8.757  -10.000       99.9108     3007.9102
18 163  30.106  48510.668 328.777  -0.039    8.741  -10.000       99.9133     3007.9844
18 163  30.106  48510.684 328.964  -0.033    8.747  -10.000       99.9138     3008.0000
18 163  30.106  48547.492  49.114  -0.119    9.043  -10.000      101.1364     3044.8086
18 163  30.106  48547.570  50.048  -0.073    9.093  -10.000      101.1390     3044.8867
18 163  30.106  48547.582  50.188  -0.095    9.071  -10.000      101.1394     3044.8984
18 163  30.106  48572.199 344.553  -0.021    8.837  -10.000      101.9571     3069.5156
18 163  30.106  48572.273 345.443  -0.070    8.792  -10.000      101.9596     3069.5898
18 163  30.106  48572.289 345.630  -0.036    8.828  -10.000      101.9601     3069.6055
18 163  30.106  48597.969 292.701   0.039    8.657  -10.000      102.8131     3095.2852
18 163  30.106  48641.867  97.627  -0.019    9.267  -10.000      104.2712     3139.1836
18 163  30.106  48641.941  98.514  -0.184    9.105  -10.000      104.2737     3139.2578
18 163  30.106  48641.953  98.654  -0.093    9.197  -10.000      104.2740     3139.2695
18 163  30.106  48642.031  99.588  -0.155    9.137  -10.000      104.2766     3139.3477
18 163  30.106  48642.043  99.728  -0.101    9.191  -10.000      104.2770     3139.3594
18 163  30.106  48642.117 100.618  -0.133    9.161  -10.000      104.2795     3139.4336
18 163  30.106  48642.133 100.805  -0.114    9.180  -10.000      104.2800     3139.4492
18 163  30.106  48642.297 102.766  -0.103    9.195  -10.000      104.2855     3139.6133
18 163  30.106  48642.312 102.953  -0.117    9.182  -10.000      104.2860     3139.6289
18 163  30.106  48642.383 103.793  -0.129    9.172  -10.000      104.2883     3139.6992
18 163  30.106  48642.398 103.980  -0.166    9.135  -10.000      104.2888     3139.7148
18 163  30.106  48642.473 104.867  -0.149    9.154  -10.000      104.2913     3139.7891
18 163  30.106  48642.488 105.054  -0.128    9.175  -10.000      104.2918     3139.8047
18 163  30.106  48642.562 105.941  -0.188    9.117  -10.000      104.2943     3139.8789
18 163  30.106  48642.578 106.128  -0.144    9.162  -10.000      104.2948     3139.8945
18 163  30.106  48642.828 109.119  -0.134    9.177  -10.000      104.3031     3140.1445
18 163  30.106  48642.844 109.306  -0.124    9.188  -10.000      104.3036     3140.1602
18 163  30.106  48642.918 110.193  -0.139    9.174  -10.000      104.3061     3140.2344
18 163  30.106  48642.934 110.380  -0.141    9.173  -10.000      104.3066     3140.2500
18 163  30.106  48643.008 111.267  -0.150    9.165  -10.000      104.3091     3140.3242
18 163  30.106  48650.473 200.531  -0.087    8.149  -10.000      104.5570     3147.7891
18 163  30.106  48650.488 200.717  -0.036    8.200  -10.000      104.5575     3147.8047
18 163  30.106  48650.562 201.605  -0.064    8.172  -10.000      104.5600     3147.8789
18 163  30.106  48650.578 201.791  -0.054    8.182  -10.000      104.5605     3147.8945
18 163  30.106  48650.742 203.752  -0.018    8.219  -10.000      104.5660     3148.0586
18 163  30.106  48650.754 203.893  -0.044    8.193  -10.000      104.5664     3148.0703
18 163  30.106  48650.828 204.780  -0.029    8.210  -10.000      104.5688     3148.1445
18 163  30.106  48650.844 204.966  -0.062    8.177  -10.000      104.5694     3148.1602
18 163  30.106  48650.918 205.854  -0.068    8.173  -10.000      104.5718     3148.2344
18 163  30.106  48651.184 209.031  -0.028    8.221  -10.000      104.5806     3148.5000
18 163  30.106  48651.199 209.218  -0.017    8.233  -10.000      104.5812     3148.5156
18 163  30.106  48651.273 210.105  -0.023    8.230  -10.000      104.5836     3148.5898
18 163  30.106  48651.289 210.292  -0.017    8.236  -10.000      104.5841     3148.6055
18 163  30.106  48651.363 211.179  -0.047    8.210  -10.000      104.5866     3148.6797
18 163  30.106  48651.375 211.319   0.011    8.269  -10.000      104.5870     3148.6914
18 163  30.106  48651.453 212.253  -0.007    8.254  -10.000      104.5896     3148.7695
18 163  30.106  48651.465 212.393   0.042    8.303  -10.000      104.5900     3148.7812
18 163  30.106  48699.523  67.069  -0.027    9.175  -10.000      106.1863     3196.8398
18 163  30.106  48699.539  67.256  -0.132    9.071  -10.000      106.1868     3196.8555
18 163  30.106  48699.613  68.143  -0.031    9.174  -10.000      106.1893     3196.9297
18 163  30.106  48699.625  68.283  -0.087    9.118  -10.000      106.1897     3196.9414
18 163  30.106  48699.703  69.217  -0.134    9.073  -10.000      106.1923     3197.0195
18 163  30.106  48699.715  69.357  -0.108    9.100  -10.000      106.1927     3197.0312
18 163  30.106  48723.605 355.034  -0.017    8.896  -10.000      106.9862     3220.9219
18 163  30.106  48723.617 355.174  -0.068    8.846  -10.000      106.9866     3220.9336
18 163  30.106  48723.695 356.108  -0.028    8.891  -10.000      106.9892     3221.0117
18 163  30.106  48723.707 356.251  -0.062    8.858  -10.000      106.9896     3221.0234
18 163  30.106  48787.480  38.837  -0.068    9.051  -10.000      109.1079     3284.7969
18 163  30.106  48787.492  38.977  -0.042    9.078  -10.000      109.1083     3284.8086
18 163  30.106  48787.570  39.911  -0.082    9.042  -10.000      109.1109     3284.8867
18 163  30.106  48787.582  40.051  -0.084    9.041  -10.000      109.1113     3284.8984
18 163  30.106  48801.078 201.434  -0.049    8.187  -10.000      109.5595     3298.3945
18 163  30.106  48801.094 201.621  -0.065    8.171  -10.000      109.5601     3298.4102
18 163  30.106  48801.168 202.508  -0.061    8.175  -10.000      109.5625     3298.4844
18 163  30.106  48801.180 202.648  -0.066    8.170  -10.000      109.5629     3298.4961
18 163  30.106  48801.258 203.585  -0.061    8.176  -10.000      109.5655     3298.5742
18 163  30.106  48801.270 203.725  -0.077    8.160  -10.000      109.5659     3298.5859
18 163  30.106  48801.344 204.612  -0.053    8.185  -10.000      109.5684     3298.6602
18 163  30.106  48942.789  95.982  -0.091    9.192  -10.000      114.2666     3440.1055
18 163  30.106  48978.621 164.452  -0.122    8.861  -10.000      115.4568     3475.9375
18 163  30.106  48978.711 165.528  -0.178    8.772  -10.000      115.4598     3476.0273
18 163  30.106  49046.395 254.872  -0.001    8.450  -10.000      117.7080     3543.7109
18 163  30.106  49046.406 255.012  -0.007    8.445  -10.000      117.7084     3543.7227
18 163  30.106  49046.484 255.946  -0.013    8.443  -10.000      117.7110     3543.8008
18 163  30.106  49046.496 256.086  -0.032    8.425  -10.000      117.7113     3543.8125
18 163  30.106  49046.746 259.077   0.010    8.479  -10.000      117.7197     3544.0625
18 163  30.106  49046.762 259.264   0.018    8.488  -10.000      117.7202     3544.0781
11  43  30.106  48341.605 107.169   0.019    6.276  -10.000       94.2977     2838.9219
12  43  30.106  48341.605 107.169   0.010    5.686  -10.000       94.2977     2838.9219
13  43  30.106  48341.605 107.169  -0.009    5.480  -10.000       94.2977     2838.9219
11  43  30.106  48342.578 118.798  -0.003    6.304  -10.000       94.3300     2839.8945
12  43  30.106  48342.578 118.798   0.002    5.733  -10.000       94.3300     2839.8945
13  43  30.106  48342.578 118.798  -0.021    5.523  -10.000       94.3300     2839.8945
 0  29  30.106  44952.906 265.890   2.366   36.500    3.800      -18.2614     -549.7773
 0  29  30.106  44625.863 315.187   0.223   47.400    3.800      -29.1245     -876.8203
 0  29  30.106  44626.836 326.817   1.675   52.100    3.800      -29.0922     -875.8477
 0  29  30.106  44537.965 344.118  -0.755   52.400    3.800      -32.0441     -964.7188
 0  29  30.106  44627.785 338.168  -3.749   49.000    3.800      -29.0606     -874.8984
 0  29  30.106  44571.926  30.214  -4.385   61.200    3.800      -30.9161     -930.7578
 0  29  30.106  44542.957  43.813  -1.733   64.000    3.800      -31.8783     -959.7266
 0  29  30.106  44572.941  42.359   2.570   68.300    3.800      -30.8823     -929.7422
 0  29  30.106  44543.957  55.771   0.317   71.000    3.800      -31.8451     -958.7266
 0  29  30.106  44573.945  54.364  -8.449   61.400    3.800      -30.8490     -928.7383
 0  29  30.106  45383.734  17.633   1.540   64.000    3.800       -3.9510     -118.9492
 0  29  30.106  45384.668  28.797   3.064   68.300    3.800       -3.9200     -118.0156
 0  29  30.106  45386.719  53.319   1.806   71.000    3.800       -3.8519     -115.9648
 0  29  30.106  45387.676  64.763   5.448   77.700    3.800       -3.8201     -115.0078
 0  29  30.106  45388.746  77.562  -8.129   67.900    3.800       -3.7846     -113.9375
 0  29  30.106  45389.672  88.632   0.295   79.700    3.800       -3.7538     -113.0117
 0  29  30.106  45004.785 166.246   9.500   82.700    3.800      -16.5382     -497.8984
 0  29  30.106  45005.766 177.970   8.401   71.900    3.800      -16.5056     -496.9180
 0  29  30.106  44946.941 194.564   0.860   43.400    3.800      -18.4595     -555.7422
 0  29  30.106  44948.906 218.059  -0.259   30.400    3.800      -18.3943     -553.7773
 0  29  30.106  44949.914 230.111  -2.177   27.700    3.800      -18.3608     -552.7695
 6  36  30.106  45370.523 219.660  -0.020    5.964  -10.000       -4.3898     -132.1602
 7  36  30.106  45370.523 219.660   0.000    5.465  -10.000       -4.3898     -132.1602
 8  36  30.106  45370.523 219.660  -0.019    5.296  -10.000       -4.3898     -132.1602
 6  36  30.106  45373.508 255.346  -0.012    5.923  -10.000       -4.2907     -129.1758
 7  36  30.106  45373.508 255.346   0.007    5.368  -10.000       -4.2907     -129.1758
 8  36  30.106  45373.508 255.346  -0.010    5.188  -10.000       -4.2907     -129.1758
 6  36  30.106  45435.336 274.672  -0.017    5.905  -10.000       -2.2370      -67.3477
 7  36  30.106  45435.336 274.672  -0.001    5.320  -10.000       -2.2370      -67.3477
 8  36  30.106  45435.336 274.672  -0.017    5.134  -10.000       -2.2370      -67.3477
 6  36  30.106  45473.234   7.853   0.022    6.045  -10.000       -0.9782      -29.4492
 7  36  30.106  45473.234   7.853   0.020    5.354  -10.000       -0.9782      -29.4492
 8  36  30.106  45473.234   7.853   0.026    5.169  -10.000       -0.9782      -29.4492
 6  36  30.106  45637.602 173.318  -0.207    6.061  -10.000        4.4814      134.9180
 7  36  30.106  45637.602 173.318  -0.119    5.598  -10.000        4.4814      134.9180
 8  36  30.106  45637.602 173.318  -0.113    5.446  -10.000        4.4814      134.9180
 6  36  30.106  45796.367 271.800  -0.013    5.910  -10.000        9.7550      293.6836
 7  36  30.106  45796.367 271.800   0.008    5.334  -10.000        9.7550      293.6836
 8  36  30.106  45796.367 271.800  -0.005    5.152  -10.000        9.7550      293.6836
 6  36  30.106  45805.254  18.065   0.050    6.104  -10.000       10.0502      302.5703
 7  36  30.106  45805.254  18.065   0.032    5.391  -10.000       10.0502      302.5703
 8  36  30.106  45805.254  18.065   0.032    5.198  -10.000       10.0502      302.5703
 6  36  30.106  45839.266  64.770   0.075    6.264  -10.000       11.1799      336.5820
 7  36  30.106  45839.266  64.770   0.060    5.545  -10.000       11.1799      336.5820
 8  36  30.106  45839.266  64.770   0.055    5.345  -10.000       11.1799      336.5820
 6  36  30.106  45840.230  76.307   0.070    6.296  -10.000       11.2120      337.5469
 7  36  30.106  45840.230  76.307   0.055    5.579  -10.000       11.2120      337.5469
 8  36  30.106  45840.230  76.307   0.050    5.379  -10.000       11.2120      337.5469
 6  36  30.106  45841.258  88.592   0.067    6.341  -10.000       11.2461      338.5742
 7  36  30.106  45841.258  88.592   0.057    5.632  -10.000       11.2461      338.5742
 8  36  30.106  45841.258  88.592   0.061    5.442  -10.000       11.2461      338.5742
 6  36  30.106  45842.211  99.989   0.034    6.357  -10.000       11.2777      339.5273
 7  36  30.106  45842.211  99.989   0.045    5.675  -10.000       11.2777      339.5273
 8  36  30.106  45842.211  99.989   0.033    5.471  -10.000       11.2777      339.5273
 6  36  30.106  46070.543 310.330   0.030    5.949  -10.000       18.8620      567.8594
 7  36  30.106  46070.543 310.330   0.034    5.312  -10.000       18.8620      567.8594
 8  36  30.106  46070.543 310.330   0.029    5.127  -10.000       18.8620      567.8594
 6  36  30.106  46073.559 346.391   0.036    6.011  -10.000       18.9622      570.8750
 7  36  30.106  46073.559 346.391   0.040    5.343  -10.000       18.9622      570.8750
 8  36  30.106  46073.559 346.391   0.039    5.154  -10.000       18.9622      570.8750
 6  36  30.106  46201.273  73.575   0.068    6.283  -10.000       23.2044      698.5898
 7  36  30.106  46201.273  73.575   0.063    5.576  -10.000       23.2044      698.5898
 8  36  30.106  46201.273  73.575   0.061    5.380  -10.000       23.2044      698.5898
 6  36  30.106  46202.246  85.206   0.051    6.312  -10.000       23.2367      699.5625
 7  36  30.106  46202.246  85.206   0.066    5.626  -10.000       23.2367      699.5625
 8  36  30.106  46202.246  85.206   0.069    5.435  -10.000       23.2367      699.5625
 6  36  30.106  46203.254  97.257   0.044    6.355  -10.000       23.2702      700.5703
 7  36  30.106  46203.254  97.257   0.051    5.667  -10.000       23.2702      700.5703
 8  36  30.106  46203.254  97.257   0.051    5.475  -10.000       23.2702      700.5703
 6  36  30.106  46205.246 121.079   0.008    6.420  -10.000       23.3363      702.5625
 7  36  30.106  46205.246 121.079   0.026    5.755  -10.000       23.3363      702.5625
 8  36  30.106  46205.246 121.079   0.021    5.561  -10.000       23.3363      702.5625
 6  36  30.106  46223.203 335.805   0.045    6.001  -10.000       23.9328      720.5195
 7  36  30.106  46223.203 335.805   0.040    5.332  -10.000       23.9328      720.5195
 8  36  30.106  46223.203 335.805   0.035    5.142  -10.000       23.9328      720.5195
 6  36  30.106  46225.188 359.534   0.045    6.049  -10.000       23.9987      722.5039
 7  36  30.106  46225.188 359.534   0.049    5.370  -10.000       23.9987      722.5039
 8  36  30.106  46225.188 359.534   0.048    5.179  -10.000       23.9987      722.5039
 6  36  30.106  46227.203  23.636   0.070    6.139  -10.000       24.0657      724.5195
 7  36  30.106  46227.203  23.636   0.048    5.420  -10.000       24.0657      724.5195
 8  36  30.106  46227.203  23.636   0.054    5.233  -10.000       24.0657      724.5195
 6  36  30.106  46572.273 189.907  -0.111    5.967  -10.000       35.5275     1069.5898
 7  36  30.106  46572.273 189.907  -0.069    5.514  -10.000       35.5275     1069.5898
 8  36  30.106  46572.273 189.907  -0.086    5.354  -10.000       35.5275     1069.5898
 6  36  30.106  46573.277 201.911  -0.052    5.969  -10.000       35.5609     1070.5938
 7  36  30.106  46573.277 201.911  -0.050    5.477  -10.000       35.5609     1070.5938
 8  36  30.106  46573.277 201.911  -0.056    5.327  -10.000       35.5609     1070.5938
 6  36  30.106  46575.211 225.033  -0.033    5.941  -10.000       35.6251     1072.5273
 7  36  30.106  46575.211 225.033  -0.024    5.423  -10.000       35.6251     1072.5273
 8  36  30.106  46575.211 225.033  -0.039    5.256  -10.000       35.6251     1072.5273
 6  36  30.106  46576.238 237.317  -0.024    5.929  -10.000       35.6592     1073.5547
 7  36  30.106  46576.238 237.317  -0.017    5.390  -10.000       35.6592     1073.5547
 8  36  30.106  46576.238 237.317  -0.036    5.214  -10.000       35.6592     1073.5547
 6  36  30.106  46595.211 104.187   0.028    6.369  -10.000       36.2894     1092.5273
 7  36  30.106  46595.211 104.187   0.047    5.697  -10.000       36.2894     1092.5273
 8  36  30.106  46595.211 104.187   0.039    5.498  -10.000       36.2894     1092.5273
 6  36  30.106  46596.230 116.380   0.024    6.414  -10.000       36.3233     1093.5469
 7  36  30.106  46596.230 116.380   0.037    5.743  -10.000       36.3233     1093.5469
 8  36  30.106  46596.230 116.380   0.029    5.544  -10.000       36.3233     1093.5469
 7  36  30.106  46597.191 127.870   0.011    5.776  -10.000       36.3552     1094.5078
 8  36  30.106  46597.191 127.870   0.002    5.578  -10.000       36.3552     1094.5078
 6  36  30.106  46601.195 175.748  -0.234    6.002  -10.000       36.4882     1098.5117
 7  36  30.106  46601.195 175.748  -0.144    5.552  -10.000       36.4882     1098.5117
 8  36  30.106  46601.195 175.748  -0.146    5.395  -10.000       36.4882     1098.5117
 6  36  30.106  46603.191 199.616  -0.062    5.966  -10.000       36.5545     1100.5078
 7  36  30.106  46603.191 199.616  -0.042    5.494  -10.000       36.5545     1100.5078
 8  36  30.106  46603.191 199.616  -0.060    5.333  -10.000       36.5545     1100.5078
 6  36  30.106  46607.176 247.261  -0.011    5.931  -10.000       36.6868     1104.4922
 7  36  30.106  46607.176 247.261  -0.013    5.367  -10.000       36.6868     1104.4922
 8  36  30.106  46607.176 247.261  -0.037    5.182  -10.000       36.6868     1104.4922
 6  36  30.106  46610.176 283.134   0.014    5.931  -10.000       36.7865     1107.4922
 7  36  30.106  46610.176 283.134   0.020    5.325  -10.000       36.7865     1107.4922
 8  36  30.106  46610.176 283.134   0.000    5.133  -10.000       36.7865     1107.4922
 6  36  30.106  46747.531 125.598   0.019    6.452  -10.000       41.3489     1244.8477
 7  36  30.106  46747.531 125.598   0.034    5.787  -10.000       41.3489     1244.8477
 8  36  30.106  46747.531 125.598   0.023    5.586  -10.000       41.3489     1244.8477
 6  36  30.106  46748.527 137.510  -0.008    6.476  -10.000       41.3820     1245.8438
 7  36  30.106  46748.527 137.510   0.000    5.813  -10.000       41.3820     1245.8438
 8  36  30.106  46748.527 137.510  -0.010    5.616  -10.000       41.3820     1245.8438
 6  36  30.106  46749.586 150.168  -0.057    6.432  -10.000       41.4171     1246.9023
 7  36  30.106  46749.586 150.168  -0.029    5.810  -10.000       41.4171     1246.9023
 8  36  30.106  46749.586 150.168  -0.021    5.637  -10.000       41.4171     1246.9023
 6  36  30.106  46831.414  48.650   0.094    6.239  -10.000       44.1351     1328.7305
 7  36  30.106  46831.414  48.650   0.064    5.504  -10.000       44.1351     1328.7305
 8  36  30.106  46831.414  48.650   0.068    5.313  -10.000       44.1351     1328.7305
 6  36  30.106  46860.422  35.519   0.081    6.185  -10.000       45.0987     1357.7383
 7  36  30.106  46860.422  35.519   0.057    5.460  -10.000       45.0987     1357.7383
 8  36  30.106  46860.422  35.519   0.064    5.273  -10.000       45.0987     1357.7383
 6  36  30.106  46890.414  34.158   0.084    6.184  -10.000       46.0949     1387.7305
 7  36  30.106  46890.414  34.158   0.069    5.468  -10.000       46.0949     1387.7305
 8  36  30.106  46890.414  34.158   0.066    5.271  -10.000       46.0949     1387.7305
 6  36  30.106  46891.406  46.023   0.089    6.227  -10.000       46.1278     1388.7227
 7  36  30.106  46891.406  46.023   0.071    5.504  -10.000       46.1278     1388.7227
 8  36  30.106  46891.406  46.023   0.076    5.314  -10.000       46.1278     1388.7227
 6  36  30.106  48042.227 127.266  -0.009    6.432  -10.000       84.3535     2539.5430
 7  36  30.106  48042.227 127.266  -0.001    5.760  -10.000       84.3535     2539.5430
 8  36  30.106  48042.227 127.266  -0.004    5.568  -10.000       84.3535     2539.5430
 6  36  30.106  48043.238 139.362  -0.006    6.484  -10.000       84.3871     2540.5547
 7  36  30.106  48043.238 139.362  -0.006    5.814  -10.000       84.3871     2540.5547
 8  36  30.106  48043.238 139.362  -0.021    5.612  -10.000       84.3871     2540.5547
 6  36  30.106  48046.246 175.328  -0.213    6.028  -10.000       84.4870     2543.5625
 7  36  30.106  48046.246 175.328  -0.118    5.582  -10.000       84.4870     2543.5625
 8  36  30.106  48046.246 175.328  -0.124    5.421  -10.000       84.4870     2543.5625
 0 170  30.106  50501.781  18.045   0.634   63.100    0.290      166.0501     4999.0977
 0 170  30.106  50527.578 326.519  27.405   77.580    0.500      166.9070     5024.8945
 3   9  30.106  44015.488 216.464  -0.059    8.080  -10.000      -49.3987    -1487.1953
14   9  30.106  44015.488 216.464  -0.175    9.490  -10.000      -49.3987    -1487.1953
15   9  30.106  44015.488 216.464  -0.057    8.390  -10.000      -49.3987    -1487.1953
16   9  30.106  44015.488 216.464  -0.025    7.500  -10.000      -49.3987    -1487.1953
17   9  30.106  44015.488 216.464  -0.043    6.830  -10.000      -49.3987    -1487.1953
 3   9  30.106  44017.488 240.379  -0.016    8.230  -10.000      -49.3323    -1485.1953
14   9  30.106  44017.488 240.379  -0.137    9.830  -10.000      -49.3323    -1485.1953
15   9  30.106  44017.488 240.379  -0.022    8.560  -10.000      -49.3323    -1485.1953
16   9  30.106  44017.488 240.379   0.011    7.590  -10.000      -49.3323    -1485.1953
17   9  30.106  44017.488 240.379  -0.013    6.870  -10.000      -49.3323    -1485.1953
 3   9  30.106  44020.469 276.019  -0.038    8.380  -10.000      -49.2333    -1482.2148
14   9  30.106  44020.469 276.019  -0.133   10.270  -10.000      -49.2333    -1482.2148
15   9  30.106  44020.469 276.019  -0.040    8.750  -10.000      -49.2333    -1482.2148
16   9  30.106  44020.469 276.019   0.002    7.680  -10.000      -49.2333    -1482.2148
17   9  30.106  44020.469 276.019  -0.034    6.890  -10.000      -49.2333    -1482.2148
 3   9  30.106  44024.512 324.364  -0.040    8.590  -10.000      -49.0990    -1478.1719
14   9  30.106  44024.512 324.364  -0.100   10.780  -10.000      -49.0990    -1478.1719
15   9  30.106  44024.512 324.364  -0.030    9.010  -10.000      -49.0990    -1478.1719
16   9  30.106  44024.512 324.364  -0.019    7.800  -10.000      -49.0990    -1478.1719
17   9  30.106  44024.512 324.364  -0.025    6.980  -10.000      -49.0990    -1478.1719
 3   9  30.106  44027.500   0.098  -0.014    8.800  -10.000      -48.9997    -1475.1836
14   9  30.106  44027.500   0.098  -0.084   11.130  -10.000      -48.9997    -1475.1836
15   9  30.106  44027.500   0.098  -0.015    9.230  -10.000      -48.9997    -1475.1836
16   9  30.106  44027.500   0.098  -0.002    7.960  -10.000      -48.9997    -1475.1836
17   9  30.106  44027.500   0.098  -0.025    7.090  -10.000      -48.9997    -1475.1836
33 177  30.106  54228.852 305.486   0.066    5.014    0.010      289.8486     8726.1680
34 177  30.106  54228.852 305.486  -0.014    4.982    0.010      289.8486     8726.1680
35 177  30.106  54228.852 305.486   0.071    5.009    0.007      289.8486     8726.1680
36 177  30.106  54228.852 305.486   0.123    4.993    0.006      289.8486     8726.1680
