 2  22  28.124  43905.594 214.589  -0.103    8.988  -10.000      -55.4039    -1558.1680
 3  22  28.124  43905.594 214.589  -0.066    7.897  -10.000      -55.4039    -1558.1680
 4  22  28.124  43905.594 214.589  -0.041    7.237  -10.000      -55.4039    -1558.1680
 5  22  28.124  43905.594 214.589  -0.042    6.594  -10.000      -55.4039    -1558.1680
 2  22  28.124  43906.613 227.639  -0.135    9.054  -10.000      -55.3677    -1557.1484
 3  22  28.124  43906.613 227.639  -0.074    7.937  -10.000      -55.3677    -1557.1484
 4  22  28.124  43906.613 227.639  -0.047    7.257  -10.000      -55.3677    -1557.1484
 5  22  28.124  43906.613 227.639  -0.053    6.590  -10.000      -55.3677    -1557.1484
 2  22  28.124  44031.270  23.309   0.042   10.241  -10.000      -50.9353    -1432.4922
 3  22  28.124  44031.270  23.309  -0.007    8.600  -10.000      -50.9353    -1432.4922
 4  22  28.124  44031.270  23.309   0.015    7.743  -10.000      -50.9353    -1432.4922
 5  22  28.124  44031.270  23.309  -0.001    6.908  -10.000      -50.9353    -1432.4922
 2  22  28.124  44046.219 214.667  -0.084    9.007  -10.000      -50.4037    -1417.5430
 3  22  28.124  44046.219 214.667  -0.061    7.903  -10.000      -50.4037    -1417.5430
 4  22  28.124  44046.219 214.667  -0.039    7.239  -10.000      -50.4037    -1417.5430
 5  22  28.124  44046.219 214.667  -0.051    6.585  -10.000      -50.4037    -1417.5430
 2  22  28.124  44049.230 253.218  -0.097    9.285  -10.000      -50.2966    -1414.5312
 3  22  28.124  44049.230 253.218  -0.058    8.049  -10.000      -50.2966    -1414.5312
 4  22  28.124  44049.230 253.218  -0.036    7.325  -10.000      -50.2966    -1414.5312
 5  22  28.124  44049.230 253.218  -0.033    6.630  -10.000      -50.2966    -1414.5312
 2  22  28.124  44238.566 156.823   0.117   10.141  -10.000      -43.5644    -1225.1953
 3  22  28.124  44238.566 156.823   0.042    8.666  -10.000      -43.5644    -1225.1953
 4  22  28.124  44238.566 156.823   0.033    7.858  -10.000      -43.5644    -1225.1953
 5  22  28.124  44238.566 156.823  -0.004    7.076  -10.000      -43.5644    -1225.1953
 2  22  28.124  44255.570  14.483   0.011   10.169  -10.000      -42.9598    -1208.1914
 3  22  28.124  44255.570  14.483   0.001    8.575  -10.000      -42.9598    -1208.1914
 4  22  28.124  44255.570  14.483   0.030    7.729  -10.000      -42.9598    -1208.1914
 5  22  28.124  44255.570  14.483   0.035    6.918  -10.000      -42.9598    -1208.1914
 2  22  28.124  44257.566  40.034  -0.014   10.260  -10.000      -42.8888    -1206.1953
 3  22  28.124  44257.566  40.034  -0.020    8.647  -10.000      -42.8888    -1206.1953
 4  22  28.124  44257.566  40.034   0.004    7.786  -10.000      -42.8888    -1206.1953
 5  22  28.124  44257.566  40.034   0.011    6.968  -10.000      -42.8888    -1206.1953
 2  22  28.124  44258.570  52.884  -0.023   10.299  -10.000      -42.8531    -1205.1914
 3  22  28.124  44258.570  52.884  -0.025    8.683  -10.000      -42.8531    -1205.1914
 4  22  28.124  44258.570  52.884  -0.005    7.815  -10.000      -42.8531    -1205.1914
 5  22  28.124  44258.570  52.884   0.012    7.005  -10.000      -42.8531    -1205.1914
 2  22  28.124  44259.570  65.685  -0.036   10.298  -10.000      -42.8175    -1204.1914
 3  22  28.124  44259.570  65.685  -0.034    8.693  -10.000      -42.8175    -1204.1914
 4  22  28.124  44259.570  65.685  -0.009    7.833  -10.000      -42.8175    -1204.1914
 5  22  28.124  44259.570  65.685  -0.004    7.013  -10.000      -42.8175    -1204.1914
 2  22  28.124  44391.258 311.358  -0.026    9.759  -10.000      -38.1351    -1072.5039
 3  22  28.124  44391.258 311.358  -0.019    8.304  -10.000      -38.1351    -1072.5039
 4  22  28.124  44391.258 311.358  -0.005    7.493  -10.000      -38.1351    -1072.5039
 5  22  28.124  44391.258 311.358   0.004    6.733  -10.000      -38.1351    -1072.5039
 2  22  28.124  44393.242 336.758  -0.016    9.931  -10.000      -38.0646    -1070.5195
 3  22  28.124  44393.242 336.758  -0.018    8.409  -10.000      -38.0646    -1070.5195
 4  22  28.124  44393.242 336.758  -0.005    7.574  -10.000      -38.0646    -1070.5195
 5  22  28.124  44393.242 336.758   0.008    6.795  -10.000      -38.0646    -1070.5195
 2  22  28.124  44646.418 337.548  -0.022    9.930  -10.000      -29.0624     -817.3438
 3  22  28.124  44646.418 337.548  -0.016    8.414  -10.000      -29.0624     -817.3438
 4  22  28.124  44646.418 337.548  -0.002    7.579  -10.000      -29.0624     -817.3438
 5  22  28.124  44646.418 337.548   0.006    6.795  -10.000      -29.0624     -817.3438
 1  22  28.124  44647.449 350.749  -0.058   11.274  -10.000      -29.0257     -816.3125
 2  22  28.124  44647.449 350.749  -0.009   10.017  -10.000      -29.0257     -816.3125
 3  22  28.124  44647.449 350.749  -0.008    8.473  -10.000      -29.0257     -816.3125
 4  22  28.124  44647.449 350.749   0.013    7.634  -10.000      -29.0257     -816.3125
 5  22  28.124  44647.449 350.749   0.024    6.844  -10.000      -29.0257     -816.3125
 2  22  28.124  44648.465   3.750  -0.007   10.096  -10.000      -28.9896     -815.2969
 3  22  28.124  44648.465   3.750  -0.014    8.520  -10.000      -28.9896     -815.2969
 4  22  28.124  44648.465   3.750   0.002    7.667  -10.000      -28.9896     -815.2969
 5  22  28.124  44648.465   3.750   0.007    6.861  -10.000      -28.9896     -815.2969
 2  22  28.124  44649.465  16.550  -0.007   10.161  -10.000      -28.9540     -814.2969
 3  22  28.124  44649.465  16.550  -0.014    8.569  -10.000      -28.9540     -814.2969
 4  22  28.124  44649.465  16.550   0.002    7.709  -10.000      -28.9540     -814.2969
 5  22  28.124  44649.465  16.550   0.011    6.901  -10.000      -28.9540     -814.2969
 3  22  28.124  44653.551  68.852  -0.026    8.706  -10.000      -28.8087     -810.2109
 4  22  28.124  44653.551  68.852  -0.013    7.835  -10.000      -28.8087     -810.2109
 5  22  28.124  44653.551  68.852  -0.015    7.009  -10.000      -28.8087     -810.2109
 2  22  28.124  44654.562  81.803  -0.048   10.311  -10.000      -28.7728     -809.1992
 3  22  28.124  44654.562  81.803  -0.042    8.717  -10.000      -28.7728     -809.1992
 4  22  28.124  44654.562  81.803  -0.020    7.858  -10.000      -28.7728     -809.1992
 5  22  28.124  44654.562  81.803  -0.033    7.022  -10.000      -28.7728     -809.1992
 2  22  28.124  44655.512  93.954   0.000   10.360  -10.000      -28.7390     -808.2500
 3  22  28.124  44655.512  93.954  -0.014    8.760  -10.000      -28.7390     -808.2500
 4  22  28.124  44655.512  93.954  -0.008    7.890  -10.000      -28.7390     -808.2500
 5  22  28.124  44655.512  93.954  -0.021    7.061  -10.000      -28.7390     -808.2500
 3  22  28.124  44661.352 168.707   0.119    8.488  -10.000      -28.5314     -802.4102
 4  22  28.124  44661.352 168.707   0.083    7.705  -10.000      -28.5314     -802.4102
 5  22  28.124  44661.352 168.707   0.046    6.970  -10.000      -28.5314     -802.4102
 3  22  28.124  44663.383 194.708   0.025    7.957  -10.000      -28.4591     -800.3789
 4  22  28.124  44663.383 194.708   0.024    7.290  -10.000      -28.4591     -800.3789
 5  22  28.124  44663.383 194.708   0.006    6.648  -10.000      -28.4591     -800.3789
 2  22  28.124  44960.566  38.822  -0.020   10.248  -10.000      -17.8922     -503.1953
 3  22  28.124  44960.566  38.822  -0.044    8.619  -10.000      -17.8922     -503.1953
 1  22  28.124  45003.531 228.796  -0.107    9.922  -10.000      -16.3645     -460.2305
 2  22  28.124  45003.531 228.796  -0.123    9.075  -10.000      -16.3645     -460.2305
 3  22  28.124  45003.531 228.796  -0.065    7.950  -10.000      -16.3645     -460.2305
 4  22  28.124  45003.531 228.796  -0.033    7.273  -10.000      -16.3645     -460.2305
 5  22  28.124  45003.531 228.796  -0.004    6.640  -10.000      -16.3645     -460.2305
 1  22  28.124  45004.512 241.346  -0.155   10.024  -10.000      -16.3296     -459.2500
 2  22  28.124  45004.512 241.346  -0.126    9.161  -10.000      -16.3296     -459.2500
 3  22  28.124  45004.512 241.346  -0.071    7.987  -10.000      -16.3296     -459.2500
 4  22  28.124  45004.512 241.346  -0.054    7.276  -10.000      -16.3296     -459.2500
 5  22  28.124  45004.512 241.346  -0.037    6.612  -10.000      -16.3296     -459.2500
 1  22  28.124  45005.465 253.547  -0.186   10.152  -10.000      -16.2957     -458.2969
 2  22  28.124  45005.465 253.547  -0.131    9.253  -10.000      -16.2957     -458.2969
 3  22  28.124  45005.465 253.547  -0.071    8.037  -10.000      -16.2957     -458.2969
 4  22  28.124  45005.465 253.547  -0.038    7.323  -10.000      -16.2957     -458.2969
 5  22  28.124  45005.465 253.547  -0.021    6.642  -10.000      -16.2957     -458.2969
 1  22  28.124  45006.422 265.797  -0.163   10.313  -10.000      -16.2617     -457.3398
 2  22  28.124  45006.422 265.797  -0.105    9.363  -10.000      -16.2617     -457.3398
 3  22  28.124  45006.422 265.797  -0.056    8.094  -10.000      -16.2617     -457.3398
 4  22  28.124  45006.422 265.797  -0.028    7.358  -10.000      -16.2617     -457.3398
 5  22  28.124  45006.422 265.797  -0.019    6.653  -10.000      -16.2617     -457.3398
 1  22  28.124  45007.508 279.698  -0.150   10.488  -10.000      -16.2231     -456.2539
 2  22  28.124  45007.508 279.698  -0.089    9.478  -10.000      -16.2231     -456.2539
 3  22  28.124  45007.508 279.698  -0.048    8.153  -10.000      -16.2231     -456.2539
 4  22  28.124  45007.508 279.698  -0.033    7.383  -10.000      -16.2231     -456.2539
 5  22  28.124  45007.508 279.698  -0.031    6.653  -10.000      -16.2231     -456.2539
 1  22  28.124  45008.535 292.849  -0.138   10.651  -10.000      -16.1865     -455.2266
 2  22  28.124  45008.535 292.849  -0.081    9.581  -10.000      -16.1865     -455.2266
 3  22  28.124  45008.535 292.849  -0.043    8.210  -10.000      -16.1865     -455.2266
 4  22  28.124  45008.535 292.849  -0.023    7.428  -10.000      -16.1865     -455.2266
 5  22  28.124  45008.535 292.849  -0.021    6.680  -10.000      -16.1865     -455.2266
 1  22  28.124  45009.500 305.199  -0.142   10.782  -10.000      -16.1522     -454.2617
 2  22  28.124  45009.500 305.199  -0.082    9.666  -10.000      -16.1522     -454.2617
 3  22  28.124  45009.500 305.199  -0.042    8.259  -10.000      -16.1522     -454.2617
 4  22  28.124  45009.500 305.199  -0.013    7.471  -10.000      -16.1522     -454.2617
 5  22  28.124  45009.500 305.199  -0.006    6.714  -10.000      -16.1522     -454.2617
 1  22  28.124  45071.367  17.133  -0.090   11.440  -10.000      -13.9524     -392.3945
 2  22  28.124  45071.367  17.133  -0.051   10.120  -10.000      -13.9524     -392.3945
 3  22  28.124  45071.367  17.133  -0.045    8.540  -10.000      -13.9524     -392.3945
 1  22  28.124  45095.340 323.996  -0.121   10.982  -10.000      -13.1000     -368.4219
 2  22  28.124  45095.340 323.996  -0.062    9.804  -10.000      -13.1000     -368.4219
 3  22  28.124  45095.340 323.996  -0.039    8.334  -10.000      -13.1000     -368.4219
 4  22  28.124  45095.340 323.996  -0.020    7.516  -10.000      -13.1000     -368.4219
 5  22  28.124  45095.340 323.996  -0.015    6.740  -10.000      -13.1000     -368.4219
 1  22  28.124  45100.363  28.299  -0.080   11.514  -10.000      -12.9214     -363.3984
 2  22  28.124  45100.363  28.299  -0.024   10.197  -10.000      -12.9214     -363.3984
 3  22  28.124  45100.363  28.299  -0.021    8.603  -10.000      -12.9214     -363.3984
 4  22  28.124  45100.363  28.299  -0.001    7.742  -10.000      -12.9214     -363.3984
 5  22  28.124  45100.363  28.299   0.006    6.928  -10.000      -12.9214     -363.3984
 2  22  28.124  45102.340  53.600  -0.050   10.273  -10.000      -12.8511     -361.4219
 3  22  28.124  45102.340  53.600  -0.043    8.666  -10.000      -12.8511     -361.4219
 4  22  28.124  45102.340  53.600  -0.029    7.793  -10.000      -12.8511     -361.4219
 5  22  28.124  45102.340  53.600  -0.019    6.975  -10.000      -12.8511     -361.4219
 2  22  28.124  45106.230 103.402   0.013   10.364  -10.000      -12.7128     -357.5312
 3  22  28.124  45106.230 103.402  -0.011    8.772  -10.000      -12.7128     -357.5312
 4  22  28.124  45106.230 103.402  -0.002    7.912  -10.000      -12.7128     -357.5312
 5  22  28.124  45106.230 103.402  -0.015    7.088  -10.000      -12.7128     -357.5312
 1  22  28.124  45346.582 300.035  -0.164   10.707  -10.000       -4.1666     -117.1797
 2  22  28.124  45346.582 300.035  -0.092    9.622  -10.000       -4.1666     -117.1797
 3  22  28.124  45346.582 300.035  -0.055    8.228  -10.000       -4.1666     -117.1797
 4  22  28.124  45346.582 300.035  -0.027    7.444  -10.000       -4.1666     -117.1797
 5  22  28.124  45346.582 300.035  -0.006    6.707  -10.000       -4.1666     -117.1797
 1  22  28.124  45352.590  16.939  -0.074   11.455  -10.000       -3.9529     -111.1719
 2  22  28.124  45352.590  16.939  -0.036   10.134  -10.000       -3.9529     -111.1719
 3  22  28.124  45352.590  16.939  -0.024    8.560  -10.000       -3.9529     -111.1719
 4  22  28.124  45352.590  16.939  -0.015    7.693  -10.000       -3.9529     -111.1719
 5  22  28.124  45352.590  16.939  -0.005    6.886  -10.000       -3.9529     -111.1719
 1  22  28.124  46060.570  79.480  -0.090   11.644  -10.000       21.2208      596.8086
 2  22  28.124  46060.570  79.480  -0.021   10.335  -10.000       21.2208      596.8086
 3  22  28.124  46060.570  79.480  -0.038    8.717  -10.000       21.2208      596.8086
 4  22  28.124  46060.570  79.480  -0.019    7.853  -10.000       21.2208      596.8086
 5  22  28.124  46060.570  79.480  -0.021    7.029  -10.000       21.2208      596.8086
 1  22  28.124  46063.578 117.981   0.051   11.688  -10.000       21.3277      599.8164
 2  22  28.124  46063.578 117.981   0.099   10.433  -10.000       21.3277      599.8164
 3  22  28.124  46063.578 117.981   0.031    8.821  -10.000       21.3277      599.8164
 4  22  28.124  46063.578 117.981   0.005    7.936  -10.000       21.3277      599.8164
 5  22  28.124  46063.578 117.981  -0.002    7.128  -10.000       21.3277      599.8164
 1  22  28.124  46064.570 130.682   0.108   11.686  -10.000       21.3630      600.8086
 2  22  28.124  46064.570 130.682   0.140   10.447  -10.000       21.3630      600.8086
 3  22  28.124  46064.570 130.682   0.068    8.855  -10.000       21.3630      600.8086
 4  22  28.124  46064.570 130.682   0.035    7.974  -10.000       21.3630      600.8086
 5  22  28.124  46064.570 130.682   0.005    7.153  -10.000       21.3630      600.8086
 1  22  28.124  46065.566 143.433   0.115   11.571  -10.000       21.3984      601.8047
 2  22  28.124  46065.566 143.433   0.128   10.363  -10.000       21.3984      601.8047
 3  22  28.124  46065.566 143.433   0.053    8.807  -10.000       21.3984      601.8047
 4  22  28.124  46065.566 143.433   0.028    7.950  -10.000       21.3984      601.8047
 5  22  28.124  46065.566 143.433  -0.003    7.143  -10.000       21.3984      601.8047
 1  22  28.124  46066.574 156.333   0.168   11.324  -10.000       21.4343      602.8125
 2  22  28.124  46066.574 156.333   0.165   10.201  -10.000       21.4343      602.8125
 3  22  28.124  46066.574 156.333   0.082    8.714  -10.000       21.4343      602.8125
 4  22  28.124  46066.574 156.333   0.043    7.875  -10.000       21.4343      602.8125
 5  22  28.124  46066.574 156.333   0.008    7.092  -10.000       21.4343      602.8125
 1  22  28.124  46069.586 194.884   0.236    9.947  -10.000       21.5413      605.8242
 2  22  28.124  46069.586 194.884   0.084    9.096  -10.000       21.5413      605.8242
 3  22  28.124  46069.586 194.884   0.040    7.971  -10.000       21.5413      605.8242
 4  22  28.124  46069.586 194.884   0.053    7.318  -10.000       21.5413      605.8242
 5  22  28.124  46069.586 194.884  -0.011    6.630  -10.000       21.5413      605.8242
 1  22  28.124  46070.574 207.535   0.066    9.835  -10.000       21.5765      606.8125
 2  22  28.124  46070.574 207.535  -0.031    9.010  -10.000       21.5765      606.8125
 3  22  28.124  46070.574 207.535  -0.039    7.898  -10.000       21.5765      606.8125
 4  22  28.124  46070.574 207.535  -0.015    7.247  -10.000       21.5765      606.8125
 5  22  28.124  46070.574 207.535  -0.051    6.579  -10.000       21.5765      606.8125
 1  22  28.124  46073.523 245.287  -0.127   10.103  -10.000       21.6814      609.7617
 2  22  28.124  46073.523 245.287  -0.104    9.214  -10.000       21.6814      609.7617
 3  22  28.124  46073.523 245.287  -0.060    8.013  -10.000       21.6814      609.7617
 4  22  28.124  46073.523 245.287  -0.024    7.315  -10.000       21.6814      609.7617
 5  22  28.124  46073.523 245.287  -0.047    6.606  -10.000       21.6814      609.7617
 0  22  28.124  44236.605 131.722  -0.968    2.400  -10.000      -43.6341    -1227.1562
 0  22  28.124  44237.566 144.023   8.103   12.100  -10.000      -43.5999    -1226.1953
 0  22  28.124  44238.555 156.673   4.503    5.900  -10.000      -43.5648    -1225.2070
 0  22  28.124  44239.574 169.724  -3.125   -2.400  -10.000      -43.5285    -1224.1875
 0  22  28.124  44240.555 182.274   9.259   -1.800  -10.000      -43.4937    -1223.2070
 0  22  28.124  44241.531 194.775   6.808   -9.900  -10.000      -43.4590    -1222.2305
 0  22  28.124  44246.531 258.777   0.514  -25.400  -10.000      -43.2812    -1217.2305
 0  22  28.124  44300.473 229.257  -1.424  -29.400  -10.000      -41.3632    -1163.2891
 0  22  28.124  44302.461 254.708  -4.539  -29.900  -10.000      -41.2925    -1161.3008
 0  22  28.124  44331.395 265.074  -1.805  -29.100  -10.000      -40.2637    -1132.3672
 0  22  28.124  44333.434 291.176  -1.879  -25.000  -10.000      -40.1912    -1130.3281
 0  22  28.124  44335.457 317.076  -3.909  -20.700  -10.000      -40.1192    -1128.3047
 0  22  28.124  44336.449 329.777  -2.149  -15.500  -10.000      -40.0840    -1127.3125
 0  22  28.124  44363.344 314.041  -0.562  -17.800  -10.000      -39.1277    -1100.4180
 0  22  28.124  44364.344 326.842  -0.309  -15.400  -10.000      -39.0921    -1099.4180
 0  22  28.124  44444.199 269.037  -1.904  -29.300  -10.000      -36.2527    -1019.5625
 0  22  28.124  44445.195 281.787  -6.329  -30.400  -10.000      -36.2173    -1018.5664
 0  22  28.124  44446.195 294.587  -2.438  -25.100  -10.000      -36.1817    -1017.5664
 0  22  28.124  44447.188 307.289  -0.497  -20.900  -10.000      -36.1464    -1016.5742
 0  22  28.124  44449.199 333.040  -3.466  -15.400  -10.000      -36.0749    -1014.5625
 0  22  28.124  44592.500   7.368  -1.770  -10.400  -10.000      -30.9795     -871.2617
 0  22  28.124  44593.531  20.569  -2.041   -7.900  -10.000      -30.9429     -870.2305
 0  22  28.124  44595.523  46.070  -0.323   -3.600  -10.000      -30.8720     -868.2383
 0  22  28.124  44625.465  69.337   0.832    1.400  -10.000      -29.8074     -838.2969
 0  22  28.124  44653.496  68.152  -2.182   -1.500  -10.000      -28.8107     -810.2656
 0  22  28.124  44654.488  80.853  -2.478   -0.800  -10.000      -28.7754     -809.2734
 0  22  28.124  44655.477  93.503  -2.858    3.100  -10.000      -28.7403     -808.2852
 0  22  28.124  44658.492 132.105   1.543    5.000  -10.000      -28.6330     -805.2695
 0  22  28.124  44659.559 145.756   0.783    4.700  -10.000      -28.5951     -804.2031
 0  22  28.124  44691.379 193.073   7.174   -8.500  -10.000      -27.4637     -772.3828
 0  22  28.124  44692.434 206.574   8.044  -15.500  -10.000      -27.4262     -771.3281
 0  22  28.124  44693.418 219.174   2.882  -24.600  -10.000      -27.3912     -770.3438
 0  22  28.124  44694.410 231.875   3.514  -23.900  -10.000      -27.3559     -769.3516
 0  22  28.124  44703.414 347.130  -3.044  -14.900  -10.000      -27.0357     -760.3477
 0  22  28.124  44704.410 359.881  -0.720  -12.600  -10.000      -27.0003     -759.3516
 0  22  28.124  44705.355  11.981  -5.372  -11.100  -10.000      -26.9667     -758.4062
 0  22  28.124  44706.414  25.532   2.815   -2.400  -10.000      -26.9291     -757.3477
 0  22  28.124  44707.383  37.932   0.483   -3.600  -10.000      -26.8946     -756.3789
 0  22  28.124  44709.410  63.883   0.780    1.500  -10.000      -26.8225     -754.3516
 0  22  28.124  44711.391  89.234  -1.125    2.500  -10.000      -26.7521     -752.3711
 0  22  28.124  44712.426 102.485  -1.405    5.400  -10.000      -26.7153     -751.3359
 0  22  28.124  44713.410 115.085   0.468    5.200  -10.000      -26.6803     -750.3516
 0  22  28.124  44714.398 127.736  -0.113    2.900  -10.000      -26.6452     -749.3633
 0  22  28.124  44715.422 140.836  -4.729   -0.400  -10.000      -26.6088     -748.3398
 0  22  28.124  44772.254 148.318   1.381    5.300  -10.000      -24.5880     -691.5078
 0  22  28.124  44773.242 160.968   3.280    2.300  -10.000      -24.5529     -690.5195
 0  22  28.124  44774.258 173.969   0.583    0.300  -10.000      -24.5168     -689.5039
 0  22  28.124  44775.211 186.170   2.323  -11.600  -10.000      -24.4829     -688.5508
 0  22  28.124  44776.234 199.270   5.282  -15.300  -10.000      -24.4465     -687.5273
 0  22  28.124  44777.227 211.971   3.707  -19.900  -10.000      -24.4112     -686.5352
 0  22  28.124  44778.219 224.671  -4.710  -33.700  -10.000      -24.3759     -685.5430
 0  22  28.124  45089.324 246.993   0.384  -26.200  -10.000      -13.3139     -374.4375
 0  22  28.124  45090.344 260.044   0.304  -25.900  -10.000      -13.2777     -373.4180
 0  22  28.124  45091.328 272.644  -1.768  -28.400  -10.000      -13.2427     -372.4336
 0  22  28.124  45093.324 298.195   0.872  -21.500  -10.000      -13.1717     -370.4375
 2  79  28.124  49802.754 101.497   0.036   10.390  -10.000      154.2819     4338.9922
 3  79  28.124  49802.754 101.497   0.020    8.801  -10.000      154.2819     4338.9922
 4  79  28.124  49802.754 101.497  -0.001    7.910  -10.000      154.2819     4338.9922
 5  79  28.124  49802.754 101.497  -0.009    7.090  -10.000      154.2819     4338.9922
 2  79  28.124  49803.734 114.049   0.142   10.479  -10.000      154.3168     4339.9727
 3  79  28.124  49803.734 114.049   0.058    8.844  -10.000      154.3168     4339.9727
 4  79  28.124  49803.734 114.049   0.036    7.961  -10.000      154.3168     4339.9727
 5  79  28.124  49803.734 114.049   0.024    7.146  -10.000      154.3168     4339.9727
 2  79  28.124  49804.770 127.299   0.177   10.494  -10.000      154.3536     4341.0078
 3  79  28.124  49804.770 127.299   0.085    8.876  -10.000      154.3536     4341.0078
 4  79  28.124  49804.770 127.299   0.053    7.992  -10.000      154.3536     4341.0078
 5  79  28.124  49804.770 127.299   0.027    7.172  -10.000      154.3536     4341.0078
 2  79  28.124  49805.727 139.548   0.120   10.385  -10.000      154.3876     4341.9648
 3  79  28.124  49805.727 139.548   0.065    8.835  -10.000      154.3876     4341.9648
 4  79  28.124  49805.727 139.548   0.049    7.981  -10.000      154.3876     4341.9648
 5  79  28.124  49805.727 139.548   0.007    7.157  -10.000      154.3876     4341.9648
 2  79  28.124  49807.758 165.547   0.183    9.938  -10.000      154.4599     4343.9961
 3  79  28.124  49807.758 165.547   0.118    8.562  -10.000      154.4599     4343.9961
 4  79  28.124  49807.758 165.547   0.081    7.763  -10.000      154.4599     4343.9961
 5  79  28.124  49807.758 165.547   0.027    6.997  -10.000      154.4599     4343.9961
 2  79  28.124  49808.758 178.352   0.155    9.471  -10.000      154.4954     4344.9961
 3  79  28.124  49808.758 178.352   0.095    8.243  -10.000      154.4954     4344.9961
 4  79  28.124  49808.758 178.352   0.076    7.522  -10.000      154.4954     4344.9961
 5  79  28.124  49808.758 178.352   0.018    6.807  -10.000      154.4954     4344.9961
 2  79  28.124  49809.688 190.250   0.041    9.086  -10.000      154.5285     4345.9258
 3  79  28.124  49809.688 190.250   0.035    7.991  -10.000      154.5285     4345.9258
 4  79  28.124  49809.688 190.250   0.044    7.331  -10.000      154.5285     4345.9258
 5  79  28.124  49809.688 190.250  -0.013    6.648  -10.000      154.5285     4345.9258
 2  79  28.124  49810.734 203.654  -0.014    9.007  -10.000      154.5657     4346.9727
 3  79  28.124  49810.734 203.654  -0.006    7.922  -10.000      154.5657     4346.9727
 4  79  28.124  49810.734 203.654   0.002    7.260  -10.000      154.5657     4346.9727
 5  79  28.124  49810.734 203.654  -0.036    6.593  -10.000      154.5657     4346.9727
 2  79  28.124  49811.691 215.903  -0.108    8.993  -10.000      154.5997     4347.9297
 3  79  28.124  49811.691 215.903  -0.063    7.905  -10.000      154.5997     4347.9297
 4  79  28.124  49811.691 215.903  -0.033    7.248  -10.000      154.5997     4347.9297
 5  79  28.124  49811.691 215.903  -0.057    6.581  -10.000      154.5997     4347.9297
 2  79  28.124  49812.699 228.801  -0.109    9.089  -10.000      154.6356     4348.9375
 3  79  28.124  49812.699 228.801  -0.063    7.952  -10.000      154.6356     4348.9375
 4  79  28.124  49812.699 228.801  -0.020    7.287  -10.000      154.6356     4348.9375
 5  79  28.124  49812.699 228.801  -0.045    6.599  -10.000      154.6356     4348.9375
 2  79  28.124  49813.707 241.705  -0.099    9.191  -10.000      154.6714     4349.9453
 3  79  28.124  49813.707 241.705  -0.040    8.019  -10.000      154.6714     4349.9453
 4  79  28.124  49813.707 241.705  -0.006    7.325  -10.000      154.6714     4349.9453
 5  79  28.124  49813.707 241.705  -0.028    6.622  -10.000      154.6714     4349.9453
 2  79  28.124  49814.730 254.806  -0.084    9.310  -10.000      154.7078     4350.9688
 3  79  28.124  49814.730 254.806  -0.046    8.067  -10.000      154.7078     4350.9688
 4  79  28.124  49814.730 254.806  -0.008    7.356  -10.000      154.7078     4350.9688
 5  79  28.124  49814.730 254.806  -0.034    6.630  -10.000      154.7078     4350.9688
 2  79  28.124  49815.684 267.006  -0.084    9.393  -10.000      154.7417     4351.9219
 3  79  28.124  49815.684 267.006  -0.043    8.112  -10.000      154.7417     4351.9219
 4  79  28.124  49815.684 267.006  -0.010    7.378  -10.000      154.7417     4351.9219
 5  79  28.124  49815.684 267.006  -0.042    6.630  -10.000      154.7417     4351.9219
 2  79  28.124  49816.672 279.657  -0.075    9.492  -10.000      154.7768     4352.9102
 3  79  28.124  49816.672 279.657  -0.019    8.182  -10.000      154.7768     4352.9102
 4  79  28.124  49816.672 279.657  -0.005    7.411  -10.000      154.7768     4352.9102
 5  79  28.124  49816.672 279.657  -0.033    6.651  -10.000      154.7768     4352.9102
 2  79  28.124  49817.664 292.357  -0.069    9.589  -10.000      154.8121     4353.9023
 3  79  28.124  49817.664 292.357  -0.038    8.213  -10.000      154.8121     4353.9023
 4  79  28.124  49817.664 292.357  -0.018    7.431  -10.000      154.8121     4353.9023
 5  79  28.124  49817.664 292.357  -0.032    6.669  -10.000      154.8121     4353.9023
 2  79  28.124  49818.664 305.156  -0.053    9.694  -10.000      154.8477     4354.9023
 3  79  28.124  49818.664 305.156  -0.042    8.259  -10.000      154.8477     4354.9023
 4  79  28.124  49818.664 305.156  -0.023    7.460  -10.000      154.8477     4354.9023
 5  79  28.124  49818.664 305.156  -0.036    6.684  -10.000      154.8477     4354.9023
 2  79  28.124  49821.656 343.460  -0.003    9.979  -10.000      154.9541     4357.8945
 3  79  28.124  49821.656 343.460  -0.010    8.441  -10.000      154.9541     4357.8945
 4  79  28.124  49821.656 343.460   0.002    7.599  -10.000      154.9541     4357.8945
 5  79  28.124  49821.656 343.460  -0.009    6.792  -10.000      154.9541     4357.8945
 2  79  28.124  49822.656 356.259  -0.015   10.048  -10.000      154.9896     4358.8945
 3  79  28.124  49822.656 356.259  -0.013    8.493  -10.000      154.9896     4358.8945
 4  79  28.124  49822.656 356.259  -0.002    7.640  -10.000      154.9896     4358.8945
 5  79  28.124  49822.656 356.259  -0.008    6.829  -10.000      154.9896     4358.8945
 2  79  28.124  49822.758 357.561  -0.018   10.053  -10.000      154.9932     4358.9961
 3  79  28.124  49822.758 357.561  -0.015    8.497  -10.000      154.9932     4358.9961
 4  79  28.124  49822.758 357.561  -0.003    7.644  -10.000      154.9932     4358.9961
 5  79  28.124  49822.758 357.561  -0.014    6.826  -10.000      154.9932     4358.9961
 2  79  28.124  49823.648   8.959   0.012   10.141  -10.000      155.0249     4359.8867
 3  79  28.124  49823.648   8.959   0.002    8.554  -10.000      155.0249     4359.8867
 4  79  28.124  49823.648   8.959   0.006    7.686  -10.000      155.0249     4359.8867
 5  79  28.124  49823.648   8.959   0.003    6.870  -10.000      155.0249     4359.8867
 2  79  28.124  49823.750  10.261   0.006   10.141  -10.000      155.0285     4359.9883
 3  79  28.124  49823.750  10.261  -0.011    8.546  -10.000      155.0285     4359.9883
 4  79  28.124  49823.750  10.261   0.005    7.689  -10.000      155.0285     4359.9883
 5  79  28.124  49823.750  10.261   0.005    6.875  -10.000      155.0285     4359.9883
 2  79  28.124  49824.641  21.660   0.005   10.197  -10.000      155.0602     4360.8789
 3  79  28.124  49824.641  21.660  -0.015    8.586  -10.000      155.0602     4360.8789
 4  79  28.124  49824.641  21.660   0.001    7.724  -10.000      155.0602     4360.8789
 5  79  28.124  49824.641  21.660  -0.017    6.887  -10.000      155.0602     4360.8789
 2  79  28.124  49825.637  34.409  -0.017   10.231  -10.000      155.0956     4361.8750
 3  79  28.124  49825.637  34.409  -0.027    8.619  -10.000      155.0956     4361.8750
 4  79  28.124  49825.637  34.409  -0.015    7.749  -10.000      155.0956     4361.8750
 5  79  28.124  49825.637  34.409  -0.017    6.924  -10.000      155.0956     4361.8750
 2  79  28.124  49825.738  35.711   0.022   10.276  -10.000      155.0992     4361.9766
 3  79  28.124  49825.738  35.711  -0.020    8.631  -10.000      155.0992     4361.9766
 4  79  28.124  49825.738  35.711  -0.008    7.760  -10.000      155.0992     4361.9766
 5  79  28.124  49825.738  35.711   0.000    6.944  -10.000      155.0992     4361.9766
 2  79  28.124  49826.668  47.609  -0.021   10.286  -10.000      155.1322     4362.9062
 3  79  28.124  49826.668  47.609  -0.023    8.671  -10.000      155.1322     4362.9062
 4  79  28.124  49826.668  47.609  -0.016    7.791  -10.000      155.1322     4362.9062
 5  79  28.124  49826.668  47.609  -0.016    6.964  -10.000      155.1322     4362.9062
 2  79  28.124  49827.641  60.062  -0.034   10.295  -10.000      155.1668     4363.8789
 3  79  28.124  49827.641  60.062  -0.024    8.695  -10.000      155.1668     4363.8789
 4  79  28.124  49827.641  60.062  -0.025    7.807  -10.000      155.1668     4363.8789
 5  79  28.124  49827.641  60.062  -0.010    6.996  -10.000      155.1668     4363.8789
23   4  28.124  40649.441 294.038   0.060    1.560  -10.000     -171.1832    -4814.3203
24   4  28.124  40649.441 294.038   0.121    3.110  -10.000     -171.1832    -4814.3203
25   4  28.124  40649.441 294.038   0.090    4.850  -10.000     -171.1832    -4814.3203
26   4  28.124  40649.441 294.038   0.078    5.983  -10.000     -171.1832    -4814.3203
27   4  28.124  40649.441 294.038   0.184    4.358  -10.000     -171.1832    -4814.3203
23   4  28.124  40660.438  74.795   0.032    2.027  -10.000     -170.7922    -4803.3242
24   4  28.124  40660.438  74.795   0.035    3.753  -10.000     -170.7922    -4803.3242
25   4  28.124  40660.438  74.795  -0.039    5.565  -10.000     -170.7922    -4803.3242
26   4  28.124  40660.438  74.795  -0.058    6.725  -10.000     -170.7922    -4803.3242
27   4  28.124  40660.438  74.795  -0.020    5.097  -10.000     -170.7922    -4803.3242
23   4  28.124  40661.484  88.198   0.053    2.072  -10.000     -170.7550    -4802.2773
24   4  28.124  40661.484  88.198   0.064    3.795  -10.000     -170.7550    -4802.2773
25   4  28.124  40661.484  88.198  -0.022    5.590  -10.000     -170.7550    -4802.2773
26   4  28.124  40661.484  88.198   0.019    6.807  -10.000     -170.7550    -4802.2773
27   4  28.124  40661.484  88.198   0.031    5.153  -10.000     -170.7550    -4802.2773
23   4  28.124  40662.453 100.596   0.092    2.122  -10.000     -170.7206    -4801.3086
24   4  28.124  40662.453 100.596   0.120    3.837  -10.000     -170.7206    -4801.3086
25   4  28.124  40662.453 100.596   0.069    5.655  -10.000     -170.7206    -4801.3086
26   4  28.124  40662.453 100.596  -0.055    6.705  -10.000     -170.7206    -4801.3086
27   4  28.124  40662.453 100.596   0.100    5.185  -10.000     -170.7206    -4801.3086
23   4  28.124  40665.539 140.098  -0.167    1.848  -10.000     -170.6108    -4798.2227
24   4  28.124  40665.539 140.098  -0.250    3.352  -10.000     -170.6108    -4798.2227
25   4  28.124  40665.539 140.098  -0.322    5.100  -10.000     -170.6108    -4798.2227
26   4  28.124  40665.539 140.098  -0.183    6.398  -10.000     -170.6108    -4798.2227
27   4  28.124  40665.539 140.098  -0.363    4.515  -10.000     -170.6108    -4798.2227
23   4  28.124  40675.492 267.506   0.048    1.443  -10.000     -170.2569    -4788.2695
24   4  28.124  40675.492 267.506   0.102    2.878  -10.000     -170.2569    -4788.2695
25   4  28.124  40675.492 267.506   0.124    4.615  -10.000     -170.2569    -4788.2695
26   4  28.124  40675.492 267.506   0.302    5.923  -10.000     -170.2569    -4788.2695
27   4  28.124  40675.492 267.506   0.149    4.008  -10.000     -170.2569    -4788.2695
23   4  28.124  40677.441 292.456   0.042    1.535  -10.000     -170.1876    -4786.3203
24   4  28.124  40677.441 292.456   0.094    3.070  -10.000     -170.1876    -4786.3203
25   4  28.124  40677.441 292.456   0.067    4.810  -10.000     -170.1876    -4786.3203
26   4  28.124  40677.441 292.456   0.020    5.908  -10.000     -170.1876    -4786.3203
27   4  28.124  40677.441 292.456   0.165    4.320  -10.000     -170.1876    -4786.3203
23   4  28.124  40680.477 331.309   0.084    1.735  -10.000     -170.0797    -4783.2852
24   4  28.124  40680.477 331.309   0.123    3.382  -10.000     -170.0797    -4783.2852
25   4  28.124  40680.477 331.309   0.093    5.182  -10.000     -170.0797    -4783.2852
26   4  28.124  40680.477 331.309   0.076    6.327  -10.000     -170.0797    -4783.2852
27   4  28.124  40680.477 331.309   0.183    4.738  -10.000     -170.0797    -4783.2852
23   4  28.124  40682.457 356.660   0.073    1.830  -10.000     -170.0093    -4781.3047
24   4  28.124  40682.457 356.660   0.126    3.550  -10.000     -170.0093    -4781.3047
25   4  28.124  40682.457 356.660   0.112    5.395  -10.000     -170.0093    -4781.3047
26   4  28.124  40682.457 356.660   0.037    6.490  -10.000     -170.0093    -4781.3047
27   4  28.124  40682.457 356.660   0.167    4.940  -10.000     -170.0093    -4781.3047
23   4  28.124  40684.453  22.209   0.046    1.900  -10.000     -169.9383    -4779.3086
24   4  28.124  40684.453  22.209   0.068    3.630  -10.000     -169.9383    -4779.3086
25   4  28.124  40684.453  22.209   0.048    5.490  -10.000     -169.9383    -4779.3086
26   4  28.124  40684.453  22.209  -0.111    6.507  -10.000     -169.9383    -4779.3086
27   4  28.124  40684.453  22.209   0.063    5.012  -10.000     -169.9383    -4779.3086
23   4  28.124  40688.492  73.911   0.029    2.023  -10.000     -169.7947    -4775.2695
24   4  28.124  40688.492  73.911   0.004    3.720  -10.000     -169.7947    -4775.2695
25   4  28.124  40688.492  73.911  -0.026    5.577  -10.000     -169.7947    -4775.2695
26   4  28.124  40688.492  73.911  -0.047    6.735  -10.000     -169.7947    -4775.2695
27   4  28.124  40688.492  73.911  -0.082    5.035  -10.000     -169.7947    -4775.2695
23   4  28.124  40689.445  86.111   0.048    2.065  -10.000     -169.7608    -4774.3164
24   4  28.124  40689.445  86.111   0.061    3.793  -10.000     -169.7608    -4774.3164
25   4  28.124  40689.445  86.111   0.031    5.645  -10.000     -169.7608    -4774.3164
26   4  28.124  40689.445  86.111   0.039    6.830  -10.000     -169.7608    -4774.3164
27   4  28.124  40689.445  86.111   0.028    5.153  -10.000     -169.7608    -4774.3164
23   4  28.124  40728.297 223.434   0.042    1.268  -10.000     -168.3793    -4735.4648
24   4  28.124  40728.297 223.434   0.075    2.483  -10.000     -168.3793    -4735.4648
25   4  28.124  40728.297 223.434   0.173    4.198  -10.000     -168.3793    -4735.4648
26   4  28.124  40728.297 223.434   0.213    5.338  -10.000     -168.3793    -4735.4648
27   4  28.124  40728.297 223.434   0.138    3.445  -10.000     -168.3793    -4735.4648
23   4  28.124  40729.312 236.437   0.031    1.305  -10.000     -168.3432    -4734.4492
24   4  28.124  40729.312 236.437   0.058    2.575  -10.000     -168.3432    -4734.4492
25   4  28.124  40729.312 236.437   0.109    4.273  -10.000     -168.3432    -4734.4492
26   4  28.124  40729.312 236.437   0.220    5.493  -10.000     -168.3432    -4734.4492
27   4  28.124  40729.312 236.437   0.112    3.585  -10.000     -168.3432    -4734.4492
23   4  28.124  40733.348 288.089   0.043    1.517  -10.000     -168.1998    -4730.4141
24   4  28.124  40733.348 288.089   0.112    3.053  -10.000     -168.1998    -4730.4141
25   4  28.124  40733.348 288.089   0.074    4.773  -10.000     -168.1998    -4730.4141
26   4  28.124  40733.348 288.089   0.163    6.003  -10.000     -168.1998    -4730.4141
27   4  28.124  40733.348 288.089   0.162    4.265  -10.000     -168.1998    -4730.4141
23   4  28.124  40734.289 300.135   0.077    1.602  -10.000     -168.1663    -4729.4727
24   4  28.124  40734.289 300.135   0.121    3.160  -10.000     -168.1663    -4729.4727
25   4  28.124  40734.289 300.135   0.129    4.950  -10.000     -168.1663    -4729.4727
26   4  28.124  40734.289 300.135   0.034    6.003  -10.000     -168.1663    -4729.4727
27   4  28.124  40734.289 300.135   0.175    4.420  -10.000     -168.1663    -4729.4727
23   4  28.124  40735.277 312.786   0.077    1.650  -10.000     -168.1311    -4728.4844
24   4  28.124  40735.277 312.786   0.143    3.270  -10.000     -168.1311    -4728.4844
25   4  28.124  40735.277 312.786   0.101    5.030  -10.000     -168.1311    -4728.4844
26   4  28.124  40735.277 312.786   0.134    6.218  -10.000     -168.1311    -4728.4844
27   4  28.124  40735.277 312.786   0.191    4.562  -10.000     -168.1311    -4728.4844
23   4  28.124  40736.277 325.585   0.099    1.725  -10.000     -168.0956    -4727.4844
24   4  28.124  40736.277 325.585   0.142    3.360  -10.000     -168.0956    -4727.4844
25   4  28.124  40736.277 325.585   0.107    5.148  -10.000     -168.0956    -4727.4844
26   4  28.124  40736.277 325.585   0.120    6.320  -10.000     -168.0956    -4727.4844
27   4  28.124  40736.277 325.585   0.209    4.707  -10.000     -168.0956    -4727.4844
23   4  28.124  40737.277 338.390   0.095    1.775  -10.000     -168.0600    -4726.4844
24   4  28.124  40737.277 338.390   0.148    3.452  -10.000     -168.0600    -4726.4844
25   4  28.124  40737.277 338.390   0.142    5.285  -10.000     -168.0600    -4726.4844
26   4  28.124  40737.277 338.390   0.070    6.378  -10.000     -168.0600    -4726.4844
27   4  28.124  40737.277 338.390   0.205    4.820  -10.000     -168.0600    -4726.4844
23   4  28.124  40738.281 351.238   0.076    1.808  -10.000     -168.0243    -4725.4805
24   4  28.124  40738.281 351.238   0.140    3.525  -10.000     -168.0243    -4725.4805
25   4  28.124  40738.281 351.238   0.098    5.335  -10.000     -168.0243    -4725.4805
26   4  28.124  40738.281 351.238  -0.003    6.403  -10.000     -168.0243    -4725.4805
27   4  28.124  40738.281 351.238   0.184    4.905  -10.000     -168.0243    -4725.4805
23   4  28.124  40740.285  16.891   0.068    1.902  -10.000     -167.9531    -4723.4766
24   4  28.124  40740.285  16.891   0.102    3.637  -10.000     -167.9531    -4723.4766
25   4  28.124  40740.285  16.891   0.055    5.467  -10.000     -167.9531    -4723.4766
26   4  28.124  40740.285  16.891   0.192    6.780  -10.000     -167.9531    -4723.4766
27   4  28.124  40740.285  16.891   0.115    5.033  -10.000     -167.9531    -4723.4766
23   4  28.124  40741.285  29.691   0.060    1.940  -10.000     -167.9175    -4722.4766
24   4  28.124  40741.285  29.691   0.094    3.690  -10.000     -167.9175    -4722.4766
25   4  28.124  40741.285  29.691   0.038    5.517  -10.000     -167.9175    -4722.4766
26   4  28.124  40741.285  29.691  -0.125    6.533  -10.000     -167.9175    -4722.4766
27   4  28.124  40741.285  29.691   0.114    5.105  -10.000     -167.9175    -4722.4766
23   4  28.124  40742.293  42.594   0.050    1.977  -10.000     -167.8817    -4721.4688
24   4  28.124  40742.293  42.594   0.050    3.707  -10.000     -167.8817    -4721.4688
25   4  28.124  40742.293  42.594  -0.041    5.507  -10.000     -167.8817    -4721.4688
26   4  28.124  40742.293  42.594  -0.085    6.642  -10.000     -167.8817    -4721.4688
27   4  28.124  40742.293  42.594   0.005    5.070  -10.000     -167.8817    -4721.4688
23   4  28.124  40746.281  93.642   0.071    2.095  -10.000     -167.7399    -4717.4805
24   4  28.124  40746.281  93.642   0.099    3.825  -10.000     -167.7399    -4717.4805
25   4  28.124  40746.281  93.642   0.022    5.625  -10.000     -167.7399    -4717.4805
26   4  28.124  40746.281  93.642  -0.076    6.702  -10.000     -167.7399    -4717.4805
27   4  28.124  40746.281  93.642   0.057    5.165  -10.000     -167.7399    -4717.4805
23   4  28.124  40752.270 170.299  -0.361    1.205  -10.000     -167.5269    -4711.4922
24   4  28.124  40752.270 170.299  -0.509    2.355  -10.000     -167.5269    -4711.4922
25   4  28.124  40752.270 170.299  -0.533    4.005  -10.000     -167.5269    -4711.4922
26   4  28.124  40752.270 170.299  -0.501    5.155  -10.000     -167.5269    -4711.4922
27   4  28.124  40752.270 170.299  -0.666    3.205  -10.000     -167.5269    -4711.4922
23   4  28.124  40753.238 182.697  -0.171    1.117  -10.000     -167.4925    -4710.5234
24   4  28.124  40753.238 182.697  -0.194    2.237  -10.000     -167.4925    -4710.5234
25   4  28.124  40753.238 182.697  -0.115    3.912  -10.000     -167.4925    -4710.5234
26   4  28.124  40753.238 182.697  -0.072    5.050  -10.000     -167.4925    -4710.5234
27   4  28.124  40753.238 182.697  -0.234    3.060  -10.000     -167.4925    -4710.5234
23   4  28.124  40754.234 195.447  -0.011    1.145  -10.000     -167.4571    -4709.5273
24   4  28.124  40754.234 195.447   0.035    2.275  -10.000     -167.4571    -4709.5273
25   4  28.124  40754.234 195.447   0.140    3.948  -10.000     -167.4571    -4709.5273
26   4  28.124  40754.234 195.447   0.152    5.045  -10.000     -167.4571    -4709.5273
27   4  28.124  40754.234 195.447   0.079    3.128  -10.000     -167.4571    -4709.5273
23   4  28.124  40759.258 259.750   0.046    1.413  -10.000     -167.2785    -4704.5039
24   4  28.124  40759.258 259.750   0.090    2.805  -10.000     -167.2785    -4704.5039
25   4  28.124  40759.258 259.750   0.098    4.512  -10.000     -167.2785    -4704.5039
26   4  28.124  40759.258 259.750   0.144    5.682  -10.000     -167.2785    -4704.5039
27   4  28.124  40759.258 259.750   0.140    3.908  -10.000     -167.2785    -4704.5039
23   4  28.124  40761.250 285.249   0.060    1.523  -10.000     -167.2076    -4702.5117
24   4  28.124  40761.250 285.249   0.110    3.028  -10.000     -167.2076    -4702.5117
25   4  28.124  40761.250 285.249   0.083    4.753  -10.000     -167.2076    -4702.5117
26   4  28.124  40761.250 285.249   0.165    5.975  -10.000     -167.2076    -4702.5117
27   4  28.124  40761.250 285.249   0.153    4.222  -10.000     -167.2076    -4702.5117
23   4  28.124  40772.223  65.709   0.010    1.988  -10.000     -166.8175    -4691.5391
24   4  28.124  40772.223  65.709   0.000    3.705  -10.000     -166.8175    -4691.5391
25   4  28.124  40772.223  65.709  -0.080    5.515  -10.000     -166.8175    -4691.5391
26   4  28.124  40772.223  65.709  -0.159    6.615  -10.000     -166.8175    -4691.5391
27   4  28.124  40772.223  65.709  -0.048    5.062  -10.000     -166.8175    -4691.5391
23   4  28.124  40774.223  91.307   0.060    2.082  -10.000     -166.7464    -4689.5391
24   4  28.124  40774.223  91.307   0.079    3.807  -10.000     -166.7464    -4689.5391
25   4  28.124  40774.223  91.307   0.010    5.617  -10.000     -166.7464    -4689.5391
26   4  28.124  40774.223  91.307   0.104    6.887  -10.000     -166.7464    -4689.5391
27   4  28.124  40774.223  91.307   0.053    5.168  -10.000     -166.7464    -4689.5391
23   4  28.124  41077.285  10.679   0.084    1.893  -10.000     -155.9703    -4386.4766
24   4  28.124  41077.285  10.679   0.111    3.613  -10.000     -155.9703    -4386.4766
25   4  28.124  41077.285  10.679   0.124    5.497  -10.000     -155.9703    -4386.4766
26   4  28.124  41077.285  10.679   0.042    6.590  -10.000     -155.9703    -4386.4766
27   4  28.124  41077.285  10.679   0.116    4.990  -10.000     -155.9703    -4386.4766
23   4  28.124  41082.266  74.427   0.030    2.025  -10.000     -155.7933    -4381.4961
24   4  28.124  41082.266  74.427   0.030    3.748  -10.000     -155.7933    -4381.4961
25   4  28.124  41082.266  74.427  -0.031    5.573  -10.000     -155.7933    -4381.4961
26   4  28.124  41082.266  74.427   0.000    6.783  -10.000     -155.7933    -4381.4961
27   4  28.124  41082.266  74.427   0.003    5.120  -10.000     -155.7933    -4381.4961
23   4  28.124  41083.289  87.528   0.051    2.070  -10.000     -155.7569    -4380.4727
24   4  28.124  41083.289  87.528   0.056    3.787  -10.000     -155.7569    -4380.4727
25   4  28.124  41083.289  87.528   0.010    5.622  -10.000     -155.7569    -4380.4727
26   4  28.124  41083.289  87.528   0.013    6.802  -10.000     -155.7569    -4380.4727
27   4  28.124  41083.289  87.528   0.033    5.155  -10.000     -155.7569    -4380.4727
23   4  28.124  41085.375 114.230   0.090    2.125  -10.000     -155.6827    -4378.3867
24   4  28.124  41085.375 114.230   0.117    3.810  -10.000     -155.6827    -4378.3867
25   4  28.124  41085.375 114.230   0.073    5.620  -10.000     -155.6827    -4378.3867
26   4  28.124  41085.375 114.230  -0.169    6.548  -10.000     -155.6827    -4378.3867
27   4  28.124  41085.375 114.230   0.074    5.108  -10.000     -155.6827    -4378.3867
23   4  28.124  41088.180 150.134  -0.219    1.733  -10.000     -155.5830    -4375.5820
24   4  28.124  41088.180 150.134  -0.314    3.170  -10.000     -155.5830    -4375.5820
25   4  28.124  41088.180 150.134  -0.398    4.878  -10.000     -155.5830    -4375.5820
26   4  28.124  41088.180 150.134  -0.529    5.898  -10.000     -155.5830    -4375.5820
27   4  28.124  41088.180 150.134  -0.473    4.235  -10.000     -155.5830    -4375.5820
23   4  28.124  41089.180 162.933  -0.320    1.423  -10.000     -155.5474    -4374.5820
24   4  28.124  41089.180 162.933  -0.471    2.673  -10.000     -155.5474    -4374.5820
25   4  28.124  41089.180 162.933  -0.514    4.355  -10.000     -155.5474    -4374.5820
26   4  28.124  41089.180 162.933  -0.584    5.418  -10.000     -155.5474    -4374.5820
27   4  28.124  41089.180 162.933  -0.641    3.605  -10.000     -155.5474    -4374.5820
23   4  28.124  41113.188 110.248   0.102    2.135  -10.000     -154.6938    -4350.5742
24   4  28.124  41113.188 110.248   0.116    3.815  -10.000     -154.6938    -4350.5742
25   4  28.124  41113.188 110.248   0.045    5.602  -10.000     -154.6938    -4350.5742
26   4  28.124  41113.188 110.248   0.035    6.762  -10.000     -154.6938    -4350.5742
27   4  28.124  41113.188 110.248   0.101    5.148  -10.000     -154.6938    -4350.5742
23   4  28.124  41114.285 124.299   0.068    2.108  -10.000     -154.6547    -4349.4766
24   4  28.124  41114.285 124.299   0.059    3.735  -10.000     -154.6547    -4349.4766
25   4  28.124  41114.285 124.299  -0.065    5.455  -10.000     -154.6547    -4349.4766
26   4  28.124  41114.285 124.299  -0.291    6.395  -10.000     -154.6547    -4349.4766
27   4  28.124  41114.285 124.299   0.011    5.008  -10.000     -154.6547    -4349.4766
23   4  28.124  41115.188 135.846  -0.046    1.980  -10.000     -154.6227    -4348.5742
24   4  28.124  41115.188 135.846  -0.065    3.565  -10.000     -154.6227    -4348.5742
25   4  28.124  41115.188 135.846  -0.170    5.288  -10.000     -154.6227    -4348.5742
26   4  28.124  41115.188 135.846  -0.312    6.307  -10.000     -154.6227    -4348.5742
27   4  28.124  41115.188 135.846  -0.111    4.810  -10.000     -154.6227    -4348.5742
23   4  28.124  41116.289 149.947  -0.186    1.768  -10.000     -154.5835    -4347.4727
24   4  28.124  41116.289 149.947  -0.297    3.190  -10.000     -154.5835    -4347.4727
25   4  28.124  41116.289 149.947  -0.382    4.898  -10.000     -154.5835    -4347.4727
26   4  28.124  41116.289 149.947  -0.470    5.960  -10.000     -154.5835    -4347.4727
27   4  28.124  41116.289 149.947  -0.430    4.283  -10.000     -154.5835    -4347.4727
11  17  28.124  45108.500 132.454  -0.051    5.850  -10.000      -12.6321     -355.2617
12  17  28.124  45108.500 132.454  -0.008    5.340  -10.000      -12.6321     -355.2617
13  17  28.124  45108.500 132.454  -0.060    5.100  -10.000      -12.6321     -355.2617
11  17  28.124  45109.508 145.354  -0.026    5.890  -10.000      -12.5962     -354.2539
12  17  28.124  45109.508 145.354  -0.023    5.350  -10.000      -12.5962     -354.2539
13  17  28.124  45109.508 145.354  -0.049    5.140  -10.000      -12.5962     -354.2539
 0  55  28.124  45390.711 144.910  -1.174    2.770    0.680       -2.5975      -73.0508
 0  55  28.124  45397.691 234.264  -3.482  -30.740    0.680       -2.3493      -66.0703
 0  55  28.124  45518.465 340.230  -4.097  -16.790    0.340        1.9451       54.7031
 0  55  28.124  45522.469  31.482  -2.253   -6.200    0.610        2.0875       58.7070
 3 150  28.124  50541.484 197.655   0.007    7.933  -10.000      180.5490     5077.7227
 5 150  28.124  50541.484 197.655  -0.029    6.606  -10.000      180.5490     5077.7227
 3 150  28.124  50542.492 210.558  -0.062    7.886  -10.000      180.5849     5078.7305
 5 150  28.124  50542.492 210.558  -0.062    6.570  -10.000      180.5849     5078.7305
 3 150  28.124  50568.336 181.368   0.162    8.247  -10.000      181.5038     5104.5742
 5 150  28.124  50568.336 181.368   0.059    6.808  -10.000      181.5038     5104.5742
 3 150  28.124  50570.297 206.472  -0.058    7.876  -10.000      181.5735     5106.5352
 5 150  28.124  50570.297 206.472  -0.057    6.572  -10.000      181.5735     5106.5352
 3 150  28.124  50571.277 219.023  -0.062    7.918  -10.000      181.6084     5107.5156
 5 150  28.124  50571.277 219.023  -0.073    6.567  -10.000      181.6084     5107.5156
 3 150  28.124  50572.270 231.724  -0.079    7.946  -10.000      181.6437     5108.5078
 5 150  28.124  50572.270 231.724  -0.080    6.565  -10.000      181.6437     5108.5078
 3 150  28.124  50573.277 244.622  -0.078    7.992  -10.000      181.6795     5109.5156
 5 150  28.124  50573.277 244.622  -0.060    6.592  -10.000      181.6795     5109.5156
 3 150  28.124  50575.273 270.176  -0.057    8.109  -10.000      181.7505     5111.5117
 5 150  28.124  50575.273 270.176  -0.048    6.627  -10.000      181.7505     5111.5117
 3 150  28.124  50575.387 271.626  -0.067    8.104  -10.000      181.7545     5111.6250
 5 150  28.124  50575.387 271.626  -0.053    6.623  -10.000      181.7545     5111.6250
 3 150  28.124  50576.281 283.074  -0.066    8.148  -10.000      181.7863     5112.5195
 5 150  28.124  50576.281 283.074  -0.052    6.636  -10.000      181.7863     5112.5195
 3 150  28.124  50576.367 284.172  -0.067    8.151  -10.000      181.7894     5112.6055
 5 150  28.124  50576.367 284.172  -0.054    6.635  -10.000      181.7894     5112.6055
 3 150  28.124  50577.363 296.927  -0.020    8.250  -10.000      181.8248     5113.6016
 5 150  28.124  50577.363 296.927  -0.010    6.698  -10.000      181.8248     5113.6016
 3 150  28.124  50578.266 308.474  -0.020    8.293  -10.000      181.8569     5114.5039
 5 150  28.124  50578.266 308.474  -0.012    6.712  -10.000      181.8569     5114.5039
 3 150  28.124  50578.309 309.023  -0.054    8.261  -10.000      181.8584     5114.5469
 5 150  28.124  50578.309 309.023  -0.040    6.685  -10.000      181.8584     5114.5469
 3 150  28.124  50580.281 334.276  -0.032    8.385  -10.000      181.9285     5116.5195
 5 150  28.124  50580.281 334.276  -0.026    6.755  -10.000      181.9285     5116.5195
 3 150  28.124  50580.363 335.325  -0.037    8.385  -10.000      181.9315     5116.6016
 5 150  28.124  50580.363 335.325  -0.030    6.753  -10.000      181.9315     5116.6016
 3 150  28.124  50582.305   0.176  -0.046    8.476  -10.000      182.0005     5118.5430
 5 150  28.124  50582.305   0.176  -0.040    6.807  -10.000      182.0005     5118.5430
 3 150  28.124  50582.375   1.077  -0.049    8.476  -10.000      182.0030     5118.6133
 5 150  28.124  50582.375   1.077  -0.042    6.807  -10.000      182.0030     5118.6133
 3 150  28.124  50583.289  12.777  -0.019    8.548  -10.000      182.0355     5119.5273
 5 150  28.124  50583.289  12.777  -0.015    6.863  -10.000      182.0355     5119.5273
 3 150  28.124  50583.332  13.326  -0.026    8.544  -10.000      182.0370     5119.5703
 5 150  28.124  50583.332  13.326  -0.019    6.861  -10.000      182.0370     5119.5703
 3 150  28.124  50584.281  25.477  -0.017    8.597  -10.000      182.0708     5120.5195
 5 150  28.124  50584.281  25.477  -0.014    6.900  -10.000      182.0708     5120.5195
 3 150  28.124  50584.355  26.428  -0.021    8.596  -10.000      182.0734     5120.5938
 5 150  28.124  50584.355  26.428  -0.017    6.900  -10.000      182.0734     5120.5938
 3 150  28.124  50890.480 344.998  -0.030    8.426  -10.000      192.9583     5426.7188
 5 150  28.124  50890.480 344.998  -0.023    6.781  -10.000      192.9583     5426.7188
 3 150  28.124  50891.391 356.649  -0.050    8.458  -10.000      192.9907     5427.6289
 5 150  28.124  50891.391 356.649  -0.016    6.822  -10.000      192.9907     5427.6289
 3 150  28.124  50891.441 357.297  -0.050    8.461  -10.000      192.9925     5427.6797
 5 150  28.124  50891.441 357.297  -0.015    6.825  -10.000      192.9925     5427.6797
 3 150  28.124  50892.438  10.047  -0.037    8.519  -10.000      193.0279     5428.6758
 5 150  28.124  50892.438  10.047  -0.015    6.855  -10.000      193.0279     5428.6758
 3 150  28.124  50893.301  21.099  -0.031    8.568  -10.000      193.0586     5429.5391
 5 150  28.124  50893.301  21.099  -0.019    6.884  -10.000      193.0586     5429.5391
 3 150  28.124  50893.457  23.099  -0.040    8.566  -10.000      193.0642     5429.6953
 5 150  28.124  50893.457  23.099  -0.020    6.888  -10.000      193.0642     5429.6953
 3 150  28.124  50896.461  61.551  -0.041    8.680  -10.000      193.1710     5432.6992
 5 150  28.124  50896.461  61.551  -0.018    6.991  -10.000      193.1710     5432.6992
 3 150  28.124  50897.316  72.504  -0.057    8.682  -10.000      193.2014     5433.5547
 5 150  28.124  50897.316  72.504  -0.034    6.998  -10.000      193.2014     5433.5547
 3 150  28.124  50897.363  73.103  -0.047    8.694  -10.000      193.2031     5433.6016
 5 150  28.124  50897.363  73.103  -0.028    7.006  -10.000      193.2031     5433.6016
 3 150  28.124  50897.445  74.152  -0.027    8.716  -10.000      193.2060     5433.6836
 5 150  28.124  50897.445  74.152  -0.009    7.027  -10.000      193.2060     5433.6836
 3 150  28.124  50901.512 126.205   0.075    8.866  -10.000      193.3506     5437.7500
 5 150  28.124  50901.512 126.205   0.019    7.163  -10.000      193.3506     5437.7500
 3 150  28.124  50902.293 136.203   0.090    8.869  -10.000      193.3783     5438.5312
 5 150  28.124  50902.293 136.203   0.039    7.189  -10.000      193.3783     5438.5312
 3 150  28.124  50902.398 137.554   0.083    8.859  -10.000      193.3821     5438.6367
 5 150  28.124  50902.398 137.554   0.022    7.172  -10.000      193.3821     5438.6367
 3 150  28.124  50902.461 138.356   0.097    8.871  -10.000      193.3843     5438.6992
 5 150  28.124  50902.461 138.356   0.016    7.166  -10.000      193.3843     5438.6992
 3 150  28.124  50904.305 161.955   0.175    8.701  -10.000      193.4499     5440.5430
 5 150  28.124  50904.305 161.955   0.068    7.089  -10.000      193.4499     5440.5430
 3 150  28.124  50904.355 162.609   0.181    8.692  -10.000      193.4517     5440.5938
 5 150  28.124  50904.355 162.609   0.070    7.082  -10.000      193.4517     5440.5938
 3 150  28.124  50904.457 163.905   0.187    8.669  -10.000      193.4553     5440.6953
 5 150  28.124  50904.457 163.905   0.075    7.069  -10.000      193.4553     5440.6953
 3 150  28.124  50905.316 174.908   0.243    8.468  -10.000      193.4859     5441.5547
 5 150  28.124  50905.316 174.908   0.114    6.951  -10.000      193.4859     5441.5547
 3 150  28.124  50905.426 176.309   0.241    8.434  -10.000      193.4897     5441.6641
 5 150  28.124  50905.426 176.309   0.128    6.945  -10.000      193.4897     5441.6641
 3 150  28.124  50906.484 189.855   0.125    8.085  -10.000      193.5274     5442.7227
 5 150  28.124  50906.484 189.855   0.048    6.711  -10.000      193.5274     5442.7227
 3 150  28.124  50906.492 189.959   0.120    8.079  -10.000      193.5277     5442.7305
 5 150  28.124  50906.492 189.959   0.042    6.704  -10.000      193.5277     5442.7305
 3 150  28.124  50907.395 201.506   0.011    7.937  -10.000      193.5597     5443.6328
 5 150  28.124  50907.395 201.506  -0.017    6.614  -10.000      193.5597     5443.6328
 3 150  28.124  50908.395 214.310  -0.082    7.880  -10.000      193.5953     5444.6328
 5 150  28.124  50908.395 214.310  -0.076    6.560  -10.000      193.5953     5444.6328
 3 150  28.124  50908.477 215.359  -0.052    7.914  -10.000      193.5982     5444.7148
 5 150  28.124  50908.477 215.359  -0.063    6.574  -10.000      193.5982     5444.7148
 3 150  28.124  50909.410 227.307  -0.084    7.925  -10.000      193.6314     5445.6484
 5 150  28.124  50909.410 227.307  -0.063    6.580  -10.000      193.6314     5445.6484
 3 150  28.124  50910.281 238.458  -0.076    7.972  -10.000      193.6624     5446.5195
 5 150  28.124  50910.281 238.458  -0.038    6.610  -10.000      193.6624     5446.5195
 3 150  28.124  50910.359 239.458  -0.045    8.006  -10.000      193.6652     5446.5977
 5 150  28.124  50910.359 239.458  -0.041    6.607  -10.000      193.6652     5446.5977
 3 150  28.124  50910.434 240.408  -0.042    8.012  -10.000      193.6678     5446.6719
 5 150  28.124  50910.434 240.408   0.001    6.650  -10.000      193.6678     5446.6719
 3 150  28.124  50912.285 264.111  -0.064    8.081  -10.000      193.7336     5448.5234
 5 150  28.124  50912.285 264.111  -0.032    6.638  -10.000      193.7336     5448.5234
 3 150  28.124  50912.371 265.210  -0.058    8.090  -10.000      193.7367     5448.6094
 5 150  28.124  50912.371 265.210  -0.030    6.641  -10.000      193.7367     5448.6094
 3 150  28.124  50912.453 266.259  -0.058    8.094  -10.000      193.7396     5448.6914
 5 150  28.124  50912.453 266.259  -0.033    6.639  -10.000      193.7396     5448.6914
 3 150  28.124  50913.281 276.861  -0.058    8.133  -10.000      193.7691     5449.5195
 5 150  28.124  50913.281 276.861  -0.029    6.652  -10.000      193.7691     5449.5195
 3 150  28.124  50913.367 277.960  -0.053    8.142  -10.000      193.7721     5449.6055
 5 150  28.124  50913.367 277.960  -0.027    6.655  -10.000      193.7721     5449.6055
 3 150  28.124  50913.438 278.860  -0.057    8.141  -10.000      193.7746     5449.6758
 5 150  28.124  50913.438 278.860  -0.024    6.659  -10.000      193.7746     5449.6758
 3 150  28.124  50914.281 289.660  -0.056    8.184  -10.000      193.8046     5450.5195
 5 150  28.124  50914.281 289.660  -0.038    6.659  -10.000      193.8046     5450.5195
 3 150  28.124  50914.355 290.610  -0.053    8.191  -10.000      193.8073     5450.5938
 5 150  28.124  50914.355 290.610  -0.028    6.670  -10.000      193.8073     5450.5938
 3 150  28.124  50914.438 291.660  -0.046    8.202  -10.000      193.8102     5450.6758
 5 150  28.124  50914.438 291.660  -0.013    6.687  -10.000      193.8102     5450.6758
 3 150  28.124  50915.301 302.712  -0.061    8.232  -10.000      193.8409     5451.5391
 5 150  28.124  50915.301 302.712  -0.027    6.690  -10.000      193.8409     5451.5391
 3 150  28.124  50915.355 303.409  -0.046    8.249  -10.000      193.8428     5451.5938
 5 150  28.124  50915.355 303.409  -0.021    6.697  -10.000      193.8428     5451.5938
 3 150  28.124  50915.449 304.612  -0.063    8.236  -10.000      193.8461     5451.6875
 5 150  28.124  50915.449 304.612  -0.024    6.695  -10.000      193.8461     5451.6875
 3 150  28.124  50916.262 315.011  -0.041    8.296  -10.000      193.8750     5452.5000
 5 150  28.124  50916.262 315.011  -0.025    6.711  -10.000      193.8750     5452.5000
 3 150  28.124  50916.352 316.165  -0.045    8.296  -10.000      193.8782     5452.5898
 5 150  28.124  50916.352 316.165  -0.020    6.718  -10.000      193.8782     5452.5898
 3 150  28.124  50916.434 317.214  -0.028    8.317  -10.000      193.8811     5452.6719
 5 150  28.124  50916.434 317.214  -0.008    6.732  -10.000      193.8811     5452.6719
 3 150  28.124  50917.262 327.816  -0.055    8.335  -10.000      193.9106     5453.5000
 5 150  28.124  50917.262 327.816  -0.016    6.748  -10.000      193.9106     5453.5000
 3 150  28.124  50917.367 329.161  -0.056    8.339  -10.000      193.9143     5453.6055
 5 150  28.124  50917.367 329.161  -0.030    6.737  -10.000      193.9143     5453.6055
 3 150  28.124  50917.445 330.161  -0.049    8.351  -10.000      193.9171     5453.6836
 5 150  28.124  50917.445 330.161  -0.028    6.742  -10.000      193.9171     5453.6836
18 163  28.124  47864.641 132.578   0.061    8.959  -10.000       85.3683     2400.8789
18 163  28.124  47864.656 132.775   0.104    9.002  -10.000       85.3688     2400.8945
18 163  28.124  47864.730 133.726   0.082    8.979  -10.000       85.3715     2400.9688
18 163  28.124  47864.746 133.926   0.104    9.001  -10.000       85.3720     2400.9844
18 163  28.124  47885.969  45.588  -0.005    8.793  -10.000       86.1266     2422.2070
18 163  28.124  47948.359 124.222   0.100    9.004  -10.000       88.3451     2484.5977
18 163  28.124  47948.434 125.173   0.113    9.017  -10.000       88.3477     2484.6719
18 163  28.124  47948.613 127.472   0.116    9.019  -10.000       88.3541     2484.8516
18 163  28.124  47948.625 127.623   0.121    9.024  -10.000       88.3545     2484.8633
18 163  28.124  47969.602  36.134   0.006    8.770  -10.000       89.1004     2505.8398
18 163  28.124  47969.676  37.084   0.025    8.792  -10.000       89.1030     2505.9141
18 163  28.124  47969.688  37.235   0.020    8.787  -10.000       89.1034     2505.9258
18 163  28.124  47969.766  38.235   0.025    8.797  -10.000       89.1062     2506.0039
18 163  28.124  48012.059 219.608  -0.012    8.094  -10.000       90.6100     2548.2969
18 163  28.124  48012.074 219.809  -0.045    8.060  -10.000       90.6106     2548.3125
18 163  28.124  48012.164 220.957  -0.033    8.076  -10.000       90.6138     2548.4023
18 163  28.124  48012.238 221.907  -0.041    8.072  -10.000       90.6164     2548.4766
18 163  28.124  48036.055 166.772   0.062    8.596  -10.000       91.4633     2572.2930
18 163  28.124  48036.066 166.921   0.138    8.669  -10.000       91.4637     2572.3047
18 163  28.124  48036.141 167.871   0.094    8.602  -10.000       91.4663     2572.3789
18 163  28.124  48036.156 168.072   0.100    8.604  -10.000       91.4669     2572.3945
18 163  28.124  48036.230 169.022   0.103    8.585  -10.000       91.4695     2572.4688
18 163  28.124  48036.246 169.222   0.133    8.609  -10.000       91.4701     2572.4844
18 163  28.124  48036.320 170.173   0.072    8.527  -10.000       91.4727     2572.5586
18 163  28.124  48068.039 216.189  -0.034    8.059  -10.000       92.6005     2604.2773
18 163  28.124  48068.055 216.389  -0.061    8.033  -10.000       92.6011     2604.2930
18 163  28.124  48100.902 276.858  -0.034    8.274  -10.000       93.7691     2637.1406
18 163  28.124  48100.914 277.007  -0.032    8.277  -10.000       93.7695     2637.1523
18 163  28.124  48101.004 278.157   0.011    8.324  -10.000       93.7727     2637.2422
18 163  28.124  48159.641 308.741  -0.024    8.405  -10.000       95.8576     2695.8789
18 163  28.124  48159.891 311.940  -0.018    8.422  -10.000       95.8665     2696.1289
18 163  28.124  48171.891 105.546   0.000    8.895  -10.000       96.2932     2708.1289
18 163  28.124  48171.902 105.697   0.030    8.925  -10.000       96.2936     2708.1406
18 163  28.124  48171.977 106.647  -0.007    8.889  -10.000       96.2962     2708.2148
18 163  28.124  48171.992 106.848   0.042    8.938  -10.000       96.2968     2708.2305
18 163  28.124  48172.066 107.795  -0.026    8.870  -10.000       96.2994     2708.3047
18 163  28.124  48172.082 107.996   0.031    8.927  -10.000       96.3000     2708.3203
18 163  28.124  48210.367 238.068  -0.058    8.110  -10.000       97.6613     2746.6055
18 163  28.124  48259.754 150.244   0.048    8.870  -10.000       99.4173     2795.9922
18 163  28.124  48259.766 150.395   0.106    8.926  -10.000       99.4178     2796.0039
18 163  28.124  48259.844 151.394   0.042    8.853  -10.000       99.4205     2796.0820
18 163  28.124  48287.758 148.711   0.072    8.907  -10.000      100.4131     2823.9961
18 163  28.124  48287.832 149.661   0.092    8.919  -10.000      100.4157     2824.0703
18 163  28.124  48287.848 149.862   0.091    8.916  -10.000      100.4163     2824.0859
18 163  28.124  48287.922 150.809   0.087    8.904  -10.000      100.4189     2824.1602
18 163  28.124  48287.938 151.010   0.077    8.891  -10.000      100.4195     2824.1758
18 163  28.124  48312.004  99.075   0.041    8.932  -10.000      101.2752     2848.2422
18 163  28.124  48312.184 101.374   0.054    8.947  -10.000      101.2816     2848.4219
18 163  28.124  48353.055 264.545  -0.051    8.214  -10.000      102.7348     2889.2930
18 163  28.124  48353.070 264.746  -0.019    8.246  -10.000      102.7354     2889.3086
18 163  28.124  48353.145 265.696  -0.026    8.243  -10.000      102.7380     2889.3828
18 163  28.124  48353.160 265.897  -0.053    8.217  -10.000      102.7386     2889.3984
18 163  28.124  48373.852 170.758   0.173    8.614  -10.000      103.4743     2910.0898
18 163  28.124  48373.941 171.909   0.148    8.562  -10.000      103.4775     2910.1797
18 163  28.124  48374.031 173.057   0.165    8.553  -10.000      103.4807     2910.2695
18 163  28.124  48374.047 173.257   0.138    8.521  -10.000      103.4813     2910.2852
18 163  28.124  48374.121 174.207   0.183    8.545  -10.000      103.4839     2910.3594
18 163  28.124  48411.258 289.578  -0.005    8.351  -10.000      104.8044     2947.4961
18 163  28.124  48411.273 289.778  -0.024    8.332  -10.000      104.8049     2947.5117
18 163  28.124  48411.348 290.728  -0.005    8.356  -10.000      104.8076     2947.5859
18 163  28.124  48411.363 290.929  -0.033    8.328  -10.000      104.8081     2947.6016
18 163  28.124  48440.938 309.496  -0.005    8.426  -10.000      105.8597     2977.1758
18 163  28.124  48440.949 309.644  -0.024    8.408  -10.000      105.8601     2977.1875
18 163  28.124  48441.023 310.594  -0.024    8.411  -10.000      105.8628     2977.2617
18 163  28.124  48441.039 310.795  -0.016    8.419  -10.000      105.8633     2977.2773
18 163  28.124  48465.281 261.109  -0.043    8.211  -10.000      106.7253     3001.5195
18 163  28.124  48465.297 261.307  -0.031    8.223  -10.000      106.7259     3001.5352
18 163  28.124  48465.371 262.257  -0.025    8.232  -10.000      106.7285     3001.6094
18 163  28.124  48465.383 262.408  -0.030    8.228  -10.000      106.7289     3001.6211
18 163  28.124  48502.340  15.480   0.023    8.712  -10.000      108.0430     3038.5781
18 163  28.124  48516.453 196.136   0.025    8.079  -10.000      108.5448     3052.6914
18 163  28.124  48516.469 196.337   0.044    8.097  -10.000      108.5454     3052.7070
18 163  28.124  48516.543 197.287   0.041    8.093  -10.000      108.5480     3052.7812
18 163  28.124  48555.926 341.408  -0.030    8.526  -10.000      109.9484     3092.1641
18 163  28.124  48555.938 341.559  -0.050    8.507  -10.000      109.9488     3092.1758
18 163  28.124  48556.016 342.559  -0.001    8.559  -10.000      109.9516     3092.2539
18 163  28.124  48556.027 342.708  -0.019    8.542  -10.000      109.9520     3092.2656
18 163  28.124  48570.055 162.265   0.167    8.804  -10.000      110.4507     3106.2930
18 163  28.124  48570.070 162.466   0.094    8.726  -10.000      110.4513     3106.3086
18 163  28.124  48570.145 163.416   0.143    8.754  -10.000      110.4539     3106.3828
18 163  28.124  48570.160 163.617   0.161    8.768  -10.000      110.4545     3106.3984
18 163  28.124  48605.059 250.334  -0.046    8.169  -10.000      111.6954     3141.2969
18 163  28.124  48605.070 250.486  -0.051    8.165  -10.000      111.6958     3141.3086
18 163  28.124  48655.723 178.863   0.194    8.454  -10.000      113.4968     3191.9609
18 163  28.124  48655.812 180.014   0.232    8.468  -10.000      113.5000     3192.0508
18 163  28.124  48655.883 180.915   0.201    8.419  -10.000      113.5025     3192.1211
18 163  28.124  48655.898 181.115   0.172    8.386  -10.000      113.5031     3192.1367
18 163  28.124  48692.152 285.183  -0.044    8.295  -10.000      114.7922     3228.3906
18 163  28.124  48692.227 286.133  -0.027    8.315  -10.000      114.7948     3228.4648
18 163  28.124  48692.242 286.334  -0.012    8.331  -10.000      114.7954     3228.4805
18 163  28.124  48692.492 289.534  -0.023    8.332  -10.000      114.8043     3228.7305
18 163  28.124  48692.508 289.734  -0.026    8.330  -10.000      114.8048     3228.7461
18 163  28.124  48712.402 184.395   0.160    8.314  -10.000      115.5122     3248.6406
18 163  28.124  48712.418 184.595   0.141    8.291  -10.000      115.5128     3248.6562
18 163  28.124  48712.492 185.545   0.133    8.268  -10.000      115.5154     3248.7305
18 163  28.124  48712.578 186.644   0.140    8.260  -10.000      115.5185     3248.8164
18 163  28.124  48712.594 186.844   0.141    8.259  -10.000      115.5190     3248.8320
18 163  28.124  48712.668 187.795   0.125    8.231  -10.000      115.5217     3248.9062
18 163  28.124  48712.684 187.995   0.122    8.226  -10.000      115.5222     3248.9219
18 163  28.124  48754.074 357.819  -0.034    8.591  -10.000      116.9939     3290.3125
18 163  28.124  48754.090 358.017  -0.021    8.604  -10.000      116.9945     3290.3281
18 163  28.124  48754.164 358.967  -0.019    8.610  -10.000      116.9971     3290.4023
18 163  28.124  48754.180 359.168  -0.008    8.622  -10.000      116.9977     3290.4180
18 163  28.124  48754.254   0.118  -0.012    8.621  -10.000      117.0003     3290.4922
18 163  28.124  48780.023 329.983   0.009    8.522  -10.000      117.9166     3316.2617
18 163  28.124  48780.039 330.183  -0.017    8.496  -10.000      117.9172     3316.2773
18 163  28.124  48780.199 332.232   0.020    8.542  -10.000      117.9229     3316.4375
18 163  28.124  48780.215 332.433   0.001    8.524  -10.000      117.9234     3316.4531
18 163  28.124  48809.254 344.149  -0.019    8.546  -10.000      118.9560     3345.4922
18 163  28.124  48809.270 344.347   0.022    8.589  -10.000      118.9565     3345.5078
18 163  28.124  48809.344 345.298  -0.013    8.557  -10.000      118.9592     3345.5820
18 163  28.124  48809.359 345.498   0.038    8.609  -10.000      118.9597     3345.5977
18 163  28.124  48951.086 359.676   0.011    8.643  -10.000      123.9991     3487.3242
18 163  28.124  48951.164   0.676  -0.022    8.614  -10.000      124.0019     3487.4023
18 163  28.124  48951.176   0.827   0.006    8.642  -10.000      124.0023     3487.4141
18 163  28.124  48971.352 259.088  -0.045    8.202  -10.000      124.7197     3507.5898
18 163  28.124  48971.426 260.038  -0.033    8.218  -10.000      124.7223     3507.6641
18 163  28.124  48971.438 260.189  -0.030    8.221  -10.000      124.7227     3507.6758
18 163  28.124  49017.898 134.915   0.110    9.005  -10.000      126.3748     3554.1367
18 163  28.124  49017.914 135.113   0.077    8.972  -10.000      126.3753     3554.1523
18 163  28.124  49017.988 136.063   0.097    8.990  -10.000      126.3780     3554.2266
18 163  28.124  49018.004 136.263   0.055    8.947  -10.000      126.3785     3554.2422
18 163  28.124  49042.391  88.426  -0.027    8.854  -10.000      127.2456     3578.6289
18 163  28.124  49042.406  88.627  -0.041    8.839  -10.000      127.2462     3578.6445
18 163  28.124  49042.480  89.577   0.003    8.885  -10.000      127.2488     3578.7188
 1   2  28.124  41647.852 114.241   0.172   11.820  -10.000     -135.6827    -3815.9102
 2   2  28.124  41647.852 114.241   0.123   10.460  -10.000     -135.6827    -3815.9102
 3   2  28.124  41647.852 114.241   0.023    8.810  -10.000     -135.6827    -3815.9102
 1   2  28.124  41649.820 139.444  -0.076   11.430  -10.000     -135.6127    -3813.9414
 2   2  28.124  41649.820 139.444  -0.006   10.260  -10.000     -135.6127    -3813.9414
 3   2  28.124  41649.820 139.444  -0.071    8.700  -10.000     -135.6127    -3813.9414
 1   2  28.124  41655.801 215.997   0.082    9.950  -10.000     -135.4000    -3807.9609
 2   2  28.124  41655.801 215.997  -0.001    9.100  -10.000     -135.4000    -3807.9609
 3   2  28.124  41655.801 215.997  -0.029    7.940  -10.000     -135.4000    -3807.9609
 1   2  28.124  41658.824 254.696   0.029   10.380  -10.000     -135.2925    -3804.9375
 2   2  28.124  41658.824 254.696   0.017    9.410  -10.000     -135.2925    -3804.9375
 3   2  28.124  41658.824 254.696  -0.013    8.100  -10.000     -135.2925    -3804.9375
 1   2  28.124  41760.691 118.652   0.115   11.750  -10.000     -131.6704    -3703.0703
 2   2  28.124  41760.691 118.652   0.137   10.470  -10.000     -131.6704    -3703.0703
 3   2  28.124  41760.691 118.652   0.100    8.890  -10.000     -131.6704    -3703.0703
 1   2  28.124  41762.691 144.256  -0.084   11.360  -10.000     -131.5993    -3701.0703
 2   2  28.124  41762.691 144.256  -0.007   10.220  -10.000     -131.5993    -3701.0703
 3   2  28.124  41762.691 144.256   0.000    8.750  -10.000     -131.5993    -3701.0703
 1   2  28.124  41764.719 170.206  -0.279   10.240  -10.000     -131.5272    -3699.0430
 2   2  28.124  41764.719 170.206  -0.211    9.380  -10.000     -131.5272    -3699.0430
 3   2  28.124  41764.719 170.206  -0.133    8.200  -10.000     -131.5272    -3699.0430
 1   2  28.124  41766.707 195.656   0.161    9.870  -10.000     -131.4565    -3697.0547
 2   2  28.124  41766.707 195.656   0.010    9.020  -10.000     -131.4565    -3697.0547
 3   2  28.124  41766.707 195.656  -0.009    7.920  -10.000     -131.4565    -3697.0547
 1   2  28.124  41767.727 208.707   0.169    9.950  -10.000     -131.4203    -3696.0352
 2   2  28.124  41767.727 208.707   0.032    9.080  -10.000     -131.4203    -3696.0352
 3   2  28.124  41767.727 208.707   0.019    7.960  -10.000     -131.4203    -3696.0352
 1   2  28.124  41768.723 221.457   0.115   10.050  -10.000     -131.3848    -3695.0391
 2   2  28.124  41768.723 221.457   0.028    9.170  -10.000     -131.3848    -3695.0391
 3   2  28.124  41768.723 221.457   0.022    8.010  -10.000     -131.3848    -3695.0391
 1   2  28.124  41769.707 234.058   0.106   10.200  -10.000     -131.3498    -3694.0547
 2   2  28.124  41769.707 234.058   0.044    9.280  -10.000     -131.3498    -3694.0547
 3   2  28.124  41769.707 234.058   0.027    8.060  -10.000     -131.3498    -3694.0547
 1   2  28.124  41770.750 247.412   0.112   10.370  -10.000     -131.3127    -3693.0117
 2   2  28.124  41770.750 247.412   0.055    9.390  -10.000     -131.3127    -3693.0117
 3   2  28.124  41770.750 247.412   0.038    8.120  -10.000     -131.3127    -3693.0117
 1   2  28.124  41771.715 259.761   0.082   10.490  -10.000     -131.2784    -3692.0469
 2   2  28.124  41771.715 259.761   0.083    9.510  -10.000     -131.2784    -3692.0469
 3   2  28.124  41771.715 259.761   0.070    8.200  -10.000     -131.2784    -3692.0469
 1   2  28.124  41772.723 272.659   0.032   10.590  -10.000     -131.2426    -3691.0391
 2   2  28.124  41772.723 272.659   0.032    9.550  -10.000     -131.2426    -3691.0391
 3   2  28.124  41772.723 272.659   0.005    8.180  -10.000     -131.2426    -3691.0391
 1   2  28.124  41773.723 285.463   0.037   10.740  -10.000     -131.2070    -3690.0391
 2   2  28.124  41773.723 285.463   0.042    9.650  -10.000     -131.2070    -3690.0391
 3   2  28.124  41773.723 285.463   0.017    8.240  -10.000     -131.2070    -3690.0391
 1   2  28.124  41774.664 297.510   0.048   10.890  -10.000     -131.1736    -3689.0977
 2   2  28.124  41774.664 297.510   0.054    9.750  -10.000     -131.1736    -3689.0977
 3   2  28.124  41774.664 297.510   0.048    8.320  -10.000     -131.1736    -3689.0977
 1   2  28.124  42216.520 193.505   0.072    9.790  -10.000     -115.4625    -3247.2422
 2   2  28.124  42216.520 193.505  -0.018    9.000  -10.000     -115.4625    -3247.2422
 3   2  28.124  42216.520 193.505  -0.076    7.860  -10.000     -115.4625    -3247.2422
 1   2  28.124  42218.516 219.056   0.095   10.000  -10.000     -115.3915    -3245.2461
 2   2  28.124  42218.516 219.056  -0.004    9.120  -10.000     -115.3915    -3245.2461
 3   2  28.124  42218.516 219.056  -0.070    7.910  -10.000     -115.3915    -3245.2461
 1   2  28.124  42219.504 231.707   0.104   10.170  -10.000     -115.3564    -3244.2578
 2   2  28.124  42219.504 231.707   0.041    9.260  -10.000     -115.3564    -3244.2578
 3   2  28.124  42219.504 231.707   0.005    8.030  -10.000     -115.3564    -3244.2578
 1   2  28.124  42220.508 244.558   0.150   10.370  -10.000     -115.3207    -3243.2539
 2   2  28.124  42220.508 244.558   0.078    9.390  -10.000     -115.3207    -3243.2539
 3   2  28.124  42220.508 244.558   0.050    8.120  -10.000     -115.3207    -3243.2539
 6  36  28.124  45368.637 222.347  -0.035    5.598  -10.000       -3.3824      -95.1250
 7  36  28.124  45368.637 222.347   0.034    5.135  -10.000       -3.3824      -95.1250
 8  36  28.124  45368.637 222.347   0.032    4.964  -10.000       -3.3824      -95.1250
 6  36  28.124  45371.621 260.549  -0.025    5.573  -10.000       -3.2763      -92.1406
 7  36  28.124  45371.621 260.549   0.018    5.038  -10.000       -3.2763      -92.1406
 8  36  28.124  45371.621 260.549   0.039    4.878  -10.000       -3.2763      -92.1406
 6  36  28.124  45373.621 286.150  -0.024    5.558  -10.000       -3.2051      -90.1406
 7  36  28.124  45373.621 286.150   0.040    5.016  -10.000       -3.2051      -90.1406
 8  36  28.124  45373.621 286.150   0.042    4.831  -10.000       -3.2051      -90.1406
 6  36  28.124  45431.426 306.082   0.004    5.588  -10.000       -1.1498      -32.3359
 7  36  28.124  45431.426 306.082   0.055    5.013  -10.000       -1.1498      -32.3359
 8  36  28.124  45431.426 306.082   0.041    4.807  -10.000       -1.1498      -32.3359
 6  36  28.124  45435.426 357.284  -0.008    5.646  -10.000       -1.0075      -28.3359
 7  36  28.124  45435.426 357.284   0.030    5.022  -10.000       -1.0075      -28.3359
 8  36  28.124  45435.426 357.284   0.027    4.819  -10.000       -1.0075      -28.3359
 6  36  28.124  45472.363 110.105  -0.040    5.890  -10.000        0.3058        8.6016
 7  36  28.124  45472.363 110.105  -0.017    5.252  -10.000        0.3058        8.6016
 8  36  28.124  45472.363 110.105  -0.023    5.046  -10.000        0.3058        8.6016
 6  36  28.124  45489.340 327.414  -0.026    5.576  -10.000        0.9095       25.5781
 7  36  28.124  45489.340 327.414   0.040    5.000  -10.000        0.9095       25.5781
 8  36  28.124  45489.340 327.414   0.035    4.798  -10.000        0.9095       25.5781
 6  36  28.124  45492.324   5.616  -0.007    5.659  -10.000        1.0156       28.5625
 7  36  28.124  45492.324   5.616   0.008    5.009  -10.000        1.0156       28.5625
 8  36  28.124  45492.324   5.616   0.016    4.815  -10.000        1.0156       28.5625
 6  36  28.124  45532.215 156.238  -0.016    5.952  -10.000        2.4340       68.4531
 7  36  28.124  45532.215 156.238  -0.023    5.333  -10.000        2.4340       68.4531
 8  36  28.124  45532.215 156.238  -0.036    5.131  -10.000        2.4340       68.4531
 6  36  28.124  45702.598 177.232   0.024    5.811  -10.000        8.4923      238.8359
 7  36  28.124  45702.598 177.232   0.046    5.294  -10.000        8.4923      238.8359
 8  36  28.124  45702.598 177.232   0.019    5.096  -10.000        8.4923      238.8359
 6  36  28.124  45793.438 260.032  -0.028    5.570  -10.000       11.7223      329.6758
 7  36  28.124  45793.438 260.032   0.030    5.051  -10.000       11.7223      329.6758
 8  36  28.124  45793.438 260.032   0.043    4.883  -10.000       11.7223      329.6758
 6  36  28.124  45804.332  39.488  -0.025    5.724  -10.000       12.1097      340.5703
 7  36  28.124  45804.332  39.488  -0.003    5.069  -10.000       12.1097      340.5703
 8  36  28.124  45804.332  39.488  -0.002    4.866  -10.000       12.1097      340.5703
 6  36  28.124  45839.312 127.257  -0.033    5.940  -10.000       13.3535      375.5508
 7  36  28.124  45839.312 127.257  -0.030    5.292  -10.000       13.3535      375.5508
 8  36  28.124  45839.312 127.257  -0.037    5.087  -10.000       13.3535      375.5508
 6  36  28.124  45842.305 165.559  -0.009    5.885  -10.000       13.4599      378.5430
 7  36  28.124  45842.305 165.559   0.000    5.313  -10.000       13.4599      378.5430
 8  36  28.124  45842.305 165.559  -0.032    5.099  -10.000       13.4599      378.5430
 6  36  28.124  46087.527  64.545  -0.051    5.756  -10.000       22.1793      623.7656
 7  36  28.124  46087.527  64.545   0.001    5.131  -10.000       22.1793      623.7656
 8  36  28.124  46087.527  64.545   0.000    4.925  -10.000       22.1793      623.7656
 6  36  28.124  46101.398 242.102  -0.022    5.587  -10.000       22.6725      637.6367
 7  36  28.124  46101.398 242.102   0.040    5.093  -10.000       22.6725      637.6367
 8  36  28.124  46101.398 242.102   0.045    4.923  -10.000       22.6725      637.6367
 6  36  28.124  46201.367  81.758  -0.036    5.815  -10.000       26.2271      737.6055
 7  36  28.124  46201.367  81.758  -0.014    5.163  -10.000       26.2271      737.6055
 8  36  28.124  46201.367  81.758  -0.005    4.968  -10.000       26.2271      737.6055
 6  36  28.124  46202.359  94.458  -0.034    5.851  -10.000       26.2624      738.5977
 7  36  28.124  46202.359  94.458  -0.010    5.206  -10.000       26.2624      738.5977
 8  36  28.124  46202.359  94.458  -0.002    5.011  -10.000       26.2624      738.5977
 6  36  28.124  46262.211 140.591  -0.020    5.973  -10.000       28.3905      798.4492
 7  36  28.124  46262.211 140.591  -0.012    5.342  -10.000       28.3905      798.4492
 8  36  28.124  46262.211 140.591  -0.029    5.129  -10.000       28.3905      798.4492
 6  36  28.124  46573.375 163.663  -0.014    5.898  -10.000       39.4546     1109.6133
 7  36  28.124  46573.375 163.663  -0.006    5.318  -10.000       39.4546     1109.6133
 8  36  28.124  46573.375 163.663  -0.023    5.118  -10.000       39.4546     1109.6133
 6  36  28.124  46574.367 176.364  -0.006    5.789  -10.000       39.4899     1110.6055
 7  36  28.124  46574.367 176.364   0.013    5.266  -10.000       39.4899     1110.6055
 8  36  28.124  46574.367 176.364  -0.011    5.071  -10.000       39.4899     1110.6055
 6  36  28.124  46575.375 189.264  -0.016    5.672  -10.000       39.5257     1111.6133
 7  36  28.124  46575.375 189.264   0.009    5.186  -10.000       39.5257     1111.6133
 8  36  28.124  46575.375 189.264  -0.005    5.008  -10.000       39.5257     1111.6133
 6  36  28.124  46576.320 201.364  -0.036    5.618  -10.000       39.5593     1112.5586
 7  36  28.124  46576.320 201.364   0.009    5.153  -10.000       39.5593     1112.5586
 8  36  28.124  46576.320 201.364  -0.004    4.976  -10.000       39.5593     1112.5586
 6  36  28.124  46596.305  97.175  -0.041    5.853  -10.000       40.2699     1132.5430
 7  36  28.124  46596.305  97.175  -0.027    5.199  -10.000       40.2699     1132.5430
 8  36  28.124  46596.305  97.175  -0.032    4.991  -10.000       40.2699     1132.5430
 6  36  28.124  46601.273 160.778  -0.025    5.912  -10.000       40.4466     1137.5117
 7  36  28.124  46601.273 160.778  -0.026    5.313  -10.000       40.4466     1137.5117
 8  36  28.124  46601.273 160.778  -0.041    5.112  -10.000       40.4466     1137.5117
 6  36  28.124  46603.273 186.379  -0.014    5.692  -10.000       40.5177     1139.5117
 7  36  28.124  46603.273 186.379   0.005    5.196  -10.000       40.5177     1139.5117
 8  36  28.124  46603.273 186.379   0.002    5.028  -10.000       40.5177     1139.5117
 6  36  28.124  46604.281 199.280  -0.038    5.620  -10.000       40.5536     1140.5195
 7  36  28.124  46604.281 199.280   0.007    5.156  -10.000       40.5536     1140.5195
 8  36  28.124  46604.281 199.280  -0.008    4.978  -10.000       40.5536     1140.5195
 6  36  28.124  46610.273 275.983  -0.010    5.575  -10.000       40.7666     1146.5117
 7  36  28.124  46610.273 275.983   0.044    5.033  -10.000       40.7666     1146.5117
 8  36  28.124  46610.273 275.983   0.041    4.846  -10.000       40.7666     1146.5117
 6  36  28.124  46744.629 195.808  -0.036    5.629  -10.000       45.5439     1280.8672
 7  36  28.124  46744.629 195.808  -0.005    5.152  -10.000       45.5439     1280.8672
 8  36  28.124  46744.629 195.808  -0.010    4.984  -10.000       45.5439     1280.8672
 6  36  28.124  46745.594 208.158  -0.041    5.604  -10.000       45.5782     1281.8320
 7  36  28.124  46745.594 208.158   0.017    5.147  -10.000       45.5782     1281.8320
 8  36  28.124  46745.594 208.158   0.001    4.965  -10.000       45.5782     1281.8320
 6  36  28.124  46747.590 233.709  -0.019    5.600  -10.000       45.6492     1283.8281
 7  36  28.124  46747.590 233.709   0.033    5.105  -10.000       45.6492     1283.8281
 8  36  28.124  46747.590 233.709   0.025    4.925  -10.000       45.6492     1283.8281
 6  36  28.124  46786.570  12.681  -0.017    5.665  -10.000       47.0352     1322.8086
 7  36  28.124  46786.570  12.681   0.007    5.020  -10.000       47.0352     1322.8086
 8  36  28.124  46786.570  12.681   0.019    4.830  -10.000       47.0352     1322.8086
 6  36  28.124  46787.547  25.182  -0.023    5.689  -10.000       47.0700     1323.7852
 7  36  28.124  46787.547  25.182   0.006    5.045  -10.000       47.0700     1323.7852
 8  36  28.124  46787.547  25.182   0.009    4.845  -10.000       47.0700     1323.7852
 0 170  28.124  50497.805 358.533  -0.811  -12.460    0.330      178.9959     5034.0430
 0 170  28.124  50499.855  24.785  -2.195   -7.600    0.310      179.0688     5036.0938
 0 170  28.124  50502.820  62.732  -1.143   -0.600    0.330      179.1743     5039.0586
 0 170  28.124  50505.535  97.487  -3.597    4.100    0.340      179.2708     5041.7734
 3   9  28.124  44018.512 220.001  -0.073    7.910  -10.000      -51.3889    -1445.2500
14   9  28.124  44018.512 220.001  -0.108    9.430  -10.000      -51.3889    -1445.2500
15   9  28.124  44018.512 220.001  -0.061    8.250  -10.000      -51.3889    -1445.2500
16   9  28.124  44018.512 220.001  -0.043    7.290  -10.000      -51.3889    -1445.2500
17   9  28.124  44018.512 220.001  -0.042    6.580  -10.000      -51.3889    -1445.2500
 3   9  28.124  44021.570 259.154  -0.038    8.090  -10.000      -51.2801    -1442.1914
14   9  28.124  44021.570 259.154  -0.095    9.830  -10.000      -51.2801    -1442.1914
15   9  28.124  44021.570 259.154  -0.020    8.470  -10.000      -51.2801    -1442.1914
16   9  28.124  44021.570 259.154   0.008    7.420  -10.000      -51.2801    -1442.1914
17   9  28.124  44021.570 259.154  -0.007    6.640  -10.000      -51.2801    -1442.1914
 3   9  28.124  44025.500 309.455  -0.026    8.290  -10.000      -51.1404    -1438.2617
14   9  28.124  44025.500 309.455  -0.041   10.340  -10.000      -51.1404    -1438.2617
15   9  28.124  44025.500 309.455  -0.005    8.710  -10.000      -51.1404    -1438.2617
16   9  28.124  44025.500 309.455   0.013    7.540  -10.000      -51.1404    -1438.2617
17   9  28.124  44025.500 309.455   0.007    6.710  -10.000      -51.1404    -1438.2617
 3   9  28.124  44028.500 347.857  -0.008    8.460  -10.000      -51.0337    -1435.2617
14   9  28.124  44028.500 347.857   0.011   10.680  -10.000      -51.0337    -1435.2617
15   9  28.124  44028.500 347.857   0.024    8.910  -10.000      -51.0337    -1435.2617
16   9  28.124  44028.500 347.857   0.019    7.660  -10.000      -51.0337    -1435.2617
17   9  28.124  44028.500 347.857   0.023    6.810  -10.000      -51.0337    -1435.2617
 3   9  28.124  44015.520 181.700   0.051    8.130  -10.000      -51.4953    -1448.2422
14   9  28.124  44015.520 181.700   0.174    9.790  -10.000      -51.4953    -1448.2422
15   9  28.124  44015.520 181.700   0.106    8.510  -10.000      -51.4953    -1448.2422
16   9  28.124  44015.520 181.700   0.046    7.480  -10.000      -51.4953    -1448.2422
17   9  28.124  44015.520 181.700   0.014    6.740  -10.000      -51.4953    -1448.2422
