 2  22  15.037  43970.520   2.010  -0.024   11.967  -10.000     -100.9944    -1518.6914
 3  22  15.037  43970.520   2.010   0.011   10.395  -10.000     -100.9944    -1518.6914
 4  22  15.037  43970.520   2.010   0.029    9.555  -10.000     -100.9944    -1518.6914
 5  22  15.037  43970.520   2.010   0.065    8.791  -10.000     -100.9944    -1518.6914
 2  22  15.037  44031.383  19.097   0.045   12.165  -10.000      -96.9470    -1457.8281
 3  22  15.037  44031.383  19.097   0.055   10.531  -10.000      -96.9470    -1457.8281
 4  22  15.037  44031.383  19.097   0.102    9.704  -10.000      -96.9470    -1457.8281
 5  22  15.037  44031.383  19.097   0.127    8.915  -10.000      -96.9470    -1457.8281
 2  22  15.037  44032.371  42.759  -0.010   12.282  -10.000      -96.8812    -1456.8398
 3  22  15.037  44032.371  42.759   0.015   10.623  -10.000      -96.8812    -1456.8398
 4  22  15.037  44032.371  42.759   0.053    9.771  -10.000      -96.8812    -1456.8398
 5  22  15.037  44032.371  42.759   0.090    8.979  -10.000      -96.8812    -1456.8398
 2  22  15.037  44046.359  17.641  -0.010   12.099  -10.000      -95.9510    -1442.8516
 3  22  15.037  44046.359  17.641   0.045   10.513  -10.000      -95.9510    -1442.8516
 4  22  15.037  44046.359  17.641   0.058    9.653  -10.000      -95.9510    -1442.8516
 5  22  15.037  44046.359  17.641   0.117    8.899  -10.000      -95.9510    -1442.8516
 2  22  15.037  44047.352  41.396  -0.061   12.222  -10.000      -95.8850    -1441.8594
 3  22  15.037  44047.352  41.396   0.004   10.605  -10.000      -95.8850    -1441.8594
 4  22  15.037  44047.352  41.396   0.038    9.749  -10.000      -95.8850    -1441.8594
 5  22  15.037  44047.352  41.396   0.091    8.974  -10.000      -95.8850    -1441.8594
 2  22  15.037  44048.348  65.242  -0.118   12.291  -10.000      -95.8188    -1440.8633
 3  22  15.037  44048.348  65.242  -0.073   10.634  -10.000      -95.8188    -1440.8633
 4  22  15.037  44048.348  65.242  -0.029    9.780  -10.000      -95.8188    -1440.8633
 5  22  15.037  44048.348  65.242   0.031    9.004  -10.000      -95.8188    -1440.8633
 2  22  15.037  44049.348  89.182  -0.097   12.332  -10.000      -95.7523    -1439.8633
 3  22  15.037  44049.348  89.182  -0.028   10.718  -10.000      -95.7523    -1439.8633
 4  22  15.037  44049.348  89.182   0.000    9.856  -10.000      -95.7523    -1439.8633
 5  22  15.037  44049.348  89.182   0.052    9.078  -10.000      -95.7523    -1439.8633
 2  22  15.037  44079.293  86.083  -0.070   12.363  -10.000      -93.7609    -1409.9180
 3  22  15.037  44079.293  86.083  -0.032   10.713  -10.000      -93.7609    -1409.9180
 4  22  15.037  44079.293  86.083   0.005    9.858  -10.000      -93.7609    -1409.9180
 5  22  15.037  44079.293  86.083   0.053    9.075  -10.000      -93.7609    -1409.9180
 2  22  15.037  44082.281 157.624  -0.067   11.764  -10.000      -93.5622    -1406.9297
 3  22  15.037  44082.281 157.624  -0.045   10.378  -10.000      -93.5622    -1406.9297
 4  22  15.037  44082.281 157.624  -0.048    9.599  -10.000      -93.5622    -1406.9297
 5  22  15.037  44082.281 157.624  -0.035    8.888  -10.000      -93.5622    -1406.9297
 2  22  15.037  44083.266 181.189   0.012   11.562  -10.000      -93.4967    -1405.9453
 3  22  15.037  44083.266 181.189   0.016   10.247  -10.000      -93.4967    -1405.9453
 4  22  15.037  44083.266 181.189  -0.015    9.477  -10.000      -93.4967    -1405.9453
 5  22  15.037  44083.266 181.189  -0.012    8.790  -10.000      -93.4967    -1405.9453
 2  22  15.037  44387.367 261.486  -0.037   11.181  -10.000      -73.2737    -1101.8438
 3  22  15.037  44387.367 261.486   0.019    9.929  -10.000      -73.2737    -1101.8438
 4  22  15.037  44387.367 261.486   0.043    9.219  -10.000      -73.2737    -1101.8438
 5  22  15.037  44387.367 261.486   0.071    8.562  -10.000      -73.2737    -1101.8438
 2  22  15.037  44391.398 357.995   0.012   11.972  -10.000      -73.0056    -1097.8125
 3  22  15.037  44391.398 357.995   0.038   10.401  -10.000      -73.0056    -1097.8125
 4  22  15.037  44391.398 357.995   0.069    9.577  -10.000      -73.0056    -1097.8125
 5  22  15.037  44391.398 357.995   0.109    8.821  -10.000      -73.0056    -1097.8125
 2  22  15.037  44646.602 347.645  -0.053   11.826  -10.000      -56.0343     -842.6094
 3  22  15.037  44646.602 347.645   0.004   10.310  -10.000      -56.0343     -842.6094
 4  22  15.037  44646.602 347.645   0.015    9.477  -10.000      -56.0343     -842.6094
 5  22  15.037  44646.602 347.645   0.047    8.722  -10.000      -56.0343     -842.6094
 1  22  15.037  44647.578  11.023   0.013   13.519  -10.000      -55.9694     -841.6328
 2  22  15.037  44647.578  11.023  -0.014   12.044  -10.000      -55.9694     -841.6328
 3  22  15.037  44647.578  11.023   0.023   10.454  -10.000      -55.9694     -841.6328
 4  22  15.037  44647.578  11.023   0.052    9.617  -10.000      -55.9694     -841.6328
 5  22  15.037  44647.578  11.023   0.097    8.855  -10.000      -55.9694     -841.6328
 2  22  15.037  44649.617  59.840  -0.035   12.353  -10.000      -55.8338     -839.5938
 3  22  15.037  44649.617  59.840   0.007   10.695  -10.000      -55.8338     -839.5938
 4  22  15.037  44649.617  59.840   0.051    9.842  -10.000      -55.8338     -839.5938
 5  22  15.037  44649.617  59.840   0.099    9.055  -10.000      -55.8338     -839.5938
 3  22  15.037  44653.598 155.134  -0.028   10.393  -10.000      -55.5691     -835.6133
 4  22  15.037  44653.598 155.134  -0.037    9.608  -10.000      -55.5691     -835.6133
 5  22  15.037  44653.598 155.134  -0.036    8.885  -10.000      -55.5691     -835.6133
 2  22  15.037  44655.578 202.547  -0.065   10.728  -10.000      -55.4374     -833.6328
 3  22  15.037  44655.578 202.547   0.018    9.712  -10.000      -55.4374     -833.6328
 4  22  15.037  44655.578 202.547   0.014    9.061  -10.000      -55.4374     -833.6328
 5  22  15.037  44655.578 202.547   0.032    8.474  -10.000      -55.4374     -833.6328
 2  22  15.037  44677.527   8.019  -0.009   12.027  -10.000      -53.9777     -811.6836
 3  22  15.037  44677.527   8.019   0.031   10.447  -10.000      -53.9777     -811.6836
 4  22  15.037  44677.527   8.019   0.065    9.617  -10.000      -53.9777     -811.6836
 5  22  15.037  44677.527   8.019   0.097    8.844  -10.000      -53.9777     -811.6836
 2  22  15.037  44680.566  80.774  -0.047   12.387  -10.000      -53.7756     -808.6445
 3  22  15.037  44680.566  80.774   0.014   10.753  -10.000      -53.7756     -808.6445
 4  22  15.037  44680.566  80.774   0.058    9.902  -10.000      -53.7756     -808.6445
 5  22  15.037  44680.566  80.774   0.098    9.109  -10.000      -53.7756     -808.6445
 2  22  15.037  44704.535 294.594   0.011   11.485  -10.000      -52.1817     -784.6758
 3  22  15.037  44704.535 294.594   0.042   10.091  -10.000      -52.1817     -784.6758
 4  22  15.037  44704.535 294.594   0.044    9.310  -10.000      -52.1817     -784.6758
 5  22  15.037  44704.535 294.594   0.050    8.585  -10.000      -52.1817     -784.6758
 2  22  15.037  44713.496 149.123  -0.037   11.805  -10.000      -51.5858     -775.7148
 3  22  15.037  44713.496 149.123  -0.014   10.411  -10.000      -51.5858     -775.7148
 4  22  15.037  44713.496 149.123  -0.017    9.628  -10.000      -51.5858     -775.7148
 5  22  15.037  44713.496 149.123  -0.018    8.900  -10.000      -51.5858     -775.7148
 2  22  15.037  44794.340 284.549  -0.011   11.393  -10.000      -46.2096     -694.8711
 3  22  15.037  44794.340 284.549   0.034   10.044  -10.000      -46.2096     -694.8711
 4  22  15.037  44794.340 284.549   0.041    9.282  -10.000      -46.2096     -694.8711
 5  22  15.037  44794.340 284.549   0.060    8.583  -10.000      -46.2096     -694.8711
 2  22  15.037  44795.336 308.396   0.001   11.584  -10.000      -46.1433     -693.8750
 3  22  15.037  44795.336 308.396   0.032   10.146  -10.000      -46.1433     -693.8750
 4  22  15.037  44795.336 308.396   0.053    9.366  -10.000      -46.1433     -693.8750
 5  22  15.037  44795.336 308.396   0.072    8.638  -10.000      -46.1433     -693.8750
 2  22  15.037  44799.309  43.503  -0.021   12.276  -10.000      -45.8792     -689.9023
 3  22  15.037  44799.309  43.503   0.030   10.642  -10.000      -45.8792     -689.9023
 4  22  15.037  44799.309  43.503   0.052    9.773  -10.000      -45.8792     -689.9023
 5  22  15.037  44799.309  43.503   0.107    8.999  -10.000      -45.8792     -689.9023
 2  22  15.037  44801.312  91.478  -0.025   12.400  -10.000      -45.7459     -687.8984
 3  22  15.037  44801.312  91.478   0.006   10.752  -10.000      -45.7459     -687.8984
 4  22  15.037  44801.312  91.478   0.014    9.871  -10.000      -45.7459     -687.8984
 5  22  15.037  44801.312  91.478   0.064    9.093  -10.000      -45.7459     -687.8984
 2  22  15.037  44803.281 138.609  -0.031   11.899  -10.000      -45.6150     -685.9297
 3  22  15.037  44803.281 138.609  -0.008   10.464  -10.000      -45.6150     -685.9297
 4  22  15.037  44803.281 138.609  -0.021    9.655  -10.000      -45.6150     -685.9297
 5  22  15.037  44803.281 138.609  -0.009    8.925  -10.000      -45.6150     -685.9297
 2  22  15.037  44806.273 210.244   0.060   10.799  -10.000      -45.4160     -682.9375
 3  22  15.037  44806.273 210.244   0.080    9.730  -10.000      -45.4160     -682.9375
 4  22  15.037  44806.273 210.244   0.083    9.090  -10.000      -45.4160     -682.9375
 5  22  15.037  44806.273 210.244   0.061    8.466  -10.000      -45.4160     -682.9375
 1  22  15.037  45071.512  80.138   0.054   14.025  -10.000      -27.7774     -417.6992
 2  22  15.037  45071.512  80.138  -0.104   12.329  -10.000      -27.7774     -417.6992
 3  22  15.037  45071.512  80.138  -0.025   10.713  -10.000      -27.7774     -417.6992
 2  22  15.037  45102.457 100.979  -0.069   12.318  -10.000      -25.7195     -386.7539
 3  22  15.037  45102.457 100.979  -0.022   10.709  -10.000      -25.7195     -386.7539
 4  22  15.037  45102.457 100.979   0.017    9.869  -10.000      -25.7195     -386.7539
 5  22  15.037  45102.457 100.979   0.060    9.093  -10.000      -25.7195     -386.7539
 2  22  15.037  45154.309 262.324  -0.039   11.186  -10.000      -22.2713     -334.9023
 3  22  15.037  45154.309 262.324   0.020    9.934  -10.000      -22.2713     -334.9023
 4  22  15.037  45154.309 262.324   0.039    9.218  -10.000      -22.2713     -334.9023
 5  22  15.037  45154.309 262.324   0.057    8.549  -10.000      -22.2713     -334.9023
 2  22  15.037  45155.223 284.207  -0.012   11.389  -10.000      -22.2105     -333.9883
 3  22  15.037  45155.223 284.207   0.047   10.056  -10.000      -22.2105     -333.9883
 4  22  15.037  45155.223 284.207   0.052    9.292  -10.000      -22.2105     -333.9883
 5  22  15.037  45155.223 284.207   0.076    8.598  -10.000      -22.2105     -333.9883
 2  22  15.037  45156.254 308.895   0.013   11.600  -10.000      -22.1420     -332.9570
 3  22  15.037  45156.254 308.895   0.062   10.178  -10.000      -22.1420     -332.9570
 4  22  15.037  45156.254 308.895   0.064    9.379  -10.000      -22.1420     -332.9570
 5  22  15.037  45156.254 308.895   0.102    8.670  -10.000      -22.1420     -332.9570
 1  22  15.037  45157.316 334.332   0.101   13.223  -10.000      -22.0713     -331.8945
 2  22  15.037  45157.316 334.332   0.009   11.793  -10.000      -22.0713     -331.8945
 3  22  15.037  45157.316 334.332   0.046   10.289  -10.000      -22.0713     -331.8945
 4  22  15.037  45157.316 334.332   0.058    9.469  -10.000      -22.0713     -331.8945
 5  22  15.037  45157.316 334.332   0.098    8.734  -10.000      -22.0713     -331.8945
 1  22  15.037  45159.312  22.119   0.095   13.719  -10.000      -21.9386     -329.8984
 2  22  15.037  45159.312  22.119  -0.003   12.142  -10.000      -21.9386     -329.8984
 3  22  15.037  45159.312  22.119   0.039   10.533  -10.000      -21.9386     -329.8984
 4  22  15.037  45159.312  22.119   0.064    9.681  -10.000      -21.9386     -329.8984
 5  22  15.037  45159.312  22.119   0.127    8.928  -10.000      -21.9386     -329.8984
 1  22  15.037  45161.293  69.532   0.007   13.974  -10.000      -21.8069     -327.9180
 2  22  15.037  45161.293  69.532  -0.055   12.364  -10.000      -21.8069     -327.9180
 3  22  15.037  45161.293  69.532   0.003   10.720  -10.000      -21.8069     -327.9180
 4  22  15.037  45161.293  69.532   0.038    9.857  -10.000      -21.8069     -327.9180
 5  22  15.037  45161.293  69.532   0.084    9.067  -10.000      -21.8069     -327.9180
 1  22  15.037  45162.285  93.286  -0.024   13.910  -10.000      -21.7409     -326.9258
 2  22  15.037  45162.285  93.286  -0.091   12.330  -10.000      -21.7409     -326.9258
 3  22  15.037  45162.285  93.286  -0.035   10.710  -10.000      -21.7409     -326.9258
 4  22  15.037  45162.285  93.286   0.003    9.860  -10.000      -21.7409     -326.9258
 5  22  15.037  45162.285  93.286   0.059    9.090  -10.000      -21.7409     -326.9258
 1  22  15.037  45177.297  92.671   0.021   13.959  -10.000      -20.7426     -311.9141
 2  22  15.037  45177.297  92.671  -0.048   12.375  -10.000      -20.7426     -311.9141
 3  22  15.037  45177.297  92.671  -0.007   10.738  -10.000      -20.7426     -311.9141
 4  22  15.037  45177.297  92.671   0.030    9.887  -10.000      -20.7426     -311.9141
 5  22  15.037  45177.297  92.671   0.071    9.101  -10.000      -20.7426     -311.9141
 0  22  15.037  43971.590  27.633  -1.240  -24.100  -10.000     -100.9232    -1517.6211
 0  22  15.037  43972.555  50.732  -2.154  -19.600  -10.000     -100.8591    -1516.6562
 0  22  15.037  43973.555  74.674  -2.184  -12.800  -10.000     -100.7926    -1515.6562
 0  22  15.037  43977.559 170.527   2.785  -23.200  -10.000     -100.5263    -1511.6523
 0  22  15.037  43978.559 194.469   3.924  -29.500  -10.000     -100.4598    -1510.6523
 0  22  15.037  43979.535 217.848  -2.861  -49.900  -10.000     -100.3949    -1509.6758
 0  22  15.037  43980.555 242.257   0.416  -55.100  -10.000     -100.3271    -1508.6562
 0  22  15.037  44301.539   6.732  -1.835  -31.300  -10.000      -78.9813    -1187.6719
 0  22  15.037  44331.570   5.688  -0.072  -29.500  -10.000      -76.9842    -1157.6406
 0  22  15.037  44336.598 126.046  -3.022   -7.700  -10.000      -76.6499    -1152.6133
 0  22  15.037  44363.430  48.414   0.931  -16.900  -10.000      -74.8655    -1125.7812
 0  22  15.037  44364.430  72.353  -0.967  -14.100  -10.000      -74.7990    -1124.7812
 0  22  15.037  44444.316 184.870   0.013  -31.900  -10.000      -69.4865    -1044.8945
 0  22  15.037  44445.324 208.996   1.318  -45.400  -10.000      -69.4195    -1043.8867
 0  22  15.037  44446.305 232.468   1.173  -55.400  -10.000      -69.3543    -1042.9062
 0  22  15.037  44447.297 256.223  -1.199  -57.100  -10.000      -69.2883    -1041.9141
 0  22  15.037  44448.320 280.723  -0.464  -52.000  -10.000      -69.2202    -1040.8906
 0  22  15.037  44691.547 343.651  -0.724  -33.800  -10.000      -53.0454     -797.6641
 0  22  15.037  44692.598   8.807  -0.263  -29.800  -10.000      -52.9755     -796.6133
 0  22  15.037  44693.586  32.466  -0.960  -20.900  -10.000      -52.9098     -795.6250
 0  22  15.037  44694.570  56.033  -0.491  -15.600  -10.000      -52.8444     -794.6406
 0  22  15.037  44704.586 295.810  -1.180  -47.000  -10.000      -52.1783     -784.6250
 0  22  15.037  44707.566   7.163  -2.415  -31.900  -10.000      -51.9801     -781.6445
 0  22  15.037  44714.578 175.026  -1.371  -29.800  -10.000      -51.5138     -774.6328
 0  22  15.037  44715.598 199.435  -0.498  -36.200  -10.000      -51.4460     -773.6133
 0  22  15.037  44772.449 120.480  -1.337   -3.700  -10.000      -47.6653     -716.7617
 0  22  15.037  44774.453 168.455  -2.580  -27.900  -10.000      -47.5321     -714.7578
 0  22  15.037  44775.398 191.085  -4.320  -37.200  -10.000      -47.4692     -713.8125
 0  22  15.037  44778.406 263.094   1.354  -53.700  -10.000      -47.2692     -710.8047
 0  22  15.037  45090.516 175.099  -3.530  -32.000  -10.000      -26.5136     -398.6953
 0  22  15.037  45091.492 198.478  -2.182  -37.200  -10.000      -26.4487     -397.7188
 0  22  15.037  45093.484 246.171   0.490  -56.500  -10.000      -26.3162     -395.7266
23   4  15.037  40677.535   6.844   0.043    3.697  -10.000     -319.9810    -4811.6758
24   4  15.037  40677.535   6.844  -0.012    5.395  -10.000     -319.9810    -4811.6758
25   4  15.037  40677.535   6.844   0.045    7.335  -10.000     -319.9810    -4811.6758
27   4  15.037  40677.535   6.844   0.124    7.025  -10.000     -319.9810    -4811.6758
23   4  15.037  40680.559  79.222   0.033    4.017  -10.000     -319.7799    -4808.6523
24   4  15.037  40680.559  79.222   0.016    5.850  -10.000     -319.7799    -4808.6523
25   4  15.037  40680.559  79.222   0.163    7.927  -10.000     -319.7799    -4808.6523
27   4  15.037  40680.559  79.222   0.048    7.465  -10.000     -319.7799    -4808.6523
23   4  15.037  40682.574 127.474   0.036    3.842  -10.000     -319.6459    -4806.6367
24   4  15.037  40682.574 127.474   0.020    5.462  -10.000     -319.6459    -4806.6367
25   4  15.037  40682.574 127.474  -0.040    7.227  -10.000     -319.6459    -4806.6367
27   4  15.037  40682.574 127.474   0.084    6.912  -10.000     -319.6459    -4806.6367
23   4  15.037  40734.414 288.545   0.017    3.277  -10.000     -316.1985    -4754.7969
24   4  15.037  40734.414 288.545  -0.033    4.722  -10.000     -316.1985    -4754.7969
25   4  15.037  40734.414 288.545  -0.067    6.443  -10.000     -316.1985    -4754.7969
27   4  15.037  40734.414 288.545   0.062    6.073  -10.000     -316.1985    -4754.7969
23   4  15.037  40735.387 311.825   0.023    3.392  -10.000     -316.1338    -4753.8242
24   4  15.037  40735.387 311.825  -0.009    4.945  -10.000     -316.1338    -4753.8242
25   4  15.037  40735.387 311.825   0.076    6.827  -10.000     -316.1338    -4753.8242
27   4  15.037  40735.387 311.825   0.189    6.480  -10.000     -316.1338    -4753.8242
23   4  15.037  40736.387 335.764   0.024    3.515  -10.000     -316.0673    -4752.8242
24   4  15.037  40736.387 335.764  -0.008    5.148  -10.000     -316.0673    -4752.8242
25   4  15.037  40736.387 335.764  -0.011    6.983  -10.000     -316.0673    -4752.8242
27   4  15.037  40736.387 335.764   0.073    6.640  -10.000     -316.0673    -4752.8242
23   4  15.037  40737.359 359.055   0.003    3.615  -10.000     -316.0026    -4751.8516
24   4  15.037  40737.359 359.055  -0.049    5.295  -10.000     -316.0026    -4751.8516
25   4  15.037  40737.359 359.055   0.127    7.343  -10.000     -316.0026    -4751.8516
27   4  15.037  40737.359 359.055   0.040    6.858  -10.000     -316.0026    -4751.8516
23   4  15.037  40740.406  71.993   0.002    3.972  -10.000     -315.8000    -4748.8047
24   4  15.037  40740.406  71.993  -0.036    5.790  -10.000     -315.8000    -4748.8047
25   4  15.037  40740.406  71.993   0.092    7.852  -10.000     -315.8000    -4748.8047
27   4  15.037  40740.406  71.993   0.077    7.492  -10.000     -315.8000    -4748.8047
23   4  15.037  40741.391  95.559   0.005    3.995  -10.000     -315.7346    -4747.8203
24   4  15.037  40741.391  95.559  -0.031    5.778  -10.000     -315.7346    -4747.8203
25   4  15.037  40741.391  95.559   0.136    7.860  -10.000     -315.7346    -4747.8203
27   4  15.037  40741.391  95.559   0.062    7.425  -10.000     -315.7346    -4747.8203
23   4  15.037  40746.383 215.079   0.046    2.925  -10.000     -315.4026    -4742.8281
24   4  15.037  40746.383 215.079   0.020    4.020  -10.000     -315.4026    -4742.8281
25   4  15.037  40746.383 215.079   0.035    5.602  -10.000     -315.4026    -4742.8281
27   4  15.037  40746.383 215.079   0.054    4.963  -10.000     -315.4026    -4742.8281
23   4  15.037  40761.363 213.717   0.063    2.938  -10.000     -314.4063    -4727.8477
24   4  15.037  40761.363 213.717   0.042    4.033  -10.000     -314.4063    -4727.8477
25   4  15.037  40761.363 213.717   0.028    5.582  -10.000     -314.4063    -4727.8477
27   4  15.037  40761.363 213.717   0.046    4.940  -10.000     -314.4063    -4727.8477
23   4  15.037  40762.324 236.722   0.011    3.007  -10.000     -314.3424    -4726.8867
24   4  15.037  40762.324 236.722  -0.072    4.157  -10.000     -314.3424    -4726.8867
25   4  15.037  40762.324 236.722  -0.135    5.717  -10.000     -314.3424    -4726.8867
27   4  15.037  40762.324 236.722  -0.046    5.195  -10.000     -314.3424    -4726.8867
23   4  15.037  40767.312 356.144   0.039    3.635  -10.000     -314.0107    -4721.8984
24   4  15.037  40767.312 356.144  -0.006    5.312  -10.000     -314.0107    -4721.8984
25   4  15.037  40767.312 356.144   0.108    7.295  -10.000     -314.0107    -4721.8984
27   4  15.037  40767.312 356.144   0.128    6.912  -10.000     -314.0107    -4721.8984
23   4  15.037  40768.305  19.896   0.036    3.763  -10.000     -313.9447    -4720.9062
24   4  15.037  40768.305  19.896   0.003    5.517  -10.000     -313.9447    -4720.9062
25   4  15.037  40768.305  19.896   0.192    7.608  -10.000     -313.9447    -4720.9062
27   4  15.037  40768.305  19.896   0.139    7.180  -10.000     -313.9447    -4720.9062
23   4  15.037  40771.301  91.626  -0.006    3.988  -10.000     -313.7455    -4717.9102
24   4  15.037  40771.301  91.626  -0.042    5.780  -10.000     -313.7455    -4717.9102
25   4  15.037  40771.301  91.626   0.120    7.863  -10.000     -313.7455    -4717.9102
27   4  15.037  40771.301  91.626  -0.049    7.338  -10.000     -313.7455    -4717.9102
23   4  15.037  40772.301 115.565   0.028    3.930  -10.000     -313.6790    -4716.9102
24   4  15.037  40772.301 115.565  -0.016    5.605  -10.000     -313.6790    -4716.9102
25   4  15.037  40772.301 115.565   0.172    7.660  -10.000     -313.6790    -4716.9102
27   4  15.037  40772.301 115.565   0.093    7.178  -10.000     -313.6790    -4716.9102
23   4  15.037  40773.285 139.131   0.007    3.713  -10.000     -313.6135    -4715.9258
24   4  15.037  40773.285 139.131  -0.017    5.243  -10.000     -313.6135    -4715.9258
25   4  15.037  40773.285 139.131  -0.095    6.948  -10.000     -313.6135    -4715.9258
27   4  15.037  40773.285 139.131   0.062    6.630  -10.000     -313.6135    -4715.9258
23   4  15.037  40774.320 163.916  -0.042    3.620  -10.000     -313.5447    -4714.8906
24   4  15.037  40774.320 163.916  -0.064    5.092  -10.000     -313.5447    -4714.8906
25   4  15.037  40774.320 163.916  -0.131    6.780  -10.000     -313.5447    -4714.8906
27   4  15.037  40774.320 163.916  -0.050    6.362  -10.000     -313.5447    -4714.8906
23   4  15.037  40777.320 235.734   0.004    2.995  -10.000     -313.3452    -4711.8906
24   4  15.037  40777.320 235.734  -0.078    4.140  -10.000     -313.3452    -4711.8906
25   4  15.037  40777.320 235.734  -0.138    5.700  -10.000     -313.3452    -4711.8906
27   4  15.037  40777.320 235.734  -0.070    5.155  -10.000     -313.3452    -4711.8906
23   4  15.037  40781.242 329.623   0.018    3.477  -10.000     -313.0844    -4707.9688
24   4  15.037  40781.242 329.623  -0.031    5.075  -10.000     -313.0844    -4707.9688
25   4  15.037  40781.242 329.623  -0.157    6.778  -10.000     -313.0844    -4707.9688
27   4  15.037  40781.242 329.623   0.257    6.757  -10.000     -313.0844    -4707.9688
23   4  15.037  40792.281 233.899  -0.021    2.960  -10.000     -312.3503    -4696.9297
24   4  15.037  40792.281 233.899  -0.095    4.102  -10.000     -312.3503    -4696.9297
25   4  15.037  40792.281 233.899  -0.085    5.727  -10.000     -312.3503    -4696.9297
27   4  15.037  40792.281 233.899  -0.057    5.137  -10.000     -312.3503    -4696.9297
23   4  15.037  40793.289 258.036  -0.017    3.108  -10.000     -312.2832    -4695.9219
24   4  15.037  40793.289 258.036  -0.108    4.372  -10.000     -312.2832    -4695.9219
25   4  15.037  40793.289 258.036  -0.150    6.015  -10.000     -312.2832    -4695.9219
27   4  15.037  40793.289 258.036  -0.065    5.543  -10.000     -312.2832    -4695.9219
23   4  15.037  40795.246 304.882   0.049    3.383  -10.000     -312.1531    -4693.9648
24   4  15.037  40795.246 304.882   0.000    4.890  -10.000     -312.1531    -4693.9648
25   4  15.037  40795.246 304.882   0.012    6.688  -10.000     -312.1531    -4693.9648
27   4  15.037  40795.246 304.882   0.190    6.392  -10.000     -312.1531    -4693.9648
23   4  15.037  40796.258 329.106   0.003    3.460  -10.000     -312.0858    -4692.9531
24   4  15.037  40796.258 329.106  -0.041    5.060  -10.000     -312.0858    -4692.9531
25   4  15.037  40796.258 329.106   0.028    6.957  -10.000     -312.0858    -4692.9531
27   4  15.037  40796.258 329.106   0.073    6.567  -10.000     -312.0858    -4692.9531
23   4  15.037  40799.242  40.551  -0.019    3.825  -10.000     -311.8874    -4689.9688
24   4  15.037  40799.242  40.551  -0.061    5.612  -10.000     -311.8874    -4689.9688
25   4  15.037  40799.242  40.551   0.159    7.755  -10.000     -311.8874    -4689.9688
27   4  15.037  40799.242  40.551   0.150    7.390  -10.000     -311.8874    -4689.9688
23   4  15.037  40800.238  64.402  -0.011    3.943  -10.000     -311.8211    -4688.9727
24   4  15.037  40800.238  64.402  -0.052    5.758  -10.000     -311.8211    -4688.9727
25   4  15.037  40800.238  64.402   0.038    7.783  -10.000     -311.8211    -4688.9727
27   4  15.037  40800.238  64.402  -0.032    7.368  -10.000     -311.8211    -4688.9727
23   4  15.037  40818.230 135.132   0.022    3.760  -10.000     -310.6246    -4670.9805
24   4  15.037  40818.230 135.132  -0.028    5.290  -10.000     -310.6246    -4670.9805
25   4  15.037  40818.230 135.132  -0.012    7.102  -10.000     -310.6246    -4670.9805
27   4  15.037  40818.230 135.132  -0.020    6.632  -10.000     -310.6246    -4670.9805
23   4  15.037  40819.223 158.884  -0.042    3.618  -10.000     -310.5587    -4669.9883
24   4  15.037  40819.223 158.884  -0.073    5.082  -10.000     -310.5587    -4669.9883
25   4  15.037  40819.223 158.884  -0.178    6.733  -10.000     -310.5587    -4669.9883
27   4  15.037  40819.223 158.884  -0.120    6.293  -10.000     -310.5587    -4669.9883
23   4  15.037  40821.227 206.862   0.014    2.892  -10.000     -310.4254    -4667.9844
24   4  15.037  40821.227 206.862  -0.031    3.952  -10.000     -310.4254    -4667.9844
25   4  15.037  40821.227 206.862  -0.055    5.488  -10.000     -310.4254    -4667.9844
27   4  15.037  40821.227 206.862  -0.007    4.870  -10.000     -310.4254    -4667.9844
23   4  15.037  40822.219 230.614  -0.029    2.935  -10.000     -310.3594    -4666.9922
24   4  15.037  40822.219 230.614  -0.103    4.060  -10.000     -310.3594    -4666.9922
25   4  15.037  40822.219 230.614  -0.086    5.682  -10.000     -310.3594    -4666.9922
27   4  15.037  40822.219 230.614  -0.076    5.068  -10.000     -310.3594    -4666.9922
23   4  15.037  40823.211 254.366  -0.032    3.072  -10.000     -310.2934    -4666.0000
24   4  15.037  40823.211 254.366  -0.115    4.327  -10.000     -310.2934    -4666.0000
25   4  15.037  40823.211 254.366  -0.172    5.945  -10.000     -310.2934    -4666.0000
27   4  15.037  40823.211 254.366  -0.088    5.462  -10.000     -310.2934    -4666.0000
23   4  15.037  41057.512 103.612   0.030    3.997  -10.000     -294.7122    -4431.6992
24   4  15.037  41057.512 103.612  -0.011    5.745  -10.000     -294.7122    -4431.6992
25   4  15.037  41057.512 103.612  -0.002    7.655  -10.000     -294.7122    -4431.6992
27   4  15.037  41057.512 103.612   0.119    7.403  -10.000     -294.7122    -4431.6992
23   4  15.037  41058.520 127.738   0.019    3.823  -10.000     -294.6452    -4430.6914
24   4  15.037  41058.520 127.738  -0.011    5.428  -10.000     -294.6452    -4430.6914
25   4  15.037  41058.520 127.738   0.061    7.323  -10.000     -294.6452    -4430.6914
27   4  15.037  41058.520 127.738   0.025    6.848  -10.000     -294.6452    -4430.6914
23   4  15.037  41066.484 318.417   0.005    3.408  -10.000     -294.1155    -4422.7266
24   4  15.037  41066.484 318.417  -0.058    4.952  -10.000     -294.1155    -4422.7266
25   4  15.037  41066.484 318.417  -0.008    6.812  -10.000     -294.1155    -4422.7266
27   4  15.037  41066.484 318.417   0.186    6.555  -10.000     -294.1155    -4422.7266
23   4  15.037  41077.359 218.771   0.060    2.957  -10.000     -293.3923    -4411.8516
24   4  15.037  41077.359 218.771   0.010    4.045  -10.000     -293.3923    -4411.8516
25   4  15.037  41077.359 218.771   0.020    5.630  -10.000     -293.3923    -4411.8516
27   4  15.037  41077.359 218.771   0.049    5.007  -10.000     -293.3923    -4411.8516
23   4  15.037  41119.191 140.240  -0.010    3.688  -10.000     -290.6104    -4370.0195
24   4  15.037  41119.191 140.240  -0.060    5.185  -10.000     -290.6104    -4370.0195
25   4  15.037  41119.191 140.240  -0.194    6.830  -10.000     -290.6104    -4370.0195
27   4  15.037  41119.191 140.240  -0.167    6.380  -10.000     -290.6104    -4370.0195
23   4  15.037  41120.188 164.092  -0.022    3.640  -10.000     -290.5442    -4369.0234
24   4  15.037  41120.188 164.092  -0.067    5.090  -10.000     -290.5442    -4369.0234
25   4  15.037  41120.188 164.092  -0.186    6.725  -10.000     -290.5442    -4369.0234
27   4  15.037  41120.188 164.092  -0.137    6.275  -10.000     -290.5442    -4369.0234
23   4  15.037  41121.184 187.932   0.091    3.358  -10.000     -290.4780    -4368.0273
24   4  15.037  41121.184 187.932   0.088    4.645  -10.000     -290.4780    -4368.0273
25   4  15.037  41121.184 187.932   0.129    6.338  -10.000     -290.4780    -4368.0273
27   4  15.037  41121.184 187.932   0.151    5.773  -10.000     -290.4780    -4368.0273
23   4  15.037  41152.191 210.278   0.045    2.915  -10.000     -288.4159    -4337.0195
24   4  15.037  41152.191 210.278  -0.014    3.963  -10.000     -288.4159    -4337.0195
25   4  15.037  41152.191 210.278  -0.099    5.438  -10.000     -288.4159    -4337.0195
27   4  15.037  41152.191 210.278   0.038    4.910  -10.000     -288.4159    -4337.0195
23   4  15.037  41164.270 139.427   0.029    3.733  -10.000     -287.6127    -4324.9414
24   4  15.037  41164.270 139.427  -0.033    5.222  -10.000     -287.6127    -4324.9414
25   4  15.037  41164.270 139.427  -0.085    6.952  -10.000     -287.6127    -4324.9414
27   4  15.037  41164.270 139.427  -0.013    6.550  -10.000     -287.6127    -4324.9414
23   4  15.037  41165.242 162.719  -0.027    3.635  -10.000     -287.5480    -4323.9688
24   4  15.037  41165.242 162.719  -0.050    5.108  -10.000     -287.5480    -4323.9688
25   4  15.037  41165.242 162.719  -0.125    6.787  -10.000     -287.5480    -4323.9688
27   4  15.037  41165.242 162.719  -0.091    6.323  -10.000     -287.5480    -4323.9688
 3 150  15.037  50542.637  20.731   0.004   10.490  -10.000      336.0576     5053.4258
 5 150  15.037  50542.637  20.731   0.069    8.864  -10.000      336.0576     5053.4258
 3 150  15.037  50568.492 279.723   0.023   10.013  -10.000      337.7770     5079.2812
 5 150  15.037  50568.492 279.723   0.043    8.559  -10.000      337.7770     5079.2812
 3 150  15.037  50570.414 325.734   0.009   10.208  -10.000      337.9048     5081.2031
 5 150  15.037  50570.414 325.734   0.064    8.675  -10.000      337.9048     5081.2031
 3 150  15.037  50572.504  15.765   0.011   10.468  -10.000      338.0438     5083.2930
 5 150  15.037  50572.504  15.765   0.077    8.852  -10.000      338.0438     5083.2930
 3 150  15.037  50573.367  36.431   0.015   10.587  -10.000      338.1012     5084.1562
 5 150  15.037  50573.367  36.431   0.063    8.923  -10.000      338.1012     5084.1562
 3 150  15.037  50573.449  38.397  -0.009   10.575  -10.000      338.1067     5084.2383
 5 150  15.037  50573.449  38.397   0.073    8.942  -10.000      338.1067     5084.2383
 3 150  15.037  50573.551  40.825  -0.014   10.583  -10.000      338.1134     5084.3398
 5 150  15.037  50573.551  40.825   0.072    8.952  -10.000      338.1134     5084.3398
 3 150  15.037  50574.484  63.182  -0.001   10.700  -10.000      338.1755     5085.2734
 5 150  15.037  50574.484  63.182   0.079    9.046  -10.000      338.1755     5085.2734
 3 150  15.037  50575.344  83.749  -0.001   10.742  -10.000      338.2326     5086.1328
 5 150  15.037  50575.344  83.749   0.073    9.091  -10.000      338.2326     5086.1328
 3 150  15.037  50575.445  86.188  -0.013   10.732  -10.000      338.2394     5086.2344
 5 150  15.037  50575.445  86.188   0.093    9.115  -10.000      338.2394     5086.2344
 3 150  15.037  50575.539  88.429  -0.021   10.725  -10.000      338.2456     5086.3281
 5 150  15.037  50575.539  88.429   0.054    9.079  -10.000      338.2456     5086.3281
 3 150  15.037  50576.355 107.974  -0.013   10.689  -10.000      338.2999     5087.1445
 5 150  15.037  50576.355 107.974   0.034    9.060  -10.000      338.2999     5087.1445
 3 150  15.037  50576.438 109.940  -0.007   10.685  -10.000      338.3054     5087.2266
 5 150  15.037  50576.438 109.940   0.043    9.067  -10.000      338.3054     5087.2266
 3 150  15.037  50576.500 111.434  -0.005   10.678  -10.000      338.3095     5087.2891
 5 150  15.037  50576.500 111.434   0.021    9.042  -10.000      338.3095     5087.2891
 3 150  15.037  50577.508 135.560  -0.003   10.493  -10.000      338.3766     5088.2969
 5 150  15.037  50577.508 135.560  -0.009    8.935  -10.000      338.3766     5088.2969
 3 150  15.037  50578.383 156.511  -0.016   10.406  -10.000      338.4348     5089.1719
 5 150  15.037  50578.383 156.511  -0.036    8.886  -10.000      338.4348     5089.1719
 3 150  15.037  50578.457 158.280  -0.035   10.389  -10.000      338.4397     5089.2461
 5 150  15.037  50578.457 158.280  -0.035    8.889  -10.000      338.4397     5089.2461
 3 150  15.037  50578.551 160.532  -0.023   10.402  -10.000      338.4459     5089.3398
 5 150  15.037  50578.551 160.532  -0.023    8.903  -10.000      338.4459     5089.3398
 3 150  15.037  50580.426 205.422   0.039    9.706  -10.000      338.5706     5091.2148
 5 150  15.037  50580.426 205.422   0.024    8.446  -10.000      338.5706     5091.2148
 3 150  15.037  50580.508 207.378   0.053    9.709  -10.000      338.5760     5091.2969
 5 150  15.037  50580.508 207.378   0.033    8.446  -10.000      338.5760     5091.2969
 3 150  15.037  50582.449 253.861   0.004    9.877  -10.000      338.7052     5093.2383
 5 150  15.037  50582.449 253.861   0.027    8.507  -10.000      338.7052     5093.2383
 3 150  15.037  50582.484 254.696   0.003    9.881  -10.000      338.7075     5093.2734
 5 150  15.037  50582.484 254.696   0.030    8.511  -10.000      338.7075     5093.2734
 3 150  15.037  50583.449 277.800   0.052   10.033  -10.000      338.7717     5094.2383
 5 150  15.037  50583.449 277.800   0.055    8.567  -10.000      338.7717     5094.2383
 3 150  15.037  50584.410 300.806   0.036   10.112  -10.000      338.8356     5095.1992
 5 150  15.037  50584.410 300.806   0.072    8.620  -10.000      338.8356     5095.1992
 3 150  15.037  50584.484 302.585   0.042   10.127  -10.000      338.8405     5095.2734
 5 150  15.037  50584.484 302.585   0.069    8.621  -10.000      338.8405     5095.2734
 3 150  15.037  50891.473  91.989  -0.022   10.723  -10.000      359.2555     5402.2617
 4 150  15.037  50891.473  91.989   0.029    9.886  -10.000      359.2555     5402.2617
 3 150  15.037  50891.566  94.230  -0.021   10.723  -10.000      359.2617     5402.3555
 4 150  15.037  50891.566  94.230   0.007    9.865  -10.000      359.2617     5402.3555
 3 150  15.037  50892.469 115.829  -0.016   10.640  -10.000      359.3217     5403.2578
 4 150  15.037  50892.469 115.829  -0.016    9.790  -10.000      359.3217     5403.2578
 3 150  15.037  50892.586 118.641  -0.020   10.617  -10.000      359.3296     5403.3750
 4 150  15.037  50892.586 118.641  -0.003    9.790  -10.000      359.3296     5403.3750
 3 150  15.037  50893.379 137.626  -0.013   10.467  -10.000      359.3823     5404.1680
 4 150  15.037  50893.379 137.626  -0.014    9.668  -10.000      359.3823     5404.1680
 3 150  15.037  50893.484 140.153  -0.014   10.448  -10.000      359.3893     5404.2734
 4 150  15.037  50893.484 140.153  -0.022    9.647  -10.000      359.3893     5404.2734
 3 150  15.037  50896.504 212.432   0.042    9.693  -10.000      359.5901     5407.2930
 4 150  15.037  50896.504 212.432   0.053    9.059  -10.000      359.5901     5407.2930
 3 150  15.037  50897.414 234.229   0.017    9.775  -10.000      359.6506     5408.2031
 4 150  15.037  50897.414 234.229   0.025    9.102  -10.000      359.6506     5408.2031
 3 150  15.037  50901.543 333.073   0.016   10.252  -10.000      359.9252     5412.3320
 4 150  15.037  50901.543 333.073   0.039    9.446  -10.000      359.9252     5412.3320
 3 150  15.037  50902.426 354.210   0.009   10.351  -10.000      359.9839     5413.2148
 4 150  15.037  50902.426 354.210   0.043    9.534  -10.000      359.9839     5413.2148
 3 150  15.037  50902.488 355.704   0.016   10.366  -10.000      359.9881     5413.2773
 4 150  15.037  50902.488 355.704   0.029    9.527  -10.000      359.9881     5413.2773
 3 150  15.037  50903.547  21.050   0.003   10.490  -10.000      360.0585     5414.3359
 4 150  15.037  50903.547  21.050   0.042    9.654  -10.000      360.0585     5414.3359
 3 150  15.037  50904.402  41.528   0.015   10.616  -10.000      360.1154     5415.1914
 4 150  15.037  50904.402  41.528   0.032    9.744  -10.000      360.1154     5415.1914
 3 150  15.037  50904.500  43.868   0.005   10.619  -10.000      360.1219     5415.2891
 4 150  15.037  50904.500  43.868   0.031    9.754  -10.000      360.1219     5415.2891
 3 150  15.037  50905.352  64.248  -0.001   10.703  -10.000      360.1785     5416.1406
 4 150  15.037  50905.352  64.248   0.050    9.856  -10.000      360.1785     5416.1406
 3 150  15.037  50906.531  92.494   0.009   10.754  -10.000      360.2569     5417.3203
 4 150  15.037  50906.531  92.494   0.028    9.885  -10.000      360.2569     5417.3203
 3 150  15.037  50907.348 112.039   0.045   10.725  -10.000      360.3112     5418.1367
 4 150  15.037  50907.348 112.039   0.038    9.859  -10.000      360.3112     5418.1367
 3 150  15.037  50907.426 113.906  -0.015   10.654  -10.000      360.3164     5418.2148
 4 150  15.037  50907.426 113.906   0.002    9.816  -10.000      360.3164     5418.2148
 3 150  15.037  50907.508 115.873   0.011   10.667  -10.000      360.3219     5418.2969
 4 150  15.037  50907.508 115.873   0.005    9.811  -10.000      360.3219     5418.2969
 3 150  15.037  50907.598 118.026  -0.006   10.635  -10.000      360.3279     5418.3867
 4 150  15.037  50907.598 118.026   0.002    9.798  -10.000      360.3279     5418.3867
 3 150  15.037  50908.367 136.450  -0.021   10.468  -10.000      360.3790     5419.1562
 4 150  15.037  50908.367 136.450  -0.021    9.667  -10.000      360.3790     5419.1562
 3 150  15.037  50908.426 137.845  -0.015   10.463  -10.000      360.3829     5419.2148
 4 150  15.037  50908.426 137.845  -0.035    9.645  -10.000      360.3829     5419.2148
 3 150  15.037  50908.512 139.911   0.002   10.465  -10.000      360.3886     5419.3008
 4 150  15.037  50908.512 139.911  -0.007    9.663  -10.000      360.3886     5419.3008
 3 150  15.037  50909.480 163.103  -0.041   10.386  -10.000      360.4531     5420.2695
 4 150  15.037  50909.480 163.103  -0.029    9.623  -10.000      360.4531     5420.2695
 3 150  15.037  50909.574 165.344  -0.037   10.388  -10.000      360.4593     5420.3633
 4 150  15.037  50909.574 165.344  -0.037    9.614  -10.000      360.4593     5420.3633
 3 150  15.037  50910.312 183.021   0.066   10.249  -10.000      360.5084     5421.1016
 4 150  15.037  50910.312 183.021   0.060    9.513  -10.000      360.5084     5421.1016
 3 150  15.037  50910.387 184.790   0.074   10.207  -10.000      360.5133     5421.1758
 4 150  15.037  50910.387 184.790   0.061    9.473  -10.000      360.5133     5421.1758
 3 150  15.037  50910.484 187.130   0.085   10.149  -10.000      360.5198     5421.2734
 4 150  15.037  50910.484 187.130   0.082    9.436  -10.000      360.5198     5421.2734
 3 150  15.037  50910.570 189.196   0.085   10.086  -10.000      360.5255     5421.3594
 4 150  15.037  50910.570 189.196   0.083    9.386  -10.000      360.5255     5421.3594
 3 150  15.037  50912.324 231.174   0.021    9.764  -10.000      360.6422     5423.1133
 4 150  15.037  50912.324 231.174   0.023    9.091  -10.000      360.6422     5423.1133
 3 150  15.037  50912.402 233.053  -0.004    9.748  -10.000      360.6474     5423.1914
 4 150  15.037  50912.402 233.053   0.028    9.102  -10.000      360.6474     5423.1914
 3 150  15.037  50912.484 235.009  -0.002    9.760  -10.000      360.6528     5423.2734
 4 150  15.037  50912.484 235.009   0.015    9.095  -10.000      360.6528     5423.2734
 3 150  15.037  50912.570 237.074   0.008    9.782  -10.000      360.6585     5423.3594
 4 150  15.037  50912.570 237.074   0.032    9.119  -10.000      360.6585     5423.3594
 3 150  15.037  50913.324 255.125  -0.001    9.879  -10.000      360.7087     5424.1133
 4 150  15.037  50913.324 255.125   0.026    9.183  -10.000      360.7087     5424.1133
 3 150  15.037  50913.395 256.805   0.014    9.902  -10.000      360.7133     5424.1836
 4 150  15.037  50913.395 256.805   0.038    9.201  -10.000      360.7133     5424.1836
 3 150  15.037  50913.469 258.585   0.020    9.917  -10.000      360.7183     5424.2578
 4 150  15.037  50913.469 258.585   0.051    9.219  -10.000      360.7183     5424.2578
 3 150  15.037  50914.320 278.965   0.026   10.012  -10.000      360.7749     5425.1094
 4 150  15.037  50914.320 278.965   0.049    9.274  -10.000      360.7749     5425.1094
 3 150  15.037  50914.387 280.558   0.036   10.030  -10.000      360.7793     5425.1758
 4 150  15.037  50914.387 280.558   0.047    9.277  -10.000      360.7793     5425.1758
 3 150  15.037  50914.469 282.524   0.052   10.054  -10.000      360.7848     5425.2578
 4 150  15.037  50914.469 282.524   0.078    9.314  -10.000      360.7848     5425.2578
 3 150  15.037  50914.547 284.392   0.045   10.055  -10.000      360.7900     5425.3359
 4 150  15.037  50914.547 284.392   0.069    9.309  -10.000      360.7900     5425.3359
 3 150  15.037  50915.406 304.969   0.019   10.115  -10.000      360.8471     5426.1953
 4 150  15.037  50915.406 304.969   0.025    9.325  -10.000      360.8471     5426.1953
 3 150  15.037  50915.492 307.024   0.014   10.121  -10.000      360.8528     5426.2812
 4 150  15.037  50915.492 307.024   0.047    9.355  -10.000      360.8528     5426.2812
 3 150  15.037  50916.316 326.755   0.048   10.252  -10.000      360.9077     5427.1055
 4 150  15.037  50916.316 326.755   0.087    9.468  -10.000      360.9077     5427.1055
 3 150  15.037  50916.387 328.436   0.012   10.225  -10.000      360.9123     5427.1758
 4 150  15.037  50916.387 328.436   0.048    9.436  -10.000      360.9123     5427.1758
 3 150  15.037  50916.469 330.403   0.036   10.259  -10.000      360.9178     5427.2578
 4 150  15.037  50916.469 330.403   0.050    9.446  -10.000      360.9178     5427.2578
 3 150  15.037  50916.543 332.183   0.036   10.268  -10.000      360.9227     5427.3320
 4 150  15.037  50916.543 332.183   0.054    9.457  -10.000      360.9227     5427.3320
 3 150  15.037  50917.336 351.167   0.067   10.392  -10.000      360.9755     5428.1250
 4 150  15.037  50917.336 351.167   0.068    9.545  -10.000      360.9755     5428.1250
 3 150  15.037  50917.402 352.749   0.028   10.361  -10.000      360.9799     5428.1914
 4 150  15.037  50917.402 352.749   0.060    9.544  -10.000      360.9799     5428.1914
18 163  15.037  47881.527  32.871  -0.018   10.655  -10.000      159.0913     2392.3164
18 163  15.037  47881.539  33.151  -0.048   10.627  -10.000      159.0921     2392.3281
18 163  15.037  47881.617  35.019  -0.042   10.643  -10.000      159.0973     2392.4062
18 163  15.037  47881.629  35.299   0.049   10.736  -10.000      159.0981     2392.4180
18 163  15.037  47881.703  37.079  -0.005   10.692  -10.000      159.1030     2392.4922
18 163  15.037  47881.719  37.452   0.017   10.716  -10.000      159.1040     2392.5078
18 163  15.037  47917.238 167.800  -0.103   10.445  -10.000      161.4661     2428.0273
18 163  15.037  47917.254 168.173  -0.071   10.475  -10.000      161.4671     2428.0430
18 163  15.037  47917.344 170.327  -0.129   10.406  -10.000      161.4731     2428.1328
18 163  15.037  47941.500  28.636  -0.016   10.635  -10.000      163.0795     2452.2891
18 163  15.037  47941.512  28.916   0.033   10.686  -10.000      163.0803     2452.3008
18 163  15.037  47967.371 288.001   0.067   10.219  -10.000      164.8000     2478.1602
18 163  15.037  47967.445 289.775   0.003   10.161  -10.000      164.8049     2478.2344
18 163  15.037  47967.461 290.149   0.018   10.177  -10.000      164.8060     2478.2500
18 163  15.037  47967.535 291.929   0.018   10.184  -10.000      164.8109     2478.3242
18 163  15.037  48012.320 284.095  -0.019   10.118  -10.000      167.7892     2523.1094
18 163  15.037  48012.336 284.474  -0.021   10.118  -10.000      167.7902     2523.1250
18 163  15.037  48012.586 290.457   0.036   10.197  -10.000      167.8068     2523.3750
18 163  15.037  48012.602 290.830   0.016   10.178  -10.000      167.8079     2523.3906
18 163  15.037  48012.957 299.339   0.032   10.229  -10.000      167.8315     2523.7461
18 163  15.037  48013.121 303.267   0.043   10.258  -10.000      167.8424     2523.9102
18 163  15.037  48013.137 303.646   0.018   10.234  -10.000      167.8435     2523.9258
18 163  15.037  48022.734 173.414  -0.029   10.476  -10.000      168.4817     2533.5234
18 163  15.037  48022.809 175.193  -0.083   10.398  -10.000      168.4866     2533.5977
18 163  15.037  48022.824 175.567  -0.049   10.427  -10.000      168.4877     2533.6133
18 163  15.037  48022.898 177.341  -0.020   10.425  -10.000      168.4926     2533.6875
18 163  15.037  48022.914 177.715  -0.058   10.380  -10.000      168.4937     2533.7031
18 163  15.037  48022.988 179.495  -0.120   10.281  -10.000      168.4986     2533.7773
18 163  15.037  48023.000 179.775  -0.080   10.315  -10.000      168.4994     2533.7891
18 163  15.037  48023.254 185.850  -0.030   10.205  -10.000      168.5163     2534.0430
18 163  15.037  48023.270 186.224  -0.016   10.207  -10.000      168.5173     2534.0586
18 163  15.037  48023.344 188.004  -0.003   10.168  -10.000      168.5222     2534.1328
18 163  15.037  48023.359 188.377  -0.002   10.157  -10.000      168.5233     2534.1484
18 163  15.037  48023.434 190.151   0.011   10.117  -10.000      168.5282     2534.2227
18 163  15.037  48023.445 190.437  -0.036   10.062  -10.000      168.5290     2534.2344
18 163  15.037  48023.609 194.365  -0.051    9.937  -10.000      168.5399     2534.3984
18 163  15.037  48023.625 194.738  -0.004    9.974  -10.000      168.5409     2534.4141
18 163  15.037  48023.699 196.512  -0.066    9.870  -10.000      168.5459     2534.4883
18 163  15.037  48023.711 196.793  -0.035    9.894  -10.000      168.5466     2534.5000
18 163  15.037  48023.789 198.666  -0.027    9.863  -10.000      168.5518     2534.5781
18 163  15.037  48073.184 301.185  -0.029   10.176  -10.000      171.8366     2583.9727
18 163  15.037  48073.199 301.558   0.000   10.207  -10.000      171.8377     2583.9883
18 163  15.037  48073.363 305.486   0.050   10.276  -10.000      171.8486     2584.1523
18 163  15.037  48073.375 305.766  -0.011   10.216  -10.000      171.8493     2584.1641
18 163  15.037  48073.449 307.546  -0.013   10.223  -10.000      171.8543     2584.2383
18 163  15.037  48073.465 307.919  -0.044   10.194  -10.000      171.8553     2584.2539
18 163  15.037  48098.332 183.246  -0.058   10.251  -10.000      173.5090     2609.1211
18 163  15.037  48098.348 183.620  -0.042   10.256  -10.000      173.5101     2609.1367
18 163  15.037  48098.422 185.400  -0.112   10.136  -10.000      173.5150     2609.2109
18 163  15.037  48098.434 185.680  -0.021   10.219  -10.000      173.5158     2609.2227
18 163  15.037  48126.676 141.806  -0.036   10.543  -10.000      175.3939     2637.4648
18 163  15.037  48126.691 142.180  -0.107   10.469  -10.000      175.3949     2637.4805
18 163  15.037  48126.766 143.959  -0.056   10.512  -10.000      175.3999     2637.5547
18 163  15.037  48126.777 144.240  -0.077   10.490  -10.000      175.4007     2637.5664
18 163  15.037  48162.117 270.286  -0.015   10.061  -10.000      177.7508     2672.9062
18 163  15.037  48162.133 270.659  -0.080    9.998  -10.000      177.7518     2672.9219
18 163  15.037  48162.207 272.439   0.012   10.098  -10.000      177.7568     2672.9961
18 163  15.037  48162.223 272.812   0.067   10.154  -10.000      177.7578     2673.0117
18 163  15.037  48162.297 274.587   0.036   10.131  -10.000      177.7627     2673.0859
18 163  15.037  48162.312 274.960   0.016   10.113  -10.000      177.7638     2673.1016
18 163  15.037  48175.629 233.762  -0.047    9.844  -10.000      178.6493     2686.4180
18 163  15.037  48175.641 234.042   0.018    9.910  -10.000      178.6501     2686.4297
18 163  15.037  48175.719 235.915   0.061    9.963  -10.000      178.6553     2686.5078
18 163  15.037  48217.742 161.966  -0.072   10.483  -10.000      181.4499     2728.5312
18 163  15.037  48217.820 163.839  -0.092   10.463  -10.000      181.4551     2728.6094
18 163  15.037  48217.832 164.119  -0.075   10.480  -10.000      181.4559     2728.6211
18 163  15.037  48218.008 168.327  -0.086   10.460  -10.000      181.4676     2728.7969
18 163  15.037  48218.086 170.195  -0.075   10.461  -10.000      181.4728     2728.8750
18 163  15.037  48218.098 170.480  -0.085   10.448  -10.000      181.4736     2728.8867
18 163  15.037  48218.172 172.255  -0.061   10.457  -10.000      181.4785     2728.9609
18 163  15.037  48218.188 172.628  -0.077   10.437  -10.000      181.4795     2728.9766
18 163  15.037  48223.863 308.507   0.006   10.247  -10.000      181.8570     2734.6523
18 163  15.037  48223.875 308.787   0.005   10.247  -10.000      181.8577     2734.6641
18 163  15.037  48223.953 310.660   0.069   10.321  -10.000      181.8629     2734.7422
18 163  15.037  48223.965 310.941   0.051   10.305  -10.000      181.8637     2734.7539
18 163  15.037  48224.234 317.395  -0.041   10.244  -10.000      181.8817     2735.0234
18 163  15.037  48224.305 319.076  -0.011   10.282  -10.000      181.8863     2735.0938
18 163  15.037  48263.480 176.957  -0.116   10.336  -10.000      184.4915     2774.2695
18 163  15.037  48263.492 177.237  -0.108   10.339  -10.000      184.4923     2774.2812
18 163  15.037  48263.570 179.110  -0.035   10.374  -10.000      184.4975     2774.3594
18 163  15.037  48263.582 179.390  -0.029   10.374  -10.000      184.4983     2774.3711
18 163  15.037  48312.176 262.738  -0.093    9.953  -10.000      187.7298     2822.9648
18 163  15.037  48312.188 263.018  -0.032   10.016  -10.000      187.7306     2822.9766
18 163  15.037  48312.266 264.891  -0.073    9.982  -10.000      187.7358     2823.0547
18 163  15.037  48312.277 265.172  -0.043   10.012  -10.000      187.7366     2823.0664
18 163  15.037  48346.828  12.327  -0.057   10.504  -10.000      190.0342     2857.6172
18 163  15.037  48346.844  12.706  -0.015   10.548  -10.000      190.0353     2857.6328
18 163  15.037  48346.918  14.480  -0.008   10.564  -10.000      190.0402     2857.7070
18 163  15.037  48346.930  14.760  -0.047   10.526  -10.000      190.0410     2857.7188
18 163  15.037  48364.605  77.926  -0.094   10.760  -10.000      191.2165     2875.3945
18 163  15.037  48364.617  78.206  -0.013   10.842  -10.000      191.2172     2875.4062
18 163  15.037  48364.695  80.074  -0.064   10.795  -10.000      191.2224     2875.4844
18 163  15.037  48364.707  80.354  -0.092   10.767  -10.000      191.2232     2875.4961
18 163  15.037  48364.781  82.134  -0.112   10.749  -10.000      191.2281     2875.5703
18 163  15.037  48364.797  82.507  -0.056   10.806  -10.000      191.2292     2875.5859
18 163  15.037  48364.961  86.435   0.014   10.880  -10.000      191.2401     2875.7500
18 163  15.037  48435.164 327.123   0.053   10.384  -10.000      195.9087     2945.9531
18 163  15.037  48435.180 327.497  -0.065   10.268  -10.000      195.9097     2945.9688
18 163  15.037  48435.254 329.271   0.003   10.346  -10.000      195.9146     2946.0430
18 163  15.037  48435.266 329.551   0.023   10.367  -10.000      195.9154     2946.0547
18 163  15.037  48502.598 141.504  -0.060   10.521  -10.000      200.3931     3013.3867
18 163  15.037  48502.613 141.877  -0.108   10.471  -10.000      200.3941     3013.4023
18 163  15.037  48502.688 143.657  -0.019   10.551  -10.000      200.3990     3013.4766
18 163  15.037  48502.703 144.031  -0.081   10.487  -10.000      200.4001     3013.4922
18 163  15.037  48502.777 145.805  -0.020   10.540  -10.000      200.4050     3013.5664
18 163  15.037  48522.074 247.780  -0.059    9.913  -10.000      201.6883     3032.8633
18 163  15.037  48562.594 137.829  -0.064   10.541  -10.000      204.3829     3073.3828
18 163  15.037  48562.609 138.208   0.002   10.604  -10.000      204.3839     3073.3984
18 163  15.037  48562.699 140.356  -0.035   10.553  -10.000      204.3899     3073.4883
18 163  15.037  48562.859 144.190  -0.062   10.505  -10.000      204.4005     3073.6484
18 163  15.037  48562.875 144.564  -0.054   10.511  -10.000      204.4016     3073.6641
18 163  15.037  48562.949 146.343  -0.010   10.549  -10.000      204.4065     3073.7383
18 163  15.037  48562.965 146.717  -0.106   10.452  -10.000      204.4075     3073.7539
18 163  15.037  48568.461 278.295  -0.030   10.083  -10.000      204.7730     3079.2500
18 163  15.037  48568.727 284.656   0.043   10.183  -10.000      204.7907     3079.5156
18 163  15.037  48568.816 286.804  -0.001   10.147  -10.000      204.7967     3079.6055
18 163  15.037  48610.387 202.011  -0.008    9.830  -10.000      207.5611     3121.1758
18 163  15.037  48610.398 202.291  -0.026    9.808  -10.000      207.5619     3121.1875
18 163  15.037  48610.477 204.164   0.020    9.834  -10.000      207.5671     3121.2656
18 163  15.037  48610.488 204.445   0.015    9.826  -10.000      207.5679     3121.2773
18 163  15.037  48657.492 249.730  -0.058    9.925  -10.000      210.6937     3168.2812
18 163  15.037  48657.566 251.510  -0.039    9.953  -10.000      210.6986     3168.3555
18 163  15.037  48657.578 251.790  -0.068    9.926  -10.000      210.6994     3168.3672
18 163  15.037  48684.668 180.330  -0.026   10.356  -10.000      212.5009     3195.4570
18 163  15.037  48684.684 180.703   0.060   10.434  -10.000      212.5020     3195.4727
18 163  15.037  48708.484  30.504   0.022   10.683  -10.000      214.0847     3219.2734
18 163  15.037  48708.500  30.877   0.010   10.673  -10.000      214.0858     3219.2891
18 163  15.037  48708.574  32.651   0.010   10.682  -10.000      214.0907     3219.3633
18 163  15.037  48708.586  32.932  -0.007   10.666  -10.000      214.0915     3219.3750
18 163  15.037  48757.805 131.248  -0.132   10.526  -10.000      217.3646     3268.5938
18 163  15.037  48757.820 131.622  -0.071   10.585  -10.000      217.3656     3268.6094
18 163  15.037  48758.070 137.609  -0.096   10.511  -10.000      217.3822     3268.8594
18 163  15.037  48758.086 137.983  -0.057   10.547  -10.000      217.3833     3268.8750
18 163  15.037  48758.160 139.757  -0.018   10.573  -10.000      217.3882     3268.9492
18 163  15.037  48758.172 140.037  -0.068   10.522  -10.000      217.3890     3268.9609
18 163  15.037  48758.250 141.910  -0.089   10.490  -10.000      217.3942     3269.0391
18 163  15.037  48758.262 142.191  -0.079   10.498  -10.000      217.3950     3269.0508
18 163  15.037  48768.293  22.341   0.044   10.660  -10.000      218.0621     3279.0820
18 163  15.037  48768.305  22.621   0.025   10.643  -10.000      218.0628     3279.0938
18 163  15.037  48768.383  24.494  -0.016   10.613  -10.000      218.0680     3279.1719
18 163  15.037  48768.395  24.774  -0.076   10.554  -10.000      218.0688     3279.1836
18 163  15.037  48768.664  31.223  -0.001   10.664  -10.000      218.0867     3279.4531
18 163  15.037  48768.738  33.003  -0.027   10.648  -10.000      218.0917     3279.5273
18 163  15.037  48768.750  33.283  -0.013   10.663  -10.000      218.0925     3279.5391
18 163  15.037  48768.828  35.151   0.011   10.697  -10.000      218.0976     3279.6172
18 163  15.037  48768.840  35.431  -0.089   10.599  -10.000      218.0984     3279.6289
18 163  15.037  48768.914  37.211   0.034   10.731  -10.000      218.1034     3279.7031
18 163  15.037  48768.930  37.584  -0.085   10.615  -10.000      218.1044     3279.7188
18 163  15.037  48769.004  39.359   0.031   10.741  -10.000      218.1093     3279.7930
18 163  15.037  48769.105  41.792   0.043   10.767  -10.000      218.1161     3279.8945
18 163  15.037  48769.195  43.945  -0.001   10.734  -10.000      218.1221     3279.9844
18 163  15.037  48958.258 250.164   0.043   10.028  -10.000      230.6949     3469.0469
18 163  15.037  48958.270 250.444  -0.017    9.970  -10.000      230.6957     3469.0586
18 163  15.037  48967.094 101.700  -0.189   10.661  -10.000      231.2825     3477.8828
18 163  15.037  49012.234 102.382  -0.070   10.778  -10.000      234.2844     3523.0234
18 163  15.037  49012.250 102.755  -0.043   10.804  -10.000      234.2854     3523.0391
18 163  15.037  49012.324 104.535  -0.016   10.823  -10.000      234.2904     3523.1133
18 163  15.037  49012.340 104.908  -0.096   10.742  -10.000      234.2914     3523.1289
 6  36  15.037  45472.496 319.841   0.026    7.537  -10.000       -1.1116      -16.7148
 7  36  15.037  45472.496 319.841   0.010    6.882  -10.000       -1.1116      -16.7148
 8  36  15.037  45472.496 319.841  -0.003    6.688  -10.000       -1.1116      -16.7148
 6  36  15.037  45473.492 343.688   0.027    7.579  -10.000       -1.0453      -15.7188
 7  36  15.037  45473.492 343.688   0.003    6.896  -10.000       -1.0453      -15.7188
 8  36  15.037  45473.492 343.688   0.008    6.715  -10.000       -1.0453      -15.7188
 6  36  15.037  45486.453 293.977   0.042    7.528  -10.000       -0.1834       -2.7578
 7  36  15.037  45486.453 293.977  -0.004    6.868  -10.000       -0.1834       -2.7578
 8  36  15.037  45486.453 293.977  -0.008    6.688  -10.000       -0.1834       -2.7578
 6  36  15.037  45489.430   5.237   0.016    7.621  -10.000        0.0145        0.2188
 7  36  15.037  45489.430   5.237  -0.004    6.926  -10.000        0.0145        0.2188
 8  36  15.037  45489.430   5.237  -0.017    6.722  -10.000        0.0145        0.2188
 6  36  15.037  45574.293 236.893  -0.010    7.488  -10.000        5.6580       85.0820
 7  36  15.037  45574.293 236.893  -0.014    6.944  -10.000        5.6580       85.0820
 8  36  15.037  45574.293 236.893  -0.023    6.778  -10.000        5.6580       85.0820
 6  36  15.037  45602.246 186.100  -0.029    7.705  -10.000        7.5169      113.0352
 7  36  15.037  45602.246 186.100  -0.044    7.129  -10.000        7.5169      113.0352
 8  36  15.037  45602.246 186.100  -0.063    6.947  -10.000        7.5169      113.0352
 6  36  15.037  45793.602  87.215  -0.007    7.851  -10.000       20.2423      304.3906
 7  36  15.037  45793.602  87.215  -0.033    7.127  -10.000       20.2423      304.3906
 8  36  15.037  45793.602  87.215  -0.058    6.906  -10.000       20.2423      304.3906
 6  36  15.037  45798.570 206.169  -0.010    7.508  -10.000       20.5727      309.3594
 7  36  15.037  45798.570 206.169   0.023    7.035  -10.000       20.5727      309.3594
 8  36  15.037  45798.570 206.169  -0.008    6.854  -10.000       20.5727      309.3594
 6  36  15.037  45803.414 322.130   0.025    7.539  -10.000       20.8948      314.2031
 7  36  15.037  45803.414 322.130   0.005    6.878  -10.000       20.8948      314.2031
 8  36  15.037  45803.414 322.130  -0.011    6.680  -10.000       20.8948      314.2031
 6  36  15.037  45804.484 347.754   0.031    7.592  -10.000       20.9660      315.2734
 7  36  15.037  45804.484 347.754  -0.005    6.894  -10.000       20.9660      315.2734
 8  36  15.037  45804.484 347.754  -0.022    6.690  -10.000       20.9660      315.2734
 6  36  15.037  45805.445  10.758   0.033    7.651  -10.000       21.0299      316.2344
 7  36  15.037  45805.445  10.758  -0.005    6.935  -10.000       21.0299      316.2344
 8  36  15.037  45805.445  10.758  -0.015    6.733  -10.000       21.0299      316.2344
 6  36  15.037  45839.434 104.450  -0.022    7.862  -10.000       23.2901      350.2227
 7  36  15.037  45839.434 104.450  -0.033    7.167  -10.000       23.2901      350.2227
 8  36  15.037  45839.434 104.450  -0.041    6.966  -10.000       23.2901      350.2227
 6  36  15.037  45906.281 264.806   0.009    7.501  -10.000       27.7356      417.0703
 7  36  15.037  45906.281 264.806   0.017    6.928  -10.000       27.7356      417.0703
 8  36  15.037  45906.281 264.806  -0.007    6.736  -10.000       27.7356      417.0703
 6  36  15.037  45907.293 289.026   0.019    7.505  -10.000       27.8029      418.0820
 7  36  15.037  45907.293 289.026   0.005    6.882  -10.000       27.8029      418.0820
 8  36  15.037  45907.293 289.026  -0.016    6.687  -10.000       27.8029      418.0820
 6  36  15.037  45910.285   0.661   0.032    7.625  -10.000       28.0018      421.0742
 7  36  15.037  45910.285   0.661   0.001    6.923  -10.000       28.0018      421.0742
 8  36  15.037  45910.285   0.661  -0.002    6.730  -10.000       28.0018      421.0742
 6  36  15.037  45927.242  46.617   0.008    7.747  -10.000       29.1295      438.0312
 7  36  15.037  45927.242  46.617  -0.029    7.011  -10.000       29.1295      438.0312
 8  36  15.037  45927.242  46.617  -0.033    6.811  -10.000       29.1295      438.0312
 6  36  15.037  45930.254 118.719  -0.016    7.875  -10.000       29.3298      441.0430
 7  36  15.037  45930.254 118.719  -0.033    7.196  -10.000       29.3298      441.0430
 8  36  15.037  45930.254 118.719  -0.055    6.987  -10.000       29.3298      441.0430
 6  36  15.037  46100.605 236.993  -0.011    7.487  -10.000       40.6583      611.3945
 7  36  15.037  46100.605 236.993  -0.003    6.955  -10.000       40.6583      611.3945
 8  36  15.037  46100.605 236.993  -0.029    6.772  -10.000       40.6583      611.3945
 6  36  15.037  46101.605 260.934  -0.009    7.485  -10.000       40.7248      612.3945
 7  36  15.037  46101.605 260.934   0.006    6.924  -10.000       40.7248      612.3945
 8  36  15.037  46101.605 260.934  -0.016    6.736  -10.000       40.7248      612.3945
 6  36  15.037  46201.430 130.759  -0.043    7.836  -10.000       47.3632      712.2188
 7  36  15.037  46201.430 130.759  -0.052    7.187  -10.000       47.3632      712.2188
 8  36  15.037  46201.430 130.759  -0.070    6.988  -10.000       47.3632      712.2188
 6  36  15.037  46223.246 293.052   0.032    7.518  -10.000       48.8140      734.0352
 7  36  15.037  46223.246 293.052   0.004    6.877  -10.000       48.8140      734.0352
 8  36  15.037  46223.246 293.052  -0.036    6.661  -10.000       48.8140      734.0352
 6  36  15.037  46225.254 341.120   0.036    7.583  -10.000       48.9476      736.0430
 7  36  15.037  46225.254 341.120  -0.003    6.887  -10.000       48.9476      736.0430
 8  36  15.037  46225.254 341.120  -0.014    6.690  -10.000       48.9476      736.0430
 6  36  15.037  46227.230  28.439   0.040    7.711  -10.000       49.0790      738.0195
 7  36  15.037  46227.230  28.439   0.011    6.992  -10.000       49.0790      738.0195
 8  36  15.037  46227.230  28.439  -0.012    6.774  -10.000       49.0790      738.0195
 6  36  15.037  46256.363   5.889   0.031    7.637  -10.000       51.0164      767.1523
 7  36  15.037  46256.363   5.889  -0.002    6.929  -10.000       51.0164      767.1523
 8  36  15.037  46256.363   5.889  -0.008    6.732  -10.000       51.0164      767.1523
 6  36  15.037  46261.305 124.188  -0.035    7.852  -10.000       51.3450      772.0938
 7  36  15.037  46261.305 124.188  -0.064    7.171  -10.000       51.3450      772.0938
 8  36  15.037  46261.305 124.188  -0.080    6.970  -10.000       51.3450      772.0938
 6  36  15.037  46262.297 147.941  -0.071    7.800  -10.000       51.4109      773.0859
 7  36  15.037  46262.297 147.941  -0.073    7.185  -10.000       51.4109      773.0859
 8  36  15.037  46262.297 147.941  -0.095    6.988  -10.000       51.4109      773.0859
 6  36  15.037  46263.270 171.226  -0.062    7.816  -10.000       51.4756      774.0586
 7  36  15.037  46263.270 171.226  -0.073    7.201  -10.000       51.4756      774.0586
 8  36  15.037  46263.270 171.226  -0.107    6.994  -10.000       51.4756      774.0586
 6  36  15.037  46426.617 121.825  -0.027    7.862  -10.000       62.3384      937.4062
 7  36  15.037  46426.617 121.825  -0.031    7.202  -10.000       62.3384      937.4062
 8  36  15.037  46426.617 121.825  -0.055    6.992  -10.000       62.3384      937.4062
 6  36  15.037  46573.484  37.875   0.019    7.724  -10.000       72.1052     1084.2734
 7  36  15.037  46573.484  37.875  -0.025    6.985  -10.000       72.1052     1084.2734
 8  36  15.037  46573.484  37.875  -0.026    6.788  -10.000       72.1052     1084.2734
 6  36  15.037  46595.336 201.009  -0.016    7.533  -10.000       73.5584     1106.1250
 7  36  15.037  46595.336 201.009  -0.007    7.030  -10.000       73.5584     1106.1250
 8  36  15.037  46595.336 201.009  -0.016    6.870  -10.000       73.5584     1106.1250
 6  36  15.037  46600.398 322.207   0.025    7.539  -10.000       73.8950     1111.1875
 7  36  15.037  46600.398 322.207   0.008    6.881  -10.000       73.8950     1111.1875
 8  36  15.037  46600.398 322.207  -0.001    6.690  -10.000       73.8950     1111.1875
 6  36  15.037  46604.340  56.566   0.011    7.784  -10.000       74.1571     1115.1289
 7  36  15.037  46604.340  56.566  -0.032    7.039  -10.000       74.1571     1115.1289
 8  36  15.037  46604.340  56.566  -0.040    6.834  -10.000       74.1571     1115.1289
 6  36  15.037  46607.383 129.416  -0.044    7.836  -10.000       74.3595     1118.1719
 7  36  15.037  46607.383 129.416  -0.053    7.186  -10.000       74.3595     1118.1719
 8  36  15.037  46607.383 129.416  -0.080    6.976  -10.000       74.3595     1118.1719
 6  36  15.037  46612.324 247.714  -0.008    7.491  -10.000       74.6881     1123.1133
 7  36  15.037  46612.324 247.714  -0.015    6.927  -10.000       74.6881     1123.1133
 8  36  15.037  46612.324 247.714  -0.039    6.741  -10.000       74.6881     1123.1133
 6  36  15.037  46650.246  75.578   0.008    7.835  -10.000       77.2099     1161.0352
 7  36  15.037  46650.246  75.578  -0.036    7.089  -10.000       77.2099     1161.0352
 8  36  15.037  46650.246  75.578  -0.040    6.887  -10.000       77.2099     1161.0352
 6  36  15.037  46653.285 148.335  -0.070    7.801  -10.000       77.4120     1164.0742
 7  36  15.037  46653.285 148.335  -0.076    7.183  -10.000       77.4120     1164.0742
 8  36  15.037  46653.285 148.335  -0.098    6.986  -10.000       77.4120     1164.0742
 6  36  15.037  46745.617 198.795   0.002    7.570  -10.000       83.5522     1256.4062
 7  36  15.037  46745.617 198.795   0.012    7.063  -10.000       83.5522     1256.4062
 8  36  15.037  46745.617 198.795   0.002    6.902  -10.000       83.5522     1256.4062
 6  36  15.037  46848.559 143.245  -0.057    7.811  -10.000       90.3979     1359.3477
 7  36  15.037  46848.559 143.245  -0.050    7.201  -10.000       90.3979     1359.3477
 8  36  15.037  46848.559 143.245  -0.079    6.995  -10.000       90.3979     1359.3477
 6  36  15.037  46849.535 166.624  -0.045    7.842  -10.000       90.4628     1360.3242
 7  36  15.037  46849.535 166.624  -0.059    7.220  -10.000       90.4628     1360.3242
 8  36  15.037  46849.535 166.624  -0.092    7.013  -10.000       90.4628     1360.3242
 6  36  15.037  46850.547 190.846  -0.025    7.641  -10.000       90.5301     1361.3359
 7  36  15.037  46850.547 190.846  -0.016    7.107  -10.000       90.5301     1361.3359
 8  36  15.037  46850.547 190.846  -0.031    6.933  -10.000       90.5301     1361.3359
 6  36  15.037  47032.219 220.133  -0.007    7.493  -10.000      102.6115     1543.0078
 7  36  15.037  47032.219 220.133  -0.013    6.971  -10.000      102.6115     1543.0078
 8  36  15.037  47032.219 220.133  -0.028    6.804  -10.000      102.6115     1543.0078
 0 170  15.037  50499.645  71.488  -1.888  -15.980    0.450      333.1986     5010.4336
 2 123  15.037  41408.844 234.624  -0.013   10.930  -10.000     -271.3483    -4080.3672
 3 123  15.037  41408.844 234.624   0.010    9.770  -10.000     -271.3483    -4080.3672
 1 123  15.037  41409.809 257.717  -0.017   12.180  -10.000     -271.2841    -4079.4023
 2 123  15.037  41409.809 257.717  -0.035   11.150  -10.000     -271.2841    -4079.4023
 3 123  15.037  41409.809 257.717   0.007    9.900  -10.000     -271.2841    -4079.4023
 1 123  15.037  41410.770 280.723   0.069   12.570  -10.000     -271.2202    -4078.4414
 2 123  15.037  41410.770 280.723  -0.014   11.360  -10.000     -271.2202    -4078.4414
 3 123  15.037  41410.770 280.723   0.016   10.010  -10.000     -271.2202    -4078.4414
 1 123  15.037  41415.805  41.265   0.068   13.870  -10.000     -270.8854    -4073.4062
 2 123  15.037  41415.805  41.265  -0.042   12.240  -10.000     -270.8854    -4073.4062
 3 123  15.037  41415.805  41.265  -0.010   10.590  -10.000     -270.8854    -4073.4062
 1 123  15.037  41416.785  64.742   0.115   14.070  -10.000     -270.8202    -4072.4258
 2 123  15.037  41416.785  64.742  -0.008   12.400  -10.000     -270.8202    -4072.4258
 3 123  15.037  41416.785  64.742   0.014   10.720  -10.000     -270.8202    -4072.4258
 3 123  15.037  41417.773  88.396  -0.036   10.710  -10.000     -270.7545    -4071.4375
 1 123  15.037  41772.773 307.222  -0.020   12.790  -10.000     -247.1466    -3716.4375
 2 123  15.037  41772.773 307.222  -0.063   11.510  -10.000     -247.1466    -3716.4375
 3 123  15.037  41772.773 307.222  -0.038   10.070  -10.000     -247.1466    -3716.4375
 1 123  15.037  41773.734 330.227  -0.078   13.000  -10.000     -247.0827    -3715.4766
 2 123  15.037  41773.734 330.227  -0.054   11.700  -10.000     -247.0827    -3715.4766
 3 123  15.037  41773.734 330.227  -0.012   10.210  -10.000     -247.0827    -3715.4766
 1 123  15.037  41779.797 115.362   0.046   13.700  -10.000     -246.6796    -3709.4141
 2 123  15.037  41779.797 115.362  -0.081   12.170  -10.000     -246.6796    -3709.4141
 3 123  15.037  41779.797 115.362  -0.040   10.620  -10.000     -246.6796    -3709.4141
 1 123  15.037  41784.734 233.569  -0.135   11.660  -10.000     -246.3512    -3704.4766
 2 123  15.037  41784.734 233.569  -0.133   10.800  -10.000     -246.3512    -3704.4766
 3 123  15.037  41784.734 233.569  -0.055    9.700  -10.000     -246.3512    -3704.4766
 1 123  15.037  41785.770 258.349   0.074   12.280  -10.000     -246.2824    -3703.4414
 2 123  15.037  41785.770 258.349  -0.031   11.160  -10.000     -246.2824    -3703.4414
 3 123  15.037  41785.770 258.349   0.004    9.900  -10.000     -246.2824    -3703.4414
 0 123  15.037  41411.668 302.234   8.663  -35.500  -10.000     -271.1605    -4077.5430
 0 123  15.037  41412.801 329.348   4.985  -30.900  -10.000     -271.0851    -4076.4102
 0 123  15.037  41413.824 353.859   4.733  -25.800  -10.000     -271.0171    -4075.3867
 0 123  15.037  41787.754 305.859   2.019  -41.100  -10.000     -246.1504    -3701.4570
 0 123  15.037  41788.621 326.618  -1.850  -39.100  -10.000     -246.0927    -3700.5898
 0 123  15.037  41789.609 350.277  -5.958  -36.800  -10.000     -246.0270    -3699.6016
 0 123  15.037  41793.602  85.853   3.194   -7.200  -10.000     -245.7615    -3695.6094
 0 123  15.037  41794.773 113.906   8.959   10.200  -10.000     -245.6836    -3694.4375
 3   9  15.037  44024.578 216.192   0.127    9.790  -10.000      -97.3995    -1464.6328
14   9  15.037  44024.578 216.192   0.090   11.260  -10.000      -97.3995    -1464.6328
15   9  15.037  44024.578 216.192   0.129   10.100  -10.000      -97.3995    -1464.6328
16   9  15.037  44024.578 216.192   0.121    9.170  -10.000      -97.3995    -1464.6328
17   9  15.037  44024.578 216.192   0.128    8.520  -10.000      -97.3995    -1464.6328
 3   9  15.037  44027.559 287.545   0.048   10.070  -10.000      -97.2013    -1461.6523
14   9  15.037  44027.559 287.545   0.009   12.030  -10.000      -97.2013    -1461.6523
15   9  15.037  44027.559 287.545   0.051   10.450  -10.000      -97.2013    -1461.6523
16   9  15.037  44027.559 287.545   0.066    9.340  -10.000      -97.2013    -1461.6523
17   9  15.037  44027.559 287.545   0.082    8.590  -10.000      -97.2013    -1461.6523
 3   9  15.037  44015.609   1.478  -0.001   10.380  -10.000      -97.9959    -1473.6016
14   9  15.037  44015.609   1.478   0.007   12.720  -10.000      -97.9959    -1473.6016
15   9  15.037  44015.609   1.478   0.035   10.840  -10.000      -97.9959    -1473.6016
16   9  15.037  44015.609   1.478   0.067    9.610  -10.000      -97.9959    -1473.6016
17   9  15.037  44015.609   1.478   0.087    8.790  -10.000      -97.9959    -1473.6016
 3   9  15.037  44016.531  23.546  -0.012   10.490  -10.000      -97.9346    -1472.6797
14   9  15.037  44016.531  23.546  -0.003   12.910  -10.000      -97.9346    -1472.6797
15   9  15.037  44016.531  23.546  -0.007   10.930  -10.000      -97.9346    -1472.6797
16   9  15.037  44016.531  23.546   0.029    9.670  -10.000      -97.9346    -1472.6797
17   9  15.037  44016.531  23.546   0.076    8.860  -10.000      -97.9346    -1472.6797
 3   9  15.037  44018.539  71.614  -0.021   10.700  -10.000      -97.8011    -1470.6719
14   9  15.037  44018.539  71.614  -0.001   13.210  -10.000      -97.8011    -1470.6719
15   9  15.037  44018.539  71.614   0.013   11.180  -10.000      -97.8011    -1470.6719
16   9  15.037  44018.539  71.614   0.041    9.880  -10.000      -97.8011    -1470.6719
17   9  15.037  44018.539  71.614   0.085    9.050  -10.000      -97.8011    -1470.6719
 3   9  15.037  44020.500 118.559  -0.048   10.590  -10.000      -97.6707    -1468.7109
14   9  15.037  44020.500 118.559  -0.057   12.860  -10.000      -97.6707    -1468.7109
15   9  15.037  44020.500 118.559  -0.044   11.010  -10.000      -97.6707    -1468.7109
16   9  15.037  44020.500 118.559  -0.033    9.780  -10.000      -97.6707    -1468.7109
17   9  15.037  44020.500 118.559  -0.005    8.980  -10.000      -97.6707    -1468.7109
