 2  79  15.698  44831.422 192.011   0.161   12.483  -10.000      -49.4666     -776.5430
 3  79  15.698  44831.422 192.011   0.064   11.407  -10.000      -49.4666     -776.5430
 2  79  15.698  44833.445 238.413  -0.061   12.211  -10.000      -49.3377     -774.5195
 3  79  15.698  44833.445 238.413  -0.065   11.212  -10.000      -49.3377     -774.5195
 2  79  15.698  44834.473 261.973  -0.054   12.343  -10.000      -49.2723     -773.4922
 3  79  15.698  44834.473 261.973  -0.046   11.299  -10.000      -49.2723     -773.4922
 2  79  15.698  44883.324 302.256  -0.056   12.510  -10.000      -46.1604     -724.6406
 3  79  15.698  44883.324 302.256  -0.034   11.404  -10.000      -46.1604     -724.6406
 2  79  15.698  44884.375 326.353  -0.017   12.648  -10.000      -46.0935     -723.5898
 3  79  15.698  44884.375 326.353  -0.011   11.489  -10.000      -46.0935     -723.5898
 2  79  15.698  45180.457 276.223  -0.041   12.420  -10.000      -27.2327     -427.5078
 3  79  15.698  45180.457 276.223  -0.036   11.343  -10.000      -27.2327     -427.5078
 2  79  15.698  45181.453 299.066  -0.032   12.521  -10.000      -27.1693     -426.5117
 3  79  15.698  45181.453 299.066  -0.033   11.397  -10.000      -27.1693     -426.5117
 2  79  15.698  45182.449 321.908  -0.044   12.603  -10.000      -27.1058     -425.5156
 3  79  15.698  45182.449 321.908  -0.017   11.471  -10.000      -27.1058     -425.5156
 2  79  15.698  45183.449 344.841  -0.004   12.733  -10.000      -27.0421     -424.5156
 3  79  15.698  45183.449 344.841  -0.010   11.537  -10.000      -27.0421     -424.5156
 2  79  15.698  45184.449   7.774   0.007   12.837  -10.000      -26.9784     -423.5156
 3  79  15.698  45184.449   7.774   0.022   11.635  -10.000      -26.9784     -423.5156
 2  79  15.698  45186.457  53.817   0.018   13.020  -10.000      -26.8505     -421.5078
 3  79  15.698  45186.457  53.817  -0.008   11.735  -10.000      -26.8505     -421.5078
 2  79  15.698  45187.465  76.929   0.021   13.068  -10.000      -26.7863     -420.5000
 3  79  15.698  45187.465  76.929  -0.003   11.783  -10.000      -26.7863     -420.5000
 2  79  15.698  45188.453  99.592  -0.040   12.992  -10.000      -26.7234     -419.5117
 3  79  15.698  45188.453  99.592  -0.020   11.771  -10.000      -26.7234     -419.5117
 2  79  15.698  45189.480 123.152  -0.007   12.904  -10.000      -26.6579     -418.4844
 3  79  15.698  45189.480 123.152  -0.001   11.726  -10.000      -26.6579     -418.4844
 2  79  15.698  45190.480 146.085   0.037   12.802  -10.000      -26.5942     -417.4844
 3  79  15.698  45190.480 146.085   0.015   11.658  -10.000      -26.5942     -417.4844
 2  79  15.698  45191.477 168.927  -0.048   12.695  -10.000      -26.5308     -416.4883
 3  79  15.698  45191.477 168.927  -0.063   11.574  -10.000      -26.5308     -416.4883
 2  79  15.698  45192.477 191.859   0.095   12.420  -10.000      -26.4671     -415.4883
 3  79  15.698  45192.477 191.859   0.025   11.370  -10.000      -26.4671     -415.4883
 2  79  15.698  45193.477 214.792   0.051   12.209  -10.000      -26.4034     -414.4883
 3  79  15.698  45193.477 214.792   0.011   11.229  -10.000      -26.4034     -414.4883
 2  79  15.698  45194.480 237.813  -0.102   12.167  -10.000      -26.3394     -413.4844
 3  79  15.698  45194.480 237.813  -0.075   11.201  -10.000      -26.3394     -413.4844
 2  79  15.698  45198.477 329.454   0.005   12.683  -10.000      -26.0849     -409.4883
 3  79  15.698  45198.477 329.454   0.007   11.515  -10.000      -26.0849     -409.4883
 2  79  15.698  45199.465 352.117   0.023   12.789  -10.000      -26.0219     -408.5000
 3  79  15.698  45199.465 352.117   0.011   11.578  -10.000      -26.0219     -408.5000
 2  79  15.698  45200.480  15.408   0.034   12.895  -10.000      -25.9572     -407.4844
 3  79  15.698  45200.480  15.408   0.029   11.664  -10.000      -25.9572     -407.4844
 2  79  15.698  45201.484  38.430   0.034   12.985  -10.000      -25.8932     -406.4805
 3  79  15.698  45201.484  38.430   0.020   11.722  -10.000      -25.8932     -406.4805
 2  79  15.698  45205.438 129.085  -0.024   12.847  -10.000      -25.6414     -402.5273
 3  79  15.698  45205.438 129.085  -0.027   11.677  -10.000      -25.6414     -402.5273
 2  79  15.698  45666.395 259.933  -0.084   12.304  -10.000        3.7220       58.4297
 3  79  15.698  45666.395 259.933  -0.051   11.289  -10.000        3.7220       58.4297
 4  79  15.698  45666.395 259.933  -0.043   10.622  -10.000        3.7220       58.4297
 2  79  15.698  45676.391 129.167  -0.015   12.855  -10.000        4.3588       68.4258
 3  79  15.698  45676.391 129.167  -0.024   11.680  -10.000        4.3588       68.4258
 4  79  15.698  45676.391 129.167  -0.026   10.954  -10.000        4.3588       68.4258
 2  79  15.698  45679.379 197.695   0.129   12.349  -10.000        4.5492       71.4141
 3  79  15.698  45679.379 197.695   0.049   11.320  -10.000        4.5492       71.4141
 4  79  15.698  45679.379 197.695   0.036   10.673  -10.000        4.5492       71.4141
 3  79  15.698  45687.301  19.363   0.040   11.687  -10.000        5.0538       79.3359
 4  79  15.698  45687.301  19.363   0.031   10.927  -10.000        5.0538       79.3359
 2  79  15.698  45689.418  67.915   0.010   13.047  -10.000        5.1887       81.4531
 3  79  15.698  45689.418  67.915   0.003   11.777  -10.000        5.1887       81.4531
 4  79  15.698  45689.418  67.915   0.002   11.011  -10.000        5.1887       81.4531
 1  79  15.698  45690.340  89.056  -0.066   13.874  -10.000        5.2474       82.3750
 2  79  15.698  45690.340  89.056  -0.029   13.019  -10.000        5.2474       82.3750
 3  79  15.698  45690.340  89.056  -0.023   11.771  -10.000        5.2474       82.3750
 4  79  15.698  45690.340  89.056  -0.018   11.016  -10.000        5.2474       82.3750
 2  79  15.698  45691.336 111.899  -0.020   12.962  -10.000        5.3108       83.3711
 3  79  15.698  45691.336 111.899  -0.008   11.758  -10.000        5.3108       83.3711
 4  79  15.698  45691.336 111.899  -0.025   10.997  -10.000        5.3108       83.3711
 2  79  15.698  45692.297 133.935   0.023   12.859  -10.000        5.3720       84.3320
 3  79  15.698  45692.297 133.935   0.004   11.688  -10.000        5.3720       84.3320
 4  79  15.698  45692.297 133.935   0.000   10.966  -10.000        5.3720       84.3320
 1  79  15.698  45693.344 157.943   0.050   13.513  -10.000        5.4387       85.3789
 2  79  15.698  45693.344 157.943  -0.023   12.731  -10.000        5.4387       85.3789
 3  79  15.698  45693.344 157.943  -0.035   11.607  -10.000        5.4387       85.3789
 4  79  15.698  45693.344 157.943  -0.039   10.901  -10.000        5.4387       85.3789
 1  79  15.698  45694.297 179.800   0.068   13.311  -10.000        5.4994       86.3320
 2  79  15.698  45694.297 179.800  -0.018   12.583  -10.000        5.4994       86.3320
 3  79  15.698  45694.297 179.800  -0.036   11.502  -10.000        5.4994       86.3320
 4  79  15.698  45694.297 179.800  -0.037   10.821  -10.000        5.4994       86.3320
 2  79  15.698  45695.289 202.553   0.127   12.296  -10.000        5.5626       87.3242
 3  79  15.698  45695.289 202.553   0.053   11.286  -10.000        5.5626       87.3242
 4  79  15.698  45695.289 202.553   0.040   10.645  -10.000        5.5626       87.3242
 2  79  15.698  45704.266  48.407   0.009   12.994  -10.000        6.1345       96.3008
 3  79  15.698  45704.266  48.407   0.016   11.745  -10.000        6.1345       96.3008
 4  79  15.698  45704.266  48.407   0.024   10.992  -10.000        6.1345       96.3008
 1  79  15.698  45705.250  70.981  -0.051   13.894  -10.000        6.1972       97.2852
 2  79  15.698  45705.250  70.981   0.001   13.042  -10.000        6.1972       97.2852
 3  79  15.698  45705.250  70.981   0.014   11.792  -10.000        6.1972       97.2852
 2  79  15.698  45706.270  94.362  -0.015   13.027  -10.000        6.2621       98.3047
 3  79  15.698  45706.270  94.362  -0.017   11.777  -10.000        6.2621       98.3047
 4  79  15.698  45706.270  94.362  -0.018   11.018  -10.000        6.2621       98.3047
 1  79  15.698  45707.270 117.294  -0.059   13.714  -10.000        6.3258       99.3047
 2  79  15.698  45707.270 117.294  -0.023   12.926  -10.000        6.3258       99.3047
 3  79  15.698  45707.270 117.294  -0.036   11.712  -10.000        6.3258       99.3047
 4  79  15.698  45707.270 117.294  -0.038   10.972  -10.000        6.3258       99.3047
 2  79  15.698  47401.488  89.786  -0.026   13.021  -10.000      114.2494     1793.5234
 3  79  15.698  47401.488  89.786  -0.006   11.788  -10.000      114.2494     1793.5234
 4  79  15.698  47401.488  89.786   0.014   11.048  -10.000      114.2494     1793.5234
 2  79  15.698  47402.465 112.179  -0.038   12.942  -10.000      114.3116     1794.5000
 3  79  15.698  47402.465 112.179  -0.019   11.746  -10.000      114.3116     1794.5000
 4  79  15.698  47402.465 112.179  -0.003   11.018  -10.000      114.3116     1794.5000
 2  79  15.698  47403.496 135.829   0.019   12.841  -10.000      114.3773     1795.5312
 3  79  15.698  47403.496 135.829   0.003   11.679  -10.000      114.3773     1795.5312
 4  79  15.698  47403.496 135.829   0.002   10.962  -10.000      114.3773     1795.5312
 2  79  15.698  47404.488 158.582   0.009   12.764  -10.000      114.4405     1796.5234
 3  79  15.698  47404.488 158.582  -0.025   11.617  -10.000      114.4405     1796.5234
 4  79  15.698  47404.488 158.582  -0.007   10.933  -10.000      114.4405     1796.5234
 2  79  15.698  47407.465 226.840  -0.097   12.116  -10.000      114.6301     1799.5000
 3  79  15.698  47407.465 226.840  -0.076   11.171  -10.000      114.6301     1799.5000
 4  79  15.698  47407.465 226.840  -0.054   10.552  -10.000      114.6301     1799.5000
 2  79  15.698  47408.465 249.774  -0.075   12.260  -10.000      114.6938     1800.5000
 3  79  15.698  47408.465 249.774  -0.099   11.213  -10.000      114.6938     1800.5000
 4  79  15.698  47408.465 249.774  -0.059   10.588  -10.000      114.6938     1800.5000
 2  79  15.698  47409.457 272.527  -0.020   12.424  -10.000      114.7570     1801.4922
 3  79  15.698  47409.457 272.527  -0.018   11.351  -10.000      114.7570     1801.4922
 4  79  15.698  47409.457 272.527   0.009   10.692  -10.000      114.7570     1801.4922
 2  79  15.698  47410.461 295.549  -0.013   12.526  -10.000      114.8210     1802.4961
 3  79  15.698  47410.461 295.549   0.010   11.432  -10.000      114.8210     1802.4961
 4  79  15.698  47410.461 295.549   0.029   10.748  -10.000      114.8210     1802.4961
 2  79  15.698  47411.473 318.749  -0.016   12.618  -10.000      114.8854     1803.5078
 3  79  15.698  47411.473 318.749   0.006   11.486  -10.000      114.8854     1803.5078
 4  79  15.698  47411.473 318.749   0.010   10.771  -10.000      114.8854     1803.5078
 2  79  15.698  47413.465   4.436   0.053   12.870  -10.000      115.0123     1805.5000
 3  79  15.698  47413.465   4.436   0.062   11.665  -10.000      115.0123     1805.5000
 4  79  15.698  47413.465   4.436   0.056   10.915  -10.000      115.0123     1805.5000
 2  79  15.698  47414.477  27.636   0.015   12.927  -10.000      115.0768     1806.5117
 3  79  15.698  47414.477  27.636   0.021   11.693  -10.000      115.0768     1806.5117
 4  79  15.698  47414.477  27.636   0.026   10.943  -10.000      115.0768     1806.5117
 2  79  15.698  47415.480  50.658   0.017   13.009  -10.000      115.1407     1807.5156
 3  79  15.698  47415.480  50.658   0.020   11.755  -10.000      115.1407     1807.5156
 4  79  15.698  47415.480  50.658   0.031   11.004  -10.000      115.1407     1807.5156
 2  79  15.698  47416.469  73.323   0.005   13.048  -10.000      115.2037     1808.5039
 3  79  15.698  47416.469  73.323   0.011   11.792  -10.000      115.2037     1808.5039
 4  79  15.698  47416.469  73.323   0.003   11.020  -10.000      115.2037     1808.5039
 2  79  15.698  47417.414  95.002  -0.045   12.996  -10.000      115.2639     1809.4492
 3  79  15.698  47417.414  95.002  -0.035   11.759  -10.000      115.2639     1809.4492
 4  79  15.698  47417.414  95.002  -0.006   11.030  -10.000      115.2639     1809.4492
 2  79  15.698  47418.418 118.023  -0.015   12.930  -10.000      115.3278     1810.4531
 3  79  15.698  47418.418 118.023   0.001   11.747  -10.000      115.3278     1810.4531
 4  79  15.698  47418.418 118.023   0.011   11.019  -10.000      115.3278     1810.4531
 2  79  15.698  47419.406 140.685   0.091   12.881  -10.000      115.3908     1811.4414
 3  79  15.698  47419.406 140.685   0.030   11.688  -10.000      115.3908     1811.4414
 4  79  15.698  47419.406 140.685   0.034   10.981  -10.000      115.3908     1811.4414
 2  79  15.698  47420.398 163.441  -0.055   12.703  -10.000      115.4540     1812.4336
 3  79  15.698  47420.398 163.441  -0.066   11.579  -10.000      115.4540     1812.4336
 4  79  15.698  47420.398 163.441  -0.059   10.885  -10.000      115.4540     1812.4336
 2  79  15.698  47421.395 186.281   0.039   12.493  -10.000      115.5174     1813.4297
 3  79  15.698  47421.395 186.281  -0.009   11.427  -10.000      115.5174     1813.4297
 4  79  15.698  47421.395 186.281  -0.013   10.760  -10.000      115.5174     1813.4297
 2  79  15.698  47422.473 211.006  -0.046   12.103  -10.000      115.5861     1814.5078
 3  79  15.698  47422.473 211.006  -0.032   11.183  -10.000      115.5861     1814.5078
 4  79  15.698  47422.473 211.006  -0.043   10.544  -10.000      115.5861     1814.5078
 2  79  15.698  47423.492 234.388  -0.089   12.161  -10.000      115.6511     1815.5273
 3  79  15.698  47423.492 234.388  -0.095   11.171  -10.000      115.6511     1815.5273
 4  79  15.698  47423.492 234.388  -0.059   10.559  -10.000      115.6511     1815.5273
 2  79  15.698  47424.410 255.438  -0.112   12.254  -10.000      115.7095     1816.4453
 3  79  15.698  47424.410 255.438  -0.059   11.269  -10.000      115.7095     1816.4453
 4  79  15.698  47424.410 255.438  -0.029   10.628  -10.000      115.7095     1816.4453
 2  79  15.698  47425.457 279.445  -0.055   12.420  -10.000      115.7762     1817.4922
 3  79  15.698  47425.457 279.445  -0.015   11.372  -10.000      115.7762     1817.4922
 4  79  15.698  47425.457 279.445   0.010   10.705  -10.000      115.7762     1817.4922
 2  79  15.698  47427.465 325.489   0.035   12.696  -10.000      115.9041     1819.5000
 3  79  15.698  47427.465 325.489   0.010   11.507  -10.000      115.9041     1819.5000
 4  79  15.698  47427.465 325.489   0.036   10.810  -10.000      115.9041     1819.5000
 2  79  15.698  47428.383 346.542   0.022   12.765  -10.000      115.9626     1820.4180
 3  79  15.698  47428.383 346.542   0.032   11.584  -10.000      115.9626     1820.4180
 4  79  15.698  47428.383 346.542   0.043   10.860  -10.000      115.9626     1820.4180
 2  79  15.698  47430.410  33.033   0.044   12.976  -10.000      116.0918     1822.4453
 3  79  15.698  47430.410  33.033   0.030   11.717  -10.000      116.0918     1822.4453
 4  79  15.698  47430.410  33.033   0.040   10.970  -10.000      116.0918     1822.4453
 2  79  15.698  47431.473  57.398   0.035   13.048  -10.000      116.1594     1823.5078
 3  79  15.698  47431.473  57.398   0.033   11.786  -10.000      116.1594     1823.5078
 4  79  15.698  47431.473  57.398   0.041   11.030  -10.000      116.1594     1823.5078
 2  79  15.698  47432.457  79.972  -0.074   12.975  -10.000      116.2221     1824.4922
 3  79  15.698  47432.457  79.972  -0.013   11.776  -10.000      116.2221     1824.4922
 4  79  15.698  47432.457  79.972  -0.017   11.009  -10.000      116.2221     1824.4922
 2  79  15.698  47433.438 102.456  -0.005   13.019  -10.000      116.2846     1825.4727
 3  79  15.698  47433.438 102.456   0.006   11.794  -10.000      116.2846     1825.4727
 4  79  15.698  47433.438 102.456  -0.008   11.026  -10.000      116.2846     1825.4727
 2  79  15.698  47434.445 125.568  -0.018   12.877  -10.000      116.3488     1826.4805
 3  79  15.698  47434.445 125.568  -0.014   11.704  -10.000      116.3488     1826.4805
 4  79  15.698  47434.445 125.568  -0.010   10.979  -10.000      116.3488     1826.4805
 2  79  15.698  48503.457 160.565  -0.026   12.731  -10.000      184.4460     2895.4922
 3  79  15.698  48503.457 160.565  -0.044   11.600  -10.000      184.4460     2895.4922
 4  79  15.698  48503.457 160.565  -0.042   10.900  -10.000      184.4460     2895.4922
 2  79  15.698  48504.359 181.258   0.075   12.645  -10.000      184.5035     2896.3945
 3  79  15.698  48504.359 181.258  -0.004   11.513  -10.000      184.5035     2896.3945
 4  79  15.698  48504.359 181.258   0.034   10.874  -10.000      184.5035     2896.3945
 2  79  15.698  48505.387 204.818   0.153   12.309  -10.000      184.5689     2897.4219
 3  79  15.698  48505.387 204.818   0.102   11.326  -10.000      184.5689     2897.4219
 4  79  15.698  48505.387 204.818   0.050   10.647  -10.000      184.5689     2897.4219
 2  79  15.698  48506.395 227.928  -0.026   12.192  -10.000      184.6331     2898.4297
 3  79  15.698  48506.395 227.928  -0.050   11.200  -10.000      184.6331     2898.4297
 4  79  15.698  48506.395 227.928  -0.034   10.574  -10.000      184.6331     2898.4297
 2  79  15.698  48507.398 250.950  -0.052   12.290  -10.000      184.6971     2899.4336
 3  79  15.698  48507.398 250.950  -0.059   11.256  -10.000      184.6971     2899.4336
 4  79  15.698  48507.398 250.950  -0.041   10.608  -10.000      184.6971     2899.4336
 2  79  15.698  48508.363 273.076   0.000   12.446  -10.000      184.7585     2900.3984
 3  79  15.698  48508.363 273.076   0.002   11.373  -10.000      184.7585     2900.3984
 4  79  15.698  48508.363 273.076   0.005   10.689  -10.000      184.7585     2900.3984
 2  79  15.698  48509.395 296.724  -0.003   12.541  -10.000      184.8242     2901.4297
 3  79  15.698  48509.395 296.724   0.004   11.429  -10.000      184.8242     2901.4297
 4  79  15.698  48509.395 296.724   0.004   10.724  -10.000      184.8242     2901.4297
 2  79  15.698  48510.363 318.944   0.032   12.667  -10.000      184.8860     2902.3984
 3  79  15.698  48510.363 318.944   0.042   11.522  -10.000      184.8860     2902.3984
 4  79  15.698  48510.363 318.944   0.043   10.804  -10.000      184.8860     2902.3984
 2  79  15.698  48511.363 341.873   0.056   12.781  -10.000      184.9496     2903.3984
 3  79  15.698  48511.363 341.873   0.058   11.598  -10.000      184.9496     2903.3984
 4  79  15.698  48511.363 341.873   0.044   10.851  -10.000      184.9496     2903.3984
 2  79  15.698  48512.348   4.449   0.074   12.891  -10.000      185.0124     2904.3828
 3  79  15.698  48512.348   4.449   0.067   11.670  -10.000      185.0124     2904.3828
 4  79  15.698  48512.348   4.449   0.042   10.901  -10.000      185.0124     2904.3828
 2  79  15.698  48513.355  27.559   0.069   12.981  -10.000      185.0766     2905.3906
 3  79  15.698  48513.355  27.559   0.065   11.737  -10.000      185.0766     2905.3906
 4  79  15.698  48513.355  27.559   0.042   10.959  -10.000      185.0766     2905.3906
 2  79  15.698  48514.359  50.581   0.055   13.047  -10.000      185.1405     2906.3945
 3  79  15.698  48514.359  50.581   0.052   11.787  -10.000      185.1405     2906.3945
 4  79  15.698  48514.359  50.581   0.012   10.985  -10.000      185.1405     2906.3945
 2  79  15.698  48515.355  73.427   0.030   13.073  -10.000      185.2040     2907.3906
 3  79  15.698  48515.355  73.427   0.038   11.819  -10.000      185.2040     2907.3906
 4  79  15.698  48515.355  73.427   0.027   11.044  -10.000      185.2040     2907.3906
 2  79  15.698  48516.363  96.537   0.002   13.041  -10.000      185.2682     2908.3984
 3  79  15.698  48516.363  96.537  -0.007   11.786  -10.000      185.2682     2908.3984
 4  79  15.698  48516.363  96.537  -0.006   11.030  -10.000      185.2682     2908.3984
 2  79  15.698  48517.363 119.471  -0.013   12.922  -10.000      185.3319     2909.3984
 3  79  15.698  48517.363 119.471   0.014   11.755  -10.000      185.3319     2909.3984
 4  79  15.698  48517.363 119.471   0.006   11.011  -10.000      185.3319     2909.3984
 2  79  15.698  48518.363 142.399   0.073   12.854  -10.000      185.3956     2910.3984
 3  79  15.698  48518.363 142.399   0.027   11.679  -10.000      185.3956     2910.3984
 4  79  15.698  48518.363 142.399  -0.006   10.938  -10.000      185.3956     2910.3984
 2  79  15.698  48519.344 164.888  -0.037   12.719  -10.000      185.4580     2911.3789
 3  79  15.698  48519.344 164.888  -0.075   11.570  -10.000      185.4580     2911.3789
 4  79  15.698  48519.344 164.888  -0.045   10.899  -10.000      185.4580     2911.3789
 2  79  15.698  48520.340 187.729   0.062   12.481  -10.000      185.5215     2912.3750
 3  79  15.698  48520.340 187.729   0.007   11.418  -10.000      185.5215     2912.3750
 4  79  15.698  48520.340 187.729  -0.022   10.731  -10.000      185.5215     2912.3750
 2  79  15.698  48521.395 211.915   0.039   12.190  -10.000      185.5887     2913.4297
 3  79  15.698  48521.395 211.915   0.003   11.218  -10.000      185.5887     2913.4297
 4  79  15.698  48521.395 211.915   0.003   10.590  -10.000      185.5887     2913.4297
 2  79  15.698  48522.367 234.223  -0.022   12.227  -10.000      185.6506     2914.4023
 3  79  15.698  48522.367 234.223  -0.045   11.221  -10.000      185.6506     2914.4023
 4  79  15.698  48522.367 234.223  -0.040   10.577  -10.000      185.6506     2914.4023
 2  79  15.698  48523.359 256.976  -0.009   12.364  -10.000      185.7138     2915.3945
 3  79  15.698  48523.359 256.976  -0.029   11.303  -10.000      185.7138     2915.3945
 4  79  15.698  48523.359 256.976  -0.003   10.657  -10.000      185.7138     2915.3945
 2 150  15.698  50326.445 206.049   0.151   12.303  -10.000      300.5724     4718.4805
 3 150  15.698  50326.445 206.049   0.077   11.297  -10.000      300.5724     4718.4805
 4 150  15.698  50326.445 206.049   0.045   10.638  -10.000      300.5724     4718.4805
 2 150  15.698  50327.477 229.702  -0.046   12.181  -10.000      300.6381     4719.5117
 3 150  15.698  50327.477 229.702  -0.049   11.205  -10.000      300.6381     4719.5117
 4 150  15.698  50327.477 229.702  -0.035   10.576  -10.000      300.6381     4719.5117
 2 150  15.698  50328.500 253.169  -0.015   12.339  -10.000      300.7032     4720.5352
 3 150  15.698  50328.500 253.169  -0.070   11.251  -10.000      300.7032     4720.5352
 4 150  15.698  50328.500 253.169  -0.042   10.611  -10.000      300.7032     4720.5352
 2 150  15.698  50332.441 343.553  -0.019   12.713  -10.000      300.9543     4724.4766
 3 150  15.698  50332.441 343.553   0.009   11.553  -10.000      300.9543     4724.4766
 4 150  15.698  50332.441 343.553  -0.062   10.749  -10.000      300.9543     4724.4766
 2 150  15.698  50333.453   6.757   0.026   12.852  -10.000      301.0188     4725.4883
 3 150  15.698  50333.453   6.757   0.049   11.659  -10.000      301.0188     4725.4883
 2 150  15.698  50335.457  52.712   0.015   13.013  -10.000      301.1464     4727.4922
 3 150  15.698  50335.457  52.712   0.046   11.786  -10.000      301.1464     4727.4922
 4 150  15.698  50335.457  52.712   0.011   10.989  -10.000      301.1464     4727.4922
 2 150  15.698  50337.395  97.141  -0.015   13.023  -10.000      301.2698     4729.4297
 3 150  15.698  50337.395  97.141   0.021   11.814  -10.000      301.2698     4729.4297
 4 150  15.698  50337.395  97.141  -0.032   11.004  -10.000      301.2698     4729.4297
 2 150  15.698  50338.465 121.685  -0.019   12.902  -10.000      301.3380     4730.5000
 3 150  15.698  50338.465 121.685  -0.024   11.709  -10.000      301.3380     4730.5000
 4 150  15.698  50338.465 121.685  -0.033   10.966  -10.000      301.3380     4730.5000
 2 150  15.698  50340.395 165.938  -0.041   12.714  -10.000      301.4609     4732.4297
 3 150  15.698  50340.395 165.938  -0.101   11.543  -10.000      301.4609     4732.4297
 4 150  15.698  50340.395 165.938  -0.102   10.841  -10.000      301.4609     4732.4297
 2 150  15.698  50341.402 189.053   0.080   12.468  -10.000      301.5251     4733.4375
 3 150  15.698  50341.402 189.053   0.026   11.415  -10.000      301.5251     4733.4375
 4 150  15.698  50341.402 189.053   0.010   10.745  -10.000      301.5251     4733.4375
 2 150  15.698  50342.418 212.344   0.025   12.176  -10.000      301.5898     4734.4531
 3 150  15.698  50342.418 212.344  -0.012   11.203  -10.000      301.5898     4734.4531
 4 150  15.698  50342.418 212.344  -0.022   10.565  -10.000      301.5898     4734.4531
 2 150  15.698  50344.410 258.025  -0.024   12.354  -10.000      301.7167     4736.4453
 3 150  15.698  50344.410 258.025  -0.030   11.305  -10.000      301.7167     4736.4453
 4 150  15.698  50344.410 258.025  -0.071   10.591  -10.000      301.7167     4736.4453
 2 150  15.698  50347.410 326.821  -0.031   12.636  -10.000      301.9078     4739.4453
 3 150  15.698  50347.410 326.821  -0.022   11.479  -10.000      301.9078     4739.4453
 4 150  15.698  50347.410 326.821  -0.009   10.768  -10.000      301.9078     4739.4453
 3  64  15.698  48527.973   2.769   0.047   11.646  -10.000      186.0077     2920.0078
 4  64  15.698  48527.973   2.769   0.066   10.921  -10.000      186.0077     2920.0078
 3  64  15.698  48536.812 205.488   0.075   11.296  -10.000      186.5708     2928.8477
 4  64  15.698  48536.812 205.488   0.062   10.657  -10.000      186.5708     2928.8477
 3  64  15.698  48546.691  72.032   0.034   11.813  -10.000      187.2001     2938.7266
 4  64  15.698  48546.691  72.032   0.011   11.026  -10.000      187.2001     2938.7266
 3  64  15.698  48546.773  73.916   0.019   11.801  -10.000      187.2053     2938.8086
 4  64  15.698  48546.773  73.916   0.035   11.053  -10.000      187.2053     2938.8086
 3  64  15.698  48596.707 139.010   0.032   11.696  -10.000      190.3861     2988.7422
 4  64  15.698  48596.707 139.010   0.033   10.984  -10.000      190.3861     2988.7422
 3  64  15.698  48604.723 322.828   0.057   11.547  -10.000      190.8967     2996.7578
 4  64  15.698  48604.723 322.828   0.070   10.839  -10.000      190.8967     2996.7578
 3  64  15.698  48632.602 242.161  -0.032   11.257  -10.000      192.6727     3024.6367
 4  64  15.698  48632.602 242.161  -0.006   10.626  -10.000      192.6727     3024.6367
 3  64  15.698  48651.629 318.499   0.036   11.515  -10.000      193.8847     3043.6641
 4  64  15.698  48651.629 318.499   0.045   10.805  -10.000      193.8847     3043.6641
 3  64  15.698  48654.539  25.236   0.078   11.743  -10.000      194.0701     3046.5742
 4  64  15.698  48654.539  25.236   0.065   10.976  -10.000      194.0701     3046.5742
 3  64  15.698  48692.586 177.742  -0.047   11.519  -10.000      196.4937     3084.6211
 4  64  15.698  48692.586 177.742  -0.047   10.833  -10.000      196.4937     3084.6211
 3   9  15.698  43457.961  15.266  -0.004   11.630  -10.000     -136.9576    -2150.0039
14   9  15.698  43457.961  15.266  -0.019   13.280  -10.000     -136.9576    -2150.0039
15   9  15.698  43457.961  15.266  -0.009   11.980  -10.000     -136.9576    -2150.0039
16   9  15.698  43457.961  15.266   0.016   10.950  -10.000     -136.9576    -2150.0039
17   9  15.698  43457.961  15.266  -0.011   10.150  -10.000     -136.9576    -2150.0039
 3   9  15.698  43788.000  23.851   0.069   11.730  -10.000     -115.9337    -1819.9648
14   9  15.698  43788.000  23.851   0.088   13.430  -10.000     -115.9337    -1819.9648
15   9  15.698  43788.000  23.851   0.062   12.080  -10.000     -115.9337    -1819.9648
16   9  15.698  43788.000  23.851   0.074   11.030  -10.000     -115.9337    -1819.9648
17   9  15.698  43788.000  23.851   0.060   10.240  -10.000     -115.9337    -1819.9648
 3   9  15.698  43428.020  48.636   0.010   11.740  -10.000     -138.8649    -2179.9453
14   9  15.698  43428.020  48.636  -0.013   13.430  -10.000     -138.8649    -2179.9453
15   9  15.698  43428.020  48.636  -0.001   12.090  -10.000     -138.8649    -2179.9453
16   9  15.698  43428.020  48.636   0.023   11.040  -10.000     -138.8649    -2179.9453
17   9  15.698  43428.020  48.636   0.007   10.240  -10.000     -138.8649    -2179.9453
 3   9  15.698  43428.961  70.225   0.003   11.780  -10.000     -138.8049    -2179.0039
14   9  15.698  43428.961  70.225  -0.021   13.480  -10.000     -138.8049    -2179.0039
15   9  15.698  43428.961  70.225   0.000   12.140  -10.000     -138.8049    -2179.0039
16   9  15.698  43428.961  70.225   0.029   11.090  -10.000     -138.8049    -2179.0039
17   9  15.698  43428.961  70.225   0.016   10.290  -10.000     -138.8049    -2179.0039
 3   9  15.698  43460.969  84.243  -0.052   11.740  -10.000     -136.7660    -2146.9961
14   9  15.698  43460.969  84.243  -0.078   13.430  -10.000     -136.7660    -2146.9961
15   9  15.698  43460.969  84.243  -0.054   12.100  -10.000     -136.7660    -2146.9961
16   9  15.698  43460.969  84.243  -0.039   11.040  -10.000     -136.7660    -2146.9961
17   9  15.698  43460.969  84.243  -0.034   10.260  -10.000     -136.7660    -2146.9961
 3   9  15.698  43790.988  92.379   0.026   11.820  -10.000     -115.7434    -1816.9766
14   9  15.698  43790.988  92.379   0.022   13.520  -10.000     -115.7434    -1816.9766
15   9  15.698  43790.988  92.379   0.046   12.200  -10.000     -115.7434    -1816.9766
16   9  15.698  43790.988  92.379   0.047   11.130  -10.000     -115.7434    -1816.9766
17   9  15.698  43790.988  92.379   0.038   10.340  -10.000     -115.7434    -1816.9766
 3   9  15.698  43464.941 175.342  -0.063   11.530  -10.000     -136.5129    -2143.0234
14   9  15.698  43464.941 175.342  -0.016   13.010  -10.000     -136.5129    -2143.0234
15   9  15.698  43464.941 175.342  -0.055   11.860  -10.000     -136.5129    -2143.0234
16   9  15.698  43464.941 175.342  -0.046   10.910  -10.000     -136.5129    -2143.0234
17   9  15.698  43464.941 175.342  -0.064   10.170  -10.000     -136.5129    -2143.0234
