 1  79  10.142  45488.297 265.991   0.104   12.732  -10.000       -0.2611       -2.6484
 2  79  10.142  45488.297 265.991   0.014   11.518  -10.000       -0.2611       -2.6484
 3  79  10.142  45488.297 265.991   0.003    9.999  -10.000       -0.2611       -2.6484
 4  79  10.142  45488.297 265.991  -0.005    9.051  -10.000       -0.2611       -2.6484
 2  79  10.142  45503.266  77.320  -0.032   12.202  -10.000        1.2148       12.3203
 3  79  10.142  45503.266  77.320  -0.032   10.463  -10.000        1.2148       12.3203
 4  79  10.142  45503.266  77.320  -0.016    9.443  -10.000        1.2148       12.3203
 1  79  10.142  45508.238 253.829   0.114   12.680  -10.000        1.7051       17.2930
 2  79  10.142  45508.238 253.829   0.104   11.569  -10.000        1.7051       17.2930
 3  79  10.142  45508.238 253.829   0.041   10.015  -10.000        1.7051       17.2930
 4  79  10.142  45508.238 253.829   0.033    9.075  -10.000        1.7051       17.2930
 1  79  10.142  45509.250 289.741  -0.115   12.683  -10.000        1.8048       18.3047
 2  79  10.142  45509.250 289.741  -0.005   11.609  -10.000        1.8048       18.3047
 3  79  10.142  45509.250 289.741   0.010   10.070  -10.000        1.8048       18.3047
 4  79  10.142  45509.250 289.741  -0.004    9.097  -10.000        1.8048       18.3047
 1  79  10.142  45512.254  36.367  -0.097   13.471  -10.000        2.1010       21.3086
 2  79  10.142  45512.254  36.367  -0.035   12.113  -10.000        2.1010       21.3086
 3  79  10.142  45512.254  36.367  -0.013   10.400  -10.000        2.1010       21.3086
 4  79  10.142  45512.254  36.367  -0.017    9.362  -10.000        2.1010       21.3086
 2  79  10.142  45513.281  72.834   0.047   12.283  -10.000        2.2023       22.3359
 3  79  10.142  45513.281  72.834   0.021   10.514  -10.000        2.2023       22.3359
 4  79  10.142  45513.281  72.834   0.009    9.465  -10.000        2.2023       22.3359
 1  79  10.142  45514.258 107.498   0.388   13.907  -10.000        2.2986       23.3125
 2  79  10.142  45514.258 107.498  -0.008   12.144  -10.000        2.2986       23.3125
 3  79  10.142  45514.258 107.498   0.014   10.472  -10.000        2.2986       23.3125
 4  79  10.142  45514.258 107.498   0.011    9.452  -10.000        2.2986       23.3125
 1  79  10.142  45515.262 143.132   0.619   13.747  -10.000        2.3976       24.3164
 2  79  10.142  45515.262 143.132   0.165   12.055  -10.000        2.3976       24.3164
 3  79  10.142  45515.262 143.132   0.097   10.392  -10.000        2.3976       24.3164
 1  79  10.142  45648.242 183.391  -0.092   12.706  -10.000       15.5094      157.2969
 2  79  10.142  45648.242 183.391  -0.069   11.583  -10.000       15.5094      157.2969
 3  79  10.142  45648.242 183.391  -0.053   10.074  -10.000       15.5094      157.2969
 4  79  10.142  45648.242 183.391  -0.050    9.131  -10.000       15.5094      157.2969
 1  79  10.142  45649.258 219.442  -0.061   12.575  -10.000       15.6096      158.3125
 2  79  10.142  45649.258 219.442   0.004   11.531  -10.000       15.6096      158.3125
 3  79  10.142  45649.258 219.442  -0.009   10.021  -10.000       15.6096      158.3125
 4  79  10.142  45649.258 219.442  -0.023    9.072  -10.000       15.6096      158.3125
 2  79  10.142  47399.355  60.699  -0.023   12.201  -10.000      188.1686     1908.4102
 3  79  10.142  47399.355  60.699  -0.013   10.465  -10.000      188.1686     1908.4102
 4  79  10.142  47399.355  60.699   0.008    9.447  -10.000      188.1686     1908.4102
 2  79  10.142  47400.293  93.977  -0.036   12.171  -10.000      188.2610     1909.3477
 3  79  10.142  47400.293  93.977  -0.007   10.480  -10.000      188.2610     1909.3477
 4  79  10.142  47400.293  93.977  -0.020    9.439  -10.000      188.2610     1909.3477
 2  79  10.142  47401.297 129.611   0.019   12.012  -10.000      188.3600     1910.3516
 3  79  10.142  47401.297 129.611   0.005   10.366  -10.000      188.3600     1910.3516
 4  79  10.142  47401.297 129.611   0.007    9.376  -10.000      188.3600     1910.3516
 2  79  10.142  47402.293 164.965  -0.017   11.727  -10.000      188.4582     1911.3477
 3  79  10.142  47402.293 164.965  -0.020   10.174  -10.000      188.4582     1911.3477
 4  79  10.142  47402.293 164.965  -0.017    9.220  -10.000      188.4582     1911.3477
 2  79  10.142  47403.328 201.709  -0.072   11.532  -10.000      188.5603     1912.3828
 3  79  10.142  47403.328 201.709  -0.056   10.033  -10.000      188.5603     1912.3828
 4  79  10.142  47403.328 201.709  -0.042    9.104  -10.000      188.5603     1912.3828
 2  79  10.142  47404.297 236.096   0.111   11.570  -10.000      188.6558     1913.3516
 3  79  10.142  47404.297 236.096   0.062   10.039  -10.000      188.6558     1913.3516
 4  79  10.142  47404.297 236.096   0.076    9.124  -10.000      188.6558     1913.3516
 2  79  10.142  47407.289 342.307  -0.036   11.858  -10.000      188.9509     1916.3438
 3  79  10.142  47407.289 342.307  -0.024   10.209  -10.000      188.9509     1916.3438
 4  79  10.142  47407.289 342.307  -0.005    9.224  -10.000      188.9509     1916.3438
 2  79  10.142  47408.297  18.083  -0.043   12.025  -10.000      189.0502     1917.3516
 3  79  10.142  47408.297  18.083  -0.046   10.307  -10.000      189.0502     1917.3516
 4  79  10.142  47408.297  18.083  -0.016    9.311  -10.000      189.0502     1917.3516
 2  79  10.142  47409.293  53.438  -0.036   12.171  -10.000      189.1484     1918.3477
 3  79  10.142  47409.293  53.438   0.020   10.482  -10.000      189.1484     1918.3477
 4  79  10.142  47409.293  53.438   0.016    9.440  -10.000      189.1484     1918.3477
 2  79  10.142  47410.305  89.352   0.051   12.270  -10.000      189.2482     1919.3594
 3  79  10.142  47410.305  89.352   0.040   10.532  -10.000      189.2482     1919.3594
 4  79  10.142  47410.305  89.352   0.034    9.496  -10.000      189.2482     1919.3594
 2  79  10.142  47411.312 125.123   0.027   12.055  -10.000      189.3476     1920.3672
 3  79  10.142  47411.312 125.123   0.042   10.424  -10.000      189.3476     1920.3672
 4  79  10.142  47411.312 125.123   0.022    9.407  -10.000      189.3476     1920.3672
 2  79  10.142  47413.289 195.282  -0.076   11.545  -10.000      189.5424     1922.3438
 3  79  10.142  47413.289 195.282  -0.056   10.046  -10.000      189.5424     1922.3438
 4  79  10.142  47413.289 195.282  -0.052    9.106  -10.000      189.5424     1922.3438
 2  79  10.142  47414.285 230.641   0.121   11.595  -10.000      189.6407     1923.3398
 3  79  10.142  47414.285 230.641   0.055   10.045  -10.000      189.6407     1923.3398
 4  79  10.142  47414.285 230.641   0.049    9.109  -10.000      189.6407     1923.3398
 2  79  10.142  47415.266 265.446   0.039   11.541  -10.000      189.7374     1924.3203
 3  79  10.142  47415.266 265.446   0.031   10.026  -10.000      189.7374     1924.3203
 4  79  10.142  47415.266 265.446   0.018    9.073  -10.000      189.7374     1924.3203
 2  79  10.142  47416.262 300.800   0.005   11.681  -10.000      189.8356     1925.3164
 3  79  10.142  47416.262 300.800   0.008   10.105  -10.000      189.8356     1925.3164
 4  79  10.142  47416.262 300.800   0.017    9.145  -10.000      189.8356     1925.3164
 2  79  10.142  47417.254 336.017  -0.046   11.817  -10.000      189.9334     1926.3086
 3  79  10.142  47417.254 336.017  -0.030   10.183  -10.000      189.9334     1926.3086
 4  79  10.142  47417.254 336.017  -0.013    9.201  -10.000      189.9334     1926.3086
 2  79  10.142  47418.250  11.376  -0.012   12.022  -10.000      190.0316     1927.3047
 3  79  10.142  47418.250  11.376  -0.009   10.320  -10.000      190.0316     1927.3047
 4  79  10.142  47418.250  11.376  -0.005    9.301  -10.000      190.0316     1927.3047
 2  79  10.142  47419.227  46.038   0.021   12.205  -10.000      190.1279     1928.2812
 3  79  10.142  47419.227  46.038   0.012   10.455  -10.000      190.1279     1928.2812
 4  79  10.142  47419.227  46.038   0.022    9.428  -10.000      190.1279     1928.2812
 2  79  10.142  47420.227  81.535   0.028   12.259  -10.000      190.2265     1929.2812
 3  79  10.142  47420.227  81.535   0.007   10.502  -10.000      190.2265     1929.2812
 4  79  10.142  47420.227  81.535   0.031    9.492  -10.000      190.2265     1929.2812
 2  79  10.142  47421.215 116.614   0.052   12.145  -10.000      190.3239     1930.2695
 3  79  10.142  47421.215 116.614   0.050   10.473  -10.000      190.3239     1930.2695
 4  79  10.142  47421.215 116.614   0.046    9.462  -10.000      190.3239     1930.2695
 2  79  10.142  47422.227 152.529  -0.049   11.776  -10.000      190.4237     1931.2812
 3  79  10.142  47422.227 152.529  -0.033   10.219  -10.000      190.4237     1931.2812
 4  79  10.142  47422.227 152.529  -0.028    9.256  -10.000      190.4237     1931.2812
 2  79  10.142  47423.234 188.300  -0.082   11.555  -10.000      190.5231     1932.2891
 3  79  10.142  47423.234 188.300  -0.064   10.052  -10.000      190.5231     1932.2891
 4  79  10.142  47423.234 188.300  -0.048    9.123  -10.000      190.5231     1932.2891
 2  79  10.142  47424.242 224.077   0.010   11.513  -10.000      190.6224     1933.2969
 3  79  10.142  47424.242 224.077   0.008   10.020  -10.000      190.6224     1933.2969
 4  79  10.142  47424.242 224.077  -0.011    9.068  -10.000      190.6224     1933.2969
 2  79  10.142  47425.262 260.266   0.065   11.548  -10.000      190.7230     1934.3164
 3  79  10.142  47425.262 260.266   0.049   10.033  -10.000      190.7230     1934.3164
 4  79  10.142  47425.262 260.266   0.053    9.101  -10.000      190.7230     1934.3164
 2  79  10.142  47428.227   5.504  -0.031   11.974  -10.000      191.0153     1937.2812
 3  79  10.142  47428.227   5.504  -0.017   10.291  -10.000      191.0153     1937.2812
 4  79  10.142  47428.227   5.504   0.008    9.297  -10.000      191.0153     1937.2812
 2  79  10.142  47429.230  41.138   0.006   12.173  -10.000      191.1143     1938.2852
 3  79  10.142  47429.230  41.138   0.010   10.439  -10.000      191.1143     1938.2852
 4  79  10.142  47429.230  41.138   0.031    9.424  -10.000      191.1143     1938.2852
 2  79  10.142  47430.219  76.218   0.031   12.266  -10.000      191.2117     1939.2734
 3  79  10.142  47430.219  76.218   0.019   10.514  -10.000      191.2117     1939.2734
 4  79  10.142  47430.219  76.218   0.022    9.480  -10.000      191.2117     1939.2734
 2  79  10.142  47431.266 113.379   0.024   12.141  -10.000      191.3149     1940.3203
 3  79  10.142  47431.266 113.379   0.016   10.453  -10.000      191.3149     1940.3203
 4  79  10.142  47431.266 113.379   0.022    9.448  -10.000      191.3149     1940.3203
 2  79  10.142  47432.250 148.321  -0.020   11.834  -10.000      191.4120     1941.3047
 3  79  10.142  47432.250 148.321   0.012   10.283  -10.000      191.4120     1941.3047
 4  79  10.142  47432.250 148.321  -0.003    9.297  -10.000      191.4120     1941.3047
 2  79  10.142  47433.250 183.812  -0.086   11.565  -10.000      191.5106     1942.3047
 3  79  10.142  47433.250 183.812  -0.064   10.062  -10.000      191.5106     1942.3047
 4  79  10.142  47433.250 183.812  -0.048    9.132  -10.000      191.5106     1942.3047
 2  79  10.142  47434.246 219.172   0.014   11.542  -10.000      191.6088     1943.3008
 3  79  10.142  47434.246 219.172  -0.011   10.020  -10.000      191.6088     1943.3008
 4  79  10.142  47434.246 219.172   0.001    9.097  -10.000      191.6088     1943.3008
 3  79  10.142  49934.398  44.286   0.014   10.452  -10.000      438.1230     4443.4531
 4  79  10.142  49934.398  44.286  -0.029    9.373  -10.000      438.1230     4443.4531
 5  79  10.142  49934.398  44.286   0.004    8.439  -10.000      438.1230     4443.4531
 3  79  10.142  49935.395  79.640  -0.024   10.471  -10.000      438.2212     4444.4492
 4  79  10.142  49935.395  79.640  -0.062    9.398  -10.000      438.2212     4444.4492
 5  79  10.142  49935.395  79.640  -0.018    8.476  -10.000      438.2212     4444.4492
 3  79  10.142  49936.387 114.851   0.030   10.461  -10.000      438.3190     4445.4414
 4  79  10.142  49936.387 114.851   0.003    9.425  -10.000      438.3190     4445.4414
 5  79  10.142  49936.387 114.851   0.015    8.495  -10.000      438.3190     4445.4414
 3  79  10.142  49937.367 149.656  -0.005   10.260  -10.000      438.4157     4446.4219
 4  79  10.142  49937.367 149.656  -0.028    9.267  -10.000      438.4157     4446.4219
 3  79  10.142  49938.402 186.405  -0.067   10.053  -10.000      438.5178     4447.4570
 4  79  10.142  49938.402 186.405  -0.075    9.099  -10.000      438.5178     4447.4570
 5  79  10.142  49938.402 186.405  -0.084    8.207  -10.000      438.5178     4447.4570
 3  79  10.142  49939.398 221.759   0.035   10.056  -10.000      438.6160     4448.4531
 5  79  10.142  49939.398 221.759   0.018    8.233  -10.000      438.6160     4448.4531
 3  79  10.142  49941.371 291.786   0.041   10.108  -10.000      438.8105     4450.4258
 5  79  10.142  49941.371 291.786   0.034    8.243  -10.000      438.8105     4450.4258
 3  79  10.142  49942.352 326.580   0.019   10.200  -10.000      438.9072     4451.4062
 5  79  10.142  49942.352 326.580  -0.016    8.249  -10.000      438.9072     4451.4062
 3  79  10.142  49943.352   2.076   0.035   10.331  -10.000      439.0058     4452.4062
 5  79  10.142  49943.352   2.076   0.027    8.358  -10.000      439.0058     4452.4062
 3  79  10.142  49944.387  38.826   0.005   10.426  -10.000      439.1078     4453.4414
 5  79  10.142  49944.387  38.826  -0.011    8.410  -10.000      439.1078     4453.4414
 3  79  10.142  49945.391  74.454   0.034   10.528  -10.000      439.2068     4454.4453
 5  79  10.142  49945.391  74.454   0.055    8.545  -10.000      439.2068     4454.4453
 3  79  10.142  49946.375 109.402   0.050   10.502  -10.000      439.3039     4455.4297
 5  79  10.142  49946.375 109.402   0.014    8.504  -10.000      439.3039     4455.4297
 3  79  10.142  49947.336 143.503   0.009   10.302  -10.000      439.3986     4456.3906
 5  79  10.142  49947.336 143.503  -0.041    8.366  -10.000      439.3986     4456.3906
 3  79  10.142  49948.301 177.759  -0.029   10.115  -10.000      439.4938     4457.3555
 5  79  10.142  49948.301 177.759  -0.027    8.281  -10.000      439.4938     4457.3555
 3  79  10.142  49949.309 213.530   0.012   10.065  -10.000      439.5931     4458.3633
 5  79  10.142  49949.309 213.530   0.000    8.238  -10.000      439.5931     4458.3633
 3  79  10.142  49950.289 248.335   0.074   10.043  -10.000      439.6898     4459.3438
 5  79  10.142  49950.289 248.335   0.026    8.196  -10.000      439.6898     4459.3438
 3  79  10.142  49952.293 319.460   0.023   10.181  -10.000      439.8874     4461.3477
 5  79  10.142  49952.293 319.460  -0.005    8.248  -10.000      439.8874     4461.3477
 3  79  10.142  49953.367 357.594   0.017   10.297  -10.000      439.9933     4462.4219
 5  79  10.142  49953.367 357.594   0.005    8.326  -10.000      439.9933     4462.4219
 3  79  10.142  49954.309  31.014   0.029   10.425  -10.000      440.0862     4463.3633
 5  79  10.142  49954.309  31.014   0.040    8.441  -10.000      440.0862     4463.3633
 3  79  10.142  49955.285  65.676   0.044   10.530  -10.000      440.1824     4464.3398
 5  79  10.142  49955.285  65.676   0.014    8.492  -10.000      440.1824     4464.3398
 2 162  10.142  36751.863 118.586   0.011   12.090  -10.000     -861.6706    -8739.0820
 3 162  10.142  36751.863 118.586   0.096   10.510  -10.000     -861.6706    -8739.0820
 2 162  10.142  36773.805 177.429  -0.061   11.615  -10.000     -859.5071    -8717.1406
 3 162  10.142  36773.805 177.429  -0.082   10.063  -10.000     -859.5071    -8717.1406
 2 162  10.142  36774.742 210.696  -0.020   11.550  -10.000     -859.4147    -8716.2031
 3 162  10.142  36774.742 210.696  -0.002   10.060  -10.000     -859.4147    -8716.2031
 2 162  10.142  36777.840 320.647  -0.041   11.740  -10.000     -859.1093    -8713.1055
 3 162  10.142  36777.840 320.647  -0.011   10.150  -10.000     -859.1093    -8713.1055
 2 162  10.142  36778.828 355.737  -0.056   11.900  -10.000     -859.0118    -8712.1172
 3 162  10.142  36778.828 355.737  -0.024   10.250  -10.000     -859.0118    -8712.1172
 1 162  10.142  36785.770 242.117   0.149   12.690  -10.000     -858.3275    -8705.1758
 2 162  10.142  36785.770 242.117   0.109   11.560  -10.000     -858.3275    -8705.1758
 3 162  10.142  36785.770 242.117   0.090   10.060  -10.000     -858.3275    -8705.1758
 1 162  10.142  36786.750 276.921  -0.279   12.420  -10.000     -858.2308    -8704.1953
 2 162  10.142  36786.750 276.921  -0.049   11.500  -10.000     -858.2308    -8704.1953
 3 162  10.142  36786.750 276.921  -0.042    9.980  -10.000     -858.2308    -8704.1953
 2 162  10.142  36789.781  24.521  -0.075   12.023  -10.000     -857.9319    -8701.1641
 3 162  10.142  36789.781  24.521  -0.007   10.368  -10.000     -857.9319    -8701.1641
 2 162  10.142  36791.762  94.812  -0.003   12.202  -10.000     -857.7366    -8699.1836
 3 162  10.142  36791.762  94.812  -0.011   10.475  -10.000     -857.7366    -8699.1836
 2 162  10.142  36792.746 129.771   0.018   12.010  -10.000     -857.6395    -8698.1992
 3 162  10.142  36792.746 129.771  -0.010   10.350  -10.000     -857.6395    -8698.1992
 1 162  10.142  36805.719 230.229  -0.059   12.510  -10.000     -856.3605    -8685.2266
 2 162  10.142  36805.719 230.229   0.074   11.550  -10.000     -856.3605    -8685.2266
 3 162  10.142  36805.719 230.229   0.049   10.040  -10.000     -856.3605    -8685.2266
 1 162  10.142  36806.719 265.737  -0.104   12.522  -10.000     -856.2618    -8684.2266
 2 162  10.142  36806.719 265.737  -0.001   11.502  -10.000     -856.2618    -8684.2266
 3 162  10.142  36806.719 265.737   0.025   10.020  -10.000     -856.2618    -8684.2266
 2 162  10.142  36812.711 118.433   0.005   12.085  -10.000     -855.6710    -8678.2344
 3 162  10.142  36812.711 118.433   0.005   10.420  -10.000     -855.6710    -8678.2344
 1 162  10.142  36813.707 153.787  -0.220   12.803  -10.000     -855.5728    -8677.2383
 2 162  10.142  36813.707 153.787  -0.044   11.773  -10.000     -855.5728    -8677.2383
 3 162  10.142  36813.707 153.787  -0.027   10.219  -10.000     -855.5728    -8677.2383
 1 162  10.142  36814.738 190.393  -0.194   12.578  -10.000     -855.4711    -8676.2070
 2 162  10.142  36814.738 190.393  -0.104   11.528  -10.000     -855.4711    -8676.2070
 3 162  10.142  36814.738 190.393  -0.048   10.064  -10.000     -855.4711    -8676.2070
 1 162  10.142  36815.719 225.198   0.049   12.646  -10.000     -855.3745    -8675.2266
 2 162  10.142  36815.719 225.198   0.029   11.526  -10.000     -855.3745    -8675.2266
 3 162  10.142  36815.719 225.198   0.039   10.047  -10.000     -855.3745    -8675.2266
 1 162  10.142  36816.703 260.134   0.011   12.606  -10.000     -855.2774    -8674.2422
 2 162  10.142  36816.703 260.134   0.003   11.486  -10.000     -855.2774    -8674.2422
 3 162  10.142  36816.703 260.134   0.027   10.011  -10.000     -855.2774    -8674.2422
 2 162  10.142  36841.703  67.544   0.023   12.256  -10.000     -852.8124    -8649.2422
 3 162  10.142  36841.703  67.544   0.039   10.527  -10.000     -852.8124    -8649.2422
 1 162  10.142  36844.730 174.990  -0.095   12.750  -10.000     -852.5139    -8646.2148
 2 162  10.142  36844.730 174.990  -0.077   11.610  -10.000     -852.5139    -8646.2148
 3 162  10.142  36844.730 174.990  -0.053   10.100  -10.000     -852.5139    -8646.2148
 1 162  10.142  36845.648 207.576  -0.060   12.650  -10.000     -852.4234    -8645.2969
 2 162  10.142  36845.648 207.576  -0.113   11.470  -10.000     -852.4234    -8645.2969
 3 162  10.142  36845.648 207.576  -0.062   10.010  -10.000     -852.4234    -8645.2969
 1 162  10.142  36846.680 244.182   0.106   12.647  -10.000     -852.3217    -8644.2656
 2 162  10.142  36846.680 244.182   0.076   11.527  -10.000     -852.3217    -8644.2656
 3 162  10.142  36846.680 244.182   0.068   10.037  -10.000     -852.3217    -8644.2656
 2 162  10.142  36847.750 282.173   0.000   11.574  -10.000     -852.2162    -8643.1953
 3 162  10.142  36847.750 282.173   0.007   10.043  -10.000     -852.2162    -8643.1953
 2 150  10.142  50305.289 249.368   0.062   11.518  -10.000      474.6927     4814.3438
 3 150  10.142  50305.289 249.368   0.062   10.032  -10.000      474.6927     4814.3438
 4 150  10.142  50305.289 249.368   0.053    9.093  -10.000      474.6927     4814.3438
 2 150  10.142  50306.316 285.831  -0.040   11.553  -10.000      474.7940     4815.3711
 3 150  10.142  50306.316 285.831  -0.010   10.037  -10.000      474.7940     4815.3711
 4 150  10.142  50306.316 285.831   0.001    9.093  -10.000      474.7940     4815.3711
 2 150  10.142  50307.301 320.779  -0.018   11.764  -10.000      474.8911     4816.3555
 3 150  10.142  50307.301 320.779   0.013   10.175  -10.000      474.8911     4816.3555
 4 150  10.142  50307.301 320.779   0.034    9.209  -10.000      474.8911     4816.3555
 2 150  10.142  50310.289  66.852  -0.078   12.155  -10.000      475.1857     4819.3438
 3 150  10.142  50310.289  66.852  -0.025   10.462  -10.000      475.1857     4819.3438
 4 150  10.142  50310.289  66.852  -0.004    9.445  -10.000      475.1857     4819.3438
 2 150  10.142  50311.266 101.514  -0.049   12.131  -10.000      475.2820     4820.3203
 3 150  10.142  50311.266 101.514   0.005   10.478  -10.000      475.2820     4820.3203
 4 150  10.142  50311.266 101.514   0.014    9.465  -10.000      475.2820     4820.3203
 2 150  10.142  50312.293 137.977  -0.004   11.924  -10.000      475.3833     4821.3477
 3 150  10.142  50312.293 137.977  -0.012   10.308  -10.000      475.3833     4821.3477
 4 150  10.142  50312.293 137.977  -0.003    9.335  -10.000      475.3833     4821.3477
 2 150  10.142  50313.285 173.199  -0.115   11.581  -10.000      475.4811     4822.3398
 3 150  10.142  50313.285 173.199  -0.069   10.091  -10.000      475.4811     4822.3398
 4 150  10.142  50313.285 173.199  -0.051    9.157  -10.000      475.4811     4822.3398
 2 150  10.142  50314.273 208.279  -0.090   11.490  -10.000      475.5786     4823.3281
 3 150  10.142  50314.273 208.279  -0.054   10.016  -10.000      475.5786     4823.3281
 4 150  10.142  50314.273 208.279  -0.036    9.094  -10.000      475.5786     4823.3281
 2 150  10.142  50315.281 244.050   0.078   11.529  -10.000      475.6779     4824.3359
 3 150  10.142  50315.281 244.050   0.034   10.003  -10.000      475.6779     4824.3359
 4 150  10.142  50315.281 244.050   0.047    9.087  -10.000      475.6779     4824.3359
 2 150  10.142  50316.215 277.185  -0.013   11.537  -10.000      475.7700     4825.2695
 3 150  10.142  50316.215 277.185  -0.021   10.001  -10.000      475.7700     4825.2695
 4 150  10.142  50316.215 277.185   0.016    9.090  -10.000      475.7700     4825.2695
 2 150  10.142  50317.238 313.517   0.039   11.783  -10.000      475.8709     4826.2930
 3 150  10.142  50317.238 313.517   0.031   10.170  -10.000      475.8709     4826.2930
 4 150  10.142  50317.238 313.517   0.056    9.214  -10.000      475.8709     4826.2930
 2 150  10.142  50318.266 349.980  -0.037   11.892  -10.000      475.9722     4827.3203
 3 150  10.142  50318.266 349.980  -0.022   10.234  -10.000      475.9722     4827.3203
 4 150  10.142  50318.266 349.980   0.011    9.258  -10.000      475.9722     4827.3203
 2 150  10.142  50319.246  24.785  -0.043   12.057  -10.000      476.0688     4828.3008
 3 150  10.142  50319.246  24.785  -0.036   10.340  -10.000      476.0688     4828.3008
 4 150  10.142  50319.246  24.785   0.005    9.352  -10.000      476.0688     4828.3008
 2 150  10.142  50320.238  60.007  -0.005   12.218  -10.000      476.1667     4829.2930
 3 150  10.142  50320.238  60.007  -0.004   10.472  -10.000      476.1667     4829.2930
 4 150  10.142  50320.238  60.007   0.035    9.472  -10.000      476.1667     4829.2930
 2 150  10.142  50321.227  95.087   0.011   12.215  -10.000      476.2641     4830.2812
 3 150  10.142  50321.227  95.087  -0.005   10.481  -10.000      476.2641     4830.2812
 4 150  10.142  50321.227  95.087   0.020    9.478  -10.000      476.2641     4830.2812
 2 150  10.142  50322.262 131.825  -0.028   11.948  -10.000      476.3662     4831.3164
 3 150  10.142  50322.262 131.825  -0.018   10.332  -10.000      476.3662     4831.3164
 4 150  10.142  50322.262 131.825  -0.008    9.353  -10.000      476.3662     4831.3164
 2 150  10.142  50323.262 167.322  -0.013   11.716  -10.000      476.4648     4832.3164
 3 150  10.142  50323.262 167.322  -0.040   10.144  -10.000      476.4648     4832.3164
 4 150  10.142  50323.262 167.322  -0.007    9.221  -10.000      476.4648     4832.3164
 2 150  10.142  50324.266 202.961  -0.079   11.521  -10.000      476.5638     4833.3203
 3 150  10.142  50324.266 202.961  -0.076   10.009  -10.000      476.5638     4833.3203
 4 150  10.142  50324.266 202.961  -0.045    9.098  -10.000      476.5638     4833.3203
 2 150  10.142  50325.227 237.074   0.090   11.547  -10.000      476.6585     4834.2812
 3 150  10.142  50325.227 237.074   0.047   10.022  -10.000      476.6585     4834.2812
 4 150  10.142  50325.227 237.074   0.064    9.111  -10.000      476.6585     4834.2812
 0 119  10.142  47473.238 163.235 -13.892  -27.100    0.500      195.4534     1982.2930
 0 119  10.142  48451.539 328.887   4.175  -14.560    0.980      291.9136     2960.5938
 0 119  10.142  48474.500  63.896   3.199    3.530    1.500      294.1775     2983.5547
 0 119  10.142  48558.172 153.907   0.338  -10.020    1.500      302.4275     3067.2266
 0 119  10.142  48559.164 189.130  -5.797  -22.150    1.450      302.5254     3068.2188
 0 119  10.142  48561.184 260.815   3.209  -17.700    1.140      302.7245     3070.2383
 0 119  10.142  48562.102 293.390   6.371  -16.030    0.870      302.8150     3071.1562
 0 119  10.142  48563.098 328.755  -1.072  -19.810    1.100      302.9132     3072.1523
 0 119  10.142  48565.184  42.792  -0.662   -2.890    0.900      303.1189     3074.2383
 0 119  10.142  48566.176  78.014   3.913    5.320    1.400      303.2167     3075.2305
 0 119  10.142  48567.105 111.017   7.322    8.750    1.430      303.3084     3076.1602
 0 119  10.142  49257.359 132.188   0.997    0.710    0.980      371.3672     3766.4141
 0 119  10.142  49556.496 310.309   4.596  -16.860    0.970      400.8620     4065.5508
 0 119  10.142  49558.461  20.050  -1.900  -10.670    0.910      401.0557     4067.5156
 0 119  10.142  49583.473 187.866  -5.547  -21.680    0.710      403.5219     4092.5273
 0 119  10.142  49593.426 181.154  -2.889  -17.600    0.870      404.5032     4102.4805
 0 119  10.142  49605.414 246.687  -0.193  -19.200    0.470      405.6852     4114.4688
 0 119  10.142  49610.426  64.589  -0.263    0.200    0.700      406.1794     4119.4805
 0 119  10.142  49611.352  97.449   3.434    5.430    0.540      406.2707     4120.4062
 0 119  10.142  49613.453 172.046  -3.104  -16.380    1.000      406.4779     4122.5078
 0 119  10.142  49614.395 205.455  -7.172  -23.210    1.030      406.5707     4123.4492
 0 119  10.142  49615.363 239.843  -0.498  -18.610    0.660      406.6662     4124.4180
 0 119  10.142  49617.328 309.595   5.349  -16.150    0.550      406.8600     4126.3828
 0 119  10.142  49618.309 344.388   1.890  -15.380    0.610      406.9566     4127.3633
 0 119  10.142  49619.324  20.446  -0.750   -9.440    0.580      407.0568     4128.3789
 0 119  10.142  49623.250 159.796   3.845   -8.950    0.620      407.4439     4132.3047
 0 119  10.142  50704.328  13.623  -1.479  -11.040    0.460      514.0378     5213.3828
 0 119  10.142  50705.367  50.493  -1.138   -3.800    0.600      514.1403     5214.4219
 0 119  10.142  50707.367 121.487   3.261    3.140    0.710      514.3375     5216.4219
 0 119  10.142  50713.359 334.182   1.964  -16.660    1.000      514.9283     5222.4141
 0 119  10.142  50715.324  43.923   0.998   -1.260    0.570      515.1220     5224.3789
 0 119  10.142  50729.371 182.527  -0.390  -15.400    0.730      516.5070     5238.4258
 0 119  10.142  50730.395 218.870  -2.179  -18.810    0.450      516.6080     5239.4492
 0 119  10.142  50731.285 250.466   3.876  -15.900    0.490      516.6957     5240.3398
 0 151  10.142  50704.328  13.623  -1.479  -11.040    0.460      514.0378     5213.3828
 0 151  10.142  50705.367  50.493  -1.138   -3.800    0.600      514.1403     5214.4219
 0 151  10.142  50707.367 121.487   3.261    3.140    0.710      514.3375     5216.4219
 0 151  10.142  50713.359 334.182   1.964  -16.660    1.000      514.9283     5222.4141
 0 151  10.142  50715.324  43.923   0.998   -1.260    0.570      515.1220     5224.3789
 0 151  10.142  50729.371 182.527  -0.390  -15.400    0.730      516.5070     5238.4258
 0 151  10.142  50730.395 218.870  -2.179  -18.810    0.450      516.6080     5239.4492
 0 151  10.142  50731.285 250.466   3.876  -15.900    0.490      516.6957     5240.3398
 2  14  10.142  43437.246 182.137   0.023   11.680  -10.000     -202.4941    -2053.6992
 3  14  10.142  43437.246 182.137  -0.011   10.120  -10.000     -202.4941    -2053.6992
 3  14  10.142  43647.504  85.424   0.036   10.530  -10.000     -181.7627    -1843.4414
 2  14  10.142  43679.516 141.707   0.059   11.960  -10.000     -178.6064    -1811.4297
 3  14  10.142  43679.516 141.707  -0.022   10.280  -10.000     -178.6064    -1811.4297
 2  14  10.142  43693.508 278.372   0.064   11.620  -10.000     -177.2267    -1797.4375
 3  14  10.142  43693.508 278.372   0.054   10.080  -10.000     -177.2267    -1797.4375
 2  14  10.142  43714.449 301.707   0.039   11.720  -10.000     -175.1619    -1776.4961
 3  14  10.142  43714.449 301.707   0.010   10.110  -10.000     -175.1619    -1776.4961
 3  14  10.142  43720.551 158.286  -0.025   10.200  -10.000     -174.5603    -1770.3945
 3  14  10.142  43722.469 226.368   0.057   10.060  -10.000     -174.3712    -1768.4766
 2  14  10.142  43739.383 106.749   0.024   12.180  -10.000     -172.7035    -1751.5625
 3  14  10.142  43739.383 106.749   0.059   10.520  -10.000     -172.7035    -1751.5625
 3  14  10.142  43743.527 253.861   0.076   10.050  -10.000     -172.2948    -1747.4180
 2  14  10.142  43763.445 240.864   0.198   11.650  -10.000     -170.3309    -1727.5000
 3  14  10.142  43763.445 240.864   0.079   10.050  -10.000     -170.3309    -1727.5000
 2  14  10.142  43772.395 198.528  -0.033   11.580  -10.000     -169.4485    -1718.5508
 3  14  10.142  43772.395 198.528  -0.036   10.060  -10.000     -169.4485    -1718.5508
 2  14  10.142  43777.410  16.562   0.070   12.130  -10.000     -168.9540    -1713.5352
 3  14  10.142  43777.410  16.562  -0.017   10.330  -10.000     -168.9540    -1713.5352
 2  14  10.142  43788.473  49.235   0.025   12.220  -10.000     -167.8632    -1702.4727
 3  14  10.142  43788.473  49.235   0.048   10.500  -10.000     -167.8632    -1702.4727
 2  14  10.142  43795.336 292.852   0.079   11.710  -10.000     -167.1865    -1695.6094
 3  14  10.142  43795.336 292.852  -0.010   10.060  -10.000     -167.1865    -1695.6094
 2  14  10.142  43803.254 213.909   0.095   11.650  -10.000     -166.4058    -1687.6914
 3  14  10.142  43803.254 213.909   0.039   10.090  -10.000     -166.4058    -1687.6914
 2  14  10.142  43868.223   0.033   0.042   12.020  -10.000     -159.9999    -1622.7227
 3  14  10.142  43868.223   0.033   0.032   10.320  -10.000     -159.9999    -1622.7227
 2  14  10.142  44049.414 311.578  -0.024   11.710  -10.000     -142.1345    -1441.5312
 3  14  10.142  44049.414 311.578  -0.053   10.080  -10.000     -142.1345    -1441.5312
 2  14  10.142  44050.449 348.322   0.008   11.930  -10.000     -142.0324    -1440.4961
 3  14  10.142  44050.449 348.322  -0.031   10.220  -10.000     -142.0324    -1440.4961
 2  14  10.142  44100.461 323.531   0.054   11.850  -10.000     -137.1013    -1390.4844
 3  14  10.142  44100.461 323.531  -0.021   10.150  -10.000     -137.1013    -1390.4844
 3  14  10.142  44102.355  30.784   0.005   10.400  -10.000     -136.9145    -1388.5898
 2  14  10.142  44113.344  60.820   0.026   12.250  -10.000     -135.8311    -1377.6016
 3  14  10.142  44113.344  60.820   0.012   10.490  -10.000     -135.8311    -1377.6016
 3   9  10.142  44086.898 202.121  -0.088   10.000  -10.000     -138.4386    -1404.0469
14   9  10.142  44086.898 202.121  -0.135   12.030  -10.000     -138.4386    -1404.0469
15   9  10.142  44086.898 202.121  -0.076   10.460  -10.000     -138.4386    -1404.0469
16   9  10.142  44086.898 202.121  -0.070    9.140  -10.000     -138.4386    -1404.0469
17   9  10.142  44086.898 202.121  -0.035    8.190  -10.000     -138.4386    -1404.0469
 3   9  10.142  43866.602 302.487  -0.043   10.060  -10.000     -160.1598    -1624.3438
14   9  10.142  43866.602 302.487  -0.051   12.240  -10.000     -160.1598    -1624.3438
15   9  10.142  43866.602 302.487  -0.027   10.540  -10.000     -160.1598    -1624.3438
16   9  10.142  43866.602 302.487  -0.035    9.160  -10.000     -160.1598    -1624.3438
17   9  10.142  43866.602 302.487   0.005    8.190  -10.000     -160.1598    -1624.3438
 3   9  10.142  43867.602 337.983  -0.059   10.160  -10.000     -160.0612    -1623.3438
14   9  10.142  43867.602 337.983  -0.084   12.440  -10.000     -160.0612    -1623.3438
15   9  10.142  43867.602 337.983  -0.050   10.650  -10.000     -160.0612    -1623.3438
16   9  10.142  43867.602 337.983  -0.040    9.240  -10.000     -160.0612    -1623.3438
17   9  10.142  43867.602 337.983  -0.004    8.240  -10.000     -160.0612    -1623.3438
 3   9  10.142  43990.961  36.733  -0.035   10.380  -10.000     -147.8980    -1499.9844
14   9  10.142  43990.961  36.733   0.006   12.860  -10.000     -147.8980    -1499.9844
15   9  10.142  43990.961  36.733  -0.014   10.900  -10.000     -147.8980    -1499.9844
16   9  10.142  43990.961  36.733  -0.008    9.430  -10.000     -147.8980    -1499.9844
17   9  10.142  43990.961  36.733   0.017    8.390  -10.000     -147.8980    -1499.9844
 3   9  10.142  43869.602  48.977  -0.051   10.400  -10.000     -159.8640    -1621.3438
14   9  10.142  43869.602  48.977  -0.044   12.860  -10.000     -159.8640    -1621.3438
15   9  10.142  43869.602  48.977  -0.033   10.920  -10.000     -159.8640    -1621.3438
16   9  10.142  43869.602  48.977  -0.021    9.450  -10.000     -159.8640    -1621.3438
17   9  10.142  43869.602  48.977   0.017    8.420  -10.000     -159.8640    -1621.3438
 3   9  10.142  44085.781 162.466  -0.045   10.160  -10.000     -138.5487    -1405.1641
14   9  10.142  44085.781 162.466  -0.067   12.280  -10.000     -138.5487    -1405.1641
15   9  10.142  44085.781 162.466  -0.023   10.640  -10.000     -138.5487    -1405.1641
16   9  10.142  44085.781 162.466  -0.040    9.270  -10.000     -138.5487    -1405.1641
17   9  10.142  44085.781 162.466  -0.031    8.280  -10.000     -138.5487    -1405.1641
