 1  79  17.864  45503.418 260.332  -0.177   12.996  -10.000        0.7231       12.9180
 2  79  17.864  45503.418 260.332  -0.050   11.840  -10.000        0.7231       12.9180
 3  79  17.864  45503.418 260.332  -0.015   10.312  -10.000        0.7231       12.9180
 4  79  17.864  45503.418 260.332  -0.019    9.409  -10.000        0.7231       12.9180
 1  79  17.864  45505.406 300.402  -0.150   13.417  -10.000        0.8344       14.9062
 2  79  17.864  45505.406 300.402  -0.045   12.096  -10.000        0.8344       14.9062
 3  79  17.864  45505.406 300.402  -0.034   10.434  -10.000        0.8344       14.9062
 4  79  17.864  45505.406 300.402  -0.033    9.490  -10.000        0.8344       14.9062
 1  79  17.864  45508.402   0.781   0.064   14.151  -10.000        1.0022       17.9023
 2  79  17.864  45508.402   0.781   0.058   12.555  -10.000        1.0022       17.9023
 3  79  17.864  45508.402   0.781  -0.001   10.699  -10.000        1.0022       17.9023
 4  79  17.864  45508.402   0.781   0.008    9.711  -10.000        1.0022       17.9023
 2  79  17.864  45512.395  81.235  -0.018   12.774  -10.000        1.2257       21.8945
 3  79  17.864  45512.395  81.235   0.004   10.947  -10.000        1.2257       21.8945
 4  79  17.864  45512.395  81.235   0.015    9.940  -10.000        1.2257       21.8945
 2  79  17.864  45513.422 101.938  -0.007   12.729  -10.000        1.2832       22.9219
 3  79  17.864  45513.422 101.938  -0.009   10.915  -10.000        1.2832       22.9219
 4  79  17.864  45513.422 101.938   0.007    9.927  -10.000        1.2832       22.9219
 1  79  17.864  45514.395 121.540  -0.008   14.125  -10.000        1.3376       23.8945
 2  79  17.864  45514.395 121.540  -0.020   12.583  -10.000        1.3376       23.8945
 3  79  17.864  45514.395 121.540  -0.014   10.837  -10.000        1.3376       23.8945
 4  79  17.864  45514.395 121.540  -0.007    9.866  -10.000        1.3376       23.8945
 2  79  17.864  45648.293 299.959  -0.010   12.128  -10.000        8.8332      157.7930
 3  79  17.864  45648.293 299.959  -0.005   10.461  -10.000        8.8332      157.7930
 4  79  17.864  45648.293 299.959   0.001    9.523  -10.000        8.8332      157.7930
 3  79  17.864  45658.289 141.408  -0.047   10.732  -10.000        9.3928      167.7891
 4  79  17.864  45658.289 141.408  -0.052    9.774  -10.000        9.3928      167.7891
 2  79  17.864  45665.270 282.083  -0.024   12.000  -10.000        9.7836      174.7695
 3  79  17.864  45665.270 282.083  -0.018   10.382  -10.000        9.7836      174.7695
 4  79  17.864  45665.270 282.083  -0.001    9.475  -10.000        9.7836      174.7695
 2  79  17.864  45666.195 300.740   0.006   12.149  -10.000        9.8354      175.6953
 3  79  17.864  45666.195 300.740  -0.012   10.457  -10.000        9.8354      175.6953
 4  79  17.864  45666.195 300.740  -0.017    9.507  -10.000        9.8354      175.6953
 2  79  17.864  45674.203 102.119   0.040   12.776  -10.000       10.2837      183.7031
 3  79  17.864  45674.203 102.119   0.019   10.942  -10.000       10.2837      183.7031
 4  79  17.864  45674.203 102.119   0.022    9.942  -10.000       10.2837      183.7031
 2  79  17.864  45676.219 142.740  -0.051   12.413  -10.000       10.3965      185.7188
 3  79  17.864  45676.219 142.740  -0.061   10.714  -10.000       10.3965      185.7188
 4  79  17.864  45676.219 142.740  -0.057    9.766  -10.000       10.3965      185.7188
 2  79  17.864  45679.172 202.253   0.082   11.670  -10.000       10.5618      188.6719
 3  79  17.864  45679.172 202.253   0.047   10.225  -10.000       10.5618      188.6719
 4  79  17.864  45679.172 202.253   0.050    9.393  -10.000       10.5618      188.6719
 2  79  17.864  45683.160 282.628  -0.007   12.020  -10.000       10.7851      192.6602
 3  79  17.864  45683.160 282.628  -0.023   10.379  -10.000       10.7851      192.6602
 4  79  17.864  45683.160 282.628  -0.033    9.444  -10.000       10.7851      192.6602
 3  79  17.864  45688.145  23.077   0.020   10.811  -10.000       11.0641      197.6445
 4  79  17.864  45688.145  23.077   0.023    9.803  -10.000       11.0641      197.6445
 1  79  17.864  45691.137  83.378   0.197   14.640  -10.000       11.2316      200.6367
 2  79  17.864  45691.137  83.378   0.032   12.821  -10.000       11.2316      200.6367
 3  79  17.864  45691.137  83.378   0.027   10.970  -10.000       11.2316      200.6367
 4  79  17.864  45691.137  83.378   0.014    9.939  -10.000       11.2316      200.6367
 1  79  17.864  45695.133 163.910  -0.124   13.656  -10.000       11.4553      204.6328
 2  79  17.864  45695.133 163.910  -0.019   12.364  -10.000       11.4553      204.6328
 3  79  17.864  45695.133 163.910  -0.016   10.718  -10.000       11.4553      204.6328
 4  79  17.864  45695.133 163.910  -0.019    9.779  -10.000       11.4553      204.6328
 1  79  17.864  45706.094  24.803   0.095   14.363  -10.000       12.0689      215.5938
 2  79  17.864  45706.094  24.803  -0.015   12.616  -10.000       12.0689      215.5938
 3  79  17.864  45706.094  24.803  -0.010   10.787  -10.000       12.0689      215.5938
 4  79  17.864  45706.094  24.803  -0.006    9.779  -10.000       12.0689      215.5938
 1  79  17.864  45707.094  44.955   0.123   14.504  -10.000       12.1249      216.5938
 2  79  17.864  45707.094  44.955  -0.005   12.715  -10.000       12.1249      216.5938
 3  79  17.864  45707.094  44.955   0.009   10.876  -10.000       12.1249      216.5938
 4  79  17.864  45707.094  44.955   0.013    9.861  -10.000       12.1249      216.5938
 2  79  17.864  47399.438 310.301  -0.014   12.188  -10.000      106.8619     1908.9375
 3  79  17.864  47399.438 310.301   0.014   10.519  -10.000      106.8619     1908.9375
 4  79  17.864  47399.438 310.301   0.012    9.562  -10.000      106.8619     1908.9375
 2  79  17.864  47400.336 328.406   0.008   12.318  -10.000      106.9122     1909.8359
 3  79  17.864  47400.336 328.406  -0.024   10.548  -10.000      106.9122     1909.8359
 4  79  17.864  47400.336 328.406   0.001    9.601  -10.000      106.9122     1909.8359
 2  79  17.864  47401.324 348.324   0.013   12.435  -10.000      106.9676     1910.8242
 3  79  17.864  47401.324 348.324  -0.006   10.641  -10.000      106.9676     1910.8242
 4  79  17.864  47401.324 348.324   0.014    9.674  -10.000      106.9676     1910.8242
 2  79  17.864  47402.320   8.399   0.034   12.574  -10.000      107.0233     1911.8203
 3  79  17.864  47402.320   8.399   0.017   10.747  -10.000      107.0233     1911.8203
 4  79  17.864  47402.320   8.399   0.032    9.760  -10.000      107.0233     1911.8203
 2  79  17.864  47403.355  29.259   0.037   12.689  -10.000      107.0813     1912.8555
 3  79  17.864  47403.355  29.259   0.025   10.839  -10.000      107.0813     1912.8555
 4  79  17.864  47403.355  29.259   0.039    9.839  -10.000      107.0813     1912.8555
 2  79  17.864  47404.328  48.862   0.008   12.742  -10.000      107.1357     1913.8281
 3  79  17.864  47404.328  48.862   0.010   10.890  -10.000      107.1357     1913.8281
 4  79  17.864  47404.328  48.862   0.030    9.889  -10.000      107.1357     1913.8281
 2  79  17.864  47407.312 109.004  -0.022   12.675  -10.000      107.3028     1916.8125
 3  79  17.864  47407.312 109.004   0.003   10.906  -10.000      107.3028     1916.8125
 4  79  17.864  47407.312 109.004  -0.003    9.905  -10.000      107.3028     1916.8125
 2  79  17.864  47408.316 129.235  -0.100   12.448  -10.000      107.3590     1917.8164
 3  79  17.864  47408.316 129.235  -0.077   10.744  -10.000      107.3590     1917.8164
 4  79  17.864  47408.316 129.235  -0.057    9.797  -10.000      107.3590     1917.8164
 2  79  17.864  47409.316 149.389  -0.102   12.336  -10.000      107.4150     1918.8164
 3  79  17.864  47409.316 149.389  -0.052   10.711  -10.000      107.4150     1918.8164
 4  79  17.864  47409.316 149.389  -0.055    9.761  -10.000      107.4150     1918.8164
 2  79  17.864  47410.336 169.934  -0.038   12.263  -10.000      107.4720     1919.8359
 3  79  17.864  47410.336 169.934  -0.015   10.663  -10.000      107.4720     1919.8359
 4  79  17.864  47410.336 169.934   0.002    9.756  -10.000      107.4720     1919.8359
 2  79  17.864  47411.332 190.009   0.067   11.801  -10.000      107.5278     1920.8320
 3  79  17.864  47411.332 190.009   0.080   10.363  -10.000      107.5278     1920.8320
 4  79  17.864  47411.332 190.009   0.062    9.493  -10.000      107.5278     1920.8320
 2  79  17.864  47413.301 229.686  -0.045   11.650  -10.000      107.6380     1922.8008
 3  79  17.864  47413.301 229.686  -0.012   10.215  -10.000      107.6380     1922.8008
 4  79  17.864  47413.301 229.686  -0.023    9.344  -10.000      107.6380     1922.8008
 3  79  17.864  47413.414 231.968   0.017   10.250  -10.000      107.6444     1922.9141
 4  79  17.864  47413.414 231.968   0.004    9.374  -10.000      107.6444     1922.9141
 2  79  17.864  47414.301 249.837  -0.057   11.766  -10.000      107.6940     1923.8008
 3  79  17.864  47414.301 249.837  -0.030   10.260  -10.000      107.6940     1923.8008
 4  79  17.864  47414.301 249.837  -0.012    9.392  -10.000      107.6940     1923.8008
 2  79  17.864  47415.277 269.517  -0.013   11.935  -10.000      107.7487     1924.7773
 3  79  17.864  47415.277 269.517  -0.003   10.356  -10.000      107.7487     1924.7773
 4  79  17.864  47415.277 269.517  -0.001    9.448  -10.000      107.7487     1924.7773
 2  79  17.864  47418.266 329.741   0.020   12.337  -10.000      107.9159     1927.7656
 3  79  17.864  47418.266 329.741  -0.003   10.574  -10.000      107.9159     1927.7656
 4  79  17.864  47418.266 329.741   0.012    9.616  -10.000      107.9159     1927.7656
 2  79  17.864  47419.242 349.420   0.030   12.459  -10.000      107.9706     1928.7422
 3  79  17.864  47419.242 349.420   0.009   10.661  -10.000      107.9706     1928.7422
 4  79  17.864  47419.242 349.420   0.025    9.688  -10.000      107.9706     1928.7422
 2  79  17.864  47420.238   9.495   0.043   12.589  -10.000      108.0264     1929.7383
 3  79  17.864  47420.238   9.495   0.012   10.746  -10.000      108.0264     1929.7383
 4  79  17.864  47420.238   9.495   0.036    9.768  -10.000      108.0264     1929.7383
 2  79  17.864  47421.230  29.490   0.033   12.686  -10.000      108.0819     1930.7305
 3  79  17.864  47421.230  29.490   0.018   10.832  -10.000      108.0819     1930.7305
 4  79  17.864  47421.230  29.490   0.042    9.842  -10.000      108.0819     1930.7305
 2  79  17.864  47422.242  49.878   0.014   12.752  -10.000      108.1385     1931.7422
 3  79  17.864  47422.242  49.878  -0.003   10.880  -10.000      108.1385     1931.7422
 4  79  17.864  47422.242  49.878   0.002    9.864  -10.000      108.1385     1931.7422
 2  79  17.864  47423.363  72.471   0.032   12.822  -10.000      108.2013     1932.8633
 3  79  17.864  47423.363  72.471   0.056   10.992  -10.000      108.2013     1932.8633
 4  79  17.864  47423.363  72.471   0.049    9.964  -10.000      108.2013     1932.8633
 2  79  17.864  47424.258  90.497  -0.040   12.735  -10.000      108.2514     1933.7578
 3  79  17.864  47424.258  90.497  -0.024   10.915  -10.000      108.2514     1933.7578
 4  79  17.864  47424.258  90.497  -0.023    9.903  -10.000      108.2514     1933.7578
 2  79  17.864  47425.273 110.967  -0.065   12.619  -10.000      108.3082     1934.7734
 3  79  17.864  47425.273 110.967  -0.040   10.856  -10.000      108.3082     1934.7734
 4  79  17.864  47425.273 110.967  -0.022    9.881  -10.000      108.3082     1934.7734
 2  79  17.864  47427.316 152.139  -0.010   12.423  -10.000      108.4226     1936.8164
 3  79  17.864  47427.316 152.139  -0.002   10.759  -10.000      108.4226     1936.8164
 4  79  17.864  47427.316 152.139   0.011    9.828  -10.000      108.4226     1936.8164
 2  79  17.864  47428.246 170.873  -0.052   12.231  -10.000      108.4746     1937.7461
 3  79  17.864  47428.246 170.873  -0.034   10.632  -10.000      108.4746     1937.7461
 4  79  17.864  47428.246 170.873  -0.008    9.736  -10.000      108.4746     1937.7461
 2  79  17.864  47429.246 191.025   0.110   11.821  -10.000      108.5306     1938.7461
 3  79  17.864  47429.246 191.025   0.101   10.368  -10.000      108.5306     1938.7461
 4  79  17.864  47429.246 191.025   0.090    9.507  -10.000      108.5306     1938.7461
 2  79  17.864  47430.230 210.863  -0.038   11.563  -10.000      108.5857     1939.7305
 3  79  17.864  47430.230 210.863  -0.038   10.143  -10.000      108.5857     1939.7305
 4  79  17.864  47430.230 210.863  -0.025    9.317  -10.000      108.5857     1939.7305
 2  79  17.864  47430.434 214.958   0.011   11.631  -10.000      108.5971     1939.9336
 3  79  17.864  47430.434 214.958  -0.005   10.186  -10.000      108.5971     1939.9336
 4  79  17.864  47430.434 214.958   0.005    9.352  -10.000      108.5971     1939.9336
 2  79  17.864  47431.281 232.039  -0.039   11.670  -10.000      108.6446     1940.7812
 3  79  17.864  47431.281 232.039  -0.027   10.206  -10.000      108.6446     1940.7812
 4  79  17.864  47431.281 232.039  -0.004    9.366  -10.000      108.6446     1940.7812
 2  79  17.864  47432.266 251.878  -0.075   11.761  -10.000      108.6997     1941.7656
 3  79  17.864  47432.266 251.878  -0.029   10.268  -10.000      108.6997     1941.7656
 4  79  17.864  47432.266 251.878  -0.024    9.385  -10.000      108.6997     1941.7656
 2  79  17.864  47433.262 271.953  -0.007   11.956  -10.000      108.7554     1942.7617
 3  79  17.864  47433.262 271.953   0.003   10.370  -10.000      108.7554     1942.7617
 4  79  17.864  47433.262 271.953   0.006    9.460  -10.000      108.7554     1942.7617
 2  79  17.864  47434.258 292.025   0.004   12.091  -10.000      108.8112     1943.7578
 3  79  17.864  47434.258 292.025  -0.016   10.421  -10.000      108.8112     1943.7578
 4  79  17.864  47434.258 292.025  -0.004    9.497  -10.000      108.8112     1943.7578
 2  79  17.864  48854.348 110.715  -0.043   12.643  -10.000      188.3075     3363.8477
 3  79  17.864  48854.348 110.715  -0.036   10.861  -10.000      188.3075     3363.8477
 4  79  17.864  48854.348 110.715  -0.033    9.871  -10.000      188.3075     3363.8477
 2  79  17.864  48856.340 150.859  -0.040   12.395  -10.000      188.4191     3365.8398
 3  79  17.864  48856.340 150.859  -0.057   10.705  -10.000      188.4191     3365.8398
 4  79  17.864  48856.340 150.859  -0.051    9.766  -10.000      188.4191     3365.8398
 2  79  17.864  48858.320 190.772   0.130   11.847  -10.000      188.5299     3367.8203
 3  79  17.864  48858.320 190.772   0.126   10.397  -10.000      188.5299     3367.8203
 4  79  17.864  48858.320 190.772   0.107    9.527  -10.000      188.5299     3367.8203
 2  79  17.864  48860.320 231.075  -0.039   11.664  -10.000      188.6419     3369.8203
 3  79  17.864  48860.320 231.075  -0.046   10.184  -10.000      188.6419     3369.8203
 4  79  17.864  48860.320 231.075  -0.022    9.347  -10.000      188.6419     3369.8203
 2  79  17.864  48862.336 271.697  -0.013   11.948  -10.000      188.7547     3371.8359
 3  79  17.864  48862.336 271.697  -0.018   10.348  -10.000      188.7547     3371.8359
 4  79  17.864  48862.336 271.697  -0.009    9.444  -10.000      188.7547     3371.8359
 2  79  17.864  48870.273  71.658   0.048   12.837  -10.000      189.1991     3379.7734
 3  79  17.864  48870.273  71.658   0.014   10.948  -10.000      189.1991     3379.7734
 4  79  17.864  48870.273  71.658   0.031    9.945  -10.000      189.1991     3379.7734
 2  79  17.864  48872.281 112.121  -0.007   12.669  -10.000      189.3114     3381.7812
 3  79  17.864  48872.281 112.121  -0.011   10.881  -10.000      189.3114     3381.7812
 4  79  17.864  48872.281 112.121  -0.005    9.896  -10.000      189.3114     3381.7812
 2  79  17.864  48874.301 152.820  -0.058   12.374  -10.000      189.4245     3383.8008
 3  79  17.864  48874.301 152.820  -0.043   10.718  -10.000      189.4245     3383.8008
 4  79  17.864  48874.301 152.820  -0.044    9.773  -10.000      189.4245     3383.8008
 2  79  17.864  48875.312 173.210   0.006   12.238  -10.000      189.4811     3384.8125
 3  79  17.864  48875.312 173.210   0.005   10.636  -10.000      189.4811     3384.8125
 4  79  17.864  48875.312 173.210  -0.009    9.707  -10.000      189.4811     3384.8125
 2  79  17.864  48876.305 193.206   0.111   11.780  -10.000      189.5367     3385.8047
 3  79  17.864  48876.305 193.206   0.095   10.332  -10.000      189.5367     3385.8047
 4  79  17.864  48876.305 193.206   0.066    9.459  -10.000      189.5367     3385.8047
 2  79  17.864  48877.266 212.574  -0.007   11.601  -10.000      189.5905     3386.7656
 3  79  17.864  48877.266 212.574  -0.022   10.163  -10.000      189.5905     3386.7656
 4  79  17.864  48877.266 212.574   0.006    9.350  -10.000      189.5905     3386.7656
 2  79  17.864  48878.301 233.432  -0.045   11.672  -10.000      189.6484     3387.8008
 3  79  17.864  48878.301 233.432  -0.041   10.196  -10.000      189.6484     3387.8008
 4  79  17.864  48878.301 233.432  -0.031    9.341  -10.000      189.6484     3387.8008
 2  79  17.864  48880.246 272.637   0.008   11.975  -10.000      189.7573     3389.7461
 3  79  17.864  48880.246 272.637  -0.010   10.359  -10.000      189.7573     3389.7461
 4  79  17.864  48880.246 272.637  -0.005    9.450  -10.000      189.7573     3389.7461
 2  79  17.864  48881.238 292.632  -0.010   12.081  -10.000      189.8129     3390.7383
 3  79  17.864  48881.238 292.632  -0.012   10.427  -10.000      189.8129     3390.7383
 4  79  17.864  48881.238 292.632  -0.022    9.481  -10.000      189.8129     3390.7383
 2  79  17.864  48882.242 312.863   0.019   12.236  -10.000      189.8691     3391.7422
 3  79  17.864  48882.242 312.863   0.001   10.515  -10.000      189.8691     3391.7422
 4  79  17.864  48882.242 312.863   0.006    9.563  -10.000      189.8691     3391.7422
 2  79  17.864  48883.270 333.567   0.035   12.374  -10.000      189.9266     3392.7695
 3  79  17.864  48883.270 333.567   0.010   10.601  -10.000      189.9266     3392.7695
 4  79  17.864  48883.270 333.567   0.010    9.625  -10.000      189.9266     3392.7695
 2  79  17.864  48884.242 353.167   0.037   12.488  -10.000      189.9810     3393.7422
 3  79  17.864  48884.242 353.167   0.008   10.675  -10.000      189.9810     3393.7422
 4  79  17.864  48884.242 353.167   0.008    9.684  -10.000      189.9810     3393.7422
 2  79  17.864  48885.242  13.321   0.073   12.641  -10.000      190.0370     3394.7422
 3  79  17.864  48885.242  13.321   0.036   10.786  -10.000      190.0370     3394.7422
 4  79  17.864  48885.242  13.321   0.046    9.791  -10.000      190.0370     3394.7422
 2  79  17.864  48886.250  33.629   0.061   12.734  -10.000      190.0934     3395.7500
 3  79  17.864  48886.250  33.629   0.034   10.863  -10.000      190.0934     3395.7500
 4  79  17.864  48886.250  33.629   0.022    9.836  -10.000      190.0934     3395.7500
 2  79  17.864  48887.285  54.492   0.033   12.786  -10.000      190.1514     3396.7852
 3  79  17.864  48887.285  54.492   0.011   10.908  -10.000      190.1514     3396.7852
 4  79  17.864  48887.285  54.492   0.027    9.903  -10.000      190.1514     3396.7852
 2  79  17.864  48888.234  73.625   0.033   12.824  -10.000      190.2045     3397.7344
 3  79  17.864  48888.234  73.625   0.003   10.940  -10.000      190.2045     3397.7344
 4  79  17.864  48888.234  73.625   0.013    9.930  -10.000      190.2045     3397.7344
 2  79  17.864  48889.242  93.933   0.007   12.773  -10.000      190.2609     3398.7422
 3  79  17.864  48889.242  93.933  -0.015   10.921  -10.000      190.2609     3398.7422
 4  79  17.864  48889.242  93.933  -0.015    9.911  -10.000      190.2609     3398.7422
 2  79  17.864  48890.219 113.615  -0.033   12.632  -10.000      190.3156     3399.7188
 3  79  17.864  48890.219 113.615  -0.018   10.868  -10.000      190.3156     3399.7188
 4  79  17.864  48890.219 113.615  -0.027    9.870  -10.000      190.3156     3399.7188
 2  79  17.864  48891.219 133.764  -0.089   12.430  -10.000      190.3716     3400.7188
 3  79  17.864  48891.219 133.764  -0.069   10.736  -10.000      190.3716     3400.7188
 4  79  17.864  48891.219 133.764  -0.062    9.782  -10.000      190.3716     3400.7188
 2  79  17.864  48891.332 136.049  -0.080   12.424  -10.000      190.3779     3400.8320
 3  79  17.864  48891.332 136.049  -0.033   10.764  -10.000      190.3779     3400.8320
 4  79  17.864  48891.332 136.049  -0.034    9.804  -10.000      190.3779     3400.8320
 2  79  17.864  48892.238 154.314  -0.063   12.366  -10.000      190.4286     3401.7383
 3  79  17.864  48892.238 154.314  -0.068   10.692  -10.000      190.4286     3401.7383
 4  79  17.864  48892.238 154.314  -0.063    9.754  -10.000      190.4286     3401.7383
 2  79  17.864  48893.230 174.309   0.012   12.217  -10.000      190.4842     3402.7305
 3  79  17.864  48893.230 174.309   0.005   10.617  -10.000      190.4842     3402.7305
 4  79  17.864  48893.230 174.309   0.001    9.701  -10.000      190.4842     3402.7305
 2  79  17.864  48894.266 195.167   0.084   11.723  -10.000      190.5421     3403.7656
 3  79  17.864  48894.266 195.167   0.049   10.265  -10.000      190.5421     3403.7656
 4  79  17.864  48894.266 195.167   0.046    9.421  -10.000      190.5421     3403.7656
 2  79  17.864  49934.441 277.548   0.037   12.033  -10.000      248.7710     4443.9414
 3  79  17.864  49934.441 277.548   0.021   10.406  -10.000      248.7710     4443.9414
 4  79  17.864  49934.441 277.548  -0.008    9.458  -10.000      248.7710     4443.9414
 5  79  17.864  49934.441 277.548   0.010    8.618  -10.000      248.7710     4443.9414
 3  79  17.864  49935.422 297.307  -0.036   10.421  -10.000      248.8259     4444.9219
 4  79  17.864  49935.422 297.307  -0.083    9.432  -10.000      248.8259     4444.9219
 5  79  17.864  49935.422 297.307  -0.033    8.605  -10.000      248.8259     4444.9219
 3  79  17.864  49936.414 317.302   0.009   10.540  -10.000      248.8814     4445.9141
 4  79  17.864  49936.414 317.302   0.004    9.574  -10.000      248.8814     4445.9141
 5  79  17.864  49936.414 317.302   0.005    8.678  -10.000      248.8814     4445.9141
 3  79  17.864  49937.418 337.538   0.017   10.624  -10.000      248.9376     4446.9180
 4  79  17.864  49937.418 337.538  -0.015    9.612  -10.000      248.9376     4446.9180
 3  79  17.864  49938.441 358.160   0.022   10.711  -10.000      248.9949     4447.9414
 4  79  17.864  49938.441 358.160  -0.010    9.684  -10.000      248.9949     4447.9414
 5  79  17.864  49938.441 358.160  -0.021    8.746  -10.000      248.9949     4447.9414
 3  79  17.864  49939.434  18.155   0.031   10.802  -10.000      249.0504     4448.9336
 5  79  17.864  49939.434  18.155   0.030    8.853  -10.000      249.0504     4448.9336
 3  79  17.864  49941.414  58.068   0.071   10.977  -10.000      249.1613     4450.9141
 5  79  17.864  49941.414  58.068   0.031    8.964  -10.000      249.1613     4450.9141
 3  79  17.864  49942.391  77.750   0.044   10.986  -10.000      249.2160     4451.8906
 5  79  17.864  49942.391  77.750   0.030    9.003  -10.000      249.2160     4451.8906
 3  79  17.864  49943.383  97.745   0.073   11.004  -10.000      249.2715     4452.8828
 5  79  17.864  49943.383  97.745   0.035    9.021  -10.000      249.2715     4452.8828
 3  79  17.864  49944.414 118.526  -0.029   10.835  -10.000      249.3292     4453.9141
 5  79  17.864  49944.414 118.526  -0.069    8.898  -10.000      249.3292     4453.9141
 3  79  17.864  49946.398 158.516   0.029   10.784  -10.000      249.4403     4455.8984
 5  79  17.864  49946.398 158.516  -0.015    8.923  -10.000      249.4403     4455.8984
 3  79  17.864  49947.371 178.116   0.069   10.606  -10.000      249.4948     4456.8711
 5  79  17.864  49947.371 178.116   0.044    8.845  -10.000      249.4948     4456.8711
 3  79  17.864  49948.336 197.562   0.099   10.296  -10.000      249.5488     4457.8359
 5  79  17.864  49948.336 197.562   0.076    8.653  -10.000      249.5488     4457.8359
 3  79  17.864  49949.332 217.639   0.019   10.216  -10.000      249.6046     4458.8320
 5  79  17.864  49949.332 217.639   0.005    8.566  -10.000      249.6046     4458.8320
 3  79  17.864  49952.316 277.778   0.003   10.389  -10.000      249.7716     4461.8164
 5  79  17.864  49952.316 277.778  -0.023    8.586  -10.000      249.7716     4461.8164
 3  79  17.864  49953.395 299.509   0.004   10.469  -10.000      249.8320     4462.8945
 5  79  17.864  49953.395 299.509  -0.004    8.637  -10.000      249.8320     4462.8945
 3  79  17.864  49954.344 318.636   0.007   10.543  -10.000      249.8851     4463.8438
 5  79  17.864  49954.344 318.636  -0.010    8.666  -10.000      249.8851     4463.8438
 3  79  17.864  49955.305 338.000   0.039   10.647  -10.000      249.9389     4464.8047
 5  79  17.864  49955.305 338.000   0.029    8.745  -10.000      249.9389     4464.8047
 0  55  17.864  45220.445 317.661   0.527  -50.250    1.000      -15.1176     -270.0547
 0  55  17.864  45224.453  38.429   0.034  -31.580    0.670      -14.8933     -266.0469
 0  55  17.864  45228.430 118.568   3.647  -16.290    1.600      -14.6706     -262.0703
 0  55  17.864  45232.410 198.785  -2.579  -49.150    0.960      -14.4478     -258.0898
 0  55  17.864  45253.402 261.835  -1.687  -61.890    0.590      -13.2727     -237.0977
 0  55  17.864  45272.352 283.713  -0.106  -57.950    0.500      -12.2119     -218.1484
 2 150  17.864  50311.371 313.715  -0.057   12.166  -10.000      269.8714     4820.8711
 3 150  17.864  50311.371 313.715  -0.020   10.498  -10.000      269.8714     4820.8711
 4 150  17.864  50311.371 313.715  -0.011    9.548  -10.000      269.8714     4820.8711
 2 150  17.864  50312.371 333.864  -0.003   12.338  -10.000      269.9274     4821.8711
 3 150  17.864  50312.371 333.864   0.001   10.594  -10.000      269.9274     4821.8711
 4 150  17.864  50312.371 333.864   0.002    9.618  -10.000      269.9274     4821.8711
 2 150  17.864  50314.320  13.151   0.018   12.585  -10.000      270.0365     4823.8203
 3 150  17.864  50314.320  13.151   0.015   10.764  -10.000      270.0365     4823.8203
 4 150  17.864  50314.320  13.151  -0.031    9.713  -10.000      270.0365     4823.8203
 2 150  17.864  50315.301  32.904   0.021   12.690  -10.000      270.0914     4824.8008
 3 150  17.864  50315.301  32.904   0.011   10.838  -10.000      270.0914     4824.8008
 4 150  17.864  50315.301  32.904  -0.003    9.808  -10.000      270.0914     4824.8008
 2 150  17.864  50316.293  52.899   0.045   12.793  -10.000      270.1469     4825.7930
 3 150  17.864  50316.293  52.899   0.017   10.909  -10.000      270.1469     4825.7930
 4 150  17.864  50316.293  52.899   0.016    9.887  -10.000      270.1469     4825.7930
 2 150  17.864  50317.312  73.444   0.005   12.796  -10.000      270.2040     4826.8125
 3 150  17.864  50317.312  73.444  -0.004   10.933  -10.000      270.2040     4826.8125
 4 150  17.864  50317.312  73.444  -0.006    9.911  -10.000      270.2040     4826.8125
 2 150  17.864  50318.324  93.834   0.029   12.795  -10.000      270.2607     4827.8242
 3 150  17.864  50318.324  93.834   0.015   10.951  -10.000      270.2607     4827.8242
 4 150  17.864  50318.324  93.834   0.018    9.944  -10.000      270.2607     4827.8242
 2 150  17.864  50319.301 113.522  -0.039   12.626  -10.000      270.3153     4828.8008
 3 150  17.864  50319.301 113.522  -0.050   10.836  -10.000      270.3153     4828.8008
 4 150  17.864  50319.301 113.522  -0.037    9.860  -10.000      270.3153     4828.8008
 2 150  17.864  50320.277 133.198  -0.116   12.407  -10.000      270.3700     4829.7773
 3 150  17.864  50320.277 133.198  -0.065   10.742  -10.000      270.3700     4829.7773
 4 150  17.864  50320.277 133.198  -0.076    9.769  -10.000      270.3700     4829.7773
 2 150  17.864  50321.285 153.512  -0.037   12.393  -10.000      270.4264     4830.7852
 3 150  17.864  50321.285 153.512  -0.047   10.714  -10.000      270.4264     4830.7852
 4 150  17.864  50321.285 153.512  -0.069    9.748  -10.000      270.4264     4830.7852
 2 150  17.864  50322.273 173.419   0.064   12.291  -10.000      270.4817     4831.7734
 3 150  17.864  50322.273 173.419   0.035   10.662  -10.000      270.4817     4831.7734
 4 150  17.864  50322.273 173.419   0.008    9.721  -10.000      270.4817     4831.7734
 2 150  17.864  50323.277 193.656   0.190   11.851  -10.000      270.5379     4832.7773
 3 150  17.864  50323.277 193.656   0.092   10.324  -10.000      270.5379     4832.7773
 4 150  17.864  50323.277 193.656   0.073    9.461  -10.000      270.5379     4832.7773
 2 150  17.864  50324.281 213.882   0.024   11.639  -10.000      270.5941     4833.7812
 3 150  17.864  50324.281 213.882  -0.007   10.181  -10.000      270.5941     4833.7812
 4 150  17.864  50324.281 213.882  -0.019    9.327  -10.000      270.5941     4833.7812
 2 150  17.864  50325.266 233.723  -0.066   11.653  -10.000      270.6492     4834.7656
 3 150  17.864  50325.266 233.723  -0.044   10.194  -10.000      270.6492     4834.7656
 4 150  17.864  50325.266 233.723  -0.054    9.319  -10.000      270.6492     4834.7656
 2 150  17.864  50326.219 252.938  -0.025   11.817  -10.000      270.7026     4835.7188
 3 150  17.864  50326.219 252.938  -0.012   10.289  -10.000      270.7026     4835.7188
 4 150  17.864  50326.219 252.938  -0.024    9.387  -10.000      270.7026     4835.7188
 0 119  17.864  48084.484  75.866   2.747  -23.140    0.680      145.2107     2593.9844
 0 119  17.864  48091.520 217.645  -4.369  -64.000    1.320      145.6046     2601.0195
 0 119  17.864  48098.531 358.951   1.160  -39.230    1.070      145.9971     2608.0312
 0 119  17.864  48103.555 100.184 -12.482  -33.130    0.640      146.2783     2613.0547
 0 119  17.864  48104.496 119.158  -1.214  -21.250    1.010      146.3310     2613.9961
 0 119  17.864  48104.508 119.394   0.282  -19.790    1.160      146.3316     2614.0078
 0 119  17.864  48253.133 234.591   0.125  -65.430    0.600      154.6516     2762.6328
 0 119  17.864  49184.535 284.892   2.348  -55.250    0.510      206.7914     3694.0352
 0 119  17.864  49185.523 304.810   2.214  -51.990    0.440      206.8467     3695.0234
 0 119  17.864  49187.520 345.037   0.820  -42.320    0.370      206.9584     3697.0195
 0 119  17.864  49188.512   5.032   1.192  -38.710    0.440      207.0140     3698.0117
 0 119  17.864  49239.562 313.841   1.130  -49.950    0.400      209.8718     3749.0625
 0 119  17.864  49241.453 351.947   1.464  -39.870    0.250      209.9776     3750.9531
 0 119  17.864  49253.414 232.993  -2.459  -67.840    0.810      210.6472     3762.9141
 0 119  17.864  49555.527 201.396  -5.169  -54.300    0.760      227.5594     4065.0273
 0 119  17.864  49577.512 284.442  -7.598  -65.290    0.750      228.7901     4087.0117
 0 119  17.864  49611.441 248.220  -0.996  -63.500    0.600      230.6895     4120.9414
 0 119  17.864  49615.488 329.771   0.684  -46.460    0.370      230.9160     4124.9883
 0 119  17.864  49618.434  29.130   1.120  -32.650    0.380      231.0809     4127.9336
 0 119  17.864  49623.492 131.072  -3.989  -24.650    0.980      231.3641     4132.9922
 0 119  17.864  49981.500 145.909  -7.080  -31.930    1.200      251.4053     4491.0000
 0 119  17.864  49986.480 246.281   0.630  -62.840    0.530      251.6841     4495.9805
 0 119  17.864  49988.473 286.425   1.315  -55.950    0.420      251.7956     4497.9727
 0 119  17.864  50278.512  11.503   1.776  -36.660    0.560      268.0320     4788.0117
 0 119  17.864  50281.492  71.576  -0.907  -25.600    0.690      268.1988     4790.9922
 0 119  17.864  50654.500  28.696   2.202  -31.570    0.600      289.0797     5164.0000
 0 119  17.864  50655.555  49.955  -0.676  -28.970    0.620      289.1388     5165.0547
 0 119  17.864  50699.430 214.156  -4.390  -62.180    0.830      291.5949     5208.9297
 0 119  17.864  50700.402 233.756  -1.086  -66.560    0.610      291.6493     5209.9023
 0 119  17.864  50715.395 175.891   2.853  -34.530    0.790      292.4886     5224.8945
 0 119  17.864  50729.457  99.283   2.941  -17.520    0.490      293.2758     5238.9570
 0 119  17.864  50731.406 138.571  -2.380  -27.370    0.520      293.3849     5240.9062
18 163  17.864  47864.422 321.004  -0.009   10.628  -10.000      132.8917     2373.9219
18 163  17.864  47886.637  48.697   0.018   10.986  -10.000      134.1353     2396.1367
18 163  17.864  47886.652  49.010  -0.019   10.950  -10.000      134.1361     2396.1523
18 163  17.864  47915.246 265.254   0.001   10.441  -10.000      135.7368     2424.7461
18 163  17.864  47915.258 265.490   0.006   10.448  -10.000      135.7375     2424.7578
18 163  17.864  47915.336 267.061   0.010   10.456  -10.000      135.7418     2424.8359
18 163  17.864  47915.348 267.297  -0.014   10.434  -10.000      135.7425     2424.8477
18 163  17.864  47915.422 268.797   0.011   10.463  -10.000      135.7467     2424.9219
18 163  17.864  47915.438 269.110   0.014   10.467  -10.000      135.7475     2424.9375
18 163  17.864  47948.652 218.480  -0.069   10.230  -10.000      137.6069     2458.1523
18 163  17.864  47948.754 220.529  -0.027   10.278  -10.000      137.6126     2458.2539
18 163  17.864  47970.957 307.980  -0.017   10.573  -10.000      138.8555     2480.4570
18 163  17.864  47970.973 308.293  -0.005   10.585  -10.000      138.8564     2480.4727
18 163  17.864  47971.062 310.106  -0.009   10.588  -10.000      138.8614     2480.5625
18 163  17.864  48067.121  85.946   0.007   11.037  -10.000      144.2387     2576.6211
18 163  17.864  48067.195  87.446  -0.003   11.027  -10.000      144.2429     2576.6953
18 163  17.864  48067.207  87.682  -0.048   10.982  -10.000      144.2436     2576.7070
18 163  17.864  48067.281  89.176  -0.011   11.018  -10.000      144.2477     2576.7812
18 163  17.864  48067.297  89.489  -0.071   10.958  -10.000      144.2486     2576.7969
18 163  17.864  48158.711 131.732  -0.059   10.846  -10.000      149.3659     2668.2109
18 163  17.864  48158.785 133.231  -0.068   10.832  -10.000      149.3701     2668.2852
18 163  17.864  48172.383  47.258   0.010   10.974  -10.000      150.1313     2681.8828
18 163  17.864  48172.398  47.576   0.001   10.965  -10.000      150.1322     2681.8984
18 163  17.864  48172.473  49.070   0.118   11.087  -10.000      150.1363     2681.9727
18 163  17.864  48172.484  49.307   0.044   11.014  -10.000      150.1370     2681.9844
18 163  17.864  48172.562  50.883   0.066   11.041  -10.000      150.1413     2682.0625
18 163  17.864  48172.574  51.119   0.043   11.018  -10.000      150.1420     2682.0742
18 163  17.864  48209.867  82.672   0.027   11.059  -10.000      152.2296     2719.3672
18 163  17.864  48209.883  82.985  -0.018   11.014  -10.000      152.2305     2719.3828
18 163  17.864  48228.438  96.916   0.040   11.062  -10.000      153.2692     2737.9375
18 163  17.864  48228.453  97.229   0.038   11.059  -10.000      153.2701     2737.9531
18 163  17.864  48228.527  98.723   0.030   11.049  -10.000      153.2742     2738.0273
18 163  17.864  48228.543  99.042   0.015   11.034  -10.000      153.2751     2738.0430
18 163  17.864  48259.812   9.207  -0.009   10.814  -10.000      155.0256     2769.3125
18 163  17.864  48259.887  10.701   0.005   10.835  -10.000      155.0297     2769.3867
18 163  17.864  48259.902  11.019  -0.001   10.830  -10.000      155.0306     2769.4023
18 163  17.864  48259.977  12.513   0.030   10.866  -10.000      155.0348     2769.4766
18 163  17.864  48259.992  12.827   0.023   10.860  -10.000      155.0356     2769.4922
18 163  17.864  48288.406 225.450   0.004   10.321  -10.000      156.6263     2797.9062
18 163  17.864  48288.422 225.764  -0.031   10.285  -10.000      156.6271     2797.9219
18 163  17.864  48288.496 227.258  -0.032   10.288  -10.000      156.6313     2797.9961
18 163  17.864  48288.586 229.070  -0.054   10.270  -10.000      156.6363     2798.0859
18 163  17.864  48312.844 357.929   0.004   10.782  -10.000      157.9942     2822.3438
18 163  17.864  48312.859 358.248   0.019   10.798  -10.000      157.9951     2822.3594
18 163  17.864  48313.035   1.791   0.036   10.831  -10.000      158.0050     2822.5352
18 163  17.864  48313.125   3.598  -0.045   10.756  -10.000      158.0100     2822.6250
18 163  17.864  48352.562  78.371  -0.047   10.984  -10.000      160.2177     2862.0625
18 163  17.864  48352.578  78.690  -0.045   10.986  -10.000      160.2186     2862.0781
18 163  17.864  48374.883 168.190   0.026   10.819  -10.000      161.4672     2884.3828
18 163  17.864  48374.957 169.684   0.025   10.801  -10.000      161.4713     2884.4570
18 163  17.864  48374.973 169.997  -0.022   10.750  -10.000      161.4722     2884.4727
18 163  17.864  48375.238 175.353   0.036   10.726  -10.000      161.4871     2884.7383
18 163  17.864  48410.336 162.664  -0.092   10.743  -10.000      163.4518     2919.8359
18 163  17.864  48410.414 164.240  -0.021   10.805  -10.000      163.4562     2919.9141
18 163  17.864  48410.426 164.476   0.040   10.864  -10.000      163.4569     2919.9258
18 163  17.864  48410.500 165.970  -0.008   10.806  -10.000      163.4610     2920.0000
18 163  17.864  48440.891  58.425   0.010   11.005  -10.000      165.1623     2950.3906
18 163  17.864  48440.906  58.738   0.030   11.026  -10.000      165.1632     2950.4062
18 163  17.864  48464.617 176.578  -0.010   10.655  -10.000      166.4905     2974.1172
18 163  17.864  48501.586 201.599   0.074   10.355  -10.000      168.5600     3011.0859
18 163  17.864  48501.664 203.176   0.053   10.330  -10.000      168.5644     3011.1641
18 163  17.864  48501.676 203.412   0.032   10.309  -10.000      168.5650     3011.1758
18 163  17.864  48501.750 204.906   0.014   10.290  -10.000      168.5692     3011.2500
18 163  17.864  48501.766 205.225   0.043   10.319  -10.000      168.5701     3011.2656
18 163  17.864  48555.176 201.583   0.044   10.325  -10.000      171.5600     3064.6758
18 163  17.864  48555.367 205.439   0.009   10.286  -10.000      171.5707     3064.8672
18 163  17.864  48570.906 158.593   0.014   10.863  -10.000      172.4405     3080.4062
18 163  17.864  48570.918 158.829   0.031   10.880  -10.000      172.4412     3080.4180
18 163  17.864  48605.016 125.991  -0.078   10.847  -10.000      174.3500     3114.5156
18 163  17.864  48605.031 126.304  -0.055   10.869  -10.000      174.3508     3114.5312
18 163  17.864  48629.094 251.230  -0.029   10.363  -10.000      175.6979     3138.5938
18 163  17.864  48629.109 251.548  -0.013   10.381  -10.000      175.6987     3138.6094
18 163  17.864  48629.184 253.043   0.004   10.403  -10.000      175.7029     3138.6836
18 163  17.864  48629.195 253.279  -0.004   10.395  -10.000      175.7036     3138.6953
18 163  17.864  48629.273 254.855  -0.037   10.368  -10.000      175.7079     3138.7734
18 163  17.864  48656.281  79.135   0.050   11.082  -10.000      177.2198     3165.7812
18 163  17.864  48656.297  79.448  -0.037   10.995  -10.000      177.2207     3165.7969
18 163  17.864  48692.180  82.584  -0.041   10.991  -10.000      179.2294     3201.6797
18 163  17.864  48692.191  82.820   0.021   11.052  -10.000      179.2301     3201.6914
18 163  17.864  48692.266  84.315  -0.028   11.003  -10.000      179.2342     3201.7656
18 163  17.864  48713.863 159.571  -0.049   10.797  -10.000      180.4433     3223.3633
18 163  17.864  48713.953 161.378   0.030   10.870  -10.000      180.4483     3223.4531
18 163  17.864  48713.965 161.614  -0.030   10.810  -10.000      180.4489     3223.4648
18 163  17.864  48714.129 164.921  -0.050   10.772  -10.000      180.4581     3223.6289
18 163  17.864  48714.145 165.234   0.015   10.834  -10.000      180.4590     3223.6445
18 163  17.864  48753.137 231.037   0.010   10.340  -10.000      182.6418     3262.6367
18 163  17.864  48753.227 232.844  -0.043   10.291  -10.000      182.6468     3262.7266
18 163  17.864  48780.242  57.283   0.055   11.049  -10.000      184.1591     3289.7422
18 163  17.864  48780.258  57.601   0.037   11.030  -10.000      184.1600     3289.7578
18 163  17.864  48780.328  59.019   0.023   11.020  -10.000      184.1639     3289.8281
18 163  17.864  48780.344  59.332   0.007   11.005  -10.000      184.1648     3289.8438
18 163  17.864  48808.586 268.489  -0.070   10.382  -10.000      185.7458     3318.0859
18 163  17.864  48808.602 268.802  -0.045   10.407  -10.000      185.7467     3318.1016
18 163  17.864  48808.676 270.302  -0.032   10.426  -10.000      185.7508     3318.1758
18 163  17.864  48972.016 322.042  -0.012   10.629  -10.000      194.8946     3481.5156
18 163  17.864  49018.477 178.358   0.020   10.648  -10.000      197.4954     3527.9766
18 163  17.864  49018.492 178.671   0.026   10.647  -10.000      197.4963     3527.9922
18 163  17.864  49018.566 180.170   0.089   10.678  -10.000      197.5005     3528.0664
18 163  17.864  49018.578 180.406   0.065   10.649  -10.000      197.5011     3528.0781
18 163  17.864  49043.246 317.532   0.058   10.682  -10.000      198.8820     3552.7461
18 163  17.864  49043.320 319.026  -0.016   10.614  -10.000      198.8862     3552.8203
18 163  17.864  49043.336 319.340  -0.030   10.601  -10.000      198.8871     3552.8359
18 163  17.864  49043.410 320.839  -0.009   10.628  -10.000      198.8912     3552.9102
 0  34  17.864  46990.922 357.597   1.071  -39.440    0.450       83.9933     1500.4219
 0  34  17.864  46991.941  18.144   1.144  -34.310    0.430       84.0504     1501.4414
 0  34  17.864  46992.930  38.059   0.977  -30.790    0.470       84.1057     1502.4297
 0  34  17.864  46993.902  57.662   0.331  -26.880    0.790       84.1602     1503.4023
 0  34  17.864  47018.926 201.951  -5.337  -54.990    0.670       85.5610     1528.4258
 0  34  17.864  47019.895 221.473  -2.458  -64.070    0.750       85.6152     1529.3945
 0  34  17.864  47020.910 241.941   0.354  -64.720    0.920       85.6721     1530.4102
 0 151  17.864  49981.500 145.909  -7.080  -31.930    1.200      251.4053     4491.0000
 0 151  17.864  49986.480 246.281   0.630  -62.840    0.530      251.6841     4495.9805
 0 151  17.864  49988.473 286.425   1.315  -55.950    0.420      251.7956     4497.9727
 0 151  17.864  50278.512  11.503   1.776  -36.660    0.560      268.0320     4788.0117
 0 151  17.864  50281.492  71.576  -0.907  -25.600    0.690      268.1988     4790.9922
 0 151  17.864  50654.500  28.696   2.202  -31.570    0.600      289.0797     5164.0000
 0 151  17.864  50655.555  49.955  -0.676  -28.970    0.620      289.1388     5165.0547
 0 151  17.864  50699.430 214.156  -4.390  -62.180    0.830      291.5949     5208.9297
 0 151  17.864  50700.402 233.756  -1.086  -66.560    0.610      291.6493     5209.9023
 0 151  17.864  50715.395 175.891   2.853  -34.530    0.790      292.4886     5224.8945
 0 151  17.864  50729.457  99.283   2.941  -17.520    0.490      293.2758     5238.9570
 0 151  17.864  50731.406 138.571  -2.380  -27.370    0.520      293.3849     5240.9062
