 2  79  13.608  44825.395 216.878  -0.115   12.443  -10.000      -48.3976     -658.6094
 3  79  13.608  44825.395 216.878  -0.121   10.734  -10.000      -48.3976     -658.6094
 2  79  13.608  44827.266 266.377   0.039   13.013  -10.000      -48.2601     -656.7383
 3  79  13.608  44827.266 266.377   0.021   11.106  -10.000      -48.2601     -656.7383
 2  79  13.608  44829.289 319.907   0.042   13.425  -10.000      -48.1114     -654.7148
 3  79  13.608  44829.289 319.907   0.030   11.350  -10.000      -48.1114     -654.7148
 2  79  13.608  44830.266 345.741   0.004   13.576  -10.000      -48.0396     -653.7383
 3  79  13.608  44830.266 345.741   0.023   11.468  -10.000      -48.0396     -653.7383
 2  79  13.608  44831.262  12.092   0.024   13.791  -10.000      -47.9664     -652.7422
 3  79  13.608  44831.262  12.092   0.013   11.594  -10.000      -47.9664     -652.7422
 2  79  13.608  44832.270  38.753  -0.009   13.952  -10.000      -47.8924     -651.7344
 3  79  13.608  44832.270  38.753   0.005   11.733  -10.000      -47.8924     -651.7344
 2  79  13.608  44833.258  64.898  -0.052   14.042  -10.000      -47.8197     -650.7461
 3  79  13.608  44833.258  64.898  -0.029   11.811  -10.000      -47.8197     -650.7461
 2  79  13.608  44835.379 121.009   0.020   13.861  -10.000      -47.6639     -648.6250
 3  79  13.608  44835.379 121.009   0.022   11.748  -10.000      -47.6639     -648.6250
 2  79  13.608  44844.238 355.379  -0.003   13.638  -10.000      -47.0128     -639.7656
 3  79  13.608  44844.238 355.379   0.016   11.508  -10.000      -47.0128     -639.7656
 2  79  13.608  44845.215  21.213  -0.008   13.829  -10.000      -46.9411     -638.7891
 3  79  13.608  44845.215  21.213   0.011   11.644  -10.000      -46.9411     -638.7891
 2  79  13.608  44846.254  48.701  -0.013   14.007  -10.000      -46.8647     -637.7500
 3  79  13.608  44846.254  48.701  -0.014   11.762  -10.000      -46.8647     -637.7500
 2  79  13.608  44847.230  74.535  -0.098   14.017  -10.000      -46.7930     -636.7734
 3  79  13.608  44847.230  74.535  -0.048   11.816  -10.000      -46.7930     -636.7734
 2  79  13.608  44848.219 100.680  -0.062   13.989  -10.000      -46.7203     -635.7852
 3  79  13.608  44848.219 100.680  -0.021   11.827  -10.000      -46.7203     -635.7852
 2  79  13.608  44849.250 127.961   0.064   13.809  -10.000      -46.6446     -634.7539
 3  79  13.608  44849.250 127.961   0.042   11.711  -10.000      -46.6446     -634.7539
 2  79  13.608  44850.246 154.313   0.127   13.653  -10.000      -46.5714     -633.7578
 3  79  13.608  44850.246 154.313   0.055   11.596  -10.000      -46.5714     -633.7578
 2  79  13.608  44851.242 180.663   0.017   13.362  -10.000      -46.4982     -632.7617
 3  79  13.608  44851.242 180.663  -0.012   11.408  -10.000      -46.4982     -632.7617
 2  79  13.608  44852.234 206.911  -0.069   12.503  -10.000      -46.4252     -631.7695
 3  79  13.608  44852.234 206.911  -0.088   10.784  -10.000      -46.4252     -631.7695
 2  79  13.608  44853.246 233.675   0.041   12.741  -10.000      -46.3509     -630.7578
 3  79  13.608  44853.246 233.675  -0.011   10.927  -10.000      -46.3509     -630.7578
 2  79  13.608  44854.238 259.923   0.055   12.977  -10.000      -46.2780     -629.7656
 3  79  13.608  44854.238 259.923   0.019   11.076  -10.000      -46.2780     -629.7656
 2  79  13.608  44855.227 286.068   0.036   13.167  -10.000      -46.2054     -628.7773
 3  79  13.608  44855.227 286.068   0.022   11.192  -10.000      -46.2054     -628.7773
 2  79  13.608  44856.223 312.418   0.007   13.337  -10.000      -46.1322     -627.7812
 3  79  13.608  44856.223 312.418   0.033   11.320  -10.000      -46.1322     -627.7812
 2  79  13.608  44857.223 338.873   0.024   13.548  -10.000      -46.0587     -626.7812
 3  79  13.608  44857.223 338.873   0.036   11.448  -10.000      -46.0587     -626.7812
 2  79  13.608  44880.211 227.015  -0.051   12.590  -10.000      -44.3694     -603.7930
 3  79  13.608  44880.211 227.015  -0.082   10.823  -10.000      -44.3694     -603.7930
 2  79  13.608  44881.199 253.159   0.054   12.923  -10.000      -44.2968     -602.8047
 3  79  13.608  44881.199 253.159  -0.003   11.026  -10.000      -44.2968     -602.8047
 2  79  13.608  44882.246 280.853   0.002   13.093  -10.000      -44.2199     -601.7578
 3  79  13.608  44882.246 280.853   0.011   11.159  -10.000      -44.2199     -601.7578
 2  79  13.608  44883.180 305.550   0.010   13.289  -10.000      -44.1512     -600.8242
 3  79  13.608  44883.180 305.550   0.015   11.272  -10.000      -44.1512     -600.8242
 2  79  13.608  44884.172 331.798   0.012   13.484  -10.000      -44.0783     -599.8320
 3  79  13.608  44884.172 331.798   0.045   11.422  -10.000      -44.0783     -599.8320
 2  79  13.608  45175.410 116.335  -0.052   13.850  -10.000      -22.6768     -308.5938
 3  79  13.608  45175.410 116.335  -0.028   11.735  -10.000      -22.6768     -308.5938
 2  79  13.608  45178.383 194.975  -0.039   12.844  -10.000      -22.4584     -305.6211
 3  79  13.608  45178.383 194.975  -0.053   11.042  -10.000      -22.4584     -305.6211
 2  79  13.608  45179.285 218.846  -0.114   12.457  -10.000      -22.3921     -304.7188
 3  79  13.608  45179.285 218.846  -0.123   10.740  -10.000      -22.3921     -304.7188
 2  79  13.608  45181.262 271.134   0.026   13.039  -10.000      -22.2468     -302.7422
 3  79  13.608  45181.262 271.134   0.014   11.120  -10.000      -22.2468     -302.7422
 2  79  13.608  45182.266 297.692  -0.009   13.209  -10.000      -22.1731     -301.7383
 3  79  13.608  45182.266 297.692   0.018   11.238  -10.000      -22.1731     -301.7383
 2  79  13.608  45183.293 324.870   0.002   13.422  -10.000      -22.0976     -300.7109
 3  79  13.608  45183.293 324.870  -0.001   11.343  -10.000      -22.0976     -300.7109
 2  79  13.608  45184.254 350.291  -0.014   13.590  -10.000      -22.0270     -299.7500
 3  79  13.608  45184.254 350.291   0.019   11.485  -10.000      -22.0270     -299.7500
 2  79  13.608  45186.293  44.233  -0.033   13.961  -10.000      -21.8771     -297.7109
 3  79  13.608  45186.293  44.233  -0.008   11.746  -10.000      -21.8771     -297.7109
 2  79  13.608  45187.270  70.067  -0.066   14.042  -10.000      -21.8054     -296.7344
 3  79  13.608  45187.270  70.067  -0.026   11.828  -10.000      -21.8054     -296.7344
 2  79  13.608  45188.266  96.419  -0.089   13.989  -10.000      -21.7322     -295.7383
 3  79  13.608  45188.266  96.419  -0.046   11.816  -10.000      -21.7322     -295.7383
 2  79  13.608  45189.297 123.700   0.020   13.824  -10.000      -21.6564     -294.7070
 3  79  13.608  45189.297 123.700   0.001   11.705  -10.000      -21.6564     -294.7070
 2  79  13.608  45190.312 150.568   0.088   13.625  -10.000      -21.5818     -293.6914
 3  79  13.608  45190.312 150.568   0.045   11.591  -10.000      -21.5818     -293.6914
 2  79  13.608  45191.316 177.126   0.010   13.424  -10.000      -21.5080     -292.6875
 3  79  13.608  45191.316 177.126  -0.017   11.451  -10.000      -21.5080     -292.6875
 2  79  13.608  45192.316 203.580  -0.097   12.529  -10.000      -21.4345     -291.6875
 3  79  13.608  45192.316 203.580  -0.097   10.815  -10.000      -21.4345     -291.6875
 2  79  13.608  45193.363 231.275  -0.028   12.651  -10.000      -21.3576     -290.6406
 3  79  13.608  45193.363 231.275  -0.046   10.881  -10.000      -21.3576     -290.6406
 2  79  13.608  45194.340 257.109   0.043   12.943  -10.000      -21.2858     -289.6641
 3  79  13.608  45194.340 257.109   0.020   11.065  -10.000      -21.2858     -289.6641
 2  79  13.608  45198.352   3.236   0.009   13.711  -10.000      -20.9910     -285.6523
 3  79  13.608  45198.352   3.236   0.010   11.545  -10.000      -20.9910     -285.6523
 2  79  13.608  45201.332  82.083  -0.077   14.042  -10.000      -20.7720     -282.6719
 3  79  13.608  45201.332  82.083  -0.026   11.849  -10.000      -20.7720     -282.6719
 2  79  13.608  45203.336 135.095   0.082   13.739  -10.000      -20.6247     -280.6680
 3  79  13.608  45203.336 135.095   0.041   11.657  -10.000      -20.6247     -280.6680
 2  79  13.608  45204.293 160.413   0.060   13.578  -10.000      -20.5544     -279.7109
 3  79  13.608  45204.293 160.413   0.021   11.559  -10.000      -20.5544     -279.7109
 2  79  13.608  45208.281 265.920   0.033   13.004  -10.000      -20.2613     -275.7227
 3  79  13.608  45208.281 265.920   0.026   11.109  -10.000      -20.2613     -275.7227
 3  79  13.608  45644.230 278.699  -0.008   11.131  -10.000       11.7742      160.2266
 3  79  13.608  45646.188 330.471   0.102   11.473  -10.000       11.9180      162.1836
 3  79  13.608  45648.156  22.553   0.052   11.692  -10.000       12.0626      164.1523
 4  79  13.608  45648.156  22.553   0.040   10.420  -10.000       12.0626      164.1523
 3  79  13.608  45649.184  49.731  -0.025   11.755  -10.000       12.1381      165.1797
 4  79  13.608  45649.184  49.731  -0.020   10.484  -10.000       12.1381      165.1797
 3  79  13.608  45650.191  76.392   0.006   11.873  -10.000       12.2122      166.1875
 4  79  13.608  45650.191  76.392   0.015   10.604  -10.000       12.2122      166.1875
 3  79  13.608  45658.125 286.270   0.020   11.191  -10.000       12.7952      174.1211
 4  79  13.608  45658.125 286.270   0.028   10.041  -10.000       12.7952      174.1211
 3  79  13.608  45659.121 312.621   0.041   11.329  -10.000       12.8684      175.1172
 4  79  13.608  45659.121 312.621  -0.001   10.095  -10.000       12.8684      175.1172
 3  79  13.608  45665.141 111.865  -0.021   11.772  -10.000       13.3107      181.1367
 4  79  13.608  45665.141 111.865  -0.030   10.523  -10.000       13.3107      181.1367
 3  79  13.608  45666.102 137.286   0.050   11.652  -10.000       13.3813      182.0977
 4  79  13.608  45666.102 137.286   0.021   10.436  -10.000       13.3813      182.0977
 2  79  13.608  45668.125 190.815   0.019   13.055  -10.000       13.5300      184.1211
 3  79  13.608  45668.125 190.815  -0.038   11.165  -10.000       13.5300      184.1211
 4  79  13.608  45668.125 190.815  -0.049   10.049  -10.000       13.5300      184.1211
 3  79  13.608  45675.125  15.995   0.012   11.615  -10.000       14.0444      191.1211
 4  79  13.608  45675.125  15.995   0.007   10.355  -10.000       14.0444      191.1211
 2  79  13.608  45864.324 341.149  -0.004   13.536  -10.000       27.9476      380.3203
 3  79  13.608  45864.324 341.149   0.008   11.431  -10.000       27.9476      380.3203
 4  79  13.608  45864.324 341.149  -0.004   10.196  -10.000       27.9476      380.3203
 2  79  13.608  45866.359  34.987  -0.021   13.916  -10.000       28.0972      382.3555
 3  79  13.608  45866.359  34.987  -0.004   11.705  -10.000       28.0972      382.3555
 4  79  13.608  45866.359  34.987  -0.004   10.436  -10.000       28.0972      382.3555
 2  79  13.608  45867.340  60.925  -0.045   14.035  -10.000       28.1692      383.3359
 3  79  13.608  45867.340  60.925  -0.020   11.807  -10.000       28.1692      383.3359
 4  79  13.608  45867.340  60.925  -0.014   10.533  -10.000       28.1692      383.3359
 1  79  13.608  45868.273  85.623  -0.090   16.064  -10.000       28.2378      384.2695
 2  79  13.608  45868.273  85.623  -0.068   14.047  -10.000       28.2378      384.2695
 3  79  13.608  45868.273  85.623  -0.016   11.861  -10.000       28.2378      384.2695
 4  79  13.608  45868.273  85.623  -0.035   10.568  -10.000       28.2378      384.2695
 1  79  13.608  45869.328 113.524   0.004   15.866  -10.000       28.3153      385.3242
 2  79  13.608  45869.328 113.524  -0.025   13.911  -10.000       28.3153      385.3242
 3  79  13.608  45869.328 113.524  -0.005   11.778  -10.000       28.3153      385.3242
 4  79  13.608  45869.328 113.524  -0.031   10.514  -10.000       28.3153      385.3242
 1  79  13.608  45870.301 139.255   0.085   15.456  -10.000       28.3868      386.2969
 2  79  13.608  45870.301 139.255   0.095   13.709  -10.000       28.3868      386.2969
 3  79  13.608  45870.301 139.255   0.032   11.623  -10.000       28.3868      386.2969
 4  79  13.608  45870.301 139.255  -0.009   10.398  -10.000       28.3868      386.2969
 1  79  13.608  45871.305 165.813   0.054   15.260  -10.000       28.4606      387.3008
 2  79  13.608  45871.305 165.813   0.040   13.551  -10.000       28.4606      387.3008
 3  79  13.608  45871.305 165.813   0.006   11.541  -10.000       28.4606      387.3008
 4  79  13.608  45871.305 165.813  -0.031   10.340  -10.000       28.4606      387.3008
 2  79  13.608  45872.289 191.854  -0.030   12.968  -10.000       28.5329      388.2852
 3  79  13.608  45872.289 191.854  -0.049   11.127  -10.000       28.5329      388.2852
 4  79  13.608  45872.289 191.854  -0.055   10.021  -10.000       28.5329      388.2852
 2  79  13.608  45873.281 218.102  -0.077   12.489  -10.000       28.6058      389.2773
 3  79  13.608  45873.281 218.102  -0.101   10.759  -10.000       28.6058      389.2773
 4  79  13.608  45873.281 218.102  -0.097    9.712  -10.000       28.6058      389.2773
 1  79  13.608  45874.273 244.350   0.094   14.362  -10.000       28.6787      390.2695
 2  79  13.608  45874.273 244.350   0.058   12.853  -10.000       28.6787      390.2695
 3  79  13.608  45874.273 244.350   0.007   10.997  -10.000       28.6787      390.2695
 4  79  13.608  45874.273 244.350  -0.014    9.883  -10.000       28.6787      390.2695
 2  79  13.608  45875.266 270.597   0.021   13.030  -10.000       28.7517      391.2617
 3  79  13.608  45875.266 270.597   0.007   11.110  -10.000       28.7517      391.2617
 4  79  13.608  45875.266 270.597   0.002    9.971  -10.000       28.7517      391.2617
 1  79  13.608  45876.270 297.155  -0.006   14.930  -10.000       28.8254      392.2656
 2  79  13.608  45876.270 297.155   0.011   13.225  -10.000       28.8254      392.2656
 3  79  13.608  45876.270 297.155   0.001   11.219  -10.000       28.8254      392.2656
 4  79  13.608  45876.270 297.155   0.000   10.045  -10.000       28.8254      392.2656
 2  79  13.608  45877.289 324.126   0.040   13.454  -10.000       28.9004      393.2852
 3  79  13.608  45877.289 324.126   0.026   11.366  -10.000       28.9004      393.2852
 4  79  13.608  45877.289 324.126   0.009   10.144  -10.000       28.9004      393.2852
 2  79  13.608  45878.266 349.961   0.020   13.622  -10.000       28.9721      394.2617
 3  79  13.608  45878.266 349.961   0.023   11.488  -10.000       28.9721      394.2617
 4  79  13.608  45878.266 349.961   0.007   10.241  -10.000       28.9721      394.2617
 2  79  13.608  45879.270  16.518   0.015   13.815  -10.000       29.0459      395.2656
 3  79  13.608  45879.270  16.518   0.027   11.632  -10.000       29.0459      395.2656
 4  79  13.608  45879.270  16.518   0.012   10.363  -10.000       29.0459      395.2656
 2  79  13.608  45880.281  43.283  -0.015   13.974  -10.000       29.1202      396.2773
 3  79  13.608  45880.281  43.283   0.004   11.754  -10.000       29.1202      396.2773
 4  79  13.608  45880.281  43.283  -0.016   10.461  -10.000       29.1202      396.2773
 2  79  13.608  45881.258  69.117  -0.047   14.059  -10.000       29.1920      397.2539
 3  79  13.608  45881.258  69.117  -0.013   11.839  -10.000       29.1920      397.2539
 4  79  13.608  45881.258  69.117  -0.025   10.547  -10.000       29.1920      397.2539
 2  79  13.608  45882.266  95.778  -0.072   14.010  -10.000       29.2661      398.2617
 3  79  13.608  45882.266  95.778  -0.037   11.827  -10.000       29.2661      398.2617
 4  79  13.608  45882.266  95.778  -0.046   10.553  -10.000       29.2661      398.2617
 2  79  13.608  45883.270 122.336  -0.011   13.811  -10.000       29.3398      399.2656
 3  79  13.608  45883.270 122.336  -0.004   11.711  -10.000       29.3398      399.2656
 4  79  13.608  45883.270 122.336  -0.029   10.467  -10.000       29.3398      399.2656
 2  79  13.608  45886.266 201.596  -0.084   12.588  -10.000       29.5600      402.2617
 3  79  13.608  45886.266 201.596  -0.102   10.843  -10.000       29.5600      402.2617
 4  79  13.608  45886.266 201.596  -0.088    9.796  -10.000       29.5600      402.2617
 1  79  13.608  45887.258 227.843   0.001   14.035  -10.000       29.6329      403.2539
 2  79  13.608  45887.258 227.843  -0.064   12.584  -10.000       29.6329      403.2539
 3  79  13.608  45887.258 227.843  -0.088   10.821  -10.000       29.6329      403.2539
 4  79  13.608  45887.258 227.843  -0.070    9.774  -10.000       29.6329      403.2539
 2  79  13.608  47409.238 170.936   0.036   13.522  -10.000      141.4748     1925.2344
 3  79  13.608  47409.238 170.936   0.040   11.558  -10.000      141.4748     1925.2344
 4  79  13.608  47409.238 170.936   0.020   10.378  -10.000      141.4748     1925.2344
 2  79  13.608  47410.250 197.699   0.023   12.811  -10.000      141.5492     1926.2461
 3  79  13.608  47410.250 197.699   0.015   11.042  -10.000      141.5492     1926.2461
 4  79  13.608  47410.250 197.699   0.015    9.968  -10.000      141.5492     1926.2461
 2  79  13.608  47411.258 224.363  -0.110   12.508  -10.000      141.6232     1927.2539
 3  79  13.608  47411.258 224.363  -0.078   10.813  -10.000      141.6232     1927.2539
 4  79  13.608  47411.258 224.363  -0.063    9.768  -10.000      141.6232     1927.2539
 2  79  13.608  47413.203 275.823   0.026   13.077  -10.000      141.7662     1929.1992
 3  79  13.608  47413.203 275.823   0.028   11.154  -10.000      141.7662     1929.1992
 4  79  13.608  47413.203 275.823   0.016   10.000  -10.000      141.7662     1929.1992
 2  79  13.608  47414.188 301.866  -0.018   13.233  -10.000      141.8385     1930.1836
 3  79  13.608  47414.188 301.866   0.020   11.259  -10.000      141.8385     1930.1836
 4  79  13.608  47414.188 301.866   0.026   10.087  -10.000      141.8385     1930.1836
 2  79  13.608  47415.199 328.629   0.020   13.468  -10.000      141.9129     1931.1953
 3  79  13.608  47415.199 328.629   0.029   11.391  -10.000      141.9129     1931.1953
 4  79  13.608  47415.199 328.629   0.027   10.179  -10.000      141.9129     1931.1953
 2  79  13.608  47416.195 354.979   0.011   13.649  -10.000      141.9861     1932.1914
 3  79  13.608  47416.195 354.979   0.028   11.518  -10.000      141.9861     1932.1914
 4  79  13.608  47416.195 354.979   0.033   10.288  -10.000      141.9861     1932.1914
 2  79  13.608  47417.188  21.226  -0.028   13.809  -10.000      142.0590     1933.1836
 3  79  13.608  47417.188  21.226  -0.019   11.614  -10.000      142.0590     1933.1836
 4  79  13.608  47417.188  21.226   0.010   10.384  -10.000      142.0590     1933.1836
 2  79  13.608  47418.188  47.681  -0.020   13.995  -10.000      142.1324     1934.1836
 3  79  13.608  47418.188  47.681   0.009   11.780  -10.000      142.1324     1934.1836
 4  79  13.608  47418.188  47.681   0.031   10.526  -10.000      142.1324     1934.1836
 2  79  13.608  47419.164  73.515  -0.158   13.956  -10.000      142.2042     1935.1602
 3  79  13.608  47419.164  73.515  -0.077   11.785  -10.000      142.2042     1935.1602
 4  79  13.608  47419.164  73.515  -0.046   10.537  -10.000      142.2042     1935.1602
 2  79  13.608  47420.168 100.074  -0.085   13.970  -10.000      142.2780     1936.1641
 3  79  13.608  47420.168 100.074  -0.024   11.826  -10.000      142.2780     1936.1641
 4  79  13.608  47420.168 100.074   0.012   10.602  -10.000      142.2780     1936.1641
 2  79  13.608  47421.160 126.321   0.013   13.780  -10.000      142.3509     1937.1562
 3  79  13.608  47421.160 126.321   0.021   11.703  -10.000      142.3509     1937.1562
 4  79  13.608  47421.160 126.321   0.022   10.494  -10.000      142.3509     1937.1562
 2  79  13.608  47422.168 152.985   0.077   13.606  -10.000      142.4250     1938.1641
 3  79  13.608  47422.168 152.985   0.046   11.588  -10.000      142.4250     1938.1641
 4  79  13.608  47422.168 152.985   0.024   10.398  -10.000      142.4250     1938.1641
 2  79  13.608  47423.160 179.231   0.039   13.415  -10.000      142.4979     1939.1562
 3  79  13.608  47423.160 179.231   0.001   11.442  -10.000      142.4979     1939.1562
 4  79  13.608  47423.160 179.231  -0.003   10.292  -10.000      142.4979     1939.1562
 2  79  13.608  47424.164 205.790  -0.003   12.584  -10.000      142.5716     1940.1602
 3  79  13.608  47424.164 205.790  -0.045   10.838  -10.000      142.5716     1940.1602
 4  79  13.608  47424.164 205.790  -0.031    9.802  -10.000      142.5716     1940.1602
 2  79  13.608  47425.188 232.861   0.013   12.706  -10.000      142.6468     1941.1836
 3  79  13.608  47425.188 232.861  -0.019   10.915  -10.000      142.6468     1941.1836
 4  79  13.608  47425.188 232.861   0.001    9.862  -10.000      142.6468     1941.1836
 2  79  13.608  47427.195 285.980   0.078   13.208  -10.000      142.7944     1943.1914
 3  79  13.608  47427.195 285.980   0.072   11.242  -10.000      142.7944     1943.1914
 4  79  13.608  47427.195 285.980   0.099   10.111  -10.000      142.7944     1943.1914
 2  79  13.608  47428.176 311.918   0.002   13.328  -10.000      142.8664     1944.1719
 3  79  13.608  47428.176 311.918   0.002   11.287  -10.000      142.8664     1944.1719
 4  79  13.608  47428.176 311.918   0.020   10.114  -10.000      142.8664     1944.1719
 2  79  13.608  47429.156 337.852   0.029   13.545  -10.000      142.9385     1945.1523
 3  79  13.608  47429.156 337.852   0.027   11.434  -10.000      142.9385     1945.1523
 4  79  13.608  47429.156 337.852   0.041   10.228  -10.000      142.9385     1945.1523
 2  79  13.608  47430.145   3.999   0.009   13.717  -10.000      143.0111     1946.1406
 3  79  13.608  47430.145   3.999   0.028   11.567  -10.000      143.0111     1946.1406
 4  79  13.608  47430.145   3.999   0.037   10.332  -10.000      143.0111     1946.1406
 2  79  13.608  47431.156  30.762  -0.027   13.882  -10.000      143.0854     1947.1523
 3  79  13.608  47431.156  30.762   0.025   11.712  -10.000      143.0854     1947.1523
 4  79  13.608  47431.156  30.762   0.025   10.446  -10.000      143.0854     1947.1523
 2  79  13.608  47432.145  56.909  -0.041   14.022  -10.000      143.1581     1948.1406
 3  79  13.608  47432.145  56.909  -0.014   11.798  -10.000      143.1581     1948.1406
 4  79  13.608  47432.145  56.909   0.002   10.535  -10.000      143.1581     1948.1406
 2  79  13.608  47433.148  83.463  -0.007   14.111  -10.000      143.2318     1949.1445
 3  79  13.608  47433.148  83.463  -0.004   11.872  -10.000      143.2318     1949.1445
 4  79  13.608  47433.148  83.463   0.001   10.602  -10.000      143.2318     1949.1445
 2  79  13.608  47434.152 110.023  -0.038   13.935  -10.000      143.3056     1950.1484
 3  79  13.608  47434.152 110.023  -0.004   11.800  -10.000      143.3056     1950.1484
 4  79  13.608  47434.152 110.023   0.005   10.565  -10.000      143.3056     1950.1484
 2  79  13.608  48503.258 312.578  -0.004   13.327  -10.000      221.8683     3019.2539
 3  79  13.608  48503.258 312.578   0.010   11.298  -10.000      221.8683     3019.2539
 4  79  13.608  48503.258 312.578   0.013   10.109  -10.000      221.8683     3019.2539
 2  79  13.608  48504.211 337.791  -0.022   13.494  -10.000      221.9383     3020.2070
 3  79  13.608  48504.211 337.791   0.017   11.424  -10.000      221.9383     3020.2070
 4  79  13.608  48504.211 337.791  -0.003   10.184  -10.000      221.9383     3020.2070
 2  79  13.608  48505.234   4.867  -0.025   13.690  -10.000      222.0135     3021.2305
 3  79  13.608  48505.234   4.867   0.029   11.573  -10.000      222.0135     3021.2305
 4  79  13.608  48505.234   4.867   0.019   10.318  -10.000      222.0135     3021.2305
 2  79  13.608  48506.254  31.833  -0.014   13.903  -10.000      222.0884     3022.2500
 3  79  13.608  48506.254  31.833  -0.014   11.679  -10.000      222.0884     3022.2500
 4  79  13.608  48506.254  31.833   0.002   10.428  -10.000      222.0884     3022.2500
 2  79  13.608  48507.227  57.568  -0.007   14.059  -10.000      222.1599     3023.2227
 3  79  13.608  48507.227  57.568  -0.018   11.796  -10.000      222.1599     3023.2227
 4  79  13.608  48507.227  57.568   0.006   10.541  -10.000      222.1599     3023.2227
 2  79  13.608  48508.203  83.403  -0.034   14.084  -10.000      222.2317     3024.1992
 3  79  13.608  48508.203  83.403  -0.038   11.838  -10.000      222.2317     3024.1992
 4  79  13.608  48508.203  83.403  -0.014   10.587  -10.000      222.2317     3024.1992
 2  79  13.608  48509.234 110.682  -0.010   13.956  -10.000      222.3074     3025.2305
 3  79  13.608  48509.234 110.682   0.009   11.809  -10.000      222.3074     3025.2305
 4  79  13.608  48509.234 110.682   0.021   10.579  -10.000      222.3074     3025.2305
 2  79  13.608  48510.203 136.307   0.126   13.770  -10.000      222.3786     3026.1992
 3  79  13.608  48510.203 136.307   0.068   11.676  -10.000      222.3786     3026.1992
 4  79  13.608  48510.203 136.307   0.017   10.436  -10.000      222.3786     3026.1992
 2  79  13.608  48511.215 163.076   0.103   13.619  -10.000      222.4530     3027.2109
 3  79  13.608  48511.215 163.076   0.067   11.604  -10.000      222.4530     3027.2109
 4  79  13.608  48511.215 163.076   0.039   10.411  -10.000      222.4530     3027.2109
 2  79  13.608  48512.219 189.630   0.135   13.214  -10.000      222.5267     3028.2148
 3  79  13.608  48512.219 189.630   0.078   11.311  -10.000      222.5267     3028.2148
 4  79  13.608  48512.219 189.630   0.052   10.175  -10.000      222.5267     3028.2148
 2  79  13.608  48513.223 216.189  -0.096   12.458  -10.000      222.6005     3029.2188
 3  79  13.608  48513.223 216.189  -0.084   10.769  -10.000      222.6005     3029.2188
 4  79  13.608  48513.223 216.189  -0.061    9.743  -10.000      222.6005     3029.2188
 2  79  13.608  48514.227 242.748   0.063   12.844  -10.000      222.6743     3030.2227
 3  79  13.608  48514.227 242.748   0.008   10.990  -10.000      222.6743     3030.2227
 4  79  13.608  48514.227 242.748   0.004    9.896  -10.000      222.6743     3030.2227
 2  79  13.608  48515.227 269.203  -0.003   12.995  -10.000      222.7478     3031.2227
 3  79  13.608  48515.227 269.203   0.030   11.127  -10.000      222.7478     3031.2227
 4  79  13.608  48515.227 269.203   0.034    9.999  -10.000      222.7478     3031.2227
 2  79  13.608  48516.215 295.345  -0.016   13.184  -10.000      222.8204     3032.2109
 3  79  13.608  48516.215 295.345   0.031   11.241  -10.000      222.8204     3032.2109
 4  79  13.608  48516.215 295.345   0.037   10.077  -10.000      222.8204     3032.2109
 2  79  13.608  48517.207 321.592  -0.004   13.391  -10.000      222.8933     3033.2031
 3  79  13.608  48517.207 321.592   0.035   11.363  -10.000      222.8933     3033.2031
 4  79  13.608  48517.207 321.592   0.070   10.196  -10.000      222.8933     3033.2031
 2  79  13.608  48518.215 348.256  -0.014   13.576  -10.000      222.9674     3034.2109
 3  79  13.608  48518.215 348.256   0.019   11.476  -10.000      222.9674     3034.2109
 4  79  13.608  48518.215 348.256   0.019   10.246  -10.000      222.9674     3034.2109
 2  79  13.608  48519.230  15.123  -0.013   13.776  -10.000      223.0420     3035.2266
 3  79  13.608  48519.230  15.123   0.028   11.626  -10.000      223.0420     3035.2266
 4  79  13.608  48519.230  15.123   0.015   10.359  -10.000      223.0420     3035.2266
 2  79  13.608  48520.203  40.853  -0.025   13.949  -10.000      223.1135     3036.1992
 3  79  13.608  48520.203  40.853   0.026   11.764  -10.000      223.1135     3036.1992
 4  79  13.608  48520.203  40.853   0.019   10.485  -10.000      223.1135     3036.1992
 2  79  13.608  48521.230  68.033  -0.054   14.049  -10.000      223.1890     3037.2266
 3  79  13.608  48521.230  68.033  -0.014   11.835  -10.000      223.1890     3037.2266
 4  79  13.608  48521.230  68.033  -0.007   10.562  -10.000      223.1890     3037.2266
 2  79  13.608  48522.215  94.070   0.019   14.109  -10.000      223.2613     3038.2109
 3  79  13.608  48522.215  94.070   0.000   11.868  -10.000      223.2613     3038.2109
 4  79  13.608  48522.215  94.070  -0.010   10.591  -10.000      223.2613     3038.2109
 2  79  13.608  48523.207 120.322   0.061   13.911  -10.000      223.3342     3039.2031
 3  79  13.608  48523.207 120.322   0.049   11.781  -10.000      223.3342     3039.2031
 4  79  13.608  48523.207 120.322   0.023   10.531  -10.000      223.3342     3039.2031
 3  79  13.608  49957.293 258.212   0.011   11.060  -10.000      328.7173     4473.2891
 5  79  13.608  49957.293 258.212  -0.052    8.843  -10.000      328.7173     4473.2891
 3  79  13.608  49958.266 283.942   0.044   11.205  -10.000      328.7887     4474.2617
 5  79  13.608  49958.266 283.942  -0.013    8.918  -10.000      328.7887     4474.2617
 3  79  13.608  49959.328 312.056  -0.001   11.284  -10.000      328.8668     4475.3242
 5  79  13.608  49959.328 312.056  -0.017    8.968  -10.000      328.8668     4475.3242
 3  79  13.608  49992.281 103.810  -0.030   11.805  -10.000      331.2884     4508.2773
 5  79  13.608  49992.281 103.810  -0.041    9.373  -10.000      331.2884     4508.2773
 3  79  13.608  49993.219 128.606   0.048   11.711  -10.000      331.3572     4509.2148
 5  79  13.608  49993.219 128.606  -0.011    9.326  -10.000      331.3572     4509.2148
 3  79  13.608  50009.266 193.118   0.122   11.265  -10.000      332.5364     4525.2617
 5  79  13.608  50009.266 193.118   0.037    9.065  -10.000      332.5364     4525.2617
 3  79  13.608  50011.219 244.786  -0.019   10.973  -10.000      332.6800     4527.2148
 5  79  13.608  50011.219 244.786  -0.027    8.852  -10.000      332.6800     4527.2148
 3  79  13.608  50017.184  42.583  -0.011   11.736  -10.000      333.1183     4533.1797
 5  79  13.608  50017.184  42.583   0.003    9.292  -10.000      333.1183     4533.1797
 3  79  13.608  50018.230  70.280   0.019   11.874  -10.000      333.1952     4534.2266
 5  79  13.608  50018.230  70.280   0.003    9.388  -10.000      333.1952     4534.2266
 3  79  13.608  50020.180 121.849   0.032   11.751  -10.000      333.3385     4536.1758
 5  79  13.608  50020.180 121.849  -0.013    9.351  -10.000      333.3385     4536.1758
 0  34  13.608  46987.930 185.466  -2.812   -1.380    0.600      110.5152     1503.9258
 0  34  13.608  46989.828 235.690   7.501  -10.380    0.620      110.6547     1505.8242
 0  34  13.608  46990.812 261.730   0.220  -18.250    0.540      110.7270     1506.8086
 0  34  13.608  46991.848 289.113  -0.701  -14.690    0.550      110.8031     1507.8438
 0  34  13.608  46992.863 315.981  -1.153   -8.540    0.450      110.8777     1508.8594
 0  34  13.608  46993.832 341.609  -1.128   -1.920    0.710      110.9489     1509.8281
 0  34  13.608  47018.848 283.384  -1.101  -17.210    0.530      112.7872     1534.8438
 0  34  13.608  47019.793 308.392  -2.164  -11.390    0.510      112.8566     1535.7891
 0  34  13.608  47022.777  27.339   2.753   11.580    0.570      113.0759     1538.7734
