 2  79  34.551  49807.730 273.128   0.067   14.052  -10.000      123.7587     4275.9531
 3  79  34.551  49807.730 273.128   0.052   12.276  -10.000      123.7587     4275.9531
 4  79  34.551  49807.730 273.128   0.025   11.212  -10.000      123.7587     4275.9531
 5  79  34.551  49807.730 273.128   0.001   10.221  -10.000      123.7587     4275.9531
 2  79  34.551  49808.730 283.546   0.109   14.170  -10.000      123.7876     4276.9531
 3  79  34.551  49808.730 283.546   0.053   12.317  -10.000      123.7876     4276.9531
 4  79  34.551  49808.730 283.546   0.029   11.241  -10.000      123.7876     4276.9531
 5  79  34.551  49808.730 283.546  -0.001   10.231  -10.000      123.7876     4276.9531
 2  79  34.551  49809.676 293.395   0.114   14.241  -10.000      123.8150     4277.8984
 3  79  34.551  49809.676 293.395   0.060   12.361  -10.000      123.8150     4277.8984
 4  79  34.551  49809.676 293.395   0.042   11.279  -10.000      123.8150     4277.8984
 5  79  34.551  49809.676 293.395   0.006   10.252  -10.000      123.8150     4277.8984
 2  79  34.551  49810.699 304.060   0.076   14.276  -10.000      123.8446     4278.9219
 3  79  34.551  49810.699 304.060   0.036   12.379  -10.000      123.8446     4278.9219
 4  79  34.551  49810.699 304.060   0.043   11.309  -10.000      123.8446     4278.9219
 5  79  34.551  49810.699 304.060   0.008   10.270  -10.000      123.8446     4278.9219
 2  79  34.551  49811.680 314.278   0.085   14.349  -10.000      123.8730     4279.9023
 3  79  34.551  49811.680 314.278   0.053   12.434  -10.000      123.8730     4279.9023
 4  79  34.551  49811.680 314.278   0.030   11.324  -10.000      123.8730     4279.9023
 5  79  34.551  49811.680 314.278   0.005   10.286  -10.000      123.8730     4279.9023
 2  79  34.551  49812.691 324.819   0.076   14.407  -10.000      123.9023     4280.9141
 3  79  34.551  49812.691 324.819   0.067   12.489  -10.000      123.9023     4280.9141
 4  79  34.551  49812.691 324.819   0.079   11.403  -10.000      123.9023     4280.9141
 5  79  34.551  49812.691 324.819   0.047   10.348  -10.000      123.9023     4280.9141
 2  79  34.551  49813.703 335.360   0.080   14.482  -10.000      123.9316     4281.9258
 3  79  34.551  49813.703 335.360   0.065   12.534  -10.000      123.9316     4281.9258
 4  79  34.551  49813.703 335.360   0.052   11.412  -10.000      123.9316     4281.9258
 5  79  34.551  49813.703 335.360   0.042   10.370  -10.000      123.9316     4281.9258
 2  79  34.551  49814.707 345.819   0.067   14.539  -10.000      123.9606     4282.9297
 3  79  34.551  49814.707 345.819   0.047   12.562  -10.000      123.9606     4282.9297
 4  79  34.551  49814.707 345.819   0.034   11.430  -10.000      123.9606     4282.9297
 5  79  34.551  49814.707 345.819   0.039   10.394  -10.000      123.9606     4282.9297
 2  79  34.551  49815.676 355.913   0.043   14.581  -10.000      123.9886     4283.8984
 3  79  34.551  49815.676 355.913   0.061   12.621  -10.000      123.9886     4283.8984
 4  79  34.551  49815.676 355.913   0.063   11.495  -10.000      123.9886     4283.8984
 5  79  34.551  49815.676 355.913   0.042   10.425  -10.000      123.9886     4283.8984
 2  79  34.551  49816.664   6.210   0.011   14.614  -10.000      124.0173     4284.8867
 3  79  34.551  49816.664   6.210   0.044   12.649  -10.000      124.0173     4284.8867
 4  79  34.551  49816.664   6.210   0.038   11.507  -10.000      124.0173     4284.8867
 5  79  34.551  49816.664   6.210   0.033   10.445  -10.000      124.0173     4284.8867
 2  79  34.551  49817.656  16.548   0.037   14.702  -10.000      124.0460     4285.8789
 3  79  34.551  49817.656  16.548   0.024   12.674  -10.000      124.0460     4285.8789
 4  79  34.551  49817.656  16.548   0.028   11.535  -10.000      124.0460     4285.8789
 5  79  34.551  49817.656  16.548   0.044   10.488  -10.000      124.0460     4285.8789
 2  79  34.551  49818.652  26.927   0.063   14.773  -10.000      124.0748     4286.8750
 3  79  34.551  49818.652  26.927   0.045   12.729  -10.000      124.0748     4286.8750
 4  79  34.551  49818.652  26.927   0.031   11.569  -10.000      124.0748     4286.8750
 5  79  34.551  49818.652  26.927   0.026   10.496  -10.000      124.0748     4286.8750
 2  79  34.551  49821.645  58.104  -0.036   14.802  -10.000      124.1614     4289.8672
 3  79  34.551  49821.645  58.104   0.042   12.834  -10.000      124.1614     4289.8672
 4  79  34.551  49821.645  58.104   0.049   11.686  -10.000      124.1614     4289.8672
 5  79  34.551  49821.645  58.104   0.050   10.612  -10.000      124.1614     4289.8672
 2  79  34.551  49822.645  68.524  -0.060   14.800  -10.000      124.1903     4290.8672
 3  79  34.551  49822.645  68.524   0.074   12.891  -10.000      124.1903     4290.8672
 4  79  34.551  49822.645  68.524   0.062   11.725  -10.000      124.1903     4290.8672
 5  79  34.551  49822.645  68.524   0.072   10.661  -10.000      124.1903     4290.8672
 2  79  34.551  49823.637  78.863  -0.011   14.887  -10.000      124.2191     4291.8594
 3  79  34.551  49823.637  78.863   0.062   12.917  -10.000      124.2191     4291.8594
 4  79  34.551  49823.637  78.863   0.065   11.766  -10.000      124.2191     4291.8594
 5  79  34.551  49823.637  78.863   0.064   10.690  -10.000      124.2191     4291.8594
 2  79  34.551  49824.625  89.160  -0.050   14.885  -10.000      124.2477     4292.8477
 3  79  34.551  49824.625  89.160   0.049   12.942  -10.000      124.2477     4292.8477
 4  79  34.551  49824.625  89.160   0.046   11.786  -10.000      124.2477     4292.8477
 5  79  34.551  49824.625  89.160   0.043   10.709  -10.000      124.2477     4292.8477
 2  79  34.551  49825.629  99.619  -0.035   14.929  -10.000      124.2767     4293.8516
 3  79  34.551  49825.629  99.619   0.004   12.933  -10.000      124.2767     4293.8516
 4  79  34.551  49825.629  99.619   0.024   11.803  -10.000      124.2767     4293.8516
 5  79  34.551  49825.629  99.619   0.031   10.739  -10.000      124.2767     4293.8516
 2  79  34.551  49826.656 110.325  -0.013   14.975  -10.000      124.3065     4294.8789
 3  79  34.551  49826.656 110.325  -0.011   12.951  -10.000      124.3065     4294.8789
 4  79  34.551  49826.656 110.325   0.010   11.825  -10.000      124.3065     4294.8789
 5  79  34.551  49826.656 110.325   0.016   10.763  -10.000      124.3065     4294.8789
 2  79  34.551  49827.625 120.418  -0.009   14.997  -10.000      124.3345     4295.8477
 3  79  34.551  49827.625 120.418  -0.009   12.982  -10.000      124.3345     4295.8477
 4  79  34.551  49827.625 120.418  -0.001   11.847  -10.000      124.3345     4295.8477
 5  79  34.551  49827.625 120.418   0.011   10.795  -10.000      124.3345     4295.8477
23   4  34.551  40921.492 203.313  -0.064    5.163  -10.000     -133.4352    -4610.2852
24   4  34.551  40921.492 203.313  -0.112    6.640  -10.000     -133.4352    -4610.2852
23   4  34.551  40923.496 224.193  -0.077    5.210  -10.000     -133.3772    -4608.2812
24   4  34.551  40923.496 224.193  -0.129    6.785  -10.000     -133.3772    -4608.2812
23   4  34.551  40924.480 234.448  -0.100    5.233  -10.000     -133.3488    -4607.2969
24   4  34.551  40924.480 234.448  -0.160    6.858  -10.000     -133.3488    -4607.2969
23   4  34.551  40928.543 276.779  -0.093    5.427  -10.000     -133.2312    -4603.2344
24   4  34.551  40928.543 276.779  -0.167    7.245  -10.000     -133.2312    -4603.2344
23   4  34.551  40954.430 186.504   0.082    5.405  -10.000     -132.4819    -4577.3477
24   4  34.551  40954.430 186.504   0.126    6.987  -10.000     -132.4819    -4577.3477
23   4  34.551  40977.535  67.253  -0.033    6.075  -10.000     -131.8132    -4554.2422
24   4  34.551  40977.535  67.253  -0.050    8.278  -10.000     -131.8132    -4554.2422
23   4  34.551  40978.441  76.696  -0.037    6.102  -10.000     -131.7870    -4553.3359
24   4  34.551  40978.441  76.696   0.001    8.360  -10.000     -131.7870    -4553.3359
23   4  34.551  40979.562  88.374  -0.042    6.142  -10.000     -131.7545    -4552.2148
24   4  34.551  40979.562  88.374  -0.072    8.330  -10.000     -131.7545    -4552.2148
23   4  34.551  40989.555 192.486  -0.028    5.230  -10.000     -131.4653    -4542.2227
24   4  34.551  40989.555 192.486   0.009    6.780  -10.000     -131.4653    -4542.2227
23   4  34.551  41002.523 327.612  -0.072    5.650  -10.000     -131.0900    -4529.2539
24   4  34.551  41002.523 327.612  -0.060    7.725  -10.000     -131.0900    -4529.2539
23   4  34.551  41007.441  18.858  -0.051    5.900  -10.000     -130.9476    -4524.3359
24   4  34.551  41007.441  18.858  -0.095    8.045  -10.000     -130.9476    -4524.3359
23   4  34.551  41008.379  28.625   0.015    5.997  -10.000     -130.9205    -4523.3984
24   4  34.551  41008.379  28.625   0.003    8.185  -10.000     -130.9205    -4523.3984
23   4  34.551  41009.379  39.045  -0.047    5.975  -10.000     -130.8915    -4522.3984
24   4  34.551  41009.379  39.045  -0.093    8.140  -10.000     -130.8915    -4522.3984
23   4  34.551  41056.234 167.256   0.200    6.017  -10.000     -129.5354    -4475.5430
24   4  34.551  41056.234 167.256   0.456    8.083  -10.000     -129.5354    -4475.5430
23   4  34.551  41057.348 178.852   0.181    5.663  -10.000     -129.5032    -4474.4297
24   4  34.551  41057.348 178.852   0.274    7.373  -10.000     -129.5032    -4474.4297
23   4  34.551  41058.359 189.393   0.012    5.297  -10.000     -129.4739    -4473.4180
24   4  34.551  41058.359 189.393   0.079    6.887  -10.000     -129.4739    -4473.4180
23   4  34.551  41066.387 273.038  -0.072    5.433  -10.000     -129.2416    -4465.3906
24   4  34.551  41066.387 273.038  -0.086    7.293  -10.000     -129.2416    -4465.3906
23   4  34.551  41068.371 293.714  -0.034    5.552  -10.000     -129.1841    -4463.4062
24   4  34.551  41068.371 293.714  -0.056    7.485  -10.000     -129.1841    -4463.4062
23   4  34.551  41090.309 162.290   0.218    6.173  -10.000     -128.5492    -4441.4688
24   4  34.551  41090.309 162.290   0.437    8.283  -10.000     -128.5492    -4441.4688
23   4  34.551  41092.309 183.126   0.125    5.508  -10.000     -128.4913    -4439.4688
24   4  34.551  41092.309 183.126   0.174    7.123  -10.000     -128.4913    -4439.4688
23   4  34.551  41100.289 266.281  -0.046    5.425  -10.000     -128.2603    -4431.4883
24   4  34.551  41100.289 266.281  -0.113    7.200  -10.000     -128.2603    -4431.4883
23   4  34.551  41101.281 276.619  -0.005    5.515  -10.000     -128.2316    -4430.4961
24   4  34.551  41101.281 276.619   0.065    7.475  -10.000     -128.2316    -4430.4961
23   4  34.551  41115.262  62.287  -0.026    6.070  -10.000     -127.8270    -4416.5156
24   4  34.551  41115.262  62.287  -0.044    8.272  -10.000     -127.8270    -4416.5156
23   4  34.551  41116.262  72.708   0.001    6.125  -10.000     -127.7980    -4415.5156
24   4  34.551  41116.262  72.708  -0.021    8.323  -10.000     -127.7980    -4415.5156
23   4  34.551  41122.246 135.060  -0.072    6.242  -10.000     -127.6248    -4409.5312
24   4  34.551  41122.246 135.060  -0.082    8.387  -10.000     -127.6248    -4409.5312
23   4  34.551  41123.250 145.519  -0.001    6.265  -10.000     -127.5958    -4408.5273
24   4  34.551  41123.250 145.519   0.036    8.400  -10.000     -127.5958    -4408.5273
23   4  34.551  41124.238 155.819   0.123    6.230  -10.000     -127.5672    -4407.5391
24   4  34.551  41124.238 155.819   0.158    8.250  -10.000     -127.5672    -4407.5391
23   4  34.551  41130.234 218.293  -0.086    5.175  -10.000     -127.3936    -4401.5430
24   4  34.551  41130.234 218.293  -0.108    6.747  -10.000     -127.3936    -4401.5430
23   4  34.551  41131.227 228.631  -0.035    5.273  -10.000     -127.3649    -4400.5508
24   4  34.551  41131.227 228.631  -0.074    6.885  -10.000     -127.3649    -4400.5508
 0  42  34.551  46870.574 269.543  -0.698   76.830    0.660       38.7487     1338.7969
 0  42  34.551  46871.656 280.816   0.539   77.980    0.650       38.7800     1339.8789
 0  42  34.551  46873.660 301.696   1.154   82.830    0.610       38.8380     1341.8828
 0  42  34.551  46875.621 322.127   2.166   88.590    0.610       38.8948     1343.8438
 0  42  34.551  46924.539 111.827  -2.657  111.640    1.010       40.3106     1392.7617
 0  42  34.551  46927.480 142.475  -0.039  115.020    0.860       40.3958     1395.7031
 0  55  34.551  45760.695 225.202  -7.543   63.770    1.300        6.6256      228.9180
 0  55  34.551  45767.664 297.813   0.228   81.800    1.010        6.8273      235.8867
 0  55  34.551  46111.746 282.962  -0.598   77.680    1.130       16.7860      579.9688
 3 150  34.551  50542.438   8.377   0.019   12.633  -10.000      145.0233     5010.6602
 5 150  34.551  50542.438   8.377   0.020   10.438  -10.000      145.0233     5010.6602
 3 150  34.551  50568.309 277.943   0.047   12.291  -10.000      145.7721     5036.5312
 5 150  34.551  50568.309 277.943  -0.008   10.219  -10.000      145.7721     5036.5312
 3 150  34.551  50570.281 298.499   0.012   12.334  -10.000      145.8292     5038.5039
 5 150  34.551  50570.281 298.499  -0.024   10.230  -10.000      145.8292     5038.5039
 3 150  34.551  50571.262 308.710   0.019   12.378  -10.000      145.8575     5039.4844
 5 150  34.551  50571.262 308.710  -0.007   10.263  -10.000      145.8575     5039.4844
 3 150  34.551  50572.254 319.048   0.031   12.431  -10.000      145.8862     5040.4766
 5 150  34.551  50572.254 319.048  -0.021   10.269  -10.000      145.8862     5040.4766
 3 150  34.551  50573.266 329.590   0.012   12.455  -10.000      145.9155     5041.4883
 5 150  34.551  50573.266 329.590  -0.009   10.304  -10.000      145.9155     5041.4883
 3 150  34.551  50575.262 350.387   0.029   12.564  -10.000      145.9733     5043.4844
 5 150  34.551  50575.262 350.387   0.023   10.391  -10.000      145.9733     5043.4844
 3 150  34.551  50576.270   0.890   0.019   12.600  -10.000      146.0025     5044.4922
 5 150  34.551  50576.270   0.890   0.017   10.413  -10.000      146.0025     5044.4922
 3 150  34.551  50577.316  11.799   0.042   12.671  -10.000      146.0328     5045.5391
 5 150  34.551  50577.316  11.799   0.042   10.471  -10.000      146.0328     5045.5391
 3 150  34.551  50578.254  21.566   0.034   12.702  -10.000      146.0599     5046.4766
 5 150  34.551  50578.254  21.566   0.041   10.498  -10.000      146.0599     5046.4766
 3 150  34.551  50578.297  22.017   0.028   12.698  -10.000      146.0612     5046.5195
 5 150  34.551  50578.297  22.017   0.012   10.470  -10.000      146.0612     5046.5195
 3 150  34.551  50580.242  42.281   0.022   12.764  -10.000      146.1174     5048.4648
 5 150  34.551  50580.242  42.281   0.021   10.538  -10.000      146.1174     5048.4648
 3 150  34.551  50580.285  42.731   0.038   12.782  -10.000      146.1187     5048.5078
 5 150  34.551  50580.285  42.731   0.037   10.555  -10.000      146.1187     5048.5078
 3 150  34.551  50580.289  42.770   0.036   12.780  -10.000      146.1188     5048.5117
 5 150  34.551  50580.289  42.770   0.041   10.560  -10.000      146.1188     5048.5117
 3 150  34.551  50580.355  43.462   0.029   12.776  -10.000      146.1207     5048.5781
 5 150  34.551  50580.355  43.462   0.026   10.547  -10.000      146.1207     5048.5781
 3 150  34.551  50582.230  63.001   0.031   12.834  -10.000      146.1750     5050.4531
 5 150  34.551  50582.230  63.001   0.052   10.626  -10.000      146.1750     5050.4531
 3 150  34.551  50582.293  63.649   0.037   12.842  -10.000      146.1768     5050.5156
 5 150  34.551  50582.293  63.649   0.036   10.612  -10.000      146.1768     5050.5156
 3 150  34.551  50583.281  73.949   0.039   12.874  -10.000      146.2054     5051.5039
 5 150  34.551  50583.281  73.949   0.043   10.649  -10.000      146.2054     5051.5039
 3 150  34.551  50584.230  83.837   0.032   12.907  -10.000      146.2329     5052.4531
 5 150  34.551  50584.230  83.837   0.029   10.675  -10.000      146.2329     5052.4531
 3 150  34.551  50584.305  84.611   0.034   12.911  -10.000      146.2350     5052.5273
 5 150  34.551  50584.305  84.611   0.032   10.681  -10.000      146.2350     5052.5273
 3 150  34.551  50808.551 261.134   0.069   12.236  -10.000      152.7254     5276.7734
 5 150  34.551  50808.551 261.134   0.017   10.218  -10.000      152.7254     5276.7734
 3 150  34.551  50809.438 270.374   0.040   12.251  -10.000      152.7510     5277.6602
 5 150  34.551  50809.438 270.374   0.022   10.238  -10.000      152.7510     5277.6602
 3 150  34.551  50809.551 271.555   0.038   12.254  -10.000      152.7543     5277.7734
 5 150  34.551  50809.551 271.555  -0.003   10.215  -10.000      152.7543     5277.7734
 3 150  34.551  50810.434 280.756   0.037   12.291  -10.000      152.7799     5278.6562
 5 150  34.551  50810.434 280.756  -0.001   10.229  -10.000      152.7799     5278.6562
 3 150  34.551  50810.539 281.854   0.045   12.303  -10.000      152.7829     5278.7617
 5 150  34.551  50810.539 281.854   0.015   10.246  -10.000      152.7829     5278.7617
 3 150  34.551  50811.496 291.824   0.032   12.326  -10.000      152.8106     5279.7188
 5 150  34.551  50811.496 291.824  -0.002   10.241  -10.000      152.8106     5279.7188
 3 150  34.551  50812.410 301.349   0.033   12.366  -10.000      152.8371     5280.6328
 5 150  34.551  50812.410 301.349   0.023   10.282  -10.000      152.8371     5280.6328
 3 150  34.551  50812.512 302.404   0.049   12.386  -10.000      152.8400     5280.7344
 5 150  34.551  50812.512 302.404   0.018   10.278  -10.000      152.8400     5280.7344
 3 150  34.551  50814.562 323.773   0.064   12.482  -10.000      152.8994     5282.7852
 5 150  34.551  50814.562 323.773   0.041   10.340  -10.000      152.8994     5282.7852
 3 150  34.551  50815.527 333.831   0.037   12.499  -10.000      152.9273     5283.7500
 5 150  34.551  50815.527 333.831   0.017   10.341  -10.000      152.9273     5283.7500
 3 150  34.551  50815.574 334.314   0.006   12.470  -10.000      152.9286     5283.7969
 5 150  34.551  50815.574 334.314   0.004   10.329  -10.000      152.9286     5283.7969
 3 150  34.551  50816.449 343.433   0.013   12.517  -10.000      152.9540     5284.6719
 5 150  34.551  50816.449 343.433   0.024   10.373  -10.000      152.9540     5284.6719
 3 150  34.551  50890.461  34.596   0.032   12.742  -10.000      155.0961     5358.6836
 5 150  34.551  50890.461  34.596   0.048   10.538  -10.000      155.0961     5358.6836
 3 150  34.551  50891.438  44.769   0.010   12.763  -10.000      155.1244     5359.6602
 5 150  34.551  50891.438  44.769   0.039   10.564  -10.000      155.1244     5359.6602
 3 150  34.551  50892.434  55.151   0.010   12.795  -10.000      155.1532     5360.6562
 5 150  34.551  50892.434  55.151   0.027   10.581  -10.000      155.1532     5360.6562
 3 150  34.551  50893.297  64.144   0.010   12.816  -10.000      155.1782     5361.5195
 5 150  34.551  50893.297  64.144   0.043   10.620  -10.000      155.1782     5361.5195
 3 150  34.551  50893.453  65.775   0.024   12.834  -10.000      155.1827     5361.6758
 5 150  34.551  50893.453  65.775   0.035   10.616  -10.000      155.1827     5361.6758
 3 150  34.551  50896.453  97.031  -0.006   12.914  -10.000      155.2695     5364.6758
 5 150  34.551  50896.453  97.031   0.021   10.718  -10.000      155.2695     5364.6758
 3 150  34.551  50897.312 105.985  -0.037   12.912  -10.000      155.2944     5365.5352
 5 150  34.551  50897.312 105.985  -0.004   10.728  -10.000      155.2944     5365.5352
 3 150  34.551  50897.359 106.474  -0.029   12.922  -10.000      155.2958     5365.5820
 5 150  34.551  50897.359 106.474   0.000   10.733  -10.000      155.2958     5365.5820
 3 150  34.551  50897.441 107.331  -0.021   12.932  -10.000      155.2981     5365.6641
 5 150  34.551  50897.441 107.331   0.009   10.745  -10.000      155.2981     5365.6641
 3 150  34.551  50902.285 157.797  -0.339   12.441  -10.000      155.4383     5370.5078
 5 150  34.551  50902.285 157.797  -0.223   10.499  -10.000      155.4383     5370.5078
 3 150  34.551  50902.387 158.857  -0.382   12.374  -10.000      155.4413     5370.6094
 5 150  34.551  50902.387 158.857  -0.246   10.462  -10.000      155.4413     5370.6094
 3 150  34.551  50902.457 159.587  -0.362   12.377  -10.000      155.4433     5370.6797
 5 150  34.551  50902.457 159.587  -0.273   10.425  -10.000      155.4433     5370.6797
 2 150  34.551  50904.266 178.434  -0.394   13.383  -10.000      155.4957     5372.4883
 3 150  34.551  50904.266 178.434  -0.279   11.942  -10.000      155.4957     5372.4883
 4 150  34.551  50904.266 178.434  -0.210   11.059  -10.000      155.4957     5372.4883
 5 150  34.551  50904.266 178.434  -0.216   10.165  -10.000      155.4957     5372.4883
 3 150  34.551  50904.301 178.797  -0.288   11.923  -10.000      155.4967     5372.5234
 5 150  34.551  50904.301 178.797  -0.227   10.148  -10.000      155.4967     5372.5234
 3 150  34.551  50904.352 179.330  -0.288   11.910  -10.000      155.4981     5372.5742
 5 150  34.551  50904.352 179.330  -0.215   10.151  -10.000      155.4981     5372.5742
 3 150  34.551  50904.453 180.385  -0.248   11.924  -10.000      155.5011     5372.6758
 5 150  34.551  50904.453 180.385  -0.217   10.133  -10.000      155.5011     5372.6758
 3 150  34.551  50905.281 189.014  -0.100   11.923  -10.000      155.5250     5373.5039
 5 150  34.551  50905.281 189.014  -0.132   10.116  -10.000      155.5250     5373.5039
 3 150  34.551  50905.312 189.338  -0.107   11.912  -10.000      155.5259     5373.5352
 5 150  34.551  50905.312 189.338  -0.133   10.112  -10.000      155.5259     5373.5352
 3 150  34.551  50906.449 201.187   0.009   11.968  -10.000      155.5589     5374.6719
 5 150  34.551  50906.449 201.187  -0.043   10.145  -10.000      155.5589     5374.6719
 3 150  34.551  50906.488 201.594   0.001   11.960  -10.000      155.5600     5374.7109
 5 150  34.551  50906.488 201.594  -0.071   10.116  -10.000      155.5600     5374.7109
 3 150  34.551  50907.281 209.855   0.040   12.008  -10.000      155.5829     5375.5039
 5 150  34.551  50907.281 209.855  -0.034   10.141  -10.000      155.5829     5375.5039
 3 150  34.551  50907.391 210.992   0.026   11.996  -10.000      155.5861     5375.6133
 5 150  34.551  50907.391 210.992  -0.046   10.128  -10.000      155.5861     5375.6133
 3 150  34.551  50908.297 220.435   0.052   12.052  -10.000      155.6123     5376.5195
 5 150  34.551  50908.297 220.435  -0.015   10.156  -10.000      155.6123     5376.5195
 3 150  34.551  50908.391 221.413   0.007   12.010  -10.000      155.6150     5376.6133
 5 150  34.551  50908.391 221.413  -0.050   10.122  -10.000      155.6150     5376.6133
 3 150  34.551  50909.406 231.998   0.025   12.074  -10.000      155.6444     5377.6289
 5 150  34.551  50909.406 231.998  -0.036   10.143  -10.000      155.6444     5377.6289
 3 150  34.551  50910.266 240.952   0.047   12.133  -10.000      155.6693     5378.4883
 5 150  34.551  50910.266 240.952  -0.034   10.150  -10.000      155.6693     5378.4883
 3 150  34.551  50910.355 241.886   0.038   12.128  -10.000      155.6719     5378.5781
 5 150  34.551  50910.355 241.886  -0.033   10.152  -10.000      155.6719     5378.5781
 3 150  34.551  50910.430 242.661   0.059   12.152  -10.000      155.6741     5378.6523
 5 150  34.551  50910.430 242.661  -0.015   10.170  -10.000      155.6741     5378.6523
 3 150  34.551  50912.281 261.953   0.022   12.193  -10.000      155.7276     5380.5039
 5 150  34.551  50912.281 261.953  -0.024   10.178  -10.000      155.7276     5380.5039
 3 150  34.551  50912.367 262.848   0.032   12.207  -10.000      155.7301     5380.5898
 5 150  34.551  50912.367 262.848  -0.004   10.199  -10.000      155.7301     5380.5898
 3 150  34.551  50912.449 263.699   0.014   12.193  -10.000      155.7325     5380.6719
 5 150  34.551  50912.449 263.699  -0.024   10.180  -10.000      155.7325     5380.6719
 3 150  34.551  50913.273 272.291   0.024   12.244  -10.000      155.7564     5381.4961
 5 150  34.551  50913.273 272.291  -0.022   10.197  -10.000      155.7564     5381.4961
 3 150  34.551  50913.359 273.186   0.044   12.268  -10.000      155.7589     5381.5820
 5 150  34.551  50913.359 273.186  -0.010   10.210  -10.000      155.7589     5381.5820
 3 150  34.551  50913.434 273.961   0.025   12.252  -10.000      155.7610     5381.6562
 5 150  34.551  50913.434 273.961  -0.023   10.199  -10.000      155.7610     5381.6562
 3 150  34.551  50914.277 282.750   0.009   12.270  -10.000      155.7854     5382.5000
 5 150  34.551  50914.277 282.750  -0.012   10.219  -10.000      155.7854     5382.5000
 3 150  34.551  50914.352 283.524   0.036   12.300  -10.000      155.7876     5382.5742
 5 150  34.551  50914.352 283.524   0.010   10.242  -10.000      155.7876     5382.5742
 3 150  34.551  50915.281 293.209   0.051   12.351  -10.000      155.8145     5383.5039
 5 150  34.551  50915.281 293.209   0.004   10.249  -10.000      155.8145     5383.5039
 3 150  34.551  50915.352 293.945   0.042   12.345  -10.000      155.8165     5383.5742
 5 150  34.551  50915.352 293.945   0.014   10.261  -10.000      155.8165     5383.5742
 3 150  34.551  50916.258 303.387   0.050   12.390  -10.000      155.8427     5384.4805
 5 150  34.551  50916.258 303.387   0.016   10.278  -10.000      155.8427     5384.4805
 3 150  34.551  50916.348 304.321   0.059   12.403  -10.000      155.8453     5384.5703
 5 150  34.551  50916.348 304.321   0.019   10.282  -10.000      155.8453     5384.5703
 3 150  34.551  50917.258 313.802   0.043   12.422  -10.000      155.8717     5385.4805
 5 150  34.551  50917.258 313.802   0.021   10.301  -10.000      155.8717     5385.4805
 3 150  34.551  50917.363 314.901   0.055   12.439  -10.000      155.8747     5385.5859
 5 150  34.551  50917.363 314.901   0.033   10.315  -10.000      155.8747     5385.5859
11  43  34.551  48336.598  64.715   0.101    8.906  -10.000       81.1798     2804.8203
12  43  34.551  48336.598  64.715   0.026    8.132  -10.000       81.1798     2804.8203
13  43  34.551  48336.598  64.715   0.012    7.858  -10.000       81.1798     2804.8203
11  43  34.551  48337.555  74.688   0.055    8.892  -10.000       81.2075     2805.7773
12  43  34.551  48337.555  74.688   0.028    8.166  -10.000       81.2075     2805.7773
13  43  34.551  48337.555  74.688   0.017    7.895  -10.000       81.2075     2805.7773
11  43  34.551  48340.562 106.029   0.056    9.022  -10.000       81.2945     2808.7852
12  43  34.551  48340.562 106.029  -0.005    8.265  -10.000       81.2945     2808.7852
13  43  34.551  48340.562 106.029  -0.018    7.994  -10.000       81.2945     2808.7852
11  43  34.551  48342.625 127.518   0.027    9.086  -10.000       81.3542     2810.8477
12  43  34.551  48342.625 127.518  -0.020    8.348  -10.000       81.3542     2810.8477
13  43  34.551  48342.625 127.518  -0.043    8.069  -10.000       81.3542     2810.8477
 2   2  34.551  41760.680 307.194  -0.040   14.180  -10.000     -109.1467    -3771.0977
 3   2  34.551  41760.680 307.194  -0.014   12.340  -10.000     -109.1467    -3771.0977
 2   2  34.551  41761.652 317.329   0.066   14.350  -10.000     -109.1185    -3770.1250
 3   2  34.551  41761.652 317.329   0.037   12.430  -10.000     -109.1185    -3770.1250
 2   2  34.551  41762.680 328.033  -0.002   14.350  -10.000     -109.0888    -3769.0977
 3   2  34.551  41762.680 328.033  -0.006   12.430  -10.000     -109.0888    -3769.0977
 2   2  34.551  41764.707 349.156  -0.314   14.180  -10.000     -109.0301    -3767.0703
 3   2  34.551  41764.707 349.156  -0.189   12.340  -10.000     -109.0301    -3767.0703
 2   2  34.551  41765.699 359.495  -0.012   14.550  -10.000     -109.0014    -3766.0781
 3   2  34.551  41765.699 359.495   0.015   12.590  -10.000     -109.0014    -3766.0781
 2   2  34.551  41766.688   9.792  -0.005   14.620  -10.000     -108.9728    -3765.0898
 3   2  34.551  41766.688   9.792  -0.001   12.620  -10.000     -108.9728    -3765.0898
 2   2  34.551  41767.711  20.457   0.025   14.710  -10.000     -108.9432    -3764.0664
 3   2  34.551  41767.711  20.457  -0.034   12.630  -10.000     -108.9432    -3764.0664
 2   2  34.551  41768.703  30.795  -0.235   14.490  -10.000     -108.9145    -3763.0742
 3   2  34.551  41768.703  30.795  -0.036   12.660  -10.000     -108.9145    -3763.0742
 2   2  34.551  41769.695  41.133   0.024   14.800  -10.000     -108.8857    -3762.0820
 3   2  34.551  41769.695  41.133   0.043   12.780  -10.000     -108.8857    -3762.0820
 2   2  34.551  41770.734  51.960  -0.002   14.820  -10.000     -108.8557    -3761.0430
 3   2  34.551  41770.734  51.960   0.073   12.850  -10.000     -108.8557    -3761.0430
 2   2  34.551  41771.703  62.054   0.024   14.870  -10.000     -108.8276    -3760.0742
 3   2  34.551  41771.703  62.054   0.079   12.880  -10.000     -108.8276    -3760.0742
 2   2  34.551  41772.711  72.554  -0.013   14.860  -10.000     -108.7985    -3759.0664
 3   2  34.551  41772.711  72.554   0.010   12.840  -10.000     -108.7985    -3759.0664
 2   2  34.551  41773.711  82.974   0.045   14.960  -10.000     -108.7695    -3758.0664
 3   2  34.551  41773.711  82.974   0.069   12.940  -10.000     -108.7695    -3758.0664
 2   2  34.551  41774.648  92.741  -0.085   14.860  -10.000     -108.7424    -3757.1289
 3   2  34.551  41774.648  92.741   0.055   12.960  -10.000     -108.7424    -3757.1289
 2   2  34.551  42218.512  37.557  -0.036   14.720  -10.000      -95.8957    -3313.2656
 3   2  34.551  42218.512  37.557  -0.052   12.670  -10.000      -95.8957    -3313.2656
 2   2  34.551  42219.500  47.854  -0.368   14.440  -10.000      -95.8671    -3312.2773
 2   2  34.551  42220.504  58.315   0.162   15.000  -10.000      -95.8380    -3311.2734
 3   2  34.551  42220.504  58.315   0.097   12.890  -10.000      -95.8380    -3311.2734
