 1  22  11.636  43934.504 216.431  -0.293   10.613  -10.000     -133.3988    -1552.2578
 2  22  11.636  43934.504 216.431  -0.295   10.015  -10.000     -133.3988    -1552.2578
 3  22  11.636  43934.504 216.431  -0.164    9.182  -10.000     -133.3988    -1552.2578
 1  22  11.636  43941.570  75.053  -0.081   12.833  -10.000     -132.7915    -1545.1914
 2  22  11.636  43941.570  75.053  -0.039   11.654  -10.000     -132.7915    -1545.1914
 3  22  11.636  43941.570  75.053  -0.006   10.245  -10.000     -132.7915    -1545.1914
 2  22  11.636  43945.453 195.178  -0.051   10.630  -10.000     -132.4578    -1541.3086
 3  22  11.636  43945.453 195.178   0.001    9.620  -10.000     -132.4578    -1541.3086
 4  22  11.636  43945.453 195.178   0.022    9.020  -10.000     -132.4578    -1541.3086
 5  22  11.636  43945.453 195.178   0.013    8.429  -10.000     -132.4578    -1541.3086
 2  22  11.636  43969.508 219.380  -0.282    9.992  -10.000     -130.3906    -1517.2539
 3  22  11.636  43969.508 219.380  -0.160    9.160  -10.000     -130.3906    -1517.2539
 4  22  11.636  43969.508 219.380  -0.103    8.641  -10.000     -130.3906    -1517.2539
 5  22  11.636  43969.508 219.380  -0.081    8.123  -10.000     -130.3906    -1517.2539
 2  22  11.636  43980.512 199.814  -0.104   10.499  -10.000     -129.4450    -1506.2500
 3  22  11.636  43980.512 199.814  -0.038    9.524  -10.000     -129.4450    -1506.2500
 4  22  11.636  43980.512 199.814  -0.006    8.944  -10.000     -129.4450    -1506.2500
 5  22  11.636  43980.512 199.814  -0.009    8.367  -10.000     -129.4450    -1506.2500
 2  22  11.636  44044.312  13.675  -0.005   11.372  -10.000     -123.9620    -1442.4492
 3  22  11.636  44044.312  13.675   0.005    9.996  -10.000     -123.9620    -1442.4492
 4  22  11.636  44044.312  13.675   0.016    9.252  -10.000     -123.9620    -1442.4492
 5  22  11.636  44044.312  13.675   0.046    8.576  -10.000     -123.9620    -1442.4492
 2  22  11.636  44046.328  76.036  -0.035   11.657  -10.000     -123.7888    -1440.4336
 3  22  11.636  44046.328  76.036   0.003   10.255  -10.000     -123.7888    -1440.4336
 4  22  11.636  44046.328  76.036   0.011    9.484  -10.000     -123.7888    -1440.4336
 5  22  11.636  44046.328  76.036   0.035    8.783  -10.000     -123.7888    -1440.4336
 2  22  11.636  44047.301 106.128   0.016   11.572  -10.000     -123.7052    -1439.4609
 3  22  11.636  44047.301 106.128   0.021   10.215  -10.000     -123.7052    -1439.4609
 4  22  11.636  44047.301 106.128   0.015    9.464  -10.000     -123.7052    -1439.4609
 5  22  11.636  44047.301 106.128   0.016    8.769  -10.000     -123.7052    -1439.4609
 2  22  11.636  44048.316 137.549  -0.014   11.177  -10.000     -123.6179    -1438.4453
 3  22  11.636  44048.316 137.549  -0.004    9.970  -10.000     -123.6179    -1438.4453
 4  22  11.636  44048.316 137.549  -0.017    9.272  -10.000     -123.6179    -1438.4453
 5  22  11.636  44048.316 137.549  -0.024    8.624  -10.000     -123.6179    -1438.4453
 2  22  11.636  44049.297 167.882   0.007   10.960  -10.000     -123.5337    -1437.4648
 3  22  11.636  44049.297 167.882   0.014    9.831  -10.000     -123.5337    -1437.4648
 4  22  11.636  44049.297 167.882   0.014    9.180  -10.000     -123.5337    -1437.4648
 5  22  11.636  44049.297 167.882   0.010    8.567  -10.000     -123.5337    -1437.4648
 2  22  11.636  44082.227 106.658  -0.010   11.541  -10.000     -120.7037    -1404.5352
 3  22  11.636  44082.227 106.658  -0.005   10.186  -10.000     -120.7037    -1404.5352
 4  22  11.636  44082.227 106.658  -0.003    9.444  -10.000     -120.7037    -1404.5352
 5  22  11.636  44082.227 106.658   0.002    8.754  -10.000     -120.7037    -1404.5352
 2  22  11.636  44083.215 137.233   0.000   11.194  -10.000     -120.6188    -1403.5469
 3  22  11.636  44083.215 137.233  -0.021    9.955  -10.000     -120.6188    -1403.5469
 4  22  11.636  44083.215 137.233  -0.060    9.230  -10.000     -120.6188    -1403.5469
 5  22  11.636  44083.215 137.233  -0.064    8.585  -10.000     -120.6188    -1403.5469
 2  22  11.636  44084.242 169.016   0.055   11.000  -10.000     -120.5305    -1402.5195
 3  22  11.636  44084.242 169.016   0.028    9.840  -10.000     -120.5305    -1402.5195
 4  22  11.636  44084.242 169.016  -0.002    9.160  -10.000     -120.5305    -1402.5195
 5  22  11.636  44084.242 169.016  -0.013    8.540  -10.000     -120.5305    -1402.5195
 2  22  11.636  44391.375 311.056   0.034   10.919  -10.000      -94.1360    -1095.3867
 3  22  11.636  44391.375 311.056   0.028    9.695  -10.000      -94.1360    -1095.3867
 4  22  11.636  44391.375 311.056   0.022    9.003  -10.000      -94.1360    -1095.3867
 5  22  11.636  44391.375 311.056   0.030    8.370  -10.000      -94.1360    -1095.3867
 2  22  11.636  44646.551 285.653   0.033   10.715  -10.000      -72.2065     -840.2109
 3  22  11.636  44646.551 285.653   0.038    9.587  -10.000      -72.2065     -840.2109
 4  22  11.636  44646.551 285.653   0.036    8.934  -10.000      -72.2065     -840.2109
 5  22  11.636  44646.551 285.653   0.027    8.317  -10.000      -72.2065     -840.2109
 1  22  11.636  44647.539 316.228   0.028   11.901  -10.000      -72.1216     -839.2227
 2  22  11.636  44647.539 316.228   0.070   10.994  -10.000      -72.1216     -839.2227
 3  22  11.636  44647.539 316.228   0.030    9.721  -10.000      -72.1216     -839.2227
 4  22  11.636  44647.539 316.228   0.028    9.027  -10.000      -72.1216     -839.2227
 5  22  11.636  44647.539 316.228   0.027    8.379  -10.000      -72.1216     -839.2227
 2  22  11.636  44649.570  19.072   0.006   11.426  -10.000      -71.9470     -837.1914
 3  22  11.636  44649.570  19.072   0.005   10.027  -10.000      -71.9470     -837.1914
 4  22  11.636  44649.570  19.072   0.021    9.282  -10.000      -71.9470     -837.1914
 5  22  11.636  44649.570  19.072   0.036    8.588  -10.000      -71.9470     -837.1914
 3  22  11.636  44653.590 143.427  -0.004    9.935  -10.000      -71.6016     -833.1719
 4  22  11.636  44653.590 143.427  -0.025    9.238  -10.000      -71.6016     -833.1719
 5  22  11.636  44653.590 143.427  -0.012    8.619  -10.000      -71.6016     -833.1719
 2  22  11.636  44654.617 175.210   0.023   10.924  -10.000      -71.5133     -832.1445
 3  22  11.636  44654.617 175.210   0.035    9.815  -10.000      -71.5133     -832.1445
 4  22  11.636  44654.617 175.210   0.026    9.161  -10.000      -71.5133     -832.1445
 5  22  11.636  44654.617 175.210   0.009    8.540  -10.000      -71.5133     -832.1445
 2  22  11.636  44655.566 204.576  -0.227   10.285  -10.000      -71.4317     -831.1953
 3  22  11.636  44655.566 204.576  -0.117    9.378  -10.000      -71.4317     -831.1953
 4  22  11.636  44655.566 204.576  -0.078    8.815  -10.000      -71.4317     -831.1953
 5  22  11.636  44655.566 204.576  -0.063    8.266  -10.000      -71.4317     -831.1953
 2  22  11.636  44676.488 131.855  -0.002   11.250  -10.000      -69.6337     -810.2734
 3  22  11.636  44676.488 131.855   0.021   10.032  -10.000      -69.6337     -810.2734
 4  22  11.636  44676.488 131.855   0.003    9.319  -10.000      -69.6337     -810.2734
 5  22  11.636  44676.488 131.855   0.014    8.680  -10.000      -69.6337     -810.2734
 2  22  11.636  44677.496 163.034   0.114   11.098  -10.000      -69.5471     -809.2656
 3  22  11.636  44677.496 163.034   0.027    9.867  -10.000      -69.5471     -809.2656
 4  22  11.636  44677.496 163.034   0.014    9.199  -10.000      -69.5471     -809.2656
 5  22  11.636  44677.496 163.034   0.016    8.588  -10.000      -69.5471     -809.2656
 2  22  11.636  44679.562 226.967  -0.163   10.058  -10.000      -69.3695     -807.1992
 3  22  11.636  44679.562 226.967  -0.082    9.196  -10.000      -69.3695     -807.1992
 4  22  11.636  44679.562 226.967  -0.058    8.649  -10.000      -69.3695     -807.1992
 5  22  11.636  44679.562 226.967  -0.033    8.139  -10.000      -69.3695     -807.1992
 2  22  11.636  44680.555 257.662   0.105   10.538  -10.000      -69.2843     -806.2070
 3  22  11.636  44680.555 257.662   0.096    9.500  -10.000      -69.2843     -806.2070
 4  22  11.636  44680.555 257.662   0.083    8.880  -10.000      -69.2843     -806.2070
 5  22  11.636  44680.555 257.662   0.077    8.305  -10.000      -69.2843     -806.2070
 2  22  11.636  44703.410 244.762   0.112   10.412  -10.000      -67.3201     -783.3516
 3  22  11.636  44703.410 244.762   0.102    9.422  -10.000      -67.3201     -783.3516
 4  22  11.636  44703.410 244.762   0.083    8.816  -10.000      -67.3201     -783.3516
 5  22  11.636  44703.410 244.762   0.075    8.258  -10.000      -67.3201     -783.3516
 2  22  11.636  44704.477 277.754   0.036   10.656  -10.000      -67.2285     -782.2852
 3  22  11.636  44704.477 277.754   0.045    9.559  -10.000      -67.2285     -782.2852
 4  22  11.636  44704.477 277.754   0.022    8.897  -10.000      -67.2285     -782.2852
 5  22  11.636  44704.477 277.754   0.031    8.308  -10.000      -67.2285     -782.2852
 2  22  11.636  44706.500 340.356   0.015   11.125  -10.000      -67.0546     -780.2617
 3  22  11.636  44706.500 340.356   0.020    9.828  -10.000      -67.0546     -780.2617
 4  22  11.636  44706.500 340.356   0.015    9.102  -10.000      -67.0546     -780.2617
 5  22  11.636  44706.500 340.356   0.028    8.442  -10.000      -67.0546     -780.2617
 2  22  11.636  44712.480 165.377   0.017   10.986  -10.000      -66.5406     -774.2812
 3  22  11.636  44712.480 165.377   0.029    9.858  -10.000      -66.5406     -774.2812
 4  22  11.636  44712.480 165.377   0.017    9.193  -10.000      -66.5406     -774.2812
 5  22  11.636  44712.480 165.377   0.017    8.582  -10.000      -66.5406     -774.2812
 2  22  11.636  44713.457 195.590  -0.040   10.635  -10.000      -66.4567     -773.3047
 3  22  11.636  44713.457 195.590   0.011    9.625  -10.000      -66.4567     -773.3047
 4  22  11.636  44713.457 195.590   0.007    9.001  -10.000      -66.4567     -773.3047
 5  22  11.636  44713.457 195.590   0.001    8.414  -10.000      -66.4567     -773.3047
 2  22  11.636  44795.309 207.905  -0.244   10.204  -10.000      -59.4225     -691.4531
 3  22  11.636  44795.309 207.905  -0.136    9.312  -10.000      -59.4225     -691.4531
 4  22  11.636  44795.309 207.905  -0.072    8.781  -10.000      -59.4225     -691.4531
 5  22  11.636  44795.309 207.905  -0.061    8.234  -10.000      -59.4225     -691.4531
 2  22  11.636  44799.266 330.327   0.017   11.043  -10.000      -59.0824     -687.4961
 3  22  11.636  44799.266 330.327   0.024    9.777  -10.000      -59.0824     -687.4961
 4  22  11.636  44799.266 330.327   0.035    9.080  -10.000      -59.0824     -687.4961
 5  22  11.636  44799.266 330.327   0.026    8.408  -10.000      -59.0824     -687.4961
 2  22  11.636  44801.250  31.719   0.021   11.525  -10.000      -58.9119     -685.5117
 3  22  11.636  44801.250  31.719   0.027   10.113  -10.000      -58.9119     -685.5117
 4  22  11.636  44801.250  31.719   0.036    9.353  -10.000      -58.9119     -685.5117
 5  22  11.636  44801.250  31.719   0.047    8.647  -10.000      -58.9119     -685.5117
 2  22  11.636  44802.242  62.416  -0.028   11.650  -10.000      -58.8266     -684.5195
 3  22  11.636  44802.242  62.416  -0.002   10.227  -10.000      -58.8266     -684.5195
 4  22  11.636  44802.242  62.416   0.006    9.454  -10.000      -58.8266     -684.5195
 5  22  11.636  44802.242  62.416   0.027    8.745  -10.000      -58.8266     -684.5195
 2  22  11.636  44806.238 186.047   0.052   10.854  -10.000      -58.4832     -680.5234
 3  22  11.636  44806.238 186.047   0.057    9.764  -10.000      -58.4832     -680.5234
 4  22  11.636  44806.238 186.047   0.068    9.141  -10.000      -58.4832     -680.5234
 5  22  11.636  44806.238 186.047   0.046    8.524  -10.000      -58.4832     -680.5234
 1  22  11.636  45004.602 202.986  -0.203   11.017  -10.000      -41.4361     -482.1602
 2  22  11.636  45004.602 202.986  -0.172   10.371  -10.000      -41.4361     -482.1602
 3  22  11.636  45004.602 202.986  -0.075    9.443  -10.000      -41.4361     -482.1602
 4  22  11.636  45004.602 202.986  -0.045    8.868  -10.000      -41.4361     -482.1602
 5  22  11.636  45004.602 202.986  -0.012    8.333  -10.000      -41.4361     -482.1602
 1  22  11.636  45006.570 263.894   0.112   11.321  -10.000      -41.2670     -480.1914
 2  22  11.636  45006.570 263.894   0.068   10.562  -10.000      -41.2670     -480.1914
 3  22  11.636  45006.570 263.894   0.061    9.501  -10.000      -41.2670     -480.1914
 4  22  11.636  45006.570 263.894   0.048    8.871  -10.000      -41.2670     -480.1914
 5  22  11.636  45006.570 263.894   0.025    8.270  -10.000      -41.2670     -480.1914
 1  22  11.636  45009.570 356.708  -0.051   12.280  -10.000      -41.0091     -477.1914
 2  22  11.636  45009.570 356.708   0.002   11.239  -10.000      -41.0091     -477.1914
 3  22  11.636  45009.570 356.708   0.019    9.912  -10.000      -41.0091     -477.1914
 4  22  11.636  45009.570 356.708   0.032    9.187  -10.000      -41.0091     -477.1914
 5  22  11.636  45009.570 356.708   0.056    8.522  -10.000      -41.0091     -477.1914
 1  22  11.636  45095.434 133.136  -0.098   12.092  -10.000      -33.6302     -391.3281
 2  22  11.636  45095.434 133.136  -0.018   11.220  -10.000      -33.6302     -391.3281
 3  22  11.636  45095.434 133.136   0.009   10.011  -10.000      -33.6302     -391.3281
 0  22  11.636  43971.566 283.068  -0.993  -38.600  -10.000     -130.2137    -1515.1953
 0  22  11.636  43972.527 312.797   1.464  -28.700  -10.000     -130.1311    -1514.2344
 0  22  11.636  43973.531 343.856   2.251  -20.100  -10.000     -130.0448    -1513.2305
 0  22  11.636  43979.477 167.789  -0.292  -18.400  -10.000     -129.5339    -1507.2852
 0  22  11.636  43980.512 199.814   1.810  -22.900  -10.000     -129.4450    -1506.2500
 0  22  11.636  44298.539 318.908  -3.534  -33.700  -10.000     -102.1141    -1188.2227
 0  22  11.636  44300.559  21.388  -3.338  -13.500  -10.000     -101.9406    -1186.2031
 0  22  11.636  44302.555  83.142  -8.916    0.200  -10.000     -101.7691    -1184.2070
 0  22  11.636  44331.527 259.494  -2.359  -35.800  -10.000      -99.2792    -1155.2344
 0  22  11.636  44332.543 290.918   2.987  -33.300  -10.000      -99.1919    -1154.2188
 0  22  11.636  44337.551  85.847  12.120   23.500  -10.000      -98.7615    -1149.2109
 0  22  11.636  44363.414 166.003  -1.749  -18.800  -10.000      -96.5389    -1123.3477
 0  22  11.636  44364.414 196.941   2.116  -20.300  -10.000      -96.4529    -1122.3477
 0  22  11.636  44444.285 147.983  -5.409  -15.000  -10.000      -89.5889    -1042.4766
 0  22  11.636  44445.285 178.921  -7.336  -27.900  -10.000      -89.5030    -1041.4766
 0  22  11.636  44446.281 209.737  -1.065  -27.500  -10.000      -89.4174    -1040.4805
 0  22  11.636  44447.273 240.433   1.263  -30.500  -10.000      -89.3321    -1039.4883
 0  22  11.636  44655.598 205.543   1.082  -26.800  -10.000      -71.4290     -831.1641
 0  22  11.636  44691.488 235.923   0.845  -29.200  -10.000      -68.3447     -795.2734
 0  22  11.636  44692.551 268.797   0.837  -34.400  -10.000      -68.2533     -794.2109
 0  22  11.636  44693.555 299.855   3.639  -30.000  -10.000      -68.1671     -793.2070
 0  22  11.636  44694.539 330.309   2.828  -23.400  -10.000      -68.0825     -792.2227
 0  22  11.636  44704.527 279.325  -1.950  -38.700  -10.000      -67.2241     -782.2344
 0  22  11.636  44707.535  12.382   2.226  -12.100  -10.000      -66.9656     -779.2266
 0  22  11.636  44715.559 260.609  -2.237  -36.600  -10.000      -66.2761     -771.2031
 0  22  11.636  44772.406 219.354  -2.288  -26.800  -10.000      -61.3907     -714.3555
 0  22  11.636  44775.344 310.235  -4.995  -35.400  -10.000      -61.1382     -711.4180
 0  22  11.636  44778.363  43.653  -2.782   -5.900  -10.000      -60.8787     -708.3984
 0  22  11.636  45090.473 339.656  -0.444  -23.400  -10.000      -34.0565     -396.2891
 0  22  11.636  45091.449   9.868  -5.975  -21.400  -10.000      -33.9726     -395.3125
 0  22  11.636  45093.453  71.866   0.796    2.400  -10.000      -33.8004     -393.3086
23   1  11.636  37812.332 169.409   0.043    3.072  -10.000     -659.5294    -7674.4297
24   1  11.636  37812.332 169.409   0.044    4.238  -10.000     -659.5294    -7674.4297
25   1  11.636  37812.332 169.409  -0.002    5.773  -10.000     -659.5294    -7674.4297
26   1  11.636  37812.332 169.409  -0.084    6.740  -10.000     -659.5294    -7674.4297
27   1  11.636  37812.332 169.409   0.023    5.193  -10.000     -659.5294    -7674.4297
23   1  11.636  37814.293 230.076  -0.060    2.425  -10.000     -659.3609    -7672.4688
24   1  11.636  37814.293 230.076  -0.106    3.313  -10.000     -659.3609    -7672.4688
25   1  11.636  37814.293 230.076  -0.001    4.883  -10.000     -659.3609    -7672.4688
26   1  11.636  37814.293 230.076  -0.075    5.825  -10.000     -659.3609    -7672.4688
27   1  11.636  37814.293 230.076  -0.092    4.088  -10.000     -659.3609    -7672.4688
23   1  11.636  37815.344 262.573   0.072    2.720  -10.000     -659.2706    -7671.4180
24   1  11.636  37815.344 262.573   0.090    3.800  -10.000     -659.2706    -7671.4180
25   1  11.636  37815.344 262.573   0.096    5.335  -10.000     -659.2706    -7671.4180
26   1  11.636  37815.344 262.573  -0.002    6.273  -10.000     -659.2706    -7671.4180
27   1  11.636  37815.344 262.573   0.142    4.733  -10.000     -659.2706    -7671.4180
23   1  11.636  37817.324 323.855   0.004    2.952  -10.000     -659.1004    -7669.4375
24   1  11.636  37817.324 323.855  -0.012    4.250  -10.000     -659.1004    -7669.4375
25   1  11.636  37817.324 323.855  -0.066    5.852  -10.000     -659.1004    -7669.4375
26   1  11.636  37817.324 323.855  -0.187    6.802  -10.000     -659.1004    -7669.4375
27   1  11.636  37817.324 323.855   0.064    5.440  -10.000     -659.1004    -7669.4375
23   1  11.636  37818.312 354.419   0.023    3.133  -10.000     -659.0155    -7668.4492
24   1  11.636  37818.312 354.419  -0.001    4.525  -10.000     -659.0155    -7668.4492
25   1  11.636  37818.312 354.419  -0.050    6.182  -10.000     -659.0155    -7668.4492
26   1  11.636  37818.312 354.419  -0.076    7.243  -10.000     -659.0155    -7668.4492
27   1  11.636  37818.312 354.419   0.078    5.812  -10.000     -659.0155    -7668.4492
23   1  11.636  37820.332  56.909   0.002    3.445  -10.000     -658.8419    -7666.4297
24   1  11.636  37820.332  56.909  -0.005    4.988  -10.000     -658.8419    -7666.4297
25   1  11.636  37820.332  56.909  -0.038    6.727  -10.000     -658.8419    -7666.4297
26   1  11.636  37820.332  56.909  -0.203    7.668  -10.000     -658.8419    -7666.4297
27   1  11.636  37820.332  56.909   0.021    6.345  -10.000     -658.8419    -7666.4297
23   1  11.636  37821.324  87.605  -0.024    3.460  -10.000     -658.7567    -7665.4375
24   1  11.636  37821.324  87.605  -0.060    4.940  -10.000     -658.7567    -7665.4375
25   1  11.636  37821.324  87.605  -0.057    6.700  -10.000     -658.7567    -7665.4375
26   1  11.636  37821.324  87.605  -0.070    7.787  -10.000     -658.7567    -7665.4375
27   1  11.636  37821.324  87.605  -0.039    6.262  -10.000     -658.7567    -7665.4375
23   1  11.636  37822.312 118.169   0.029    3.372  -10.000     -658.6718    -7664.4492
24   1  11.636  37822.312 118.169   0.032    4.755  -10.000     -658.6718    -7664.4492
25   1  11.636  37822.312 118.169  -0.086    6.325  -10.000     -658.6718    -7664.4492
26   1  11.636  37822.312 118.169  -0.059    7.432  -10.000     -658.6718    -7664.4492
27   1  11.636  37822.312 118.169   0.003    5.900  -10.000     -658.6718    -7664.4492
23   1  11.636  37826.301 241.567   0.102    2.618  -10.000     -658.3290    -7660.4609
24   1  11.636  37826.301 241.567   0.130    3.610  -10.000     -658.3290    -7660.4609
25   1  11.636  37826.301 241.567   0.162    5.123  -10.000     -658.3290    -7660.4609
26   1  11.636  37826.301 241.567   0.066    6.048  -10.000     -658.3290    -7660.4609
27   1  11.636  37826.301 241.567   0.197    4.468  -10.000     -658.3290    -7660.4609
23   1  11.636  37839.312 284.128   0.038    2.800  -10.000     -657.2108    -7647.4492
24   1  11.636  37839.312 284.128   0.036    3.957  -10.000     -657.2108    -7647.4492
25   1  11.636  37839.312 284.128   0.008    5.507  -10.000     -657.2108    -7647.4492
26   1  11.636  37839.312 284.128  -0.005    6.543  -10.000     -657.2108    -7647.4492
27   1  11.636  37839.312 284.128   0.061    4.952  -10.000     -657.2108    -7647.4492
23   1  11.636  37840.281 314.099   0.048    2.952  -10.000     -657.1275    -7646.4805
24   1  11.636  37840.281 314.099   0.027    4.212  -10.000     -657.1275    -7646.4805
25   1  11.636  37840.281 314.099  -0.034    5.790  -10.000     -657.1275    -7646.4805
26   1  11.636  37840.281 314.099   0.068    6.957  -10.000     -657.1275    -7646.4805
27   1  11.636  37840.281 314.099   0.100    5.367  -10.000     -657.1275    -7646.4805
23   1  11.636  37841.293 345.388   0.043    3.105  -10.000     -657.0406    -7645.4688
24   1  11.636  37841.293 345.388   0.024    4.475  -10.000     -657.0406    -7645.4688
25   1  11.636  37841.293 345.388  -0.002    6.142  -10.000     -657.0406    -7645.4688
27   1  11.636  37841.293 345.388   0.123    5.757  -10.000     -657.0406    -7645.4688
23   1  11.636  37842.262  15.359   0.015    3.247  -10.000     -656.9573    -7644.5000
24   1  11.636  37842.262  15.359  -0.012    4.700  -10.000     -656.9573    -7644.5000
25   1  11.636  37842.262  15.359  -0.062    6.387  -10.000     -656.9573    -7644.5000
26   1  11.636  37842.262  15.359  -0.115    7.430  -10.000     -656.9573    -7644.5000
27   1  11.636  37842.262  15.359   0.084    6.062  -10.000     -656.9573    -7644.5000
23   1  11.636  37844.262  77.234   0.007    3.492  -10.000     -656.7855    -7642.5000
24   1  11.636  37844.262  77.234  -0.022    5.002  -10.000     -656.7855    -7642.5000
25   1  11.636  37844.262  77.234  -0.038    6.755  -10.000     -656.7855    -7642.5000
26   1  11.636  37844.262  77.234  -0.142    7.755  -10.000     -656.7855    -7642.5000
27   1  11.636  37844.262  77.234   0.020    6.367  -10.000     -656.7855    -7642.5000
23   1  11.636  37845.262 108.171   0.040    3.453  -10.000     -656.6995    -7641.5000
24   1  11.636  37845.262 108.171   0.048    4.895  -10.000     -656.6995    -7641.5000
25   1  11.636  37845.262 108.171  -0.008    6.555  -10.000     -656.6995    -7641.5000
27   1  11.636  37845.262 108.171   0.050    6.123  -10.000     -656.6995    -7641.5000
23   1  11.636  37846.262 139.109   0.010    3.198  -10.000     -656.6136    -7640.5000
24   1  11.636  37846.262 139.109  -0.001    4.448  -10.000     -656.6136    -7640.5000
25   1  11.636  37846.262 139.109  -0.097    5.980  -10.000     -656.6136    -7640.5000
26   1  11.636  37846.262 139.109  -0.200    6.940  -10.000     -656.6136    -7640.5000
27   1  11.636  37846.262 139.109  -0.037    5.475  -10.000     -656.6136    -7640.5000
23   1  11.636  37850.270 263.101   0.024    2.675  -10.000     -656.2692    -7636.4922
24   1  11.636  37850.270 263.101   0.042    3.758  -10.000     -656.2692    -7636.4922
25   1  11.636  37850.270 263.101   0.024    5.270  -10.000     -656.2692    -7636.4922
26   1  11.636  37850.270 263.101  -0.049    6.233  -10.000     -656.2692    -7636.4922
27   1  11.636  37850.270 263.101   0.067    4.665  -10.000     -656.2692    -7636.4922
23   1  11.636  37851.223 292.588   0.034    2.832  -10.000     -656.1873    -7635.5391
24   1  11.636  37851.223 292.588   0.025    4.017  -10.000     -656.1873    -7635.5391
25   1  11.636  37851.223 292.588   0.004    5.593  -10.000     -656.1873    -7635.5391
26   1  11.636  37851.223 292.588  -0.112    6.530  -10.000     -656.1873    -7635.5391
27   1  11.636  37851.223 292.588   0.082    5.077  -10.000     -656.1873    -7635.5391
23   1  11.636  37853.223 354.463   0.015    3.125  -10.000     -656.0154    -7633.5391
24   1  11.636  37853.223 354.463  -0.001    4.525  -10.000     -656.0154    -7633.5391
25   1  11.636  37853.223 354.463  -0.035    6.198  -10.000     -656.0154    -7633.5391
26   1  11.636  37853.223 354.463  -0.199    7.120  -10.000     -656.0154    -7633.5391
27   1  11.636  37853.223 354.463   0.115    5.850  -10.000     -656.0154    -7633.5391
23   1  11.636  37854.242  26.016   0.038    3.327  -10.000     -655.9277    -7632.5195
24   1  11.636  37854.242  26.016   0.021    4.815  -10.000     -655.9277    -7632.5195
25   1  11.636  37854.242  26.016   0.026    6.570  -10.000     -655.9277    -7632.5195
26   1  11.636  37854.242  26.016  -0.220    7.423  -10.000     -655.9277    -7632.5195
27   1  11.636  37854.242  26.016   0.119    6.202  -10.000     -655.9277    -7632.5195
23   1  11.636  37855.230  56.580   0.011    3.453  -10.000     -655.8428    -7631.5312
24   1  11.636  37855.230  56.580  -0.018    4.972  -10.000     -655.8428    -7631.5312
25   1  11.636  37855.230  56.580  -0.031    6.733  -10.000     -655.8428    -7631.5312
27   1  11.636  37855.230  56.580   0.048    6.370  -10.000     -655.8428    -7631.5312
23   1  11.636  37871.219 191.228   0.053    2.930  -10.000     -654.4688    -7615.5430
24   1  11.636  37871.219 191.228   0.007    3.983  -10.000     -654.4688    -7615.5430
25   1  11.636  37871.219 191.228  -0.023    5.500  -10.000     -654.4688    -7615.5430
26   1  11.636  37871.219 191.228   0.029    6.592  -10.000     -654.4688    -7615.5430
27   1  11.636  37871.219 191.228   0.013    4.903  -10.000     -654.4688    -7615.5430
23   1  11.636  37872.230 222.539  -0.148    2.360  -10.000     -654.3818    -7614.5312
24   1  11.636  37872.230 222.539  -0.241    3.205  -10.000     -654.3818    -7614.5312
25   1  11.636  37872.230 222.539  -0.158    4.755  -10.000     -654.3818    -7614.5312
26   1  11.636  37872.230 222.539  -0.230    5.700  -10.000     -654.3818    -7614.5312
27   1  11.636  37872.230 222.539  -0.299    3.913  -10.000     -654.3818    -7614.5312
23   1  11.636  37873.199 252.510   0.077    2.660  -10.000     -654.2986    -7613.5625
24   1  11.636  37873.199 252.510   0.118    3.715  -10.000     -654.2986    -7613.5625
25   1  11.636  37873.199 252.510   0.128    5.230  -10.000     -654.2986    -7613.5625
26   1  11.636  37873.199 252.510   0.073    6.202  -10.000     -654.2986    -7613.5625
27   1  11.636  37873.199 252.510   0.173    4.605  -10.000     -654.2986    -7613.5625
23   1  11.636  37874.211 283.799   0.032    2.793  -10.000     -654.2117    -7612.5508
24   1  11.636  37874.211 283.799   0.029    3.947  -10.000     -654.2117    -7612.5508
25   1  11.636  37874.211 283.799   0.017    5.512  -10.000     -654.2117    -7612.5508
26   1  11.636  37874.211 283.799  -0.024    6.520  -10.000     -654.2117    -7612.5508
27   1  11.636  37874.211 283.799   0.060    4.948  -10.000     -654.2117    -7612.5508
23   1  11.636  37875.230 315.352  -0.008    2.903  -10.000     -654.1240    -7611.5312
24   1  11.636  37875.230 315.352  -0.035    4.160  -10.000     -654.1240    -7611.5312
25   1  11.636  37875.230 315.352  -0.084    5.753  -10.000     -654.1240    -7611.5312
26   1  11.636  37875.230 315.352  -0.031    6.873  -10.000     -654.1240    -7611.5312
27   1  11.636  37875.230 315.352   0.023    5.305  -10.000     -654.1240    -7611.5312
23   1  11.636  37876.238 346.531   0.060    3.128  -10.000     -654.0374    -7610.5234
24   1  11.636  37876.238 346.531   0.005    4.465  -10.000     -654.0374    -7610.5234
25   1  11.636  37876.238 346.531  -0.058    6.097  -10.000     -654.0374    -7610.5234
26   1  11.636  37876.238 346.531  -0.193    7.045  -10.000     -654.0374    -7610.5234
27   1  11.636  37876.238 346.531   0.026    5.673  -10.000     -654.0374    -7610.5234
23   1  11.636  37885.230 264.727   0.055    2.715  -10.000     -653.2646    -7601.5312
24   1  11.636  37885.230 264.727   0.065    3.797  -10.000     -653.2646    -7601.5312
25   1  11.636  37885.230 264.727   0.083    5.350  -10.000     -653.2646    -7601.5312
26   1  11.636  37885.230 264.727  -0.081    6.222  -10.000     -653.2646    -7601.5312
27   1  11.636  37885.230 264.727   0.113    4.735  -10.000     -653.2646    -7601.5312
18 163  11.636  47884.207  11.882   0.061   10.176  -10.000      206.0330     2397.4453
18 163  11.636  47884.281  14.178   0.083   10.211  -10.000      206.0394     2397.5195
18 163  11.636  47916.812 300.624   0.032    9.786  -10.000      208.8351     2430.0508
18 163  11.636  47916.887 302.921   0.058    9.824  -10.000      208.8414     2430.1250
18 163  11.636  47943.898  58.607   0.005   10.352  -10.000      211.1628     2457.1367
18 163  11.636  47943.914  59.090  -0.008   10.342  -10.000      211.1641     2457.1523
18 163  11.636  47943.988  61.386   0.058   10.416  -10.000      211.1705     2457.2266
18 163  11.636  47944.004  61.870   0.077   10.436  -10.000      211.1719     2457.2422
18 163  11.636  47944.090  64.528   0.025   10.392  -10.000      211.1792     2457.3281
18 163  11.636  47969.062 117.131   0.025   10.285  -10.000      213.3254     2482.3008
18 163  11.636  47969.137 119.427   0.026   10.268  -10.000      213.3317     2482.3750
18 163  11.636  47969.152 119.910   0.007   10.246  -10.000      213.3331     2482.3906
18 163  11.636  47969.242 122.690   0.048   10.266  -10.000      213.3408     2482.4805
18 163  11.636  48010.547 320.565   0.041    9.888  -10.000      216.8905     2523.7852
18 163  11.636  48010.559 320.927   0.049    9.897  -10.000      216.8915     2523.7969
18 163  11.636  48030.453 216.425  -0.197    9.294  -10.000      218.6012     2543.6914
18 163  11.636  48030.469 216.909  -0.194    9.293  -10.000      218.6025     2543.7070
18 163  11.636  48030.543 219.205  -0.187    9.281  -10.000      218.6089     2543.7812
18 163  11.636  48030.559 219.688  -0.174    9.289  -10.000      218.6102     2543.7969
18 163  11.636  48030.719 224.643  -0.117    9.315  -10.000      218.6240     2543.9570
18 163  11.636  48030.734 225.126  -0.117    9.314  -10.000      218.6254     2543.9727
18 163  11.636  48030.824 227.906  -0.073    9.350  -10.000      218.6331     2544.0625
18 163  11.636  48070.250   7.657   0.012   10.102  -10.000      222.0213     2583.4883
18 163  11.636  48070.266   8.141   0.041   10.134  -10.000      222.0226     2583.5039
18 163  11.636  48070.340  10.437   0.050   10.156  -10.000      222.0290     2583.5781
18 163  11.636  48098.859 172.771  -0.001    9.933  -10.000      224.4799     2612.0977
18 163  11.636  48098.949 175.551   0.042    9.961  -10.000      224.4876     2612.1875
18 163  11.636  48160.430 277.625   0.067    9.722  -10.000      229.7712     2673.6680
18 163  11.636  48160.441 277.987   0.040    9.697  -10.000      229.7722     2673.6797
18 163  11.636  48160.516 280.283  -0.001    9.666  -10.000      229.7786     2673.7539
18 163  11.636  48160.531 280.767   0.057    9.726  -10.000      229.7799     2673.7695
18 163  11.636  48160.621 283.546   0.036    9.717  -10.000      229.7876     2673.8594
18 163  11.636  48174.648 357.523   0.001   10.034  -10.000      230.9931     2687.8867
18 163  11.636  48174.664 358.006  -0.012   10.024  -10.000      230.9945     2687.9023
18 163  11.636  48174.738   0.302   0.039   10.087  -10.000      231.0008     2687.9766
18 163  11.636  48174.750   0.665   0.037   10.088  -10.000      231.0018     2687.9883
18 163  11.636  48214.086 137.637  -0.011   10.101  -10.000      234.3823     2727.3242
18 163  11.636  48214.102 138.120  -0.018   10.091  -10.000      234.3837     2727.3398
18 163  11.636  48226.719 168.464   0.040    9.995  -10.000      235.4680     2739.9570
18 163  11.636  48226.883 173.540   0.044    9.974  -10.000      235.4821     2740.1211
18 163  11.636  48226.898 174.023  -0.019    9.908  -10.000      235.4834     2740.1367
18 163  11.636  48262.418 192.925  -0.043    9.743  -10.000      238.5359     2775.6562
18 163  11.636  48262.430 193.288  -0.016    9.766  -10.000      238.5369     2775.6680
18 163  11.636  48262.508 195.705  -0.024    9.732  -10.000      238.5436     2775.7461
18 163  11.636  48284.559 157.912   0.011   10.013  -10.000      240.4386     2797.7969
18 163  11.636  48284.633 160.208   0.040   10.032  -10.000      240.4450     2797.8711
18 163  11.636  48284.648 160.692  -0.009    9.981  -10.000      240.4464     2797.8867
18 163  11.636  48284.723 162.988   0.031   10.012  -10.000      240.4527     2797.9609
18 163  11.636  48284.734 163.350   0.025   10.004  -10.000      240.4538     2797.9727
18 163  11.636  48312.801 311.660   0.036    9.844  -10.000      242.8657     2826.0391
18 163  11.636  48312.812 312.023   0.054    9.864  -10.000      242.8667     2826.0508
18 163  11.636  48312.891 314.440   0.018    9.839  -10.000      242.8734     2826.1289
18 163  11.636  48348.699 342.285   0.033    9.987  -10.000      245.9508     2861.9375
18 163  11.636  48348.711 342.647   0.031    9.987  -10.000      245.9518     2861.9492
18 163  11.636  48348.789 345.064   0.028    9.997  -10.000      245.9585     2862.0273
18 163  11.636  48348.801 345.427   0.062   10.032  -10.000      245.9595     2862.0391
18 163  11.636  48349.055 353.282   0.042   10.052  -10.000      245.9813     2862.2930
18 163  11.636  48369.141 254.696   0.092    9.620  -10.000      247.7075     2882.3789
18 163  11.636  48369.156 255.179   0.102    9.634  -10.000      247.7088     2882.3945
18 163  11.636  48369.227 257.355   0.075    9.621  -10.000      247.7149     2882.4648
18 163  11.636  48369.242 257.838   0.114    9.663  -10.000      247.7162     2882.4805
18 163  11.636  48412.605 159.406  -0.006    9.990  -10.000      251.4428     2925.8438
18 163  11.636  48412.680 161.702   0.015   10.001  -10.000      251.4492     2925.9180
18 163  11.636  48412.695 162.186  -0.022    9.962  -10.000      251.4505     2925.9336
18 163  11.636  48468.391  85.287   0.020   10.405  -10.000      256.2369     2981.6289
18 163  11.636  48501.797  38.804   0.048   10.304  -10.000      259.1078     3015.0352
18 163  11.636  48520.012 242.325   0.103    9.555  -10.000      260.6731     3033.2500
18 163  11.636  48520.027 242.809   0.119    9.574  -10.000      260.6745     3033.2656
18 163  11.636  48520.102 245.105   0.126    9.592  -10.000      260.6808     3033.3398
18 163  11.636  48558.949   6.976  -0.016   10.070  -10.000      264.0194     3072.1875
18 163  11.636  48558.965   7.460   0.018   10.107  -10.000      264.0207     3072.2031
18 163  11.636  48570.414   1.670   0.022   10.078  -10.000      265.0046     3083.6523
18 163  11.636  48570.430   2.153   0.019   10.078  -10.000      265.0060     3083.6680
18 163  11.636  48570.504   4.449   0.015   10.087  -10.000      265.0124     3083.7422
18 163  11.636  48570.516   4.812  -0.049   10.025  -10.000      265.0134     3083.7539
18 163  11.636  48570.594   7.229   0.076   10.163  -10.000      265.0201     3083.8320
18 163  11.636  48570.605   7.592   0.050   10.139  -10.000      265.0211     3083.8438
18 163  11.636  48608.180  90.066   0.037   10.419  -10.000      268.2502     3121.4180
18 163  11.636  48608.254  92.362   0.020   10.399  -10.000      268.2566     3121.4922
18 163  11.636  48608.270  92.845   0.025   10.403  -10.000      268.2579     3121.5078
18 163  11.636  48608.344  95.142   0.044   10.417  -10.000      268.2643     3121.5820
18 163  11.636  48608.359  95.625   0.023   10.395  -10.000      268.2656     3121.5977
18 163  11.636  48626.297 290.566   0.067    9.776  -10.000      269.8071     3139.5352
18 163  11.636  48626.309 290.929   0.030    9.741  -10.000      269.8081     3139.5469
18 163  11.636  48657.480 175.320   0.048    9.968  -10.000      272.4870     3170.7188
18 163  11.636  48657.496 175.803   0.053    9.971  -10.000      272.4883     3170.7344
18 163  11.636  48657.570 178.099   0.057    9.962  -10.000      272.4947     3170.8086
18 163  11.636  48657.586 178.583   0.084    9.986  -10.000      272.4961     3170.8242
18 163  11.636  48687.246  16.205   0.040   10.179  -10.000      275.0450     3200.4844
18 163  11.636  48687.262  16.688   0.037   10.179  -10.000      275.0464     3200.5000
18 163  11.636  48687.336  18.984   0.071   10.226  -10.000      275.0527     3200.5742
18 163  11.636  48687.352  19.468   0.005   10.162  -10.000      275.0541     3200.5898
18 163  11.636  48710.621  19.380   0.030   10.188  -10.000      277.0538     3223.8594
18 163  11.636  48710.633  19.742   0.022   10.181  -10.000      277.0548     3223.8711
18 163  11.636  48710.711  22.159   0.055   10.226  -10.000      277.0616     3223.9492
18 163  11.636  48710.723  22.522   0.046   10.219  -10.000      277.0626     3223.9609
18 163  11.636  48710.797  24.818   0.069   10.254  -10.000      277.0689     3224.0352
18 163  11.636  48710.812  25.302   0.065   10.252  -10.000      277.0703     3224.0508
18 163  11.636  48710.887  27.598   0.018   10.216  -10.000      277.0767     3224.1250
18 163  11.636  48754.086 284.095   0.004    9.687  -10.000      280.7892     3267.3242
18 163  11.636  48754.176 286.875   0.059    9.754  -10.000      280.7969     3267.4141
18 163  11.636  48754.250 289.171   0.066    9.770  -10.000      280.8033     3267.4883
18 163  11.636  48754.266 289.655   0.044    9.750  -10.000      280.8046     3267.5039
18 163  11.636  48775.047 212.574  -0.193    9.340  -10.000      282.5905     3288.2852
18 163  11.636  48775.062 213.058  -0.203    9.325  -10.000      282.5918     3288.3008
18 163  11.636  48775.137 215.354  -0.195    9.308  -10.000      282.5982     3288.3750
18 163  11.636  48775.148 215.717  -0.188    9.311  -10.000      282.5992     3288.3867
18 163  11.636  48775.312 220.792  -0.135    9.320  -10.000      282.6133     3288.5508
18 163  11.636  48775.328 221.276  -0.139    9.312  -10.000      282.6147     3288.5664
18 163  11.636  48969.828 118.696  -0.014   10.234  -10.000      299.3297     3483.0664
18 163  11.636  48969.844 119.180   0.083   10.327  -10.000      299.3311     3483.0820
18 163  11.636  49014.652  65.468  -0.019   10.351  -10.000      303.1819     3527.8906
18 163  11.636  49014.664  65.830  -0.031   10.340  -10.000      303.1829     3527.9023
18 163  11.636  49043.277 231.064  -0.003    9.417  -10.000      305.6418     3556.5156
18 163  11.636  49043.289 231.427  -0.026    9.394  -10.000      305.6429     3556.5273
18 163  11.636  49043.367 233.844  -0.021    9.402  -10.000      305.6496     3556.6055
18 163  11.636  49043.379 234.207   0.093    9.517  -10.000      305.6506     3556.6172
 1   2  11.636  41760.809 286.897   0.064   11.580  -10.000     -320.2031    -3725.9531
 2   2  11.636  41760.809 286.897   0.038   10.730  -10.000     -320.2031    -3725.9531
 3   2  11.636  41760.809 286.897   0.046    9.600  -10.000     -320.2031    -3725.9531
 1   2  11.636  41761.734 315.549   0.064   11.930  -10.000     -320.1235    -3725.0273
 2   2  11.636  41761.734 315.549   0.091   11.010  -10.000     -320.1235    -3725.0273
 3   2  11.636  41761.734 315.549   0.082    9.770  -10.000     -320.1235    -3725.0273
 1   2  11.636  41762.785 348.058   0.004   12.240  -10.000     -320.0332    -3723.9766
 2   2  11.636  41762.785 348.058   0.040   11.210  -10.000     -320.0332    -3723.9766
 3   2  11.636  41762.785 348.058   0.063    9.910  -10.000     -320.0332    -3723.9766
 1   2  11.636  41764.793  50.175   0.009   12.850  -10.000     -319.8606    -3721.9688
 2   2  11.636  41764.793  50.175   0.010   11.630  -10.000     -319.8606    -3721.9688
 3   2  11.636  41764.793  50.175   0.061   10.240  -10.000     -319.8606    -3721.9688
 1   2  11.636  41765.781  80.750  -0.047   12.850  -10.000     -319.7757    -3720.9805
 2   2  11.636  41765.781  80.750   0.004   11.690  -10.000     -319.7757    -3720.9805
 3   2  11.636  41765.781  80.750   0.028   10.280  -10.000     -319.7757    -3720.9805
 1   2  11.636  41766.773 111.445  -0.061   12.530  -10.000     -319.6904    -3719.9883
 2   2  11.636  41766.773 111.445   0.017   11.520  -10.000     -319.6904    -3719.9883
 3   2  11.636  41766.773 111.445   0.037   10.200  -10.000     -319.6904    -3719.9883
 1   2  11.636  41767.809 143.470  -0.023   12.010  -10.000     -319.6015    -3718.9531
 2   2  11.636  41767.809 143.470   0.046   11.180  -10.000     -319.6015    -3718.9531
 3   2  11.636  41767.809 143.470   0.081   10.020  -10.000     -319.6015    -3718.9531
 1   2  11.636  41768.723 171.749   0.012   11.750  -10.000     -319.5229    -3718.0391
 2   2  11.636  41768.723 171.749   0.144   11.070  -10.000     -319.5229    -3718.0391
 3   2  11.636  41768.723 171.749   0.072    9.870  -10.000     -319.5229    -3718.0391
 1   2  11.636  41769.789 204.741  -0.154   11.020  -10.000     -319.4313    -3716.9727
 2   2  11.636  41769.789 204.741  -0.159   10.350  -10.000     -319.4313    -3716.9727
 3   2  11.636  41769.789 204.741  -0.053    9.440  -10.000     -319.4313    -3716.9727
 1   2  11.636  41770.824 236.766   0.213   11.040  -10.000     -319.3423    -3715.9375
 2   2  11.636  41770.824 236.766   0.180   10.420  -10.000     -319.3423    -3715.9375
 3   2  11.636  41770.824 236.766   0.115    9.400  -10.000     -319.3423    -3715.9375
 1   2  11.636  41771.785 266.495   0.224   11.470  -10.000     -319.2597    -3714.9766
 2   2  11.636  41771.785 266.495   0.152   10.670  -10.000     -319.2597    -3714.9766
 3   2  11.636  41771.785 266.495   0.146    9.600  -10.000     -319.2597    -3714.9766
 1   2  11.636  41772.805 298.037   0.020   11.670  -10.000     -319.1721    -3713.9570
 2   2  11.636  41772.805 298.037   0.043   10.820  -10.000     -319.1721    -3713.9570
 3   2  11.636  41772.805 298.037   0.058    9.660  -10.000     -319.1721    -3713.9570
 1   2  11.636  41920.500 187.416  -0.070   11.480  -10.000     -306.4794    -3566.2617
 2   2  11.636  41920.500 187.416  -0.017   10.770  -10.000     -306.4794    -3566.2617
 3   2  11.636  41920.500 187.416   0.005    9.700  -10.000     -306.4794    -3566.2617
 1   2  11.636  41921.508 218.595  -0.090   10.780  -10.000     -306.3928    -3565.2539
 2   2  11.636  41921.508 218.595  -0.273   10.010  -10.000     -306.3928    -3565.2539
 3   2  11.636  41921.508 218.595  -0.146    9.180  -10.000     -306.3928    -3565.2539
 1   2  11.636  41922.496 249.170   0.467   11.450  -10.000     -306.3079    -3564.2656
 2   2  11.636  41922.496 249.170   0.137   10.480  -10.000     -306.3079    -3564.2656
 3   2  11.636  41922.496 249.170   0.133    9.480  -10.000     -306.3079    -3564.2656
 1   2  11.636  41923.492 279.987   0.038   11.470  -10.000     -306.2223    -3563.2695
 2   2  11.636  41923.492 279.987   0.012   10.650  -10.000     -306.2223    -3563.2695
 3   2  11.636  41923.492 279.987   0.026    9.550  -10.000     -306.2223    -3563.2695
 1   2  11.636  41924.496 311.045   0.066   11.880  -10.000     -306.1360    -3562.2656
 2   2  11.636  41924.496 311.045   0.015   10.900  -10.000     -306.1360    -3562.2656
 3   2  11.636  41924.496 311.045   0.163    9.830  -10.000     -306.1360    -3562.2656
 1   2  11.636  41925.508 342.345  -0.063   12.110  -10.000     -306.0490    -3561.2539
 2   2  11.636  41925.508 342.345  -0.026   11.100  -10.000     -306.0490    -3561.2539
 3   2  11.636  41925.508 342.345  -0.008    9.810  -10.000     -306.0490    -3561.2539
 6  36  11.636  45473.418 307.173  -0.007    7.404  -10.000       -1.1467      -13.3438
 7  36  11.636  45473.418 307.173  -0.005    6.864  -10.000       -1.1467      -13.3438
 8  36  11.636  45473.418 307.173  -0.017    6.699  -10.000       -1.1467      -13.3438
 6  36  11.636  45486.402 348.882  -0.005    7.461  -10.000       -0.0309       -0.3594
 7  36  11.636  45486.402 348.882  -0.005    6.881  -10.000       -0.0309       -0.3594
 8  36  11.636  45486.402 348.882  -0.006    6.718  -10.000       -0.0309       -0.3594
 6  36  11.636  45489.391  81.333   0.003    7.736  -10.000        0.2259        2.6289
 7  36  11.636  45489.391  81.333  -0.005    7.113  -10.000        0.2259        2.6289
 8  36  11.636  45489.391  81.333  -0.011    6.937  -10.000        0.2259        2.6289
 6  36  11.636  45492.391 174.146  -0.023    7.628  -10.000        0.4837        5.6289
 7  36  11.636  45492.391 174.146  -0.015    7.120  -10.000        0.4837        5.6289
 8  36  11.636  45492.391 174.146  -0.026    6.963  -10.000        0.4837        5.6289
 6  36  11.636  45514.328 132.846  -0.019    7.709  -10.000        2.3690       27.5664
 7  36  11.636  45514.328 132.846  -0.005    7.171  -10.000        2.3690       27.5664
 8  36  11.636  45514.328 132.846  -0.016    7.005  -10.000        2.3690       27.5664
 6  36  11.636  45517.297 224.693  -0.044    7.330  -10.000        2.6241       30.5352
 7  36  11.636  45517.297 224.693   0.015    6.931  -10.000        2.6241       30.5352
 8  36  11.636  45517.297 224.693   0.000    6.784  -10.000        2.6241       30.5352
 6  36  11.636  45518.273 254.906   0.031    7.412  -10.000        2.7081       31.5117
 7  36  11.636  45518.273 254.906   0.036    6.935  -10.000        2.7081       31.5117
 8  36  11.636  45518.273 254.906   0.018    6.779  -10.000        2.7081       31.5117
 6  36  11.636  45532.246 327.190  -0.007    7.421  -10.000        3.9089       45.4844
 7  36  11.636  45532.246 327.190  -0.009    6.858  -10.000        3.9089       45.4844
 8  36  11.636  45532.246 327.190  -0.009    6.701  -10.000        3.9089       45.4844
 6  36  11.636  45793.535 130.921  -0.034    7.696  -10.000       26.3637      306.7734
 7  36  11.636  45793.535 130.921  -0.018    7.158  -10.000       26.3637      306.7734
 8  36  11.636  45793.535 130.921  -0.034    6.986  -10.000       26.3637      306.7734
 6  36  11.636  45798.535 285.609  -0.022    7.379  -10.000       26.7934      311.7734
 7  36  11.636  45798.535 285.609  -0.003    6.879  -10.000       26.7934      311.7734
 8  36  11.636  45798.535 285.609  -0.001    6.735  -10.000       26.7934      311.7734
 6  36  11.636  45829.438 161.663  -0.017    7.664  -10.000       29.4491      342.6758
 7  36  11.636  45829.438 161.663  -0.013    7.145  -10.000       29.4491      342.6758
 8  36  11.636  45829.438 161.663  -0.026    6.984  -10.000       29.4491      342.6758
 6  36  11.636  45839.391 109.591  -0.024    7.737  -10.000       30.3044      352.6289
 7  36  11.636  45839.391 109.591  -0.031    7.143  -10.000       30.3044      352.6289
 8  36  11.636  45839.391 109.591  -0.055    6.955  -10.000       30.3044      352.6289
 6  36  11.636  45842.367 201.680  -0.046    7.469  -10.000       30.5602      355.6055
 7  36  11.636  45842.367 201.680  -0.009    7.020  -10.000       30.5602      355.6055
 8  36  11.636  45842.367 201.680  -0.022    6.868  -10.000       30.5602      355.6055
 6  36  11.636  45907.246  48.896  -0.010    7.635  -10.000       36.1358      420.4844
 7  36  11.636  45907.246  48.896  -0.036    6.991  -10.000       36.1358      420.4844
 8  36  11.636  45907.246  48.896  -0.025    6.831  -10.000       36.1358      420.4844
 6  36  11.636  45910.230 141.227  -0.034    7.685  -10.000       36.3923      423.4688
 7  36  11.636  45910.230 141.227  -0.019    7.159  -10.000       36.3923      423.4688
 8  36  11.636  45910.230 141.227  -0.041    6.984  -10.000       36.3923      423.4688
 6  36  11.636  45931.211  70.318  -0.027    7.685  -10.000       38.1953      444.4492
 7  36  11.636  45931.211  70.318  -0.035    7.058  -10.000       38.1953      444.4492
 8  36  11.636  45931.211  70.318  -0.044    6.877  -10.000       38.1953      444.4492
 6  36  11.636  46100.559 269.576  -0.022    7.374  -10.000       52.7488      613.7969
 7  36  11.636  46100.559 269.576  -0.003    6.892  -10.000       52.7488      613.7969
 8  36  11.636  46100.559 269.576   0.001    6.754  -10.000       52.7488      613.7969
 6  36  11.636  46101.500 298.700  -0.019    7.385  -10.000       52.8297      614.7383
 7  36  11.636  46101.500 298.700   0.006    6.877  -10.000       52.8297      614.7383
 8  36  11.636  46101.500 298.700  -0.006    6.715  -10.000       52.8297      614.7383
 6  36  11.636  46200.426 119.254  -0.004    7.745  -10.000       61.3313      713.6641
 7  36  11.636  46200.426 119.254  -0.001    7.175  -10.000       61.3313      713.6641
 8  36  11.636  46200.426 119.254  -0.014    7.002  -10.000       61.3313      713.6641
 6  36  11.636  46202.398 180.284  -0.008    7.623  -10.000       61.5008      715.6367
 7  36  11.636  46202.398 180.284   0.007    7.126  -10.000       61.5008      715.6367
 8  36  11.636  46202.398 180.284  -0.016    6.958  -10.000       61.5008      715.6367
 6  36  11.636  46203.395 211.101  -0.088    7.355  -10.000       61.5864      716.6328
 7  36  11.636  46203.395 211.101  -0.040    6.932  -10.000       61.5864      716.6328
 8  36  11.636  46203.395 211.101  -0.048    6.788  -10.000       61.5864      716.6328
 6  36  11.636  46256.293  47.667  -0.015    7.625  -10.000       66.1324      769.5312
 7  36  11.636  46256.293  47.667  -0.031    6.993  -10.000       66.1324      769.5312
 8  36  11.636  46256.293  47.667  -0.026    6.827  -10.000       66.1324      769.5312
 6  36  11.636  46259.297 140.600  -0.031    7.688  -10.000       66.3906      772.5352
 7  36  11.636  46259.297 140.600  -0.021    7.157  -10.000       66.3906      772.5352
 8  36  11.636  46259.297 140.600  -0.036    6.989  -10.000       66.3906      772.5352
 6  36  11.636  46261.266 201.511  -0.038    7.479  -10.000       66.5598      774.5039
 7  36  11.636  46261.266 201.511  -0.013    7.017  -10.000       66.5598      774.5039
 8  36  11.636  46261.266 201.511  -0.029    6.862  -10.000       66.5598      774.5039
 6  36  11.636  46262.262 232.328  -0.012    7.348  -10.000       66.6454      775.5000
 7  36  11.636  46262.262 232.328   0.027    6.928  -10.000       66.6454      775.5000
 8  36  11.636  46262.262 232.328   0.008    6.777  -10.000       66.6454      775.5000
 6  36  11.636  46266.238 355.353  -0.021    7.460  -10.000       66.9871      779.4766
 7  36  11.636  46266.238 355.353  -0.028    6.868  -10.000       66.9871      779.4766
 8  36  11.636  46266.238 355.353  -0.023    6.709  -10.000       66.9871      779.4766
 6  36  11.636  46574.426 170.022  -0.027    7.635  -10.000       93.4723     1087.6641
 7  36  11.636  46574.426 170.022  -0.011    7.133  -10.000       93.4723     1087.6641
 8  36  11.636  46574.426 170.022  -0.024    6.973  -10.000       93.4723     1087.6641
 6  36  11.636  46575.426 200.959  -0.045    7.476  -10.000       93.5582     1088.6641
 7  36  11.636  46575.426 200.959  -0.010    7.023  -10.000       93.5582     1088.6641
 8  36  11.636  46575.426 200.959  -0.029    6.865  -10.000       93.5582     1088.6641
 6  36  11.636  46576.418 231.658  -0.003    7.357  -10.000       93.6435     1089.6562
 7  36  11.636  46576.418 231.658   0.031    6.933  -10.000       93.6435     1089.6562
 8  36  11.636  46576.418 231.658   0.005    6.775  -10.000       93.6435     1089.6562
 6  36  11.636  46577.418 262.595  -0.009    7.382  -10.000       93.7294     1090.6562
 7  36  11.636  46577.418 262.595   0.001    6.900  -10.000       93.7294     1090.6562
 8  36  11.636  46577.418 262.595  -0.008    6.751  -10.000       93.7294     1090.6562
 6  36  11.636  46596.352 128.359  -0.048    7.686  -10.000       95.3566     1109.5898
 7  36  11.636  46596.352 128.359  -0.029    7.146  -10.000       95.3566     1109.5898
 8  36  11.636  46596.352 128.359  -0.046    6.973  -10.000       95.3566     1109.5898
 6  36  11.636  46600.379 252.957   0.027    7.404  -10.000       95.7027     1113.6172
 7  36  11.636  46600.379 252.957   0.031    6.929  -10.000       95.7027     1113.6172
 8  36  11.636  46600.379 252.957   0.015    6.776  -10.000       95.7027     1113.6172
 6  36  11.636  46601.359 283.291  -0.015    7.386  -10.000       95.7869     1114.5977
 7  36  11.636  46601.359 283.291   0.000    6.885  -10.000       95.7869     1114.5977
 8  36  11.636  46601.359 283.291  -0.016    6.723  -10.000       95.7869     1114.5977
 6  36  11.636  46603.352 344.924  -0.005    7.454  -10.000       95.9581     1116.5898
 7  36  11.636  46603.352 344.924  -0.016    6.866  -10.000       95.9581     1116.5898
 8  36  11.636  46603.352 344.924  -0.008    6.713  -10.000       95.9581     1116.5898
 6  36  11.636  46604.297  14.170   0.002    7.533  -10.000       96.0394     1117.5352
 7  36  11.636  46604.297  14.170  -0.014    6.917  -10.000       96.0394     1117.5352
 8  36  11.636  46604.297  14.170  -0.013    6.751  -10.000       96.0394     1117.5352
 6  36  11.636  46610.328 200.764  -0.047    7.475  -10.000       96.5577     1123.5664
 7  36  11.636  46610.328 200.764  -0.010    7.025  -10.000       96.5577     1123.5664
 8  36  11.636  46610.328 200.764  -0.021    6.874  -10.000       96.5577     1123.5664
 6  36  11.636  46611.316 231.339  -0.018    7.343  -10.000       96.6426     1124.5547
 7  36  11.636  46611.316 231.339   0.036    6.938  -10.000       96.6426     1124.5547
 8  36  11.636  46611.316 231.339   0.023    6.793  -10.000       96.6426     1124.5547
 6  36  11.636  46612.305 261.914   0.000    7.390  -10.000       96.7275     1125.5430
 7  36  11.636  46612.305 261.914   0.011    6.911  -10.000       96.7275     1125.5430
 8  36  11.636  46612.305 261.914   0.003    6.763  -10.000       96.7275     1125.5430
 6  36  11.636  46653.230  88.072   0.011    7.759  -10.000      100.2446     1166.4688
 7  36  11.636  46653.230  88.072  -0.017    7.121  -10.000      100.2446     1166.4688
 8  36  11.636  46653.230  88.072  -0.017    6.952  -10.000      100.2446     1166.4688
 6  36  11.636  46654.223 118.768  -0.016    7.734  -10.000      100.3299     1167.4609
 7  36  11.636  46654.223 118.768  -0.017    7.159  -10.000      100.3299     1167.4609
 8  36  11.636  46654.223 118.768  -0.023    6.993  -10.000      100.3299     1167.4609
 6  36  11.636  46895.332  18.182  -0.013    7.530  -10.000      121.0505     1408.5703
 7  36  11.636  46895.332  18.182  -0.020    6.920  -10.000      121.0505     1408.5703
 8  36  11.636  46895.332  18.182  -0.024    6.749  -10.000      121.0505     1408.5703
 6  36  11.636  46978.320  65.665  -0.019    7.681  -10.000      128.1824     1491.5586
 7  36  11.636  46978.320  65.665  -0.031    7.049  -10.000      128.1824     1491.5586
 8  36  11.636  46978.320  65.665  -0.034    6.874  -10.000      128.1824     1491.5586
 6  36  11.636  46982.285 188.328   0.002    7.598  -10.000      128.5231     1495.5234
 7  36  11.636  46982.285 188.328   0.004    7.096  -10.000      128.5231     1495.5234
 8  36  11.636  46982.285 188.328  -0.012    6.936  -10.000      128.5231     1495.5234
 6  36  11.636  47007.211 239.480   0.011    7.370  -10.000      130.6652     1520.4492
 7  36  11.636  47007.211 239.480   0.058    6.953  -10.000      130.6652     1520.4492
 8  36  11.636  47007.211 239.480   0.046    6.807  -10.000      130.6652     1520.4492
 6  36  11.636  47029.207 199.990  -0.028    7.500  -10.000      132.5555     1542.4453
 7  36  11.636  47029.207 199.990  -0.012    7.027  -10.000      132.5555     1542.4453
 8  36  11.636  47029.207 199.990  -0.028    6.871  -10.000      132.5555     1542.4453
 6  36  11.636  47251.477 236.541   0.018    7.376  -10.000      151.6571     1764.7148
 7  36  11.636  47251.477 236.541   0.045    6.942  -10.000      151.6571     1764.7148
 8  36  11.636  47251.477 236.541   0.032    6.796  -10.000      151.6571     1764.7148
 6  36  11.636  47369.258 280.443  -0.002    7.399  -10.000      161.7790     1882.4961
 7  36  11.636  47369.258 280.443  -0.009    6.879  -10.000      161.7790     1882.4961
 8  36  11.636  47369.258 280.443  -0.035    6.708  -10.000      161.7790     1882.4961
 0 170  11.636  50274.512 162.839  -7.424  -22.000    0.420      411.4523     4787.7500
 0 170  11.636  50275.520 194.019  -4.732  -25.950    0.440      411.5389     4788.7578
 0 170  11.636  50276.504 224.473  -4.526  -30.880    0.390      411.6235     4789.7422
 0 170  11.636  50277.527 256.146 -10.079  -40.190    0.510      411.7115     4790.7656
 0 170  11.636  50278.496 286.117  -1.380  -38.840    0.350      411.7948     4791.7344
 0 170  11.636  50279.484 316.692  -0.294  -30.460    0.300      411.8797     4792.7227
 0 170  11.636  50281.484  18.567  -0.585  -12.170    0.280      412.0516     4794.7227
 0 170  11.636  50286.465 172.650  -5.655  -24.920    0.450      412.4796     4799.7031
 0 170  11.636  50533.742 262.881  -5.430  -41.040    0.370      433.7302     5046.9805
 0 170  11.636  50533.824 265.419  -5.277  -41.190    0.490      433.7373     5047.0625
 0 170  11.636  50534.719 293.093  -2.080  -37.750    0.380      433.8141     5047.9570
 0 170  11.636  50535.730 324.404   0.175  -29.040    0.350      433.9011     5048.9688
 0 170  11.636  50536.754 356.067  -2.924  -19.610    0.310      433.9891     5049.9922
 0 170  11.636  50645.480 119.828  -1.494    3.030    0.470      443.3329     5158.7188
 0 170  11.636  50646.484 150.886  -6.204  -17.130    0.410      443.4191     5159.7227
 0 170  11.636  50646.559 153.182  -7.137  -18.270    0.460      443.4255     5159.7969
 0 170  11.636  50647.484 181.824  -3.639  -25.410    0.350      443.5051     5160.7227
 0 170  11.636  50648.488 212.882  -5.583  -30.200    0.460      443.5913     5161.7266
 0 170  11.636  50649.484 243.699  -2.732  -33.720    0.490      443.6769     5162.7227
 0 170  11.636  50650.512 275.482  -5.384  -40.710    0.360      443.7652     5163.7500
 0 170  11.636  50651.488 305.706  -2.754  -34.280    0.400      443.8492     5164.7266
 0 170  11.636  50800.781 244.512  -3.526  -34.070    0.440      456.6792     5314.0195
 0 170  11.636  50802.836 308.079  -2.648  -33.480    0.340      456.8558     5316.0742
 1 123  11.636  41400.586 302.377   0.095   11.800  -10.000     -351.1601    -4086.1758
 2 123  11.636  41400.586 302.377   0.037   10.850  -10.000     -351.1601    -4086.1758
 3 123  11.636  41400.586 302.377  -0.003    9.620  -10.000     -351.1601    -4086.1758
 1 123  11.636  41401.641 335.006   0.096   12.180  -10.000     -351.0694    -4085.1211
 2 123  11.636  41401.641 335.006   0.055   11.120  -10.000     -351.0694    -4085.1211
 3 123  11.636  41401.641 335.006   0.032    9.810  -10.000     -351.0694    -4085.1211
 1 123  11.636  41408.555 188.910   0.124   11.650  -10.000     -350.4753    -4078.2070
 2 123  11.636  41408.555 188.910   0.081   10.850  -10.000     -350.4753    -4078.2070
 3 123  11.636  41408.555 188.910   0.048    9.730  -10.000     -350.4753    -4078.2070
 1 123  11.636  41409.531 219.122  -0.192   10.670  -10.000     -350.3913    -4077.2305
 2 123  11.636  41409.531 219.122  -0.267   10.010  -10.000     -350.3913    -4077.2305
 3 123  11.636  41409.531 219.122  -0.182    9.140  -10.000     -350.3913    -4077.2305
 1 123  11.636  41410.547 250.543   0.265   11.270  -10.000     -350.3040    -4076.2148
 2 123  11.636  41410.547 250.543   0.132   10.490  -10.000     -350.3040    -4076.2148
 3 123  11.636  41410.547 250.543   0.084    9.440  -10.000     -350.3040    -4076.2148
 1 123  11.636  41415.551  45.352  -0.046   12.760  -10.000     -349.8740    -4071.2109
 2 123  11.636  41415.551  45.352  -0.052   11.540  -10.000     -349.8740    -4071.2109
 3 123  11.636  41415.551  45.352  -0.026   10.130  -10.000     -349.8740    -4071.2109
 1 123  11.636  41416.508  74.971  -0.044   12.870  -10.000     -349.7917    -4070.2539
 2 123  11.636  41416.508  74.971  -0.023   11.670  -10.000     -349.7917    -4070.2539
 3 123  11.636  41416.508  74.971   0.009   10.260  -10.000     -349.7917    -4070.2539
 1 123  11.636  41417.535 106.754  -0.044   12.620  -10.000     -349.7035    -4069.2266
 2 123  11.636  41417.535 106.754  -0.010   11.540  -10.000     -349.7035    -4069.2266
 3 123  11.636  41417.535 106.754  -0.021   10.170  -10.000     -349.7035    -4069.2266
 1 123  11.636  41420.508 198.721  -0.277   11.050  -10.000     -349.4480    -4066.2539
 2 123  11.636  41420.508 198.721  -0.212   10.410  -10.000     -349.4480    -4066.2539
 3 123  11.636  41420.508 198.721  -0.136    9.440  -10.000     -349.4480    -4066.2539
 1 123  11.636  41772.602 291.753   0.056   11.630  -10.000     -319.1896    -3714.1602
 2 123  11.636  41772.602 291.753   0.052   10.780  -10.000     -319.1896    -3714.1602
 3 123  11.636  41772.602 291.753   0.056    9.630  -10.000     -319.1896    -3714.1602
 1 123  11.636  41773.527 320.394   0.041   11.960  -10.000     -319.1100    -3713.2344
 2 123  11.636  41773.527 320.394   0.046   11.000  -10.000     -319.1100    -3713.2344
 3 123  11.636  41773.527 320.394   0.012    9.720  -10.000     -319.1100    -3713.2344
 1 123  11.636  41778.566 116.290   0.004   12.510  -10.000     -318.6770    -3708.1953
 2 123  11.636  41778.566 116.290   0.023   11.470  -10.000     -318.6770    -3708.1953
 3 123  11.636  41778.566 116.290   0.020   10.150  -10.000     -318.6770    -3708.1953
 1 123  11.636  41779.574 147.469  -0.110   11.870  -10.000     -318.5904    -3707.1875
 2 123  11.636  41779.574 147.469  -0.037   11.060  -10.000     -318.5904    -3707.1875
 3 123  11.636  41779.574 147.469  -0.035    9.880  -10.000     -318.5904    -3707.1875
 1 123  11.636  41784.707 306.266  -0.055   11.700  -10.000     -318.1493    -3702.0547
 2 123  11.636  41784.707 306.266  -0.026   10.820  -10.000     -318.1493    -3702.0547
 3 123  11.636  41784.707 306.266  -0.033    9.610  -10.000     -318.1493    -3702.0547
 1 123  11.636  41785.582 333.336   0.036   12.100  -10.000     -318.0741    -3701.1797
 2 123  11.636  41785.582 333.336   0.059   11.110  -10.000     -318.0741    -3701.1797
 3 123  11.636  41785.582 333.336   0.011    9.780  -10.000     -318.0741    -3701.1797
 0 123  11.636  41411.605 283.293   0.822  -36.800  -10.000     -350.2131    -4075.1562
 0 123  11.636  41412.527 311.814   7.425  -22.800  -10.000     -350.1339    -4074.2344
 0 123  11.636  41412.621 314.714   7.235  -22.900  -10.000     -350.1258    -4074.1406
 0 123  11.636  41412.645 315.439  -0.657  -30.800  -10.000     -350.1238    -4074.1172
 0 123  11.636  41414.516  13.326   1.492  -12.400  -10.000     -349.9630    -4072.2461
 0 123  11.636  41793.520 218.914   8.458  -15.900  -10.000     -317.3919    -3693.2422
 0 123  11.636  41794.605 252.510  13.445  -14.100  -10.000     -317.2986    -3692.1562
 0 125  11.636  37421.371 313.901  -0.864  -31.000  -10.000     -693.1281    -8065.3906
 0 125  11.636  37766.398 188.306  -0.783  -23.000  -10.000     -663.4769    -7720.3633
 0 125  11.636  37813.320 199.973  -1.153  -26.000  -10.000     -659.4445    -7673.4414
 0 125  11.636  38148.398 126.584  -2.274    2.000  -10.000     -630.6484    -7338.3633
 0 125  11.636  38184.301 157.324   5.384   -6.000  -10.000     -627.5630    -7302.4609
 0 125  11.636  38449.590  84.814   6.318   17.000  -10.000     -604.7644    -7037.1719
 0 125  11.636  38459.609  34.783   3.529    0.000  -10.000     -603.9034    -7027.1523
 0 125  11.636  38474.602 138.625   5.028    6.000  -10.000     -602.6149    -7012.1602
 0 125  11.636  38477.500 228.296   2.045  -25.000  -10.000     -602.3658    -7009.2617
 0 125  11.636  38504.441 341.807   0.719  -22.000  -10.000     -600.0505    -6982.3203
 0 125  11.636  38577.230  73.740  -4.403   -3.000  -10.000     -593.7952    -6909.5312
