 2  79  13.457  49521.566 279.580  -0.271   12.654  -10.000      299.7766     4033.9688
 3  79  13.457  49521.566 279.580  -0.187   11.233  -10.000      299.7766     4033.9688
 2  79  13.457  49522.531 305.387  -0.171   12.906  -10.000      299.8483     4034.9336
 3  79  13.457  49522.531 305.387  -0.115   11.390  -10.000      299.8483     4034.9336
 2  79  13.457  49524.566 359.835  -0.012   13.367  -10.000      299.9995     4036.9688
 3  79  13.457  49524.566 359.835  -0.048   11.655  -10.000      299.9995     4036.9688
 4  79  13.457  49524.566 359.835  -0.055   10.683  -10.000      299.9995     4036.9688
 5  79  13.457  49524.566 359.835  -0.058    9.780  -10.000      299.9995     4036.9688
 2  79  13.457  49527.520  78.838   0.043   13.748  -10.000      300.2190     4039.9219
 3  79  13.457  49527.520  78.838   0.006   11.973  -10.000      300.2190     4039.9219
 4  79  13.457  49527.520  78.838   0.024   11.000  -10.000      300.2190     4039.9219
 5  79  13.457  49527.520  78.838   0.022   10.074  -10.000      300.2190     4039.9219
 2  79  13.457  49528.516 105.491   0.101   13.725  -10.000      300.2930     4040.9180
 3  79  13.457  49528.516 105.491   0.054   11.987  -10.000      300.2930     4040.9180
 4  79  13.457  49528.516 105.491   0.060   11.022  -10.000      300.2930     4040.9180
 5  79  13.457  49528.516 105.491   0.062   10.119  -10.000      300.2930     4040.9180
 2  79  13.457  49529.520 132.341   0.254   13.629  -10.000      300.3676     4041.9219
 3  79  13.457  49529.520 132.341   0.141   11.927  -10.000      300.3676     4041.9219
 4  79  13.457  49529.520 132.341   0.121   10.978  -10.000      300.3676     4041.9219
 5  79  13.457  49529.520 132.341   0.106   10.097  -10.000      300.3676     4041.9219
 2  79  13.457  49530.512 158.884   0.244   13.492  -10.000      300.4413     4042.9141
 3  79  13.457  49530.512 158.884   0.133   11.847  -10.000      300.4413     4042.9141
 4  79  13.457  49530.512 158.884   0.135   10.943  -10.000      300.4413     4042.9141
 5  79  13.457  49530.512 158.884   0.140   10.103  -10.000      300.4413     4042.9141
 2  79  13.457  49532.516 212.498   0.348   12.872  -10.000      300.5903     4044.9180
 3  79  13.457  49532.516 212.498   0.254   11.456  -10.000      300.5903     4044.9180
 4  79  13.457  49532.516 212.498   0.223   10.607  -10.000      300.5903     4044.9180
 5  79  13.457  49532.516 212.498   0.183    9.803  -10.000      300.5903     4044.9180
 2  79  13.457  49546.500 226.615   0.078   12.666  -10.000      301.6295     4058.9023
 3  79  13.457  49546.500 226.615   0.029   11.267  -10.000      301.6295     4058.9023
 4  79  13.457  49546.500 226.615   0.043   10.452  -10.000      301.6295     4058.9023
 5  79  13.457  49546.500 226.615   0.025    9.659  -10.000      301.6295     4058.9023
 2  79  13.457  49561.559 269.473  -0.162   12.702  -10.000      302.7485     4073.9609
 3  79  13.457  49561.559 269.473  -0.094   11.293  -10.000      302.7485     4073.9609
 4  79  13.457  49561.559 269.473  -0.048   10.456  -10.000      302.7485     4073.9609
 5  79  13.457  49561.559 269.473  -0.060    9.620  -10.000      302.7485     4073.9609
 2  79  13.457  49564.512 348.475  -0.007   13.308  -10.000      302.9680     4076.9141
 3  79  13.457  49564.512 348.475  -0.006   11.652  -10.000      302.9680     4076.9141
23   4  13.457  40977.602 305.398  -0.018    4.750  -10.000     -335.1517    -4509.9961
24   4  13.457  40977.602 305.398   0.013    6.440  -10.000     -335.1517    -4509.9961
23   4  13.457  40978.480 328.920   0.025    4.878  -10.000     -335.0863    -4509.1172
24   4  13.457  40978.480 328.920   0.118    6.690  -10.000     -335.0863    -4509.1172
23   4  13.457  40989.562 265.386  -0.043    4.588  -10.000     -334.2628    -4498.0352
24   4  13.457  40989.562 265.386  -0.036    6.125  -10.000     -334.2628    -4498.0352
23   4  13.457  41002.566 253.279  -0.134    4.457  -10.000     -333.2964    -4485.0312
24   4  13.457  41002.566 253.279  -0.154    5.925  -10.000     -333.2964    -4485.0312
23   4  13.457  41007.453  24.016   0.034    5.105  -10.000     -332.9333    -4480.1445
24   4  13.457  41007.453  24.016   0.092    6.995  -10.000     -332.9333    -4480.1445
23   4  13.457  41008.406  49.515   0.034    5.203  -10.000     -332.8625    -4479.1914
24   4  13.457  41008.406  49.515   0.085    7.118  -10.000     -332.8625    -4479.1914
23   4  13.457  41009.406  76.267  -0.012    5.222  -10.000     -332.7881    -4478.1914
24   4  13.457  41009.406  76.267  -0.018    7.082  -10.000     -332.7881    -4478.1914
23   4  13.457  41014.531 213.376   0.040    4.493  -10.000     -332.4073    -4473.0664
24   4  13.457  41014.531 213.376   0.106    5.913  -10.000     -332.4073    -4473.0664
23   4  13.457  41016.457 264.891  -0.077    4.552  -10.000     -332.2642    -4471.1406
24   4  13.457  41016.457 264.891  -0.048    6.110  -10.000     -332.2642    -4471.1406
23   4  13.457  41042.414 239.315  -0.027    4.515  -10.000     -330.3352    -4445.1836
24   4  13.457  41042.414 239.315  -0.029    5.947  -10.000     -330.3352    -4445.1836
23   4  13.457  41043.352 264.397   0.023    4.650  -10.000     -330.2656    -4444.2461
24   4  13.457  41043.352 264.397   0.038    6.193  -10.000     -330.2656    -4444.2461
23   4  13.457  41044.410 292.709   0.051    4.775  -10.000     -330.1869    -4443.1875
24   4  13.457  41044.410 292.709   0.060    6.405  -10.000     -330.1869    -4443.1875
23   4  13.457  41058.398 306.936  -0.001    4.773  -10.000     -329.1474    -4429.1992
24   4  13.457  41058.398 306.936   0.068    6.505  -10.000     -329.1474    -4429.1992
23   4  13.457  41066.410 161.268  -0.067    4.908  -10.000     -328.5520    -4421.1875
24   4  13.457  41066.410 161.268  -0.094    6.493  -10.000     -328.5520    -4421.1875
23   4  13.457  41067.406 187.921  -0.053    4.733  -10.000     -328.4780    -4420.1914
24   4  13.457  41067.406 187.921  -0.092    6.205  -10.000     -328.4780    -4420.1914
23   4  13.457  41068.395 214.365   0.053    4.505  -10.000     -328.4045    -4419.2031
24   4  13.457  41068.395 214.365   0.092    5.900  -10.000     -328.4045    -4419.2031
23   4  13.457  41070.410 268.286  -0.031    4.610  -10.000     -328.2548    -4417.1875
24   4  13.457  41070.410 268.286  -0.016    6.165  -10.000     -328.2548    -4417.1875
23   4  13.457  41090.348  81.661  -0.017    5.222  -10.000     -326.7732    -4397.2500
24   4  13.457  41090.348  81.661  -0.020    7.080  -10.000     -326.7732    -4397.2500
23   4  13.457  41092.348 135.176  -0.069    4.965  -10.000     -326.6245    -4395.2500
24   4  13.457  41092.348 135.176  -0.054    6.647  -10.000     -326.6245    -4395.2500
23   4  13.457  41100.312 348.256   0.029    4.952  -10.000     -326.0326    -4387.2852
24   4  13.457  41100.312 348.256   0.073    6.760  -10.000     -326.0326    -4387.2852
23   4  13.457  41101.305  14.799   0.029    5.060  -10.000     -325.9589    -4386.2930
24   4  13.457  41101.305  14.799   0.083    6.930  -10.000     -325.9589    -4386.2930
23   4  13.457  41115.297  29.125   0.067    5.160  -10.000     -324.9191    -4372.3008
24   4  13.457  41115.297  29.125   0.159    7.092  -10.000     -324.9191    -4372.3008
23   4  13.457  41116.305  56.085   0.064    5.255  -10.000     -324.8442    -4371.2930
24   4  13.457  41116.305  56.085   0.051    7.110  -10.000     -324.8442    -4371.2930
23   4  13.457  41117.312  83.046  -0.008    5.233  -10.000     -324.7693    -4370.2852
24   4  13.457  41117.312  83.046  -0.054    7.045  -10.000     -324.7693    -4370.2852
23   4  13.457  41122.293 216.288   0.040    4.495  -10.000     -324.3992    -4365.3047
24   4  13.457  41122.293 216.288   0.079    5.892  -10.000     -324.3992    -4365.3047
23   4  13.457  41123.266 242.314  -0.088    4.465  -10.000     -324.3269    -4364.3320
24   4  13.457  41123.266 242.314  -0.080    5.920  -10.000     -324.3269    -4364.3320
23   4  13.457  41124.258 268.857  -0.078    4.565  -10.000     -324.2532    -4363.3398
24   4  13.457  41124.258 268.857  -0.068    6.118  -10.000     -324.2532    -4363.3398
23   4  13.457  41130.254  69.269  -0.006    5.217  -10.000     -323.8076    -4357.3438
24   4  13.457  41130.254  69.269   0.024    7.117  -10.000     -323.8076    -4357.3438
23   4  13.457  41131.258  96.119  -0.055    5.175  -10.000     -323.7330    -4356.3398
24   4  13.457  41131.258  96.119  -0.057    7.007  -10.000     -323.7330    -4356.3398
23   4  13.457  41132.270 123.190  -0.107    5.000  -10.000     -323.6578    -4355.3281
24   4  13.457  41132.270 123.190  -0.148    6.685  -10.000     -323.6578    -4355.3281
23   4  13.457  41145.207 109.303  -0.136    5.050  -10.000     -322.6964    -4342.3906
24   4  13.457  41145.207 109.303  -0.141    6.835  -10.000     -322.6964    -4342.3906
23   4  13.457  41146.230 136.681  -0.123    4.903  -10.000     -322.6203    -4341.3672
24   4  13.457  41146.230 136.681  -0.127    6.560  -10.000     -322.6203    -4341.3672
23   4  13.457  41147.219 163.125  -0.109    4.865  -10.000     -322.5469    -4340.3789
24   4  13.457  41147.219 163.125  -0.125    6.460  -10.000     -322.5469    -4340.3789
23   4  13.457  41148.215 189.767  -0.111    4.640  -10.000     -322.4729    -4339.3828
24   4  13.457  41148.215 189.767  -0.129    6.117  -10.000     -322.4729    -4339.3828
23   4  13.457  41149.219 216.628  -0.023    4.432  -10.000     -322.3983    -4338.3789
24   4  13.457  41149.219 216.628   0.008    5.822  -10.000     -322.3983    -4338.3789
23   4  13.457  41154.203 349.969  -0.010    4.920  -10.000     -322.0279    -4333.3945
24   4  13.457  41154.203 349.969   0.031    6.727  -10.000     -322.0279    -4333.3945
23   4  13.457  41156.211  43.693   0.000    5.148  -10.000     -321.8786    -4331.3867
24   4  13.457  41156.211  43.693   0.022    7.028  -10.000     -321.8786    -4331.3867
 0  42  13.457  46870.770 283.590   0.656   -5.000    0.630      102.7878     1383.1719
 0  42  13.457  46871.617 306.266  -0.136    0.270    0.640      102.8507     1384.0195
 0  42  13.457  46872.750 336.572  -2.010    6.770    0.610      102.9349     1385.1523
 0  42  13.457  46873.715   2.384  -0.331   13.130    0.600      103.0066     1386.1172
 0  42  13.457  46874.625  26.732   0.431   20.980    0.600      103.0743     1387.0273
 0  42  13.457  46875.754  56.934   1.186   28.010    0.610      103.1581     1388.1562
 0  42  13.457  46876.617  80.030   0.499   32.160    0.620      103.2223     1389.0195
 0  42  13.457  46923.637 257.929  -0.262   -9.370    0.690      106.7165     1436.0391
 0  55  13.457  45391.699 314.457  -0.947    1.960    1.000       -7.1265      -95.8984
 0  55  13.457  45394.699  34.715  -0.477   21.530    1.300       -6.9036      -92.8984
 0  55  13.457  45398.707 141.935  -3.520   24.010    1.800       -6.6057      -88.8906
 0  55  13.457  45520.516 160.645  -1.555   16.700    1.150        2.4462       32.9180
 0  55  13.457  45760.738 107.251   1.428   34.270    1.010       20.2979      273.1406
 0  55  13.457  45764.707 213.425   3.201    6.390    1.260       20.5928      277.1094
 3 150  13.457  50568.383 204.752   0.244   11.487  -10.000      377.5688     5080.7852
 5 150  13.457  50568.383 204.752   0.136    9.787  -10.000      377.5688     5080.7852
 3 150  13.457  50570.336 257.003  -0.095   11.252  -10.000      377.7139     5082.7383
 5 150  13.457  50570.336 257.003  -0.072    9.597  -10.000      377.7139     5082.7383
 3 150  13.457  50571.305 282.920  -0.060   11.371  -10.000      377.7859     5083.7070
 5 150  13.457  50571.305 282.920  -0.057    9.638  -10.000      377.7859     5083.7070
 3 150  13.457  50572.297 309.463  -0.049   11.470  -10.000      377.8596     5084.6992
 5 150  13.457  50572.297 309.463  -0.047    9.684  -10.000      377.8596     5084.6992
 3 150  13.457  50574.430   6.515  -0.016   11.714  -10.000      378.0181     5086.8320
 5 150  13.457  50574.430   6.515  -0.003    9.853  -10.000      378.0181     5086.8320
 3 150  13.457  50575.297  29.718  -0.002   11.824  -10.000      378.0826     5087.6992
 5 150  13.457  50575.297  29.718  -0.009    9.916  -10.000      378.0826     5087.6992
 3 150  13.457  50576.301  56.580   0.016   11.937  -10.000      378.1572     5088.7031
 5 150  13.457  50576.301  56.580   0.005   10.009  -10.000      378.1572     5088.7031
 3 150  13.457  50576.391  58.975   0.002   11.931  -10.000      378.1638     5088.7930
 5 150  13.457  50576.391  58.975   0.001   10.011  -10.000      378.1638     5088.7930
 3 150  13.457  50577.391  85.726   0.038   12.009  -10.000      378.2381     5089.7930
 5 150  13.457  50577.391  85.726   0.042   10.104  -10.000      378.2381     5089.7930
 3 150  13.457  50578.281 109.556   0.020   11.937  -10.000      378.3043     5090.6836
 5 150  13.457  50578.281 109.556  -0.011   10.040  -10.000      378.3043     5090.6836
 3 150  13.457  50578.324 110.709   0.018   11.930  -10.000      378.3075     5090.7266
 5 150  13.457  50578.324 110.709  -0.005   10.044  -10.000      378.3075     5090.7266
 3 150  13.457  50579.414 139.867   0.054   11.803  -10.000      378.3885     5091.8164
 5 150  13.457  50579.414 139.867  -0.015    9.960  -10.000      378.3885     5091.8164
 3 150  13.457  50580.312 163.905  -0.014   11.699  -10.000      378.4553     5092.7148
 5 150  13.457  50580.312 163.905  -0.047    9.916  -10.000      378.4553     5092.7148
 3 150  13.457  50580.379 165.674  -0.040   11.672  -10.000      378.4602     5092.7812
 5 150  13.457  50580.379 165.674  -0.063    9.900  -10.000      378.4602     5092.7812
 3 150  13.457  50582.332 217.925   0.133   11.340  -10.000      378.6053     5094.7344
 5 150  13.457  50582.332 217.925   0.067    9.687  -10.000      378.6053     5094.7344
 3 150  13.457  50582.398 219.705   0.115   11.327  -10.000      378.6103     5094.8008
 5 150  13.457  50582.398 219.705   0.065    9.687  -10.000      378.6103     5094.8008
 3 150  13.457  50583.312 244.160  -0.048   11.257  -10.000      378.6782     5095.7148
 5 150  13.457  50583.312 244.160  -0.054    9.604  -10.000      378.6782     5095.7148
 3 150  13.457  50583.395 246.357  -0.056   11.257  -10.000      378.6843     5095.7969
 5 150  13.457  50583.395 246.357  -0.058    9.602  -10.000      378.6843     5095.7969
 3 150  13.457  50584.301 270.593  -0.077   11.313  -10.000      378.7516     5096.7031
 5 150  13.457  50584.301 270.593  -0.055    9.627  -10.000      378.7516     5096.7031
 3 150  13.457  50584.379 272.692  -0.085   11.312  -10.000      378.7575     5096.7812
 5 150  13.457  50584.379 272.692  -0.064    9.620  -10.000      378.7575     5096.7812
11  43  13.457  48335.730 235.256   0.015    8.343  -10.000      211.6535     2848.1328
12  43  13.457  48335.730 235.256   0.007    7.804  -10.000      211.6535     2848.1328
13  43  13.457  48335.730 235.256  -0.018    7.584  -10.000      211.6535     2848.1328
11  43  13.457  48337.648 286.567  -0.012    8.289  -10.000      211.7960     2850.0508
12  43  13.457  48337.648 286.567  -0.010    7.724  -10.000      211.7960     2850.0508
13  43  13.457  48337.648 286.567  -0.028    7.500  -10.000      211.7960     2850.0508
11  43  13.457  48340.648   6.828   0.019    8.393  -10.000      212.0190     2853.0508
12  43  13.457  48340.648   6.828  -0.029    7.739  -10.000      212.0190     2853.0508
13  43  13.457  48340.648   6.828  -0.037    7.512  -10.000      212.0190     2853.0508
11  43  13.457  48341.691  34.728   0.031    8.468  -10.000      212.0965     2854.0938
12  43  13.457  48341.691  34.728  -0.026    7.796  -10.000      212.0965     2854.0938
13  43  13.457  48341.691  34.728  -0.041    7.559  -10.000      212.0965     2854.0938
11  43  13.457  48342.699  61.688   0.021    8.525  -10.000      212.1714     2855.1016
12  43  13.457  48342.699  61.688  -0.029    7.856  -10.000      212.1714     2855.1016
13  43  13.457  48342.699  61.688  -0.046    7.616  -10.000      212.1714     2855.1016
