 2  79  13.456  45676.527 255.111   0.166   13.055  -10.000       13.7086      184.4688
 3  79  13.456  45676.527 255.111   0.092   11.844  -10.000       13.7086      184.4688
 4  79  13.456  45676.527 255.111   0.091   11.119  -10.000       13.7086      184.4688
 2  79  13.456  45687.477 188.037   0.103   13.239  -10.000       14.5223      195.4180
 3  79  13.456  45687.477 188.037  -0.011   11.971  -10.000       14.5223      195.4180
 4  79  13.456  45687.477 188.037  -0.104   11.147  -10.000       14.5223      195.4180
 2  79  13.456  45692.395 319.608   0.024   13.384  -10.000       14.8878      200.3359
 3  79  13.456  45692.395 319.608   0.009   12.026  -10.000       14.8878      200.3359
 4  79  13.456  45692.395 319.608   0.024   11.231  -10.000       14.8878      200.3359
 2  79  13.456  45693.402 346.570   0.025   13.570  -10.000       14.9627      201.3438
 3  79  13.456  45693.402 346.570  -0.026   12.112  -10.000       14.9627      201.3438
 4  79  13.456  45693.402 346.570  -0.020   11.282  -10.000       14.9627      201.3438
 2  79  13.456  45694.414  13.637   0.005   13.739  -10.000       15.0379      202.3555
 3  79  13.456  45694.414  13.637   0.011   12.282  -10.000       15.0379      202.3555
 4  79  13.456  45694.414  13.637   0.024   11.435  -10.000       15.0379      202.3555
 2  79  13.456  45704.383 280.332   0.114   13.193  -10.000       15.7787      212.3242
 3  79  13.456  45704.383 280.332   0.042   11.895  -10.000       15.7787      212.3242
 4  79  13.456  45704.383 280.332   0.045   11.137  -10.000       15.7787      212.3242
 2  79  13.456  45705.367 306.667   0.091   13.361  -10.000       15.8519      213.3086
 3  79  13.456  45705.367 306.667   0.060   12.022  -10.000       15.8519      213.3086
 4  79  13.456  45705.367 306.667   0.045   11.212  -10.000       15.8519      213.3086
 1  79  13.456  45706.359 333.211  -0.015   14.479  -10.000       15.9256      214.3008
 2  79  13.456  45706.359 333.211   0.063   13.518  -10.000       15.9256      214.3008
 3  79  13.456  45706.359 333.211   0.023   12.101  -10.000       15.9256      214.3008
 4  79  13.456  45706.359 333.211   0.006   11.260  -10.000       15.9256      214.3008
 2  79  13.456  49803.695 149.656   0.035   13.529  -10.000      320.4157     4311.6367
 3  79  13.456  49803.695 149.656   0.006   12.232  -10.000      320.4157     4311.6367
 4  79  13.456  49803.695 149.656   0.027   11.474  -10.000      320.4157     4311.6367
 5  79  13.456  49803.695 149.656  -0.031   10.688  -10.000      320.4157     4311.6367
 2  79  13.456  49804.707 176.726   0.069   13.461  -10.000      320.4909     4312.6484
 3  79  13.456  49804.707 176.726   0.006   12.167  -10.000      320.4909     4312.6484
 4  79  13.456  49804.707 176.726   0.034   11.433  -10.000      320.4909     4312.6484
 5  79  13.456  49804.707 176.726  -0.025   10.660  -10.000      320.4909     4312.6484
 2  79  13.456  49805.684 202.852   0.059   12.737  -10.000      320.5635     4313.6250
 3  79  13.456  49805.684 202.852   0.028   11.685  -10.000      320.5635     4313.6250
 4  79  13.456  49805.684 202.852   0.061   11.043  -10.000      320.5635     4313.6250
 5  79  13.456  49805.684 202.852  -0.011   10.337  -10.000      320.5635     4313.6250
 2  79  13.456  49806.703 230.131   0.000   12.683  -10.000      320.6393     4314.6445
 3  79  13.456  49806.703 230.131   0.046   11.687  -10.000      320.6393     4314.6445
 4  79  13.456  49806.703 230.131   0.133   11.090  -10.000      320.6393     4314.6445
 5  79  13.456  49806.703 230.131   0.094   10.410  -10.000      320.6393     4314.6445
 2  79  13.456  49807.684 256.355   0.082   12.980  -10.000      320.7121     4315.6250
 3  79  13.456  49807.684 256.355   0.068   11.824  -10.000      320.7121     4315.6250
 4  79  13.456  49807.684 256.355   0.075   11.106  -10.000      320.7121     4315.6250
 5  79  13.456  49807.684 256.355   0.002   10.353  -10.000      320.7121     4315.6250
 2  79  13.456  49808.691 283.326   0.057   13.158  -10.000      320.7870     4316.6328
 3  79  13.456  49808.691 283.326   0.034   11.899  -10.000      320.7870     4316.6328
 4  79  13.456  49808.691 283.326   0.040   11.140  -10.000      320.7870     4316.6328
 5  79  13.456  49808.691 283.326   0.000   10.384  -10.000      320.7870     4316.6328
 2  79  13.456  49809.633 308.507  -0.003   13.280  -10.000      320.8570     4317.5742
 3  79  13.456  49809.633 308.507  -0.009   11.961  -10.000      320.8570     4317.5742
 4  79  13.456  49809.633 308.507   0.040   11.212  -10.000      320.8570     4317.5742
 5  79  13.456  49809.633 308.507  -0.011   10.416  -10.000      320.8570     4317.5742
 2  79  13.456  49810.668 336.204  -0.027   13.449  -10.000      320.9339     4318.6094
 3  79  13.456  49810.668 336.204   0.006   12.098  -10.000      320.9339     4318.6094
 4  79  13.456  49810.668 336.204   0.019   11.284  -10.000      320.9339     4318.6094
 5  79  13.456  49810.668 336.204  -0.007   10.485  -10.000      320.9339     4318.6094
 2  79  13.456  49811.633   2.010  -0.022   13.632  -10.000      321.0056     4319.5742
 3  79  13.456  49811.633   2.010  -0.007   12.207  -10.000      321.0056     4319.5742
 4  79  13.456  49811.633   2.010   0.012   11.376  -10.000      321.0056     4319.5742
 5  79  13.456  49811.633   2.010  -0.022   10.548  -10.000      321.0056     4319.5742
 2  79  13.456  49812.652  29.290  -0.042   13.802  -10.000      321.0814     4320.5938
 3  79  13.456  49812.652  29.290  -0.035   12.318  -10.000      321.0814     4320.5938
 4  79  13.456  49812.652  29.290  -0.004   11.478  -10.000      321.0814     4320.5938
 5  79  13.456  49812.652  29.290  -0.038   10.631  -10.000      321.0814     4320.5938
 2  79  13.456  49813.664  56.360  -0.030   13.962  -10.000      321.1566     4321.6055
 3  79  13.456  49813.664  56.360   0.001   12.475  -10.000      321.1566     4321.6055
 4  79  13.456  49813.664  56.360   0.024   11.616  -10.000      321.1566     4321.6055
 5  79  13.456  49813.664  56.360  -0.005   10.763  -10.000      321.1566     4321.6055
 2  79  13.456  49814.672  83.320   0.006   14.049  -10.000      321.2314     4322.6133
 3  79  13.456  49814.672  83.320   0.007   12.543  -10.000      321.2314     4322.6133
 4  79  13.456  49814.672  83.320   0.029   11.686  -10.000      321.2314     4322.6133
 5  79  13.456  49814.672  83.320  -0.011   10.827  -10.000      321.2314     4322.6133
 2  79  13.456  49815.637 109.127   0.092   14.003  -10.000      321.3031     4323.5781
 3  79  13.456  49815.637 109.127   0.063   12.535  -10.000      321.3031     4323.5781
 4  79  13.456  49815.637 109.127   0.069   11.691  -10.000      321.3031     4323.5781
 5  79  13.456  49815.637 109.127   0.026   10.854  -10.000      321.3031     4323.5781
 2  79  13.456  49816.621 135.461   0.081   13.679  -10.000      321.3763     4324.5625
 3  79  13.456  49816.621 135.461   0.079   12.364  -10.000      321.3763     4324.5625
 4  79  13.456  49816.621 135.461   0.077   11.565  -10.000      321.3763     4324.5625
 5  79  13.456  49816.621 135.461   0.001   10.744  -10.000      321.3763     4324.5625
 2  79  13.456  49817.605 161.796   0.030   13.503  -10.000      321.4494     4325.5469
 3  79  13.456  49817.605 161.796   0.024   12.240  -10.000      321.4494     4325.5469
 4  79  13.456  49817.605 161.796   0.032   11.474  -10.000      321.4494     4325.5469
 5  79  13.456  49817.605 161.796  -0.027   10.691  -10.000      321.4494     4325.5469
 2  79  13.456  49818.605 188.558   0.194   13.314  -10.000      321.5238     4326.5469
 3  79  13.456  49818.605 188.558   0.137   12.108  -10.000      321.5238     4326.5469
 4  79  13.456  49818.605 188.558   0.126   11.368  -10.000      321.5238     4326.5469
 5  79  13.456  49818.605 188.558   0.048   10.607  -10.000      321.5238     4326.5469
 2  79  13.456  49819.590 214.893  -0.197   12.378  -10.000      321.5969     4327.5312
 3  79  13.456  49819.590 214.893  -0.141   11.437  -10.000      321.5969     4327.5312
 4  79  13.456  49819.590 214.893  -0.082   10.831  -10.000      321.5969     4327.5312
 5  79  13.456  49819.590 214.893  -0.124   10.164  -10.000      321.5969     4327.5312
 2  79  13.456  49821.590 268.396   0.051   13.039  -10.000      321.7455     4329.5312
 3  79  13.456  49821.590 268.396   0.050   11.854  -10.000      321.7455     4329.5312
 4  79  13.456  49821.590 268.396   0.070   11.130  -10.000      321.7455     4329.5312
 5  79  13.456  49821.590 268.396   0.017   10.381  -10.000      321.7455     4329.5312
 2  79  13.456  49822.594 295.258   0.036   13.224  -10.000      321.8202     4330.5352
 3  79  13.456  49822.594 295.258   0.014   11.928  -10.000      321.8202     4330.5352
 4  79  13.456  49822.594 295.258   0.049   11.182  -10.000      321.8202     4330.5352
 5  79  13.456  49822.594 295.258  -0.005   10.397  -10.000      321.8202     4330.5352
 2  79  13.456  49823.590 321.899   0.002   13.378  -10.000      321.8942     4331.5312
 3  79  13.456  49823.590 321.899   0.027   12.054  -10.000      321.8942     4331.5312
 4  79  13.456  49823.590 321.899   0.048   11.263  -10.000      321.8942     4331.5312
 5  79  13.456  49823.590 321.899   0.008   10.464  -10.000      321.8942     4331.5312
 2  79  13.456  49824.586 348.552  -0.060   13.498  -10.000      321.9682     4332.5273
 3  79  13.456  49824.586 348.552   0.011   12.158  -10.000      321.9682     4332.5273
 4  79  13.456  49824.586 348.552   0.028   11.337  -10.000      321.9682     4332.5273
 5  79  13.456  49824.586 348.552  -0.017   10.510  -10.000      321.9682     4332.5273
 2  79  13.456  49825.582  15.194  -0.010   13.734  -10.000      322.0422     4333.5234
 3  79  13.456  49825.582  15.194  -0.003   12.276  -10.000      322.0422     4333.5234
 4  79  13.456  49825.582  15.194   0.009   11.427  -10.000      322.0422     4333.5234
 5  79  13.456  49825.582  15.194  -0.023   10.591  -10.000      322.0422     4333.5234
 2  79  13.456  49826.602  42.473  -0.040   13.881  -10.000      322.1180     4334.5430
 3  79  13.456  49826.602  42.473   0.002   12.416  -10.000      322.1180     4334.5430
 4  79  13.456  49826.602  42.473   0.013   11.550  -10.000      322.1180     4334.5430
 5  79  13.456  49826.602  42.473  -0.018   10.699  -10.000      322.1180     4334.5430
 2  79  13.456  49827.586  68.807  -0.012   14.021  -10.000      322.1911     4335.5273
 3  79  13.456  49827.586  68.807   0.031   12.544  -10.000      322.1911     4335.5273
 4  79  13.456  49827.586  68.807   0.030   11.660  -10.000      322.1911     4335.5273
 5  79  13.456  49827.586  68.807  -0.011   10.795  -10.000      322.1911     4335.5273
23   4  13.456  40975.309 122.926  -0.042    5.585  -10.000     -335.6585    -4516.7500
24   4  13.456  40975.309 122.926  -0.046    7.008  -10.000     -335.6585    -4516.7500
23   4  13.456  40977.484 181.132  -0.115    5.235  -10.000     -335.4969    -4514.5742
24   4  13.456  40977.484 181.132  -0.079    6.493  -10.000     -335.4969    -4514.5742
23   4  13.456  40978.359 204.543  -0.247    4.617  -10.000     -335.4318    -4513.6992
24   4  13.456  40978.359 204.543  -0.252    5.595  -10.000     -335.4318    -4513.6992
23   4  13.456  40979.488 234.745  -0.015    4.882  -10.000     -335.3479    -4512.5703
24   4  13.456  40979.488 234.745   0.075    6.012  -10.000     -335.3479    -4512.5703
23   4  13.456  41001.359  99.866  -0.031    5.735  -10.000     -333.7226    -4490.6992
24   4  13.456  41001.359  99.866  -0.113    7.200  -10.000     -333.7226    -4490.6992
23   4  13.456  41002.457 129.232  -0.009    5.568  -10.000     -333.6410    -4489.6016
24   4  13.456  41002.457 129.232  -0.008    6.955  -10.000     -333.6410    -4489.6016
23   4  13.456  41008.367 287.347   0.000    5.125  -10.000     -333.2018    -4483.6914
24   4  13.456  41008.367 287.347   0.055    6.453  -10.000     -333.2018    -4483.6914
23   4  13.456  41009.367 314.099  -0.020    5.220  -10.000     -333.1275    -4482.6914
24   4  13.456  41009.367 314.099   0.027    6.638  -10.000     -333.1275    -4482.6914
23   4  13.456  41011.289   5.515  -0.026    5.458  -10.000     -332.9847    -4480.7695
24   4  13.456  41011.289   5.515  -0.009    6.990  -10.000     -332.9847    -4480.7695
23   4  13.456  41042.305 115.280  -0.036    5.650  -10.000     -330.6798    -4449.7539
24   4  13.456  41042.305 115.280  -0.087    7.073  -10.000     -330.6798    -4449.7539
23   4  13.456  41043.273 141.196  -0.032    5.468  -10.000     -330.6078    -4448.7852
24   4  13.456  41043.273 141.196  -0.017    6.805  -10.000     -330.6078    -4448.7852
23   4  13.456  41057.258 155.314  -0.017    5.445  -10.000     -329.5686    -4434.8008
24   4  13.456  41057.258 155.314   0.028    6.777  -10.000     -329.5686    -4434.8008
23   4  13.456  41067.309  64.204  -0.034    5.722  -10.000     -328.8217    -4424.7500
24   4  13.456  41067.309  64.204  -0.069    7.293  -10.000     -328.8217    -4424.7500
23   4  13.456  41068.281  90.231  -0.033    5.757  -10.000     -328.7494    -4423.7773
24   4  13.456  41068.281  90.231  -0.053    7.312  -10.000     -328.7494    -4423.7773
23   4  13.456  41070.336 145.195   0.005    5.487  -10.000     -328.5967    -4421.7227
24   4  13.456  41070.336 145.195   0.034    6.825  -10.000     -328.5967    -4421.7227
23   4  13.456  41088.219 263.617   0.001    5.025  -10.000     -327.2677    -4403.8398
24   4  13.456  41088.219 263.617   0.065    6.262  -10.000     -327.2677    -4403.8398
23   4  13.456  41089.211 290.160  -0.004    5.132  -10.000     -327.1940    -4402.8477
24   4  13.456  41089.211 290.160   0.024    6.445  -10.000     -327.1940    -4402.8477
23   4  13.456  41090.246 317.856  -0.012    5.245  -10.000     -327.1171    -4401.8125
24   4  13.456  41090.246 317.856  -0.004    6.635  -10.000     -327.1171    -4401.8125
23   4  13.456  41092.238  11.151   0.011    5.523  -10.000     -326.9690    -4399.8203
24   4  13.456  41092.238  11.151  -0.011    7.030  -10.000     -326.9690    -4399.8203
23   4  13.456  41096.211 117.433  -0.048    5.623  -10.000     -326.6738    -4395.8477
24   4  13.456  41096.211 117.433  -0.046    7.085  -10.000     -326.6738    -4395.8477
23   4  13.456  41101.230 251.719   0.016    4.992  -10.000     -326.3008    -4390.8281
24   4  13.456  41101.230 251.719   0.116    6.212  -10.000     -326.3008    -4390.8281
23   4  13.456  41102.203 277.745  -0.006    5.077  -10.000     -326.2285    -4389.8555
24   4  13.456  41102.203 277.745   0.065    6.382  -10.000     -326.2285    -4389.8555
23   4  13.456  41113.207 212.135  -0.213    4.597  -10.000     -325.4107    -4378.8516
24   4  13.456  41113.207 212.135  -0.194    5.577  -10.000     -325.4107    -4378.8516
23   4  13.456  41114.199 238.678   0.010    4.927  -10.000     -325.3370    -4377.8594
24   4  13.456  41114.199 238.678   0.109    6.085  -10.000     -325.3370    -4377.8594
23   4  13.456  41115.203 265.540   0.015    5.048  -10.000     -325.2624    -4376.8555
24   4  13.456  41115.203 265.540   0.102    6.315  -10.000     -325.2624    -4376.8555
23   4  13.456  41116.203 292.291   0.004    5.150  -10.000     -325.1881    -4375.8555
24   4  13.456  41116.203 292.291   0.010    6.447  -10.000     -325.1881    -4375.8555
23   4  13.456  41117.195 318.834  -0.033    5.227  -10.000     -325.1143    -4374.8633
24   4  13.456  41117.195 318.834  -0.031    6.615  -10.000     -325.1143    -4374.8633
23   4  13.456  41118.195 345.586  -0.014    5.370  -10.000     -325.0400    -4373.8633
24   4  13.456  41118.195 345.586  -0.050    6.797  -10.000     -325.0400    -4373.8633
23   4  13.456  41119.199  12.448   0.007    5.525  -10.000     -324.9654    -4372.8594
24   4  13.456  41119.199  12.448  -0.062    6.988  -10.000     -324.9654    -4372.8594
23   4  13.456  41120.195  39.089   0.015    5.670  -10.000     -324.8914    -4371.8633
24   4  13.456  41120.195  39.089  -0.036    7.202  -10.000     -324.8914    -4371.8633
23   4  13.456  41121.199  65.951  -0.014    5.747  -10.000     -324.8168    -4370.8594
24   4  13.456  41121.199  65.951  -0.052    7.315  -10.000     -324.8168    -4370.8594
23   4  13.456  41122.195  92.593  -0.052    5.735  -10.000     -324.7428    -4369.8633
24   4  13.456  41122.195  92.593  -0.114    7.242  -10.000     -324.7428    -4369.8633
23   4  13.456  41123.199 119.454  -0.052    5.602  -10.000     -324.6682    -4368.8594
24   4  13.456  41123.199 119.454  -0.109    6.995  -10.000     -324.6682    -4368.8594
 0 156  13.456  49373.801 168.651  -1.661  116.320    0.890      288.4685     3881.7422
 0 156  13.456  49375.664 218.496  -4.894  100.110    1.050      288.6069     3883.6055
 0 156  13.456  49376.801 248.906   7.586  101.270    1.210      288.6914     3884.7422
 0 156  13.456  49378.742 300.850   0.293  100.880    0.630      288.8357     3886.6836
 0 156  13.456  49380.793 355.715  -0.386  114.350    0.580      288.9881     3888.7344
 0 156  13.456  49391.652 286.238  -6.651   91.580    0.630      289.7951     3899.5938
 0 156  13.456  49392.656 313.088  -1.520  103.830    0.670      289.8697     3900.5977
 0 156  13.456  49393.590 338.071  -0.462  111.160    0.440      289.9391     3901.5312
 0 156  13.456  49656.691 176.847  -1.472  114.630    0.470      309.4912     4164.6328
 0 156  13.456  49799.539  38.463   2.468  126.800    0.520      320.1068     4307.4805
 0 156  13.456  49802.594 120.190   5.338  140.120    0.760      320.3339     4310.5352
 0  42  13.456  46870.664 161.974  -4.133  115.930    0.680      102.4499     1378.6055
 0  42  13.456  46871.574 186.323  -1.890  112.420    0.660      102.5176     1379.5156
 0  42  13.456  46873.637 241.501   9.597  103.100    0.700      102.6708     1381.5781
 0  42  13.456  46874.645 268.465   0.846   96.310    0.690      102.7457     1382.5859
 0  42  13.456  46875.602 294.068   1.566  100.860    0.630      102.8169     1383.5430
 0  42  13.456  46876.641 321.866   0.946  107.520    0.620      102.8941     1384.5820
 0  42  13.456  46926.461 214.714  -2.635  103.250    0.930      106.5964     1434.4023
 3 150  13.456  50808.531  32.135  -0.047   12.321  -10.000      395.0893     5316.4727
 5 150  13.456  50808.531  32.135  -0.043   10.637  -10.000      395.0893     5316.4727
 3 150  13.456  50809.414  55.756  -0.025   12.447  -10.000      395.1549     5317.3555
 5 150  13.456  50809.414  55.756  -0.022   10.744  -10.000      395.1549     5317.3555
 3 150  13.456  50809.539  59.106  -0.031   12.453  -10.000      395.1642     5317.4805
 5 150  13.456  50809.539  59.106  -0.028   10.749  -10.000      395.1642     5317.4805
 3 150  13.456  50809.586  60.359  -0.018   12.471  -10.000      395.1677     5317.5273
 5 150  13.456  50809.586  60.359  -0.007   10.774  -10.000      395.1677     5317.5273
 3 150  13.456  50810.414  82.507   0.016   12.551  -10.000      395.2292     5318.3555
 5 150  13.456  50810.414  82.507   0.007   10.843  -10.000      395.2292     5318.3555
 3 150  13.456  50810.516  85.232   0.023   12.560  -10.000      395.2368     5318.4570
 5 150  13.456  50810.516  85.232  -0.007   10.834  -10.000      395.2368     5318.4570
 3 150  13.456  50810.574  86.792   0.007   12.544  -10.000      395.2411     5318.5156
 5 150  13.456  50810.574  86.792   0.003   10.846  -10.000      395.2411     5318.5156
 3 150  13.456  50811.477 110.940   0.058   12.520  -10.000      395.3082     5319.4180
 5 150  13.456  50811.477 110.940   0.022   10.847  -10.000      395.3082     5319.4180
 3 150  13.456  50811.551 112.917   0.096   12.546  -10.000      395.3137     5319.4922
 5 150  13.456  50811.551 112.917   0.058   10.878  -10.000      395.3137     5319.4922
 3 150  13.456  50812.391 135.396   0.087   12.373  -10.000      395.3761     5320.3320
 5 150  13.456  50812.391 135.396   0.023   10.767  -10.000      395.3761     5320.3320
 3 150  13.456  50812.500 138.318   0.095   12.363  -10.000      395.3842     5320.4414
 5 150  13.456  50812.500 138.318   0.022   10.758  -10.000      395.3842     5320.4414
 3 150  13.456  50812.555 139.779   0.102   12.363  -10.000      395.3883     5320.4961
 5 150  13.456  50812.555 139.779   0.019   10.752  -10.000      395.3883     5320.4961
 3 150  13.456  50814.539 192.865   0.222   12.092  -10.000      395.5357     5322.4805
 5 150  13.456  50814.539 192.865   0.097   10.589  -10.000      395.5357     5322.4805
 3 150  13.456  50815.352 214.607  -0.146   11.432  -10.000      395.5961     5323.2930
 5 150  13.456  50815.352 214.607  -0.126   10.163  -10.000      395.5961     5323.2930
 3 150  13.456  50815.469 217.738  -0.168   11.416  -10.000      395.6048     5323.4102
 5 150  13.456  50815.469 217.738  -0.134   10.156  -10.000      395.6048     5323.4102
 3 150  13.456  50815.516 218.990  -0.175   11.414  -10.000      395.6083     5323.4570
 5 150  13.456  50815.516 218.990  -0.148   10.144  -10.000      395.6083     5323.4570
 3 150  13.456  50815.570 220.463  -0.197   11.397  -10.000      395.6124     5323.5117
 5 150  13.456  50815.570 220.463  -0.161   10.134  -10.000      395.6124     5323.5117
 3 150  13.456  50816.324 240.623  -0.064   11.627  -10.000      395.6684     5324.2656
 5 150  13.456  50816.324 240.623  -0.068   10.265  -10.000      395.6684     5324.2656
 3 150  13.456  50816.430 243.446  -0.043   11.661  -10.000      395.6762     5324.3711
 5 150  13.456  50816.430 243.446  -0.056   10.281  -10.000      395.6762     5324.3711
11  43  13.456  48337.512 164.702  -0.011    9.498  -10.000      211.4575     2845.4531
12  43  13.456  48337.512 164.702  -0.018    8.992  -10.000      211.4575     2845.4531
13  43  13.456  48337.512 164.702  -0.046    8.785  -10.000      211.4575     2845.4531
11  43  13.456  48340.512 244.962   0.018    9.229  -10.000      211.6805     2848.4531
12  43  13.456  48340.512 244.962   0.019    8.769  -10.000      211.6805     2848.4531
13  43  13.456  48340.512 244.962  -0.001    8.581  -10.000      211.6805     2848.4531
11  43  13.456  48341.590 273.801   0.039    9.228  -10.000      211.7606     2849.5312
12  43  13.456  48341.590 273.801   0.028    8.731  -10.000      211.7606     2849.5312
13  43  13.456  48341.590 273.801   0.007    8.534  -10.000      211.7606     2849.5312
11  43  13.456  48342.570 300.031   0.026    9.209  -10.000      211.8334     2850.5117
12  43  13.456  48342.570 300.031   0.008    8.685  -10.000      211.8334     2850.5117
13  43  13.456  48342.570 300.031  -0.008    8.487  -10.000      211.8334     2850.5117
