 2  79  17.142  44825.309 194.476   0.168   14.122  -10.000      -37.4598     -642.1406
 3  79  17.142  44825.309 194.476   0.091   11.958  -10.000      -37.4598     -642.1406
 3  79  17.142  44827.203 234.263  -0.066   11.791  -10.000      -37.3493     -640.2461
 2  79  17.142  44829.207 276.346  -0.037   14.256  -10.000      -37.2324     -638.2422
 3  79  17.142  44829.207 276.346  -0.025   11.989  -10.000      -37.2324     -638.2422
 2  79  17.142  44831.211 318.430   0.118   14.695  -10.000      -37.1155     -636.2383
 3  79  17.142  44831.211 318.430   0.055   12.236  -10.000      -37.1155     -636.2383
 2  79  17.142  44832.203 339.267   0.019   14.727  -10.000      -37.0576     -635.2461
 3  79  17.142  44832.203 339.267   0.021   12.287  -10.000      -37.0576     -635.2461
 2  79  17.142  44833.188 359.940   0.007   14.849  -10.000      -37.0002     -634.2617
 3  79  17.142  44833.188 359.940   0.053   12.411  -10.000      -37.0002     -634.2617
 2  79  17.142  44836.273  64.747  -0.006   15.160  -10.000      -36.8201     -631.1758
 3  79  17.142  44836.273  64.747   0.061   12.673  -10.000      -36.8201     -631.1758
 2  79  17.142  44840.238 148.012   0.089   14.863  -10.000      -36.5889     -627.2109
 3  79  17.142  44840.238 148.012   0.039   12.463  -10.000      -36.5889     -627.2109
 2  79  17.142  44841.215 168.521  -0.036   14.655  -10.000      -36.5319     -626.2344
 3  79  17.142  44841.215 168.521  -0.009   12.371  -10.000      -36.5319     -626.2344
 2  79  17.142  44844.188 230.949  -0.026   13.949  -10.000      -36.3585     -623.2617
 3  79  17.142  44844.188 230.949  -0.059   11.787  -10.000      -36.3585     -623.2617
 2  79  17.142  44845.184 251.868  -0.068   14.055  -10.000      -36.3004     -622.2656
 3  79  17.142  44845.184 251.868  -0.036   11.886  -10.000      -36.3004     -622.2656
 2  79  17.142  44846.211 273.443  -0.034   14.240  -10.000      -36.2404     -621.2383
 3  79  17.142  44846.211 273.443  -0.013   11.991  -10.000      -36.2404     -621.2383
 2  79  17.142  44847.184 293.871  -0.016   14.396  -10.000      -36.1837     -620.2656
 3  79  17.142  44847.184 293.871   0.003   12.085  -10.000      -36.1837     -620.2656
 2  79  17.142  44848.184 314.871   0.008   14.561  -10.000      -36.1254     -619.2656
 3  79  17.142  44848.184 314.871   0.008   12.174  -10.000      -36.1254     -619.2656
 2  79  17.142  44849.207 336.364   0.029   14.719  -10.000      -36.0657     -618.2422
 3  79  17.142  44849.207 336.364   0.036   12.290  -10.000      -36.0657     -618.2422
 2  79  17.142  44850.191 357.036   0.015   14.838  -10.000      -36.0082     -617.2578
 3  79  17.142  44850.191 357.036   0.014   12.359  -10.000      -36.0082     -617.2578
 2  79  17.142  44851.184  17.873  -0.028   14.927  -10.000      -35.9504     -616.2656
 3  79  17.142  44851.184  17.873   0.019   12.458  -10.000      -35.9504     -616.2656
 2  79  17.142  44852.188  38.956  -0.051   15.017  -10.000      -35.8918     -615.2617
 3  79  17.142  44852.188  38.956   0.036   12.562  -10.000      -35.8918     -615.2617
 2  79  17.142  44853.195  60.121  -0.016   15.138  -10.000      -35.8330     -614.2539
 3  79  17.142  44853.195  60.121   0.022   12.622  -10.000      -35.8330     -614.2539
 2  79  17.142  44854.203  81.286  -0.087   15.097  -10.000      -35.7742     -613.2461
 3  79  17.142  44854.203  81.286   0.028   12.666  -10.000      -35.7742     -613.2461
 2  79  17.142  44855.148 101.139  -0.065   15.068  -10.000      -35.7191     -612.3008
 3  79  17.142  44855.148 101.139   0.009   12.632  -10.000      -35.7191     -612.3008
 2  79  17.142  44856.156 122.304  -0.059   14.908  -10.000      -35.6603     -611.2930
 3  79  17.142  44856.156 122.304  -0.014   12.518  -10.000      -35.6603     -611.2930
 2  79  17.142  44858.254 166.356  -0.016   14.701  -10.000      -35.5379     -609.1953
 3  79  17.142  44858.254 166.356   0.004   12.402  -10.000      -35.5379     -609.1953
 2  79  17.142  44880.172 266.653  -0.013   14.215  -10.000      -34.2593     -587.2773
 3  79  17.142  44880.172 266.653  -0.014   11.965  -10.000      -34.2593     -587.2773
 2  79  17.142  44881.160 287.408   0.043   14.411  -10.000      -34.2016     -586.2891
 3  79  17.142  44881.160 287.408   0.051   12.107  -10.000      -34.2016     -586.2891
 2  79  17.142  45173.320 303.031  -0.086   14.388  -10.000      -17.1582     -294.1289
 3  79  17.142  45173.320 303.031  -0.035   12.083  -10.000      -17.1582     -294.1289
 2  79  17.142  45175.344 345.526   0.021   14.768  -10.000      -17.0402     -292.1055
 3  79  17.142  45175.344 345.526   0.033   12.325  -10.000      -17.0402     -292.1055
 2  79  17.142  45178.320  48.036  -0.024   15.084  -10.000      -16.8666     -289.1289
 3  79  17.142  45178.320  48.036   0.009   12.568  -10.000      -16.8666     -289.1289
 2  79  17.142  45179.227  67.068  -0.042   15.129  -10.000      -16.8137     -288.2227
 3  79  17.142  45179.227  67.068   0.003   12.620  -10.000      -16.8137     -288.2227
 2  79  17.142  45180.242  88.397  -0.046   15.127  -10.000      -16.7545     -287.2070
 3  79  17.142  45180.242  88.397   0.006   12.643  -10.000      -16.7545     -287.2070
 2  79  17.142  45181.215 108.824  -0.031   15.056  -10.000      -16.6977     -286.2344
 3  79  17.142  45181.215 108.824  -0.006   12.593  -10.000      -16.6977     -286.2344
 2  79  17.142  45182.219 129.906  -0.013   14.889  -10.000      -16.6391     -285.2305
 3  79  17.142  45182.219 129.906  -0.022   12.473  -10.000      -16.6391     -285.2305
 2  79  17.142  45186.246 214.484  -0.006   13.878  -10.000      -16.4042     -281.2031
 3  79  17.142  45186.246 214.484  -0.040   11.764  -10.000      -16.4042     -281.2031
 2  79  17.142  45187.219 234.911  -0.064   13.937  -10.000      -16.3475     -280.2305
 3  79  17.142  45187.219 234.911  -0.046   11.813  -10.000      -16.3475     -280.2305
 2  79  17.142  45188.215 255.830  -0.021   14.130  -10.000      -16.2894     -279.2344
 3  79  17.142  45188.215 255.830   0.001   11.938  -10.000      -16.2894     -279.2344
 2  79  17.142  45189.273 278.061  -0.025   14.279  -10.000      -16.2276     -278.1758
 3  79  17.142  45189.273 278.061  -0.009   12.011  -10.000      -16.2276     -278.1758
 2  79  17.142  45190.266 298.898  -0.030   14.416  -10.000      -16.1697     -277.1836
 3  79  17.142  45190.266 298.898  -0.010   12.092  -10.000      -16.1697     -277.1836
 2  79  17.142  45191.258 319.735  -0.057   14.529  -10.000      -16.1118     -276.1914
 3  79  17.142  45191.258 319.735   0.006   12.193  -10.000      -16.1118     -276.1914
 2  79  17.142  45192.262 340.818   0.026   14.744  -10.000      -16.0533     -275.1875
 3  79  17.142  45192.262 340.818   0.040   12.312  -10.000      -16.0533     -275.1875
 2  79  17.142  45193.242   1.408  -0.031   14.821  -10.000      -15.9961     -274.2070
 3  79  17.142  45193.242   1.408   0.013   12.378  -10.000      -15.9961     -274.2070
 2  79  17.142  45194.238  22.327  -0.051   14.930  -10.000      -15.9380     -273.2109
 3  79  17.142  45194.238  22.327   0.036   12.495  -10.000      -15.9380     -273.2109
 2  79  17.142  45195.258  43.738  -0.010   15.080  -10.000      -15.8785     -272.1914
 3  79  17.142  45195.258  43.738   0.010   12.554  -10.000      -15.8785     -272.1914
 2  79  17.142  45198.258 106.741  -0.040   15.061  -10.000      -15.7035     -269.1914
 3  79  17.142  45198.258 106.741   0.013   12.620  -10.000      -15.7035     -269.1914
 2  79  17.142  45200.270 148.989  -0.037   14.734  -10.000      -15.5861     -267.1797
 3  79  17.142  45200.270 148.989  -0.020   12.403  -10.000      -15.5861     -267.1797
 2  79  17.142  45201.262 169.826  -0.011   14.660  -10.000      -15.5283     -266.1875
 3  79  17.142  45201.262 169.826   0.007   12.373  -10.000      -15.5283     -266.1875
 2  79  17.142  45646.121 152.268  -0.066   14.699  -10.000       10.4230      178.6719
 3  79  17.142  45646.121 152.268  -0.048   12.374  -10.000       10.4230      178.6719
 4  79  17.142  45646.121 152.268  -0.087   10.971  -10.000       10.4230      178.6719
 2  79  17.142  45648.102 193.860   0.089   14.056  -10.000       10.5385      180.6523
 3  79  17.142  45648.102 193.860   0.005   11.880  -10.000       10.5385      180.6523
 4  79  17.142  45648.102 193.860  -0.059   10.557  -10.000       10.5385      180.6523
 2  79  17.142  45650.113 236.108  -0.038   13.971  -10.000       10.6559      182.6641
 3  79  17.142  45650.113 236.108  -0.034   11.829  -10.000       10.6559      182.6641
 4  79  17.142  45650.113 236.108  -0.058   10.523  -10.000       10.6559      182.6641
 2  79  17.142  45665.090 190.629   0.101   14.146  -10.000       11.5295      197.6406
 3  79  17.142  45665.090 190.629   0.020   11.950  -10.000       11.5295      197.6406
 4  79  17.142  45665.090 190.629  -0.015   10.646  -10.000       11.5295      197.6406
 2  79  17.142  45864.367  55.631  -0.050   15.089  -10.000       23.1545      396.9180
 3  79  17.142  45864.367  55.631   0.015   12.601  -10.000       23.1545      396.9180
 4  79  17.142  45864.367  55.631   0.005   11.140  -10.000       23.1545      396.9180
 2  79  17.142  45866.387  98.043  -0.013   15.133  -10.000       23.2723      398.9375
 3  79  17.142  45866.387  98.043  -0.014   12.614  -10.000       23.2723      398.9375
 4  79  17.142  45866.387  98.043  -0.005   11.186  -10.000       23.2723      398.9375
 2  79  17.142  45867.367 118.633   0.015   15.016  -10.000       23.3295      399.9180
 3  79  17.142  45867.367 118.633   0.009   12.560  -10.000       23.3295      399.9180
 4  79  17.142  45867.367 118.633  -0.011   11.131  -10.000       23.3295      399.9180
 2  79  17.142  45868.344 139.142  -0.010   14.815  -10.000       23.3865      400.8945
 3  79  17.142  45868.344 139.142  -0.016   12.436  -10.000       23.3865      400.8945
 4  79  17.142  45868.344 139.142  -0.051   11.024  -10.000       23.3865      400.8945
 2  79  17.142  45869.363 160.553  -0.094   14.661  -10.000       23.4460      401.9141
 3  79  17.142  45869.363 160.553  -0.043   12.378  -10.000       23.4460      401.9141
 4  79  17.142  45869.363 160.553  -0.074   10.987  -10.000       23.4460      401.9141
 2  79  17.142  45870.328 180.816   0.030   14.405  -10.000       23.5023      402.8789
 3  79  17.142  45870.328 180.816   0.038   12.199  -10.000       23.5023      402.8789
 4  79  17.142  45870.328 180.816   0.017   10.868  -10.000       23.5023      402.8789
 2  79  17.142  45871.344 202.144   0.056   13.922  -10.000       23.5615      403.8945
 3  79  17.142  45871.344 202.144   0.013   11.815  -10.000       23.5615      403.8945
 4  79  17.142  45871.344 202.144  -0.022   10.532  -10.000       23.5615      403.8945
 2  79  17.142  45872.355 223.391  -0.062   13.869  -10.000       23.6205      404.9062
 3  79  17.142  45872.355 223.391  -0.068   11.758  -10.000       23.6205      404.9062
 4  79  17.142  45872.355 223.391  -0.086   10.475  -10.000       23.6205      404.9062
 2  79  17.142  45873.355 244.392  -0.048   14.020  -10.000       23.6789      405.9062
 3  79  17.142  45873.355 244.392  -0.034   11.859  -10.000       23.6789      405.9062
 4  79  17.142  45873.355 244.392  -0.064   10.534  -10.000       23.6789      405.9062
 2  79  17.142  45874.340 265.065  -0.011   14.206  -10.000       23.7363      406.8906
 3  79  17.142  45874.340 265.065   0.008   11.981  -10.000       23.7363      406.8906
 4  79  17.142  45874.340 265.065  -0.024   10.626  -10.000       23.7363      406.8906
 2  79  17.142  45875.328 285.820   0.002   14.359  -10.000       23.7939      407.8789
 3  79  17.142  45875.328 285.820  -0.004   12.046  -10.000       23.7939      407.8789
 4  79  17.142  45875.328 285.820  -0.026   10.675  -10.000       23.7939      407.8789
 2  79  17.142  45876.344 307.149   0.010   14.512  -10.000       23.8532      408.8945
 3  79  17.142  45876.344 307.149   0.010   12.145  -10.000       23.8532      408.8945
 4  79  17.142  45876.344 307.149  -0.001   10.760  -10.000       23.8532      408.8945
 2  79  17.142  45877.336 327.986   0.052   14.690  -10.000       23.9111      409.8867
 3  79  17.142  45877.336 327.986   0.050   12.270  -10.000       23.9111      409.8867
 4  79  17.142  45877.336 327.986   0.013   10.837  -10.000       23.9111      409.8867
 2  79  17.142  45878.332 348.904  -0.006   14.762  -10.000       23.9692      410.8828
 3  79  17.142  45878.332 348.904   0.026   12.332  -10.000       23.9692      410.8828
 4  79  17.142  45878.332 348.904   0.013   10.906  -10.000       23.9692      410.8828
 2  79  17.142  45879.324   9.741   0.024   14.927  -10.000       24.0271      411.8750
 3  79  17.142  45879.324   9.741   0.039   12.440  -10.000       24.0271      411.8750
 4  79  17.142  45879.324   9.741   0.017   10.988  -10.000       24.0271      411.8750
 2  79  17.142  45880.332  30.907  -0.055   14.972  -10.000       24.0859      412.8828
 3  79  17.142  45880.332  30.907  -0.013   12.481  -10.000       24.0859      412.8828
 4  79  17.142  45880.332  30.907  -0.015   11.036  -10.000       24.0859      412.8828
 2  79  17.142  45881.328  51.825  -0.123   15.001  -10.000       24.1440      413.8789
 3  79  17.142  45881.328  51.825   0.002   12.575  -10.000       24.1440      413.8789
 4  79  17.142  45881.328  51.825   0.010   11.132  -10.000       24.1440      413.8789
 2  79  17.142  45882.316  72.580  -0.040   15.141  -10.000       24.2016      414.8672
 3  79  17.142  45882.316  72.580   0.024   12.653  -10.000       24.2016      414.8672
 4  79  17.142  45882.316  72.580   0.017   11.195  -10.000       24.2016      414.8672
 2  79  17.142  45883.328  93.827   0.004   15.164  -10.000       24.2606      415.8789
 3  79  17.142  45883.328  93.827   0.020   12.653  -10.000       24.2606      415.8789
 4  79  17.142  45883.328  93.827   0.021   11.213  -10.000       24.2606      415.8789
 2  79  17.142  45886.332 156.912  -0.053   14.708  -10.000       24.4359      418.8828
 3  79  17.142  45886.332 156.912  -0.007   12.417  -10.000       24.4359      418.8828
 4  79  17.142  45886.332 156.912  -0.049   11.013  -10.000       24.4359      418.8828
 2  79  17.142  45887.316 177.584   0.038   14.521  -10.000       24.4933      419.8672
 3  79  17.142  45887.316 177.584  -0.022   12.214  -10.000       24.4933      419.8672
 4  79  17.142  45887.316 177.584  -0.018   10.894  -10.000       24.4933      419.8672
 2  79  17.142  47401.191 290.305   0.026   14.414  -10.000      112.8064     1933.7422
 3  79  17.142  47401.191 290.305   0.069   12.136  -10.000      112.8064     1933.7422
 4  79  17.142  47401.191 290.305   0.060   10.773  -10.000      112.8064     1933.7422
 2  79  17.142  47402.188 311.226   0.022   14.551  -10.000      112.8645     1934.7383
 3  79  17.142  47402.188 311.226   0.028   12.179  -10.000      112.8645     1934.7383
 4  79  17.142  47402.188 311.226   0.047   10.820  -10.000      112.8645     1934.7383
 2  79  17.142  47403.180 332.062  -0.001   14.663  -10.000      112.9224     1935.7305
 3  79  17.142  47403.180 332.062   0.065   12.301  -10.000      112.9224     1935.7305
 4  79  17.142  47403.180 332.062   0.085   10.922  -10.000      112.9224     1935.7305
 2  79  17.142  47404.164 352.735  -0.046   14.747  -10.000      112.9798     1936.7148
 3  79  17.142  47404.164 352.735   0.036   12.360  -10.000      112.9798     1936.7148
 4  79  17.142  47404.164 352.735   0.062   10.969  -10.000      112.9798     1936.7148
 2  79  17.142  47408.148  76.410  -0.037   15.148  -10.000      113.2122     1940.6992
 3  79  17.142  47408.148  76.410   0.052   12.687  -10.000      113.2122     1940.6992
 4  79  17.142  47408.148  76.410   0.064   11.248  -10.000      113.2122     1940.6992
 2  79  17.142  47409.164  97.740  -0.049   15.098  -10.000      113.2715     1941.7148
 3  79  17.142  47409.164  97.740  -0.002   12.627  -10.000      113.2715     1941.7148
 4  79  17.142  47409.164  97.740   0.009   11.201  -10.000      113.2715     1941.7148
 2  79  17.142  47410.172 118.905  -0.043   14.956  -10.000      113.3303     1942.7227
 3  79  17.142  47410.172 118.905   0.017   12.567  -10.000      113.3303     1942.7227
 4  79  17.142  47410.172 118.905   0.014   11.155  -10.000      113.3303     1942.7227
 2  79  17.142  47411.172 139.905  -0.021   14.798  -10.000      113.3886     1943.7227
 3  79  17.142  47411.172 139.905  -0.005   12.443  -10.000      113.3886     1943.7227
 4  79  17.142  47411.172 139.905  -0.025   11.048  -10.000      113.3886     1943.7227
 2  79  17.142  47412.180 161.071  -0.028   14.725  -10.000      113.4474     1944.7305
 3  79  17.142  47412.180 161.071  -0.002   12.418  -10.000      113.4474     1944.7305
 4  79  17.142  47412.180 161.071  -0.017   11.043  -10.000      113.4474     1944.7305
 2  79  17.142  47413.160 181.662   0.060   14.405  -10.000      113.5046     1945.7109
 3  79  17.142  47413.160 181.662   0.035   12.175  -10.000      113.5046     1945.7109
 4  79  17.142  47413.160 181.662   0.015   10.849  -10.000      113.5046     1945.7109
 2  79  17.142  47414.148 202.415   0.083   13.948  -10.000      113.5623     1946.6992
 3  79  17.142  47414.148 202.415   0.039   11.840  -10.000      113.5623     1946.6992
 4  79  17.142  47414.148 202.415   0.012   10.565  -10.000      113.5623     1946.6992
 2  79  17.142  47415.152 223.498  -0.053   13.879  -10.000      113.6208     1947.7031
 3  79  17.142  47415.152 223.498  -0.071   11.756  -10.000      113.6208     1947.7031
 4  79  17.142  47415.152 223.498  -0.052   10.510  -10.000      113.6208     1947.7031
 2  79  17.142  47416.145 244.336  -0.060   14.008  -10.000      113.6787     1948.6953
 3  79  17.142  47416.145 244.336  -0.024   11.868  -10.000      113.6787     1948.6953
 4  79  17.142  47416.145 244.336  -0.028   10.570  -10.000      113.6787     1948.6953
 2  79  17.142  47417.141 265.254  -0.048   14.170  -10.000      113.7368     1949.6914
 3  79  17.142  47417.141 265.254  -0.009   11.965  -10.000      113.7368     1949.6914
 4  79  17.142  47417.141 265.254  -0.017   10.634  -10.000      113.7368     1949.6914
 2  79  17.142  47418.145 286.337   0.037   14.397  -10.000      113.7954     1950.6953
 3  79  17.142  47418.145 286.337   0.024   12.076  -10.000      113.7954     1950.6953
 4  79  17.142  47418.145 286.337   0.045   10.747  -10.000      113.7954     1950.6953
 2  79  17.142  47419.137 307.175   0.010   14.512  -10.000      113.8533     1951.6875
 3  79  17.142  47419.137 307.175   0.045   12.180  -10.000      113.8533     1951.6875
 4  79  17.142  47419.137 307.175   0.051   10.812  -10.000      113.8533     1951.6875
 2  79  17.142  47420.141 328.258   0.011   14.651  -10.000      113.9118     1952.6914
 3  79  17.142  47420.141 328.258   0.031   12.252  -10.000      113.9118     1952.6914
 4  79  17.142  47420.141 328.258   0.048   10.873  -10.000      113.9118     1952.6914
 2  79  17.142  47421.133 349.093   0.005   14.774  -10.000      113.9697     1953.6836
 3  79  17.142  47421.133 349.093   0.047   12.354  -10.000      113.9697     1953.6836
 4  79  17.142  47421.133 349.093   0.058   10.952  -10.000      113.9697     1953.6836
 2  79  17.142  47422.141  10.258  -0.023   14.883  -10.000      114.0285     1954.6914
 3  79  17.142  47422.141  10.258   0.021   12.425  -10.000      114.0285     1954.6914
 4  79  17.142  47422.141  10.258   0.057   11.030  -10.000      114.0285     1954.6914
 2  79  17.142  47423.137  31.176  -0.054   14.974  -10.000      114.0866     1955.6875
 3  79  17.142  47423.137  31.176   0.022   12.517  -10.000      114.0866     1955.6875
 4  79  17.142  47423.137  31.176   0.060   11.112  -10.000      114.0866     1955.6875
 2  79  17.142  47424.137  52.177  -0.061   15.065  -10.000      114.1449     1956.6875
 3  79  17.142  47424.137  52.177   0.014   12.588  -10.000      114.1449     1956.6875
 4  79  17.142  47424.137  52.177   0.038   11.162  -10.000      114.1449     1956.6875
 2  79  17.142  47425.141  73.262  -0.095   15.087  -10.000      114.2035     1957.6914
 3  79  17.142  47425.141  73.262   0.018   12.648  -10.000      114.2035     1957.6914
 4  79  17.142  47425.141  73.262   0.052   11.231  -10.000      114.2035     1957.6914
 2  79  17.142  47427.145 115.345   0.060   15.092  -10.000      114.3204     1959.6953
 3  79  17.142  47427.145 115.345   0.050   12.618  -10.000      114.3204     1959.6953
 4  79  17.142  47427.145 115.345   0.047   11.201  -10.000      114.3204     1959.6953
 2  79  17.142  47428.133 136.099  -0.034   14.816  -10.000      114.3781     1960.6836
 3  79  17.142  47428.133 136.099   0.017   12.483  -10.000      114.3781     1960.6836
 4  79  17.142  47428.133 136.099   0.001   11.086  -10.000      114.3781     1960.6836
 2  79  17.142  47429.133 157.102   0.019   14.780  -10.000      114.4364     1961.6836
 3  79  17.142  47429.133 157.102   0.007   12.431  -10.000      114.4364     1961.6836
 4  79  17.142  47429.133 157.102  -0.007   11.055  -10.000      114.4364     1961.6836
 2  79  17.142  47430.121 177.855  -0.036   14.438  -10.000      114.4940     1962.6719
 3  79  17.142  47430.121 177.855   0.026   12.256  -10.000      114.4940     1962.6719
 4  79  17.142  47430.121 177.855   0.017   10.925  -10.000      114.4940     1962.6719
 2  79  17.142  47431.125 198.938   0.102   13.991  -10.000      114.5526     1963.6758
 3  79  17.142  47431.125 198.938   0.053   11.873  -10.000      114.5526     1963.6758
 4  79  17.142  47431.125 198.938   0.033   10.603  -10.000      114.5526     1963.6758
 2  79  17.142  47432.117 219.776  -0.037   13.875  -10.000      114.6105     1964.6680
 3  79  17.142  47432.117 219.776  -0.039   11.778  -10.000      114.6105     1964.6680
 4  79  17.142  47432.117 219.776  -0.049   10.508  -10.000      114.6105     1964.6680
 2  79  17.142  47433.113 240.694  -0.009   14.032  -10.000      114.6686     1965.6641
 3  79  17.142  47433.113 240.694  -0.002   11.877  -10.000      114.6686     1965.6641
 4  79  17.142  47433.113 240.694   0.002   10.592  -10.000      114.6686     1965.6641
 2  79  17.142  47434.121 261.859  -0.012   14.183  -10.000      114.7274     1966.6719
 3  79  17.142  47434.121 261.859   0.024   11.985  -10.000      114.7274     1966.6719
 4  79  17.142  47434.121 261.859   0.019   10.661  -10.000      114.7274     1966.6719
 0  55  17.142  45518.770 357.772   0.042  -45.290    1.270        2.9938       51.3203
 0  55  17.142  45880.742  39.520   1.589  -34.400    2.400       24.1098      413.2930
 0  55  17.142  45902.637 139.324   0.944  -28.880    3.190       25.3870      435.1875
 0  55  17.142  45908.754 267.791  -0.707  -66.110    1.470       25.7439      441.3047
 0  55  17.142  46293.625  70.426   0.749  -28.820    1.020       48.1956      826.1758
 0  55  17.142  46316.598 192.873  -0.942  -47.490    1.090       49.5358      849.1484
 3 150  17.142  50570.609 250.906  -0.029   11.889  -10.000      297.6970     5103.1602
 5 150  17.142  50570.609 250.906  -0.079    9.321  -10.000      297.6970     5103.1602
 3 150  17.142  50572.480 290.193  -0.007   12.060  -10.000      297.8061     5105.0312
 5 150  17.142  50572.480 290.193  -0.038    9.414  -10.000      297.8061     5105.0312
 3 150  17.142  50572.566 292.006  -0.011   12.063  -10.000      297.8111     5105.1172
 5 150  17.142  50572.566 292.006  -0.052    9.403  -10.000      297.8111     5105.1172
 3 150  17.142  50573.508 311.770  -0.019   12.135  -10.000      297.8660     5106.0586
 5 150  17.142  50573.508 311.770  -0.033    9.458  -10.000      297.8660     5106.0586
 3 150  17.142  50573.602 313.737  -0.008   12.154  -10.000      297.8715     5106.1523
 5 150  17.142  50573.602 313.737  -0.029    9.467  -10.000      297.8715     5106.1523
 3 150  17.142  50574.535 333.347  -0.001   12.241  -10.000      297.9260     5107.0859
 5 150  17.142  50574.535 333.347   0.001    9.540  -10.000      297.9260     5107.0859
 3 150  17.142  50574.594 334.578   0.008   12.255  -10.000      297.9294     5107.1445
 5 150  17.142  50574.594 334.578  -0.005    9.537  -10.000      297.9294     5107.1445
 3 150  17.142  50575.496 353.529   0.001   12.329  -10.000      297.9820     5108.0469
 5 150  17.142  50575.496 353.529   0.009    9.601  -10.000      297.9820     5108.0469
 3 150  17.142  50575.578 355.254   0.021   12.357  -10.000      297.9868     5108.1289
 5 150  17.142  50575.578 355.254   0.028    9.626  -10.000      297.9868     5108.1289
 3 150  17.142  50575.645 356.649   0.019   12.362  -10.000      297.9907     5108.1953
 5 150  17.142  50575.645 356.649   0.019    9.621  -10.000      297.9907     5108.1953
 3 150  17.142  50576.543  15.513  -0.009   12.419  -10.000      298.0431     5109.0938
 5 150  17.142  50576.543  15.513   0.014    9.674  -10.000      298.0431     5109.0938
 3 150  17.142  50576.621  17.150   0.016   12.452  -10.000      298.0476     5109.1719
 5 150  17.142  50576.621  17.150   0.020    9.685  -10.000      298.0476     5109.1719
 3 150  17.142  50577.551  36.683   0.001   12.518  -10.000      298.1019     5110.1016
 5 150  17.142  50577.551  36.683   0.016    9.743  -10.000      298.1019     5110.1016
 3 150  17.142  50577.605  37.826   0.014   12.536  -10.000      298.1051     5110.1562
 5 150  17.142  50577.605  37.826   0.021    9.751  -10.000      298.1051     5110.1562
 3 150  17.142  50577.648  38.727   0.002   12.527  -10.000      298.1076     5110.1992
 5 150  17.142  50577.648  38.727   0.028    9.761  -10.000      298.1076     5110.1992
 3 150  17.142  50578.527  57.184   0.000   12.591  -10.000      298.1588     5111.0781
 5 150  17.142  50578.527  57.184   0.020    9.810  -10.000      298.1588     5111.0781
 3 150  17.142  50578.594  58.579  -0.009   12.586  -10.000      298.1627     5111.1445
 5 150  17.142  50578.594  58.579   0.014    9.808  -10.000      298.1627     5111.1445
 3 150  17.142  50578.648  59.733  -0.012   12.587  -10.000      298.1659     5111.1992
 5 150  17.142  50578.648  59.733   0.000    9.797  -10.000      298.1659     5111.1992
 3 150  17.142  50579.574  79.167   0.020   12.657  -10.000      298.2199     5112.1250
 5 150  17.142  50579.574  79.167   0.035    9.875  -10.000      298.2199     5112.1250
 3 150  17.142  50580.473  98.042  -0.024   12.604  -10.000      298.2723     5113.0234
 5 150  17.142  50580.473  98.042  -0.010    9.846  -10.000      298.2723     5113.0234
 3 150  17.142  50580.582 100.338  -0.036   12.588  -10.000      298.2787     5113.1328
 5 150  17.142  50580.582 100.338  -0.031    9.825  -10.000      298.2787     5113.1328
 3 150  17.142  50580.633 101.404  -0.006   12.616  -10.000      298.2817     5113.1836
 5 150  17.142  50580.633 101.404  -0.017    9.839  -10.000      298.2817     5113.1836
 3 150  17.142  50582.562 141.932  -0.059   12.381  -10.000      298.3943     5115.1133
 5 150  17.142  50582.562 141.932  -0.076    9.714  -10.000      298.3943     5115.1133
 3 150  17.142  50582.613 142.998  -0.042   12.394  -10.000      298.3972     5115.1641
 5 150  17.142  50582.613 142.998  -0.055    9.733  -10.000      298.3972     5115.1641
 3 150  17.142  50582.660 143.976  -0.046   12.387  -10.000      298.3999     5115.2109
 5 150  17.142  50582.660 143.976  -0.076    9.711  -10.000      298.3999     5115.2109
 3 150  17.142  50583.555 162.762  -0.044   12.372  -10.000      298.4521     5116.1055
 5 150  17.142  50583.555 162.762  -0.078    9.715  -10.000      298.4521     5116.1055
 3 150  17.142  50583.613 163.993  -0.028   12.383  -10.000      298.4555     5116.1641
 5 150  17.142  50583.613 163.993  -0.071    9.719  -10.000      298.4555     5116.1641
 3 150  17.142  50584.547 183.604  -0.026   12.065  -10.000      298.5100     5117.0977
 5 150  17.142  50584.547 183.604  -0.074    9.511  -10.000      298.5100     5117.0977
 3 150  17.142  50584.602 184.746  -0.011   12.052  -10.000      298.5132     5117.1523
 5 150  17.142  50584.602 184.746  -0.073    9.493  -10.000      298.5132     5117.1523
 3 150  17.142  50584.652 185.823  -0.017   12.019  -10.000      298.5162     5117.2031
 5 150  17.142  50584.652 185.823  -0.066    9.483  -10.000      298.5162     5117.2031
 3   9  17.142  43701.738 358.500  -0.002   12.350  -10.000     -103.0042    -1765.7109
14   9  17.142  43701.738 358.500   0.065   16.020  -10.000     -103.0042    -1765.7109
15   9  17.142  43701.738 358.500   0.007   13.060  -10.000     -103.0042    -1765.7109
16   9  17.142  43701.738 358.500   0.031   11.020  -10.000     -103.0042    -1765.7109
17   9  17.142  43701.738 358.500   0.040    9.580  -10.000     -103.0042    -1765.7109
 3   9  17.142  43787.691   3.593  -0.044   12.330  -10.000      -97.9900    -1679.7578
14   9  17.142  43787.691   3.593  -0.003   15.990  -10.000      -97.9900    -1679.7578
15   9  17.142  43787.691   3.593  -0.028   13.050  -10.000      -97.9900    -1679.7578
16   9  17.142  43787.691   3.593   0.012   11.020  -10.000      -97.9900    -1679.7578
17   9  17.142  43787.691   3.593   0.025    9.580  -10.000      -97.9900    -1679.7578
 3   9  17.142  44027.871   7.578   0.018   12.410  -10.000      -83.9790    -1439.5781
14   9  17.142  44027.871   7.578   0.028   16.050  -10.000      -83.9790    -1439.5781
15   9  17.142  44027.871   7.578   0.033   13.130  -10.000      -83.9790    -1439.5781
16   9  17.142  44027.871   7.578   0.038   11.060  -10.000      -83.9790    -1439.5781
17   9  17.142  44027.871   7.578   0.054    9.620  -10.000      -83.9790    -1439.5781
 3   9  17.142  43788.691  24.593   0.042   12.510  -10.000      -97.9317    -1678.7578
14   9  17.142  43788.691  24.593   0.106   16.250  -10.000      -97.9317    -1678.7578
15   9  17.142  43788.691  24.593   0.080   13.260  -10.000      -97.9317    -1678.7578
16   9  17.142  43788.691  24.593   0.084   11.170  -10.000      -97.9317    -1678.7578
17   9  17.142  43788.691  24.593   0.089    9.710  -10.000      -97.9317    -1678.7578
 3   9  17.142  44047.871  67.596  -0.059   12.560  -10.000      -82.8122    -1419.5781
14   9  17.142  44047.871  67.596   0.268   16.610  -10.000      -82.8122    -1419.5781
15   9  17.142  44047.871  67.596  -0.037   13.300  -10.000      -82.8122    -1419.5781
16   9  17.142  44047.871  67.596  -0.004   11.220  -10.000      -82.8122    -1419.5781
17   9  17.142  44047.871  67.596   0.022    9.770  -10.000      -82.8122    -1419.5781
 3   9  17.142  44049.871 109.600  -0.006   12.590  -10.000      -82.6956    -1417.5781
14   9  17.142  44049.871 109.600   0.185   16.390  -10.000      -82.6956    -1417.5781
15   9  17.142  44049.871 109.600   0.012   13.310  -10.000      -82.6956    -1417.5781
16   9  17.142  44049.871 109.600   0.018   11.250  -10.000      -82.6956    -1417.5781
17   9  17.142  44049.871 109.600   0.049    9.830  -10.000      -82.6956    -1417.5781
 3   9  17.142  44052.852 172.191  -0.016   12.320  -10.000      -82.5217    -1414.5977
14   9  17.142  44052.852 172.191  -0.025   15.600  -10.000      -82.5217    -1414.5977
15   9  17.142  44052.852 172.191   0.007   13.000  -10.000      -82.5217    -1414.5977
16   9  17.142  44052.852 172.191   0.001   11.060  -10.000      -82.5217    -1414.5977
17   9  17.142  44052.852 172.191  -0.029    9.650  -10.000      -82.5217    -1414.5977
 3   9  17.142  43694.730 211.330   0.043   11.840  -10.000     -103.4130    -1772.7188
14   9  17.142  43694.730 211.330   0.003   14.730  -10.000     -103.4130    -1772.7188
15   9  17.142  43694.730 211.330   0.036   12.440  -10.000     -103.4130    -1772.7188
16   9  17.142  43694.730 211.330   0.031   10.650  -10.000     -103.4130    -1772.7188
17   9  17.142  43694.730 211.330  -0.009    9.310  -10.000     -103.4130    -1772.7188
