3 150 52622.5735  9.029 -10.000 577 HW_Car
5 150 52622.5735  7.976 -10.000 577 HW_Car
3 150 52626.4510  9.185 -10.000 577 HW_Car
5 150 52626.4510  8.033 -10.000 577 HW_Car
3 150 52627.4396  9.279 -10.000 577 HW_Car
5 150 52627.4396  8.134 -10.000 577 HW_Car
3 150 52627.5635  9.316 -10.000 577 HW_Car
5 150 52627.5635  8.135 -10.000 577 HW_Car
3 150 52633.4346  8.948 -10.000 577 HW_Car
3 150 52635.4284  9.175 -10.000 577 HW_Car
5 150 52635.4284  8.041 -10.000 577 HW_Car
3 150 52636.5160  9.288 -10.000 577 HW_Car
5 150 52636.5160  8.131 -10.000 577 HW_Car
3 150 52649.3735  9.078 -10.000 577 HW_Car
5 150 52649.3735  8.008 -10.000 577 HW_Car
3 150 52649.4611  9.075 -10.000 577 HW_Car
5 150 52649.4611  8.013 -10.000 577 HW_Car
3 150 52649.5536  9.053 -10.000 577 HW_Car
5 150 52649.5536  7.992 -10.000 577 HW_Car
3 150 52650.5373  9.009 -10.000 577 HW_Car
5 150 52650.5373  7.967 -10.000 577 HW_Car
3 150 52650.5849  9.003 -10.000 577 HW_Car
5 150 52650.5849  7.967 -10.000 577 HW_Car
3 150 52651.3604  8.976 -10.000 577 HW_Car
5 150 52651.3604  7.913 -10.000 577 HW_Car
3 150 52651.4420  8.983 -10.000 577 HW_Car
5 150 52651.4420  7.925 -10.000 577 HW_Car
3 150 52651.5339  8.979 -10.000 577 HW_Car
5 150 52651.5339  7.927 -10.000 577 HW_Car
3 150 52652.4216  9.011 -10.000 577 HW_Car
5 150 52652.4216  7.925 -10.000 577 HW_Car
3 150 52652.4871  9.013 -10.000 577 HW_Car
5 150 52652.4871  7.928 -10.000 577 HW_Car
3 150 52652.5184  9.014 -10.000 577 HW_Car
5 150 52652.5184  7.927 -10.000 577 HW_Car
3 150 52653.4256  9.103 -10.000 577 HW_Car
5 150 52653.4256  8.003 -10.000 577 HW_Car
3 150 52653.4634  9.101 -10.000 577 HW_Car
5 150 52653.4634  7.980 -10.000 577 HW_Car
3 150 52653.5278  9.154 -10.000 577 HW_Car
5 150 52653.5278  8.042 -10.000 577 HW_Car
3 150 52655.4338  9.328 -10.000 577 HW_Car
5 150 52655.4338  8.179 -10.000 577 HW_Car
3 150 52655.5066  9.302 -10.000 577 HW_Car
5 150 52655.5066  8.131 -10.000 577 HW_Car
3 150 52655.5544  9.303 -10.000 577 HW_Car
5 150 52655.5544  8.130 -10.000 577 HW_Car
3 150 52656.3651  9.288 -10.000 577 HW_Car
5 150 52656.3651  8.137 -10.000 577 HW_Car
3 150 52656.4550  9.298 -10.000 577 HW_Car
5 150 52656.4550  8.143 -10.000 577 HW_Car
3 150 52656.5272  9.278 -10.000 577 HW_Car
5 150 52656.5272  8.130 -10.000 577 HW_Car
3 150 52657.3652  9.185 -10.000 577 HW_Car
5 150 52657.3652  8.076 -10.000 577 HW_Car
3 150 52657.4509  9.176 -10.000 577 HW_Car
5 150 52657.4509  8.070 -10.000 577 HW_Car
3 150 52657.5100  9.178 -10.000 577 HW_Car
5 150 52657.5100  8.086 -10.000 577 HW_Car
3 150 52657.5401  9.169 -10.000 577 HW_Car
5 150 52657.5401  8.065 -10.000 577 HW_Car
3 150 52658.4482  9.082 -10.000 577 HW_Car
5 150 52658.4482  8.008 -10.000 577 HW_Car
3 150 52658.5624  9.073 -10.000 577 HW_Car
5 150 52658.5624  8.008 -10.000 577 HW_Car
3 150 52660.3915  8.962 -10.000 577 HW_Car
5 150 52660.3915  7.916 -10.000 577 HW_Car
3 150 52660.4826  8.970 -10.000 577 HW_Car
5 150 52660.4826  7.928 -10.000 577 HW_Car
3 150 52660.5399  8.977 -10.000 577 HW_Car
5 150 52660.5399  7.932 -10.000 577 HW_Car
3 150 52660.5833  8.976 -10.000 577 HW_Car
5 150 52660.5833  7.923 -10.000 577 HW_Car
3 150 52983.5514  9.050 -10.000 577 HW_Car
5 150 52983.5514  7.962 -10.000 577 HW_Car
3 150 52989.5195  9.130 -10.000 577 HW_Car
5 150 52989.5195  8.038 -10.000 577 HW_Car
3 150 52992.4735  9.037 -10.000 577 HW_Car
5 150 52992.4735  7.961 -10.000 577 HW_Car
3 150 52993.4284  9.093 -10.000 577 HW_Car
5 150 52993.4284  7.965 -10.000 577 HW_Car
3 150 52997.4489  9.260 -10.000 577 HW_Car
5 150 52997.4489  8.118 -10.000 577 HW_Car
3 150 52998.4760  9.180 -10.000 577 HW_Car
5 150 52998.4760  8.084 -10.000 577 HW_Car
3 150 53000.4516  9.029 -10.000 577 HW_Car
5 150 53000.4516  7.963 -10.000 577 HW_Car
3 150 53000.5221  9.048 -10.000 577 HW_Car
5 150 53000.5221  7.976 -10.000 577 HW_Car
3 150 53001.4316  8.998 -10.000 577 HW_Car
5 150 53001.4316  7.925 -10.000 577 HW_Car
3 150 53001.4975  8.994 -10.000 577 HW_Car
5 150 53001.4975  7.926 -10.000 577 HW_Car
3 150 53001.5393  9.013 -10.000 577 HW_Car
5 150 53001.5393  7.939 -10.000 577 HW_Car
3 150 53002.5323  9.075 -10.000 577 HW_Car
5 150 53002.5323  7.967 -10.000 577 HW_Car
3 150 53002.5809  9.079 -10.000 577 HW_Car
5 150 53002.5809  7.980 -10.000 577 HW_Car
3 150 53013.4370  9.283 -10.000 577 HW_Car
5 150 53013.4370  8.101 -10.000 577 HW_Car
3 150 53013.5202  9.289 -10.000 577 HW_Car
5 150 53013.5202  8.118 -10.000 577 HW_Car
3 150 53014.5419  9.370 -10.000 577 HW_Car
5 150 53014.5419  8.167 -10.000 577 HW_Car
3 150 53016.4535  9.195 -10.000 577 HW_Car
5 150 53016.4535  8.073 -10.000 577 HW_Car
3 150 53016.5154  9.171 -10.000 577 HW_Car
5 150 53016.5154  8.047 -10.000 577 HW_Car
3 150 53018.4879  9.054 -10.000 577 HW_Car
5 150 53018.4879  7.991 -10.000 577 HW_Car
3 150 53020.3703  9.042 -10.000 577 HW_Car
5 150 53020.3703  7.929 -10.000 577 HW_Car
3 150 53020.4651  9.044 -10.000 577 HW_Car
5 150 53020.4651  7.968 -10.000 577 HW_Car
3 150 53020.5538  9.050 -10.000 577 HW_Car
5 150 53020.5538  7.969 -10.000 577 HW_Car
3 150 53021.3490  9.132 -10.000 577 HW_Car
5 150 53021.3490  8.004 -10.000 577 HW_Car
3 150 53021.4765  9.145 -10.000 577 HW_Car
5 150 53021.4765  8.014 -10.000 577 HW_Car
3 150 53022.5084  9.259 -10.000 577 HW_Car
5 150 53022.5084  8.093 -10.000 577 HW_Car
3 150 53023.4503  9.340 -10.000 577 HW_Car
5 150 53023.4503  8.162 -10.000 577 HW_Car
3 150 53023.5251  9.343 -10.000 577 HW_Car
5 150 53023.5251  8.166 -10.000 577 HW_Car
3 150 53024.4421  9.359 -10.000 577 HW_Car
5 150 53024.4421  8.192 -10.000 577 HW_Car
3 150 50379.8226  8.986 -10.000 577 HW_Car
2 150 50379.8226  9.956 -10.000 577 HW_Car
5 150 50379.8226  7.933 -10.000 577 HW_Car
3 150 50380.8385  9.081 -10.000 577 HW_Car
2 150 50380.8385 10.095 -10.000 577 HW_Car
5 150 50380.8385  7.948 -10.000 577 HW_Car
3 150 50381.8124  9.177 -10.000 577 HW_Car
2 150 50381.8124 10.278 -10.000 577 HW_Car
5 150 50381.8124  8.024 -10.000 577 HW_Car
3 150 50383.8135  9.272 -10.000 577 HW_Car
2 150 50383.8135 10.379 -10.000 577 HW_Car
5 150 50383.8135  8.107 -10.000 577 HW_Car
3 150 50384.7967  9.217 -10.000 577 HW_Car
5 150 50384.7967  8.073 -10.000 577 HW_Car
3 150 50386.7936  9.040 -10.000 577 HW_Car
5 150 50386.7936  7.987 -10.000 577 HW_Car
3 150 50387.7979  8.971 -10.000 577 HW_Car
2 150 50387.7979  9.894 -10.000 577 HW_Car
5 150 50387.7979  7.914 -10.000 577 HW_Car
3 150 50388.7877  8.963 -10.000 577 HW_Car
2 150 50388.7877  9.923 -10.000 577 HW_Car
5 150 50388.7877  7.893 -10.000 577 HW_Car
3 150 50390.7922  9.127 -10.000 577 HW_Car
2 150 50390.7922 10.224 -10.000 577 HW_Car
5 150 50390.7922  7.988 -10.000 577 HW_Car
3 150 50391.7797  9.253 -10.000 577 HW_Car
5 150 50391.7797  8.083 -10.000 577 HW_Car
3 150 50392.7831  9.284 -10.000 577 HW_Car
2 150 50392.7831 10.419 -10.000 577 HW_Car
5 150 50392.7831  8.116 -10.000 577 HW_Car
3 150 50393.7845  9.241 -10.000 577 HW_Car
2 150 50393.7845 10.306 -10.000 577 HW_Car
5 150 50393.7845  8.079 -10.000 577 HW_Car
3 150 50394.7777  9.138 -10.000 577 HW_Car
2 150 50394.7777 10.116 -10.000 577 HW_Car
5 150 50394.7777  8.019 -10.000 577 HW_Car
3 150 50568.3704  9.279 -10.000 577 HW_Car
4 150 50568.3704  8.675 -10.000 577 HW_Car
5 150 50568.3704  8.112 -10.000 577 HW_Car
3 150 50570.3169  9.100 -10.000 577 HW_Car
4 150 50570.3169  8.547 -10.000 577 HW_Car
5 150 50570.3169  8.036 -10.000 577 HW_Car
3 150 50571.2940  9.036 -10.000 577 HW_Car
4 150 50571.2940  8.479 -10.000 577 HW_Car
5 150 50571.2940  7.970 -10.000 577 HW_Car
3 150 50572.2913  8.989 -10.000 577 HW_Car
4 150 50572.2913  8.438 -10.000 577 HW_Car
5 150 50572.2913  7.914 -10.000 577 HW_Car
3 150 50573.2945  9.002 -10.000 577 HW_Car
4 150 50573.2945  8.451 -10.000 577 HW_Car
5 150 50573.2945  7.926 -10.000 577 HW_Car
3 150 50574.4236  9.117 -10.000 577 HW_Car
4 150 50574.4236  8.540 -10.000 577 HW_Car
5 150 50574.4236  7.995 -10.000 577 HW_Car
3 150 50575.2903  9.217 -10.000 577 HW_Car
4 150 50575.2903  8.618 -10.000 577 HW_Car
5 150 50575.2903  8.052 -10.000 577 HW_Car
3 150 50575.3970  9.221 -10.000 577 HW_Car
4 150 50575.3970  8.622 -10.000 577 HW_Car
5 150 50575.3970  8.055 -10.000 577 HW_Car
3 150 50576.2952  9.310 -10.000 577 HW_Car
4 150 50576.2952  8.707 -10.000 577 HW_Car
5 150 50576.2952  8.120 -10.000 577 HW_Car
3 150 50576.3821  9.306 -10.000 577 HW_Car
4 150 50576.3821  8.690 -10.000 577 HW_Car
5 150 50576.3821  8.135 -10.000 577 HW_Car
3 150 50577.3851  9.335 -10.000 577 HW_Car
4 150 50577.3851  8.742 -10.000 577 HW_Car
5 150 50577.3851  8.186 -10.000 577 HW_Car
3 150 50578.2757  9.215 -10.000 577 HW_Car
4 150 50578.2757  8.622 -10.000 577 HW_Car
5 150 50578.2757  8.071 -10.000 577 HW_Car
3 150 50578.3173  9.208 -10.000 577 HW_Car
4 150 50578.3173  8.629 -10.000 577 HW_Car
5 150 50578.3173  8.073 -10.000 577 HW_Car
3 150 50580.3014  9.051 -10.000 577 HW_Car
4 150 50580.3014  8.511 -10.000 577 HW_Car
5 150 50580.3014  7.996 -10.000 577 HW_Car
3 150 50580.3745  9.023 -10.000 577 HW_Car
4 150 50580.3745  8.476 -10.000 577 HW_Car
5 150 50580.3745  7.957 -10.000 577 HW_Car
3 150 50582.3155  9.009 -10.000 577 HW_Car
4 150 50582.3155  8.460 -10.000 577 HW_Car
5 150 50582.3155  7.932 -10.000 577 HW_Car
3 150 50582.3877  9.002 -10.000 577 HW_Car
4 150 50582.3877  8.448 -10.000 577 HW_Car
5 150 50582.3877  7.929 -10.000 577 HW_Car
3 150 50583.3013  9.088 -10.000 577 HW_Car
4 150 50583.3013  8.516 -10.000 577 HW_Car
5 150 50583.3013  7.974 -10.000 577 HW_Car
3 150 50583.3863  9.099 -10.000 577 HW_Car
4 150 50583.3863  8.522 -10.000 577 HW_Car
5 150 50583.3863  7.980 -10.000 577 HW_Car
3 150 50584.2943  9.214 -10.000 577 HW_Car
4 150 50584.2943  8.614 -10.000 577 HW_Car
5 150 50584.2943  8.057 -10.000 577 HW_Car
3 150 50584.3653  9.216 -10.000 577 HW_Car
4 150 50584.3653  8.613 -10.000 577 HW_Car
5 150 50584.3653  8.052 -10.000 577 HW_Car
