T ANT     09 33 50.9 -36 36 57   9.76  8.89  DCEP:      5.89771
U AQL     19 29 21.4 -07 02 39   6.86  6.08  DCEP       7.02393
SZ AQL    19 04 39.4 +01 18 22   9.26  7.92  DCEP      17.137939
TT AQL    19 08 13.7 +01 17 55   7.70  6.46  DCEP      13.7546
BC AQL    19 17 24.2 -09 04 52  15.7  14.2   CEP        2.90513
EV AQL    19 06 46.2 +14 55 46  13.9  12.4   CEP       38.767
FF AQL    18 58 14.7 +17 21 39   5.68  5.18  DCEPS      4.470916
FM AQL    19 09 16.0 +10 33 09   8.66  7.89  DCEP       6.11423
FN AQL    19 12 47.3 +03 33 27   8.75  7.96  DCEPS      9.48151
KL AQL    20 01 09.8 +15 48 13  10.56  9.82  DCEP       6.108015
PP AQL    19 52 46.6 +12 40 09  13.4  11.6   DCEP      24.01
V336 AQL  19 01 19.7 +00 08 49  10.28  9.50  DCEP       7.303552
V493 AQL  18 57 24.3 -00 43 49  11.36 10.79  DCEP       2.987751
V496 AQL  19 08 20.8 -07 26 16   7.98  7.59  DCEPS      6.80703
V526 AQL  19 14 38.1 +06 28 58  15.1  13.4   CEP        4.2112
V572 AQL  20 02 32.7 +00 42 50  11.44 11.00  CWB        3.767697
V600 AQL  19 21 02.3 +08 30 59  10.40  9.73  DCEP       7.23845
V733 AQL  19 57 33.0 +11 02 37  10.16  9.73  DCEP       6.178748
V765 AQL  20 02 04.9 -03 02 31  12.40 12.23  DCEPS      5.727
V801 AQL  18 58 58.3 -06 30 45  16.3  14.4 : CWA       14.167
V916 AQL  19 10 00.4 +12 32 12  13.2  11.6   DCEP      13.44155
V979 AQL  19 32 07.2 +03 00 45  14.8  14.1   DCEP       2.36562
V1162AQL  19 52 21.0 -11 22 01   9.3   8.6   DCEPS      5.3761
V1344AQL  19 11 59.2 +04 21 17   8.00  7.65  DCEP       7.47803
V1359AQL  20 03 40.0 -03 22 39   9.02  8.83  DCEPS:     3.7317
V1496AQL  18 54 59.5 -00 04 36  13.4  12.5   DCEP:
ETA AQL   19 52 28.4 +01 00 20   4.39  3.48  DCEP       7.176641
DN ARA    17 20 26.5 -62 46 21  14.3  13.4   CEP:      82.
V340 ARA  16 45 19.1 -51 20 33  10.73  9.63  DCEP      20.8090
V341 ARA  16 57 41.5 -63 12 38  11.03 10.59  CWA:      11.95
Y AUR     05 28 39.2 +42 26 16   9.98  9.16  DCEP       3.859485
RT AUR    06 28 34.1 +30 29 35   5.82  5.00  DCEP       3.728115
RX AUR    05 01 23.2 +39 57 37   8.02  7.28  DCEP      11.623515
SY AUR    05 12 39.2 +42 49 54   9.38  8.75  DCEP      10.14452
YZ AUR    05 15 22.0 +40 04 41  10.93  9.94  DCEP      18.1929
AN AUR    04 59 41.5 +40 50 10  10.83 10.14  DCEP      10.2906
AO AUR    05 47 45.1 +32 00 53  11.30 10.38  DCEP       6.763006
AX AUR    05 46 50.8 +31 35 53  13.8  13.2   DCEP       3.04664
BK AUR    05 10 40.2 +49 41 15   9.90  9.12  DCEP       8.002431
CO AUR    06 00 28.5 +35 18 44   8.08  7.46  CEP(B)     1.7841
CY AUR    04 57 40.1 +46 05 33  13.9  12.6   DCEP      13.84765
ER AUR    05 13 10.0 +41 59 26  13.1  12.1   DCEP      15.69073
EW AUR    04 51 24.8 +38 11 19  15.0  13.6   DCEP       2.65956
FF AUR    04 55 18.1 +39 58 47  14.9  12.6   DCEP       2.12053
GT AUR    05 36 26.8 +44 35 29  13.5  12.2   CEP        4.404750
GV AUR    05 44 14.0 +37 35 12  13.9  12.5   CEP        5.25980
HR AUR    06 31 11.0 +30 56 16  13.3  12.0   CWB        1.627777
IN AUR    05 15 27.2 +37 22 21  15.2  14.7   DCEP       4.911100
V335 AUR  05 42 29.3 +37 38 46  12.7  11.7   DCEP       3.41325
RU CAM    07 21 44.1 +69 40 15   9.79  8.10  CWA       22.
RW CAM    03 54 21.8 +58 39 12   9.10  8.20  DCEP      16.41437
RX CAM    04 04 58.5 +58 39 35   8.07  7.30  DCEP       7.912024
TV CAM    04 07 32.8 +60 19 07  12.21 11.22  DCEP       5.29497
AB CAM    03 46 08.3 +58 47 03  12.34 11.35  DCEP       5.78764
AC CAM    03 23 47.9 +59 21 21  15.0  13.6   DCEP       4.156769
AD CAM    03 29 26.0 +60 26 48  14.7  12.9   DCEP      11.260991
AM CAM    03 36 20.2 +62 17 14  15.5  14.3   CEP        3.997197
CK CAM    05 06 31.6 +55 21 13   7.80  7.19  DCEP
TW CAP    20 14 28.4 -13 50 08  11.28  9.95  CWA       28.6101
VX CAP    21 06 22.4 -18 49 40  15.5  14.2   CWB        1.3275583
U CAR     10 57 48.2 -59 43 56   7.02  5.72  DCEP      38.7681
V CAR     08 28 43.7 -60 07 21   7.82  7.08  DCEP       6.69668
Y CAR     10 33 10.9 -58 29 55   8.48  7.53  DCEP(B)    3.639760
SX CAR    10 46 05.8 -57 32 51   9.47  8.66  DCEP       4.8600
UW CAR    10 26 50.9 -59 40 10   9.86  8.98  DCEP       5.345773
UX CAR    10 29 11.2 -57 36 48   8.67  7.81  DCEP       3.682246
UY CAR    10 32 04.4 -61 46 58   9.33  8.54  DCEP       5.543726
UZ CAR    10 36 17.8 -61 00 45   9.62  9.00  DCEP       5.20466
VY CAR    10 44 32.7 -57 33 55   8.05  6.87  DCEP      18.990
WW CAR    10 51 35.8 -59 23 06  10.11  9.35  DCEP       4.67681
WZ CAR    10 55 18.7 -60 56 24  10.01  8.65  DCEP      23.0132
XX CAR    10 57 09.2 -65 08 05   9.89  8.67  DCEP      15.71624
XZ CAR    11 04 13.5 -60 58 48   9.13  8.05  DCEP      16.6499
YZ CAR    10 28 16.8 -59 21 01   9.08  8.24  DCEP      18.1631
AQ CAR    10 21 23.0 -61 04 27   9.15  8.55  DCEP       9.76896
CC CAR    10 54 27.0 -61 20 49  12.83 11.71  DCEP       4.75995
CF CAR    10 59 05.1 -60 16 44  13.8  13.1   DCEP       5.4949
CN CAR    10 15 32.9 -58 10 28  11.00 10.24  DCEP       4.93261
CQ CAR    10 31 20.2 -59 58 49  14.9  14.3   DCEP       5.318934
CR CAR    10 32 54.0 -58 31 16  11.89 11.30  DCEP       9.76094
CS CAR    10 34 37.2 -58 01 23  13.9  13.0   DCEP       6.66234
CT CAR    10 36 55.8 -61 34 53  12.82 11.70  DCEP      18.0565
CY CAR    10 57 50.7 -60 44 32  10.05  9.44  DCEP       4.26593
DY CAR    10 52 32.8 -60 31 36  11.76 10.91  DCEP       4.67461
ER CAR    11 09 41.1 -58 50 16   7.13  6.58  DCEP       7.71855
EY CAR    10 42 23.0 -61 09 57  10.68 10.00  DCEP       2.87598
FF CAR    10 44 54.1 -58 17 53  14.2  13.2   DCEP      16.3285
FI CAR    10 51 01.8 -58 35 26  11.92 11.34  DCEP      13.4582
FK CAR    10 53 56.4 -59 57 53  14.4  13.    DCEP      23.254
FM CAR    11 00 25.1 -60 59 36  14.1  13.    DCEP       7.63861
FN CAR    11 01 14.4 -60 07 00  11.85 11.16  DCEP       4.58569
FO CAR    11 01 30.7 -62 17 27  11.11 10.51  DCEP      10.3568
FQ CAR    11 10 12.8 -60 50 51  14.0  12.8   DCEP      10.27399
FZ CAR    10 54 01.8 -59 11 59  12.12 11.72  DCEPS      3.57792
GH CAR    11 10 44.6 -60 45 01   9.35  9.00  DCEPS      5.72557
GI CAR    11 14 00.0 -57 54 39   8.47  8.10  DCEPS      4.43061
GS CAR    10 51 54.2 -61 28 02  14.1  12.8   DCEP       4.05515
GT CAR    10 59 26.1 -59 29 11  13.19 11.57  DCEP      13.1620
GX CAR    09 55 26.2 -58 25 47   9.77  8.94  DCEP       7.19673
GZ CAR    10 20 20.4 -59 22 36  10.47  9.98  DCEPS(B)   4.15901
HK CAR    11 03 45.2 -60 38 32  11.60 10.71  DCEP       6.69574
HQ CAR    10 20 32.0 -61 14 58  13.02 11.84  DCEP      14.0722
HS CAR    10 24 34.2 -59 32 09  13.9  12.7   DCEP       5.092090
HW CAR    10 39 20.3 -61 09 09   9.8   9.0   DCEP       9.2002
II CAR    10 48 49.1 -60 03 47  14.9  14.0   DCEP      64.24
IK CAR    10 48 57.6 -64 10 27  15.0  14.1   DCEP       5.10179
IM CAR    10 55 09.2 -60 32 52  13.8  12.9   DCEP       5.33625
IO CAR    10 56 26.2 -60 43 58  12.56 11.81  CEP       13.606
IP CAR    11 01 28.4 -64 17 27  15.   14.    DCEP       7.1225
IT CAR    11 12 10.1 -61 45 18   8.29  7.90  DCEP       7.53320
V382 CAR  11 08 35.4 -58 58 30   4.02  3.84  DCEP:
V397 CAR  10 00 03.7 -66 16 34   8.44  8.21  DCEPS
L CAR     09 45 14.8 -62 30 28   4.18  3.28  DCEP      35.53584
RS CAS    23 37 16.1 +62 25 44  10.36  9.53  DCEP       6.295983
RW CAS    01 37 14.0 +57 45 33   9.76  8.62  DCEP      14.7949
RY CAS    23 52 07.0 +58 44 30  10.39  9.38  DCEP      12.13726
SU CAS    02 51 58.8 +68 53 19   6.18  5.70  DCEPS      1.949319
SW CAS    23 07 10.1 +58 33 15  10.01  9.32  DCEP       5.440950
SY CAS    00 15 09.8 +58 25 27  10.24  9.40  DCEP       4.071098
SZ CAS    02 27 13.8 +59 27 38  10.02  9.60  DCEPS     13.63289
TU CAS    00 26 19.4 +51 16 49   8.18  6.88  CEP(B)     2.139298
UZ CAS    01 12 41.2 +61 12 48  11.73 10.93  DCEP       4.259459
VV CAS    01 51 07.0 +59 53 18  11.20 10.26  DCEP       6.207059
VW CAS    01 05 48.2 +61 45 18  11.07 10.36  DCEP       5.993859
XY CAS    00 49 53.3 +60 07 39  10.26  9.61  DCEP       4.501697
AP CAS    00 33 16.2 +62 54 26  11.87 11.25  DCEP       6.8470
AS CAS    00 25 37.8 +64 13 48  12.55 11.81  CEP(B)     3.02125
AW CAS    01 16 01.2 +61 37 15  14.3  13.2   DCEP       4.27833
AY CAS    01 39 00.0 +64 59 21  11.95 11.23  DCEP       2.871294
BF CAS    00 14 03.3 +60 59 11  14.1  13.1   DCEP       3.63029
BP CAS    01 15 01.1 +65 35 58  11.33 10.55  DCEP       6.272724
BV CAS    01 30 01.1 +62 17 03  14.3  12.8   DCEP       5.39964
BY CAS    01 47 11.9 +61 25 21  10.58 10.06  DCEPS      3.223316
CD CAS    23 45 02.6 +63 00 14  11.15 10.37  DCEP       7.80089
CE CAS    23 58 09.5 +61 12 49  11.15 10.63  DCEP       5.1410583
CF CAS    23 58 18.0 +61 13 16  11.47 10.80  DCEP       4.87522
CG CAS    00 00 59.2 +60 57 32  11.73 10.89  DCEP       4.36554
CH CAS    23 22 28.4 +62 45 26  11.45 10.37  DCEP      15.08619
CS CAS    23 50 14.2 +51 23 59  12.88 11.46  CWA       14.73602
CT CAS    00 20 03.0 +63 10 47  14.3  13.1   DCEP       3.81061
CY CAS    23 29 12.8 +63 22 27  12.21 11.07  DCEP      14.37686
CZ CAS    23 39 27.4 +62 22 20  12.11 11.30  DCEP       5.66438
DD CAS    23 57 35.0 +62 43 06  10.18  9.56  DCEP       9.812027
DF CAS    02 44 43.3 +61 27 53  11.13 10.53  DCEP       3.832472
DL CAS    00 29 58.6 +60 12 43   9.26  8.63  DCEP       8.000669
EX CAS    00 02 41.8 +61 51 40  14.4  13.5   DCEP       4.30530
FM CAS    00 14 28.2 +56 15 11   9.47  8.82  DCEP       5.809284
FO CAS    00 17 02.5 +60 48 10  16.0  15.1   DCEP       6.7988
FW CAS    00 36 44.5 +62 16 28  14.3  13.5   DCEP       6.23705
GL CAS    02 10 46.3 +59 15 13  14.4  13.4   DCEP       4.00789
GM CAS    02 26 56.7 +60 34 17  14.0  13.4   DCEP       7.4689
GO CAS    02 35 05.7 +59 23 03  15.8  14.9   DCEP       3.23904
HK CAS    00 57 20.1 +55 26 20  16.3  14.7   DCEP       2.499563
IO CAS    01 47 02.7 +59 36 23  15.4  14.4   DCEP       5.60392
KK CAS    23 49 56.0 +59 56 27  14.0  13.0   DCEP       8.191650
LT CAS    02 45 51.5 +63 18 16  14.7  13.1   DCEP       5.90488
NP CAS    00 23 57.6 +62 57 00  15.2  14.5   DCEP       6.170600
NY CAS    00 40 23.2 +58 37 07  13.9  13.3   DCEPS      2.8230921
OP CAS    00 46 29.9 +63 32 36  14.2  12.9   DCEP       5.5128
OZ CAS    01 14 19.6 +62 02 39  16.2  15.2   DCEP       5.0800
PW CAS    23 25 58.5 +61 16 01  14.8  14.0   DCEP       3.999927
V342 CAS  23 01 21.2 +57 52 02  13.5  12.4   DCEP       3.91989
V379 CAS  00 26 36.0 +60 47 53   9.23  8.88  DCEPS      4.30575
V395 CAS  02 10 29.2 +63 17 51  10.95 10.39  DCEP       4.037728
V407 CAS  23 54 24.6 +62 08 58  13.6  12.8   DCEP       4.5845526
V553 CAS  01 08 11.0 +62 16 12  15.5  14.2   INS:
V636 CAS  01 32 43.2 +63 35 38   7.26  7.09  DCEPS      8.377
V824 CAS  00 22 31.3 +63 01 59  11.36 11.03  DCEP
V CEN     14 32 33.1 -56 53 16   7.21  6.43  DCEP       5.493839
TX CEN    14 35 12.0 -60 59 52  11.14  9.85  DCEP      17.0936
UZ CEN    11 40 58.5 -62 41 33   9.12  8.30  CEP(B)     3.33434
VW CEN    13 33 59.0 -64 03 20  10.72  9.67  DCEP      15.03618
XX CEN    13 40 18.6 -57 36 47   8.31  7.30  DCEP      10.954348
AY CEN    11 25 05.8 -60 44 05   9.16  8.58  DCEP       5.30975
AZ CEN    11 25 13.0 -61 22 09   8.80  8.41  DCEPS      3.21068
BB CEN    11 53 33.5 -62 51 08  10.48  9.86  DCEPS      3.99766
BK CEN    11 49 16.0 -63 04 43  10.38  9.60  CEP(B)     3.173887
IU CEN    14 07 30.8 -56 41 55  14.3  12.9   CEP        3.31926
IZ CEN    11 41 19.6 -62 15 53  15.1  14.28  DCEP       5.8923
KK CEN    11 42 48.2 -58 59 36  11.94 10.84  DCEP      12.1803
KN CEN    13 36 36.9 -64 33 30  10.36  9.28  DCEP      34.0457
LV CEN    11 33 17.8 -63 14 33  14.7  13.3   DCEP       4.97513
MY CEN    13 11 04.5 -61 37 38  12.60 11.64  DCEP       3.71861
MZ CEN    13 14 01.8 -64 19 29  11.99 11.21  CEP       10.353
OO CEN    13 26 30.2 -63 09 45  12.47 11.62  DCEP      12.8805
QY CEN    14 08 17.2 -61 44 10  12.36 11.28  DCEP      17.7524
V339 CEN  14 21 48.5 -61 32 59   9.17  8.40  DCEP       9.4660
V378 CEN  13 18 58.3 -62 22 56   8.68  8.27  DCEPS      6.45930
V381 CEN  13 50 44.3 -57 34 50   8.01  7.32  CEP        5.07878
V419 CEN  11 30 54.4 -56 53 56   8.36  7.98  DCEPS      5.50691
V420 CEN  11 39 50.3 -47 57 51  10.60  9.37  CWA       24.7678
V496 CEN  13 03 10.7 -60 52 39  10.24  9.62  DCEP       4.42419
V553 CEN  14 46 33.6 -32 10 15   8.80  8.23  CWB        2.06051
V641 CEN  14 39 07.9 -59 50 09  10.86  9.96  DCEP      35.216
V659 CEN  13 31 33.4 -61 34 57   6.71  6.45  DCEP       5.62180
V686 CEN  11 31 37.5 -61 03 22  14.0  12.4   CEP       69.3
V737 CEN  14 37 12.0 -62 00 39   8.0   7.5   DCEP       7.06585
V898 CEN  11 11 20.4 -54 33 25   8.21  7.93  DCEPS:
AK CEP    22 28 50.1 +58 12 39  11.52 10.86  DCEP       7.23268
CN CEP    23 25 34.8 +64 47 25  14.5  13.6   DCEP       9.50250
CP CEP    21 57 52.7 +56 09 50  10.96 10.06  DCEP      17.8590
CR CEP    22 46 24.8 +59 26 32   9.83  9.43  DCEP       6.232964
DR CEP    20 49 05.6 +58 53 57  15.0  13.2   DCEP      19.06588
IR CEP    21 57 51.9 +61 01 08   7.98  7.58  DCEP       2.114124
IY CEP    22 07 35.5 +55 21 46  14.8  13.6   CEP        5.656906
KO CEP    22 10 58.4 +56 17 30  16.5  15.5   DCEP       4.55809
MU CEP    22 23 38.6 +57 40 51  14.1  12.7   CEP        3.767820
V351 CEP  22 33 41.4 +57 19 06   9.70  9.25  CWB        2.80591
DEL CEP   22 29 10.3 +58 24 55   4.37  3.48  DCEP       5.366341
AV CIR    14 50 30.3 -67 29 51   8.6   8.0   DCEP       3.0651
AX CIR    14 52 35.3 -63 48 35   6.09  5.65  DCEP       5.273268
BP CIR    14 46 42.0 -61 27 43   7.87  7.54  CEP        2.3984
RW CMA    07 13 11.7 -18 43 51  12.8  11.8   DCEP       5.729685
RY CMA    07 16 37.6 -11 29 14   8.45  7.71  DCEP       4.67825
RZ CMA    07 21 32.9 -16 41 14   9.97  9.36  DCEP       4.254832
SS CMA    07 26 07.2 -25 15 26  10.36  9.26  DCEP      12.361
TV CMA    07 09 15.4 -13 47 10  10.96 10.16  DCEP       4.67001
TW CMA    07 22 02.4 -14 19 05   9.93  9.28  DCEP       6.99507
VZ CMA    07 26 28.2 -25 55 36   9.60  9.15  DCEPS      3.12640
XZ CMA    07 00 24.8 -20 25 54  14.4  13.0   CEP        2.557705
AI CMA    07 16 40.3 -24 30 11  14.6  13.1   CEP        3.27513
AL CMA    07 21 45.2 -26 32 01  14.3  13.6   CEP        2.82549
AM CMA    07 22 48.0 -26 42 54  14.4  13.1   CEP        2.54554
AO CMA    07 24 40.6 -26 11 19  14.1  12.9   DCEP       5.81634
BC CMA    07 21 07.5 -21 30 39  14.6  13.8   CEP        4.17540
BY CMA    07 26 29.4 -27 55 30  14.4  13.0   CEP        3.184580
CN CMA    07 09 34.6 -18 33 48  15.1  14.1   CWB:       2.54612
CP CMA    07 14 54.4 -22 14 09  14.3  13.2   CEP        4.84569
DZ CMA    07 16 59.3 -15 18 26  13.5  12.6   DCEP       1.75434
VY CMI    07 56 05.3 +04 15 28  15.8  14.6   CEP:       6.460     :
AL CRA    18 15 11.5 -37 06 52  12.58 11.46  CWA       17.060
BE CRA    18 54 54.1 -40 23 16  14.9  13.57  CWB        3.33650
BQ CRA    18 37 01.4 -38 04 35  14.5  13.2   CWB        1.1276457
HQ CRA    18 11 53.7 -37 39 15  15.6  14.2   CWB        1.414950
KQ CRA    17 59 34.5 -39 35 07  12.91 11.92  CWA       30.864
QT CRA    18 09 12.4 -40 12 13  12.5  11.4   SRD:      79.145
V347 CRA  18 12 19.8 -39 14 22  13.18 12.20  CWA       15.3460
V449 CRA  18 57 17.7 -38 08 30  15.2  13.0   CWA       16.4943
R CRU     12 23 37.7 -61 37 45   7.23  6.40  DCEP       5.82575
S CRU     12 54 22.0 -58 25 50   6.92  6.22  DCEP       4.68997
T CRU     12 21 21.1 -62 16 54   6.83  6.32  DCEP       6.73331
X CRU     12 46 22.3 -59 07 29   8.70  8.10  DCEP       6.21997
SV CRU    11 57 53.7 -62 38 46  12.50 11.76  DCEP       7.00427
TY CRU    12 06 40.4 -62 35 49  14.29 13.77  DCEP       4.98851
VV CRU    12 23 31.9 -64 28 15  13.6  13.0   DCEP       6.12115
VW CRU    12 33 18.7 -63 30 23   9.94  9.32  DCEP       5.26522
VX CRU    12 34 23.5 -61 14 15  12.42 11.42  DCEP      12.2126
AD CRU    12 12 59.7 -62 05 49  11.45 10.64  DCEP       6.39789
AG CRU    12 41 26.0 -59 47 39   8.58  7.73  DCEP       3.83728
BG CRU    12 31 40.3 -59 25 26   5.58  5.34  DCEPS      3.3428
BX CRU    12 50 38.7 -63 04 34  12.66 12.20  DCEP      19.537
X CYG     20 43 24.2 +35 35 16   6.91  5.85  DCEP      16.386332
SU CYG    19 44 48.7 +29 15 53   7.22  6.44  DCEP       3.8455473
SZ CYG    20 32 54.3 +46 36 05   9.84  8.92  DCEP      15.10965
TX CYG    21 00 06.4 +42 35 51  10.02  8.59  DCEP      14.7098
VX CYG    20 57 20.8 +40 10 39  10.55  9.54  DCEP      20.133407
VY CYG    21 04 16.6 +39 58 20  10.02  9.19  DCEP       7.856982
VZ CYG    21 51 41.4 +43 08 03   9.28  8.60  DCEP       4.864453
BZ CYG    20 45 59.8 +45 18 25  10.53 10.00  DCEP      10.141932
CD CYG    20 04 26.6 +34 06 44   9.56  8.35  DCEP      17.073967
DT CYG    21 06 30.2 +31 11 05   5.96  5.57  DCEPS      2.499215
EP CYG    19 45 03.7 +31 19 51  13.12 12.31  DCEP       4.2889305
EU CYG    19 51 17.3 +32 40 32  14.38 13.68  CEP       14.991176
EX CYG    19 54 23.4 +31 13 37  13.43 12.64  DCEP       4.8507928
EZ CYG    19 57 49.0 +30 15 57  13.4  11.7   DCEP      11.659717
GH CYG    19 59 10.8 +29 27 03  10.33  9.50  DCEP       7.817930
GI CYG    19 59 33.7 +33 44 47  12.03 11.43  DCEP       5.782550
GL CYG    20 03 34.7 +39 09 34  14.04 13.28  CEP        3.370693
IU CYG    19 50 08.2 +34 09 57  14.08 12.95  CW:       31.31451
IY CYG    19 55 33.8 +31 45 50  13.89 12.49  CEP       21.75257
KX CYG    20 24 19.4 +40 33 40  15.0  13.2   DCEP      20.0467
MW CYG    20 12 22.8 +32 52 18   9.90  9.14  DCEP       5.954586
MZ CYG    21 21 54.7 +37 27 33  12.68 10.76  CWA:      21.314
QY CYG    19 58 51.5 +37 38 49  15.09 14.05  CWB:       3.89188
V343 CYG  20 04 04.5 +39 06 15  14.06 13.15  CWA       11.9275
V347 CYG  20 51 26.7 +46 07 16  14.7  13.7   DCEP       8.7362
V356 CYG  21 07 46.7 +46 44 14  14.2  13.1   DCEP       5.05761
V383 CYG  20 28 58.2 +34 08 06  11.14 10.60  CWB:       4.612211
V386 CYG  21 14 40.4 +41 42 59   9.97  9.25  DCEP       5.257606
V396 CYG  20 16 12.7 +42 06 32  14.6  12.6   DCEP      33.247
V402 CYG  20 09 07.8 +37 09 07  10.22  9.53  DCEP       4.364836
V438 CYG  20 18 54.3 +40 03 52  13.5  12.0   DCEP      11.211058
V459 CYG  21 10 54.4 +49 08 31  10.99 10.27  DCEP       7.25125
V492 CYG  20 11 13.6 +35 24 49  14.4  13.6   DCEP       7.58017
V495 CYG  20 15 58.3 +35 00 53  12.7  12.2   DCEP       6.72379
V514 CYG  20 46 12.5 +45 28 43  13.2  12.4   DCEP       5.09891
V520 CYG  20 54 57.5 +47 32 02  11.11 10.53  DCEP       4.049068
V532 CYG  21 20 32.9 +45 28 03   9.30  8.85  DCEPS      3.283612
V538 CYG  21 37 28.1 +51 45 45  10.73 10.20  DCEP       6.118961
V547 CYG  19 57 46.1 +35 38 10  13.84 12.88  DCEP       6.22541
V554 CYG  20 07 21.2 +40 10 41  15.7  14.6   DCEP       4.3278146
V609 CYG  21 26 56.0 +54 29 29  13.6  12.2   DCEP      31.072
V621 CYG  21 32 40.4 +49 12 45  14.0  12.3   DCEP       5.86400
V924 CYG  19 38 11.6 +32 29 22  10.85 10.56  DCEPS      5.571472
V1020CYG  19 59 09.1 +32 41 44  16.2  14.9   DCEP       4.919964
V1025CYG  20 00 46.4 +30 54 28  15.14 14.00  DCEP       6.96176
V1033CYG  20 05 20.7 +32 39 32  15.5  14.4   CEP        4.937512
V1046CYG  20 16 47.5 +36 33 00  15.1  14.2   CEP        4.9445
V1154CYG  19 48 15.5 +43 07 37   9.37  8.95  CEP        4.925537
V1334CYG  21 19 22.2 +38 14 15   5.96  5.77  DCEPS      3.332816
V1336CYG  21 23 48.5 +45 29 23  16.0  15.1   CEP:      31.77      :
V1364CYG  20 07 29.5 +35 20 47  17.0  14.8   DCEP      12.9764
V1467CYG  20 04 02.2 +32 27 03  16.8  15.1   DCEP      48.6
V1726CYG  21 29 38.9 +48 58 09   9.06  8.87  DCEPS      4.2359
V2201CYG  21 04 16.9 +49 44 40  14.5  13.4   DCEP
TX DEL    20 50 12.7 +03 39 08   9.54  8.84  CWB:       6.165907
BX DEL    20 21 19.0 +18 26 16  12.57 11.79  CWB:       1.0917795
BET DOR   05 33 37.5 -62 29 23   4.08  3.46  DCEP       9.8426
W GEM     06 34 57.5 +15 19 50   7.38  6.54  DCEP       7.913779
RZ GEM    06 02 36.6 +22 14 03  10.46  9.49  DCEP       5.529286
AA GEM    06 06 34.9 +26 19 45  10.11  9.36  DCEP      11.30235
DX GEM    06 33 54.6 +14 28 17  10.92 10.53  DCEPS      3.137486
DZETAGEM  07 04 06.5 +20 34 13   4.18  3.62  DCEP      10.15073
BB HER    18 45 54.1 +12 20 10  10.46  9.76  DCEP       7.507945
V LAC     22 48 38.0 +56 19 18   9.42  8.38  DCEP       4.983458
X LAC     22 49 03.2 +56 25 42   8.64  8.20  DCEPS      5.444990
Y LAC     22 09 02.9 +51 02 45   9.50  8.76  DCEP       4.323776
Z LAC     22 40 52.1 +56 49 46   8.93  7.88  DCEP      10.885613
RR LAC    22 41 26.5 +56 25 58   9.30  8.38  DCEP       6.416243
BG LAC    22 00 25.1 +43 26 43   9.18  8.51  DCEP       5.331908
DF LAC    22 21 16.9 +54 31 56  12.20 11.53  DCEP       4.47925
FQ LAC    22 54 37.7 +54 15 56  15.4  13.5   CEP:      11.2664
IT LAC    22 09 18.6 +51 24 20  16.1  15.1   DCEP       2.631567
FW LUP    15 22 25.4 -40 55 36   9.22  8.82  RR         0.4841712
GH LUP    15 24 38.3 -52 51 14   7.83  7.55  CEP        9.285
V473 LYR  19 15 59.5 +27 55 35   6.35  5.99  DCEPS:     1.49078
RR MIC    21 15 49.3 -43 11 40  11.86 11.01  CWA       31.52
T MON     06 25 13.0 +07 05 09   6.62  5.58  DCEP      27.024649
SV MON    06 21 26.3 +06 28 13   8.88  7.61  DCEP      15.232780
SZ MON    06 51 27.8 -01 22 16  10.75  9.66  RVA       32.685
TW MON    06 50 32.3 +00 00 24  14.4  13.6   CEP        7.0969
TX MON    06 50 52.3 -01 25 45  11.36 10.67  DCEP       8.701731
TY MON    06 56 39.8 +00 11 23  13.4  12.5   DCEP       4.0226946
TZ MON    06 58 00.9 -00 22 35  11.18 10.43  DCEP       7.42818
UY MON    06 58 50.3 +09 37 22   9.62  9.22  DCEPS      2.39813
VZ MON    06 31 14.5 +11 51 01  15.2  14.3   DCEP       5.0834
WW MON    06 33 37.2 +09 12 13  12.92 11.97  DCEP       4.66231
XX MON    06 52 12.2 -02 48 25  12.25 11.44  DCEP       5.456473
YY MON    06 54 11.4 -07 39 52  14.13 13.19  DCEP       3.45470
AA MON    06 57 23.7 -03 50 36  15.0  13.7   DCEP       3.938164
AC MON    07 00 59.8 -08 42 32  10.47  9.75  DCEP       8.01425
BE MON    06 40 05.6 +07 36 21  10.88 10.19  DCEP       2.705510
BV MON    06 56 51.1 +04 30 58  13.33 12.07  DCEP       3.0143
CS MON    06 32 10.9 +06 39 11  11.30 10.71  CEP        6.7317
CU MON    06 32 46.7 +00 02 35  13.95 13.20  DCEP       4.707873
CV MON    06 37 04.8 +03 03 50  10.70  9.90  DCEP       5.378898
EE MON    06 50 48.6 -07 58 50  14.4  13.1   DCEP       4.80896
EK MON    06 52 46.2 -02 27 30  11.42 10.77  DCEP       3.957941
FG MON    07 07 08.5 -07 47 42  14.8  13.5   DCEP       4.49659
FI MON    07 10 38.0 -07 07 22  14.4  13.1   DCEP       3.287822
FT MON    06 21 36.1 +04 04 25  13.13 12.03  DCEP       4.834225
V446 MON  06 43 17.4 +01 09 39  16.2  14.7   CEP        1.919459
V447 MON  06 44 16.0 +04 29 54  15.9  14.7   CEP        2.4838
V465 MON  07 08 09.3 -00 03 57  10.77 10.17  DCEP       2.713176
V484 MON  06 31 05.3 -02 08 48  15.3  14.2   CEP        3.135233
V495 MON  06 37 03.3 -02 49 27  14.0  13.0   DCEP       4.096583
V504 MON  06 44 43.9 -03 57 08  13.1  12.5   CEP        2.774050
V508 MON  06 47 09.4 +03 58 02  10.74 10.22  DCEP       4.133608
V510 MON  06 47 26.9 +02 31 01  12.94 12.35  DCEP       7.307175
V526 MON  07 01 53.6 -01 07 51   8.78  8.45  DCEPS      2.674985
V784 MON  06 52 24.0 +02 42 25  13.02 12.75  DCEPS
R MUS     12 42 05.0 -69 24 27   6.73  5.93  DCEP       7.510211
S MUS     12 12 47.0 -70 09 06   6.49  5.89  DCEP       9.66007
TZ MUS    11 50 56.5 -65 08 26  12.12 11.16  DCEP       4.944885
UX MUS    12 17 33.7 -65 45 14 <14.5  13.8   DCEP       7.14220
AS MUS    13 44 40.2 -68 28 35  16.2  14.0   CEP       26.425
EX MUS    13 47 25.0 -68 14 59  15.1  13.2   CEP        4.52478
S NOR     16 18 51.8 -57 53 59   6.77  6.12  DCEP       9.75411
RS NOR    16 05 10.0 -53 55 10  10.39  9.62  DCEP       6.19814
RV NOR    16 04 10.2 -56 04 48  13.8  12.2   CEP       32.333
SY NOR    15 54 42.8 -54 33 59   9.94  8.98  DCEP      12.6452
TW NOR    16 04 55.2 -51 57 13  12.22 11.17  DCEP      10.78618
AA NOR    15 49 26.2 -57 39 44  14.44 13.20  CEP       12.24982
GU NOR    16 14 54.7 -53 20 18  10.73 10.08  DCEP       3.452877
GZ NOR    16 31 54.2 -55 33 07  14.36 13.1   SR        35.942
II NOR    16 23 35.5 -53 55 14  16.   15.    CEP       23.559
IQ NOR    15 12 49.5 -54 45 19  10.11  9.47  DCEP       8.23862
QZ NOR    16 11 20.5 -54 21 15   9.03  8.71  DCEPS      3.786008
V340 NOR  16 13 17.4 -54 14 06   8.60  8.26  DCEP
Y OPH     17 52 38.7 -06 08 37   6.46  5.87  DCEPS     17.12413
BF OPH    17 06 05.5 -26 34 50   7.71  6.93  DCEP       4.06775
BH OPH    18 15 50.6 +12 05 44  12.48 11.60  CWA       11.05314
V477 OPH  17 59 08.2 +05 38 26  14.1  13.3   CWB        2.01566917
V478 OPH  17 59 39.0 +00 47 09  13.50 12.53  CWA       16.3500
V541 OPH  17 37 35.4 -23 49 05  15.6  14.0   CWA       29.533
V554 OPH  17 42 51.4 -21 30 12  13.83 12.63  CWA       14.8635
V775 OPH  17 32 40.4 +07 42 20  14.5  13.8   CWA       12.16
V833 OPH  17 50 17.6 +11 38 26  15.6  14.0   CWA       14.69
V2338OPH  18 05 28.9 +07 54 21  13.2  12.4   CWA:
RS ORI    06 22 13.2 +14 40 41   8.88  8.01  DCEP       7.566881
CR ORI    06 05 44.8 +13 14 23  12.58 11.99  DCEP       4.91075
CS ORI    06 07 25.5 +11 09 07  11.80 10.85  DCEP       3.88939
CU ORI    06 11 25.1 +11 48 00  14.4  13.5   DCEP       2.15993
CV ORI    06 12 22.0 +13 38 11  15.1  14.0   DCEP       3.55976
DF ORI    06 24 04.2 +11 42 32  14.8  13.8   DCEP       3.1807
GQ ORI    06 11 13.6 +09 36 45   9.36  8.66  DCEP       8.616068
V336 ORI  05 57 34.3 +19 49 12  16.3  15.2   DCEP       2.84363
V432 ORI  05 18 48.0 +13 59 12  13.3  12.1   DCEP       5.065635
NW PAV    18 13 34.6 -65 14 13  13.0  11.4   CWA       30.
KAPPAPAV  18 56 57.0 -67 14 01   4.78  3.91  CEP        9.09423
SV PER    04 49 47.9 +42 17 23   9.37  8.49  DCEP      11.129318
SX PER    04 17 06.1 +41 43 55  11.54 10.70  DCEP       4.289967
UX PER    02 13 07.5 +58 04 48  12.07 11.02  DCEP       4.565815
UY PER    02 34 31.3 +58 49 54  11.74 10.80  DCEP       5.365106
VX PER    02 07 48.5 +58 26 37   9.69  8.99  DCEP      10.88904
VY PER    02 27 35.4 +58 55 02  11.66 10.80  DCEP       5.531830
AS PER    04 19 46.9 +48 57 12  10.14  9.17  DCEP       4.972516
AW PER    04 47 46.3 +36 43 22   7.89  7.04  DCEP       6.463589
BM PER    04 29 39.4 +48 25 19  11.02  9.65  DCEP      22.9519
CI PER    02 05 02.2 +57 08 35  13.8  13.0   CEP:       3.3779
DW PER    02 33 52.6 +57 01 39  11.86 11.20  DCEP       3.649785
GP PER    04 23 19.2 +44 14 12  14.30 13.2   CEP        2.04160
HQ PER    04 43 57.9 +40 50 05  13.3  12.4   CEP        8.63793
HZ PER    04 25 37.3 +45 37 13  14.26 13.30  DCEP      11.279
MM PER    03 45 23.4 +48 05 01  13.0  12.0   DCEP       4.118415
OT PER    04 38 37.9 +47 44 24  13.98 12.97  DCEP      26.091
QQ PER    02 54 40.4 +51 49 29  15.1  14.1   CEP       11.19400
V440 PER  02 23 51.7 +55 21 54   6.32  6.18  DCEPS      7.570
X PUP     07 32 47.0 -20 54 35   9.24  7.82  DCEP      25.9610
RS PUP    08 13 04.2 -34 34 43   7.67  6.52  DCEP      41.3876
ST PUP    06 48 56.4 -37 16 33  10.68  9.28  CWA       19.        :
VW PUP    07 31 49.1 -20 08 59  11.75 11.00  DCEP       4.28537
VX PUP    07 32 36.6 -21 55 50   8.59  7.73  CEP(B)     3.01087
VZ PUP    07 38 35.2 -28 29 59  10.35  8.92  DCEP      23.1710
WW PUP    07 41 54.9 -21 07 59  11.03 10.03  DCEP       5.516724
WX PUP    07 41 59.0 -25 52 34   9.44  8.76  DCEP       8.937050
WY PUP    07 58 05.1 -24 02 30  10.96 10.18  DCEP       5.25080
WZ PUP    08 00 22.9 -23 42 11  10.76  9.85  DCEP       5.027286
AD PUP    07 48 03.9 -25 34 40  10.36  9.27  DCEP      13.5940
AP PUP    07 57 45.7 -40 07 24   7.78  7.02  DCEP       5.0843102
AQ PUP    07 58 22.1 -29 07 48   9.39  8.08  DCEP      30.104
AT PUP    08 12 22.4 -36 56 38   8.41  7.53  DCEP       6.6650
AX PUP    07 26 28.2 -25 55 36   9.6   9.15  DCEPS      3.12640
BC PUP    07 30 02.6 -23 40 27  15.2  14.2   DCEP       3.54434
BD PUP    07 30 38.7 -24 41 15  14.8  13.8   DCEP       3.91817
BM PUP    07 50 03.1 -28 15 19  11.27 10.43  DCEP       7.19853
BN PUP    08 06 21.5 -30 05 49  10.40  9.20  DCEP      13.6731
CE PUP    08 14 08.0 -42 34 05  13.6  12.5   DCEP      49.53
CK PUP    07 27 18.9 -25 47 08  14.1  13.2   CEP        7.41828
CM PUP    07 30 42.4 -20 27 07  15.5  14.4   DCEP       3.17337
CO PUP    08 26 12.0 -30 17 08  12.46 11.25  CWA       16.0192
EK PUP    07 41 49.7 -25 02 30  10.88 10.46  DCEPS      2.62594
HL PUP    08 11 10.8 -33 30 57  11.8  11.1   CEP        3.48250
HW PUP    07 57 42.2 -27 36 07  13.3  11.9   DCEP      13.454
KZ PUP    07 52 36.5 -17 23 01  12.8  11.3   RR
LL PUP    07 53 48.8 -30 27 37  12.3  11.2   CEP        5.07753
LQ PUP    07 56 12.5 -32 36 10  13.4  12.3   CEP        4.51722
LR PUP    07 57 03.7 -28 09 42  12.3  11.1   CEP        3.33124
LS PUP    07 58 59.2 -29 18 28  10.8   9.8   CEP       14.1464
MY PUP    07 38 18.2 -48 36 05   5.76  5.54  DCEPS      5.69482
NT PUP    07 58 46.3 -38 59 40  12.0  11.0   DCEP      15.565
OO PUP    07 33 38.8 -16 19 02  13.3  12.0   DCEP:
V335 PUP  07 56 57.7 -22 49 32   8.83  8.59  DCEPS
RV SCO    16 58 19.7 -33 36 33   7.49  6.61  DCEP       6.06133
RY SCO    17 50 52.3 -33 42 20   8.44  7.51  DCEP      20.31322
WY SCO    16 33 20.4 -26 11 15  14.5  13.2   CEP       12.9191
CQ SCO    17 49 54.9 -40 19 53  13.00 11.94  CWA       30.447
GW SCO    16 50 52.0 -27 58 22  13.24 12.90  CEP       21.47
KQ SCO    16 51 38.5 -45 25 36  10.29  9.34  DCEP      28.6896
V470 SCO  17 17 25.5 -37 19 08  11.37 10.48  DCEP      16.2615
V482 SCO  17 30 48.4 -33 36 36   8.30  7.63  DCEP       4.527807
V500 SCO  17 48 37.5 -30 28 33   9.13  8.40  DCEP       9.316863
V507 SCO  17 24 22.4 -44 16 50  15.3  13.7   CEP       11.7989
V549 SCO  17 51 00.5 -40 25 23  14.39 13.39  CWA       16.5483
V555 SCO  17 54 18.7 -41 42 50  14.59 13.51  CWA       15.6222
V567 SCO  16 49 50.7 -40 55 06  13.31 12.21  CEP       34.0483
V636 SCO  17 22 46.5 -45 36 51   6.92  6.40  DCEP       6.79671
V708 SCO  17 50 53.0 -34 35 10  14.6  13.3   CEP       27.178
V950 SCO  17 37 37.6 -40 48 49   7.40  7.07  DCEPS
X SCT     18 31 19.7 -13 06 29  10.42  9.50  DCEP       4.19807
Y SCT     18 38 03.0 -08 22 08  10.02  9.22  DCEP      10.341504
Z SCT     18 42 57.0 -05 49 15  10.16  9.05  DCEP      12.901325
RU SCT    18 41 56.0 -04 06 38  10.02  8.82  DCEP      19.70062
SS SCT    18 43 44.0 -07 43 52   8.43  7.90  DCEP       3.671253
SU SCT    18 52 52.1 -12 30 35  15.7  13.8   DCEP       1.467978
TY SCT    18 42 08.0 -04 17 37  11.25 10.31  DCEP      11.05302
UZ SCT    18 31 22.4 -12 55 43  11.76 10.79  DCEP      14.7442
BX SCT    18 50 09.0 -04 22 05  12.62 11.7   DCEP       6.41133
CK SCT    18 41 01.0 -06 05 50  10.88 10.30  DCEP       7.41522
CM SCT    18 42 27.0 -05 20 27  11.49 10.79  DCEP       3.916977
CN SCT    18 42 31.0 -04 19 50  12.78 12.13  DCEP       9.9923
EV SCT    18 36 40.0 -08 11 05  10.32  9.90  DCEPS      3.09099
EW SCT    18 37 51.0 -06 47 49   8.24  7.77  CEP(B)
V367 SCT  18 33 35.2 -10 25 38  11.91 11.21  CEP(B)     6.29307
V458 SCT  18 22 27.1 -10 07 29  11.5  10.5   CEP(B)
AA SER    18 41 21.8 -01 06 40  12.64 11.74  DCEP      17.1412
BQ SER    18 36 15.9 +04 23 54   9.93  9.21  CEP(B)     4.2709
CR SER    18 10 02.1 -13 32 46  11.32 10.50  DCEP       5.30141
DV SER    18 40 13.0 -02 23 03  17.3  15.7   DCEP      23.0639
S SGE     19 56 01.3 +16 38 05   6.04  5.24  DCEP       8.382086
DG SGE    19 40 35.2 +19 17 08  15.9  14.6   DCEP       4.43727
GX SGE    19 31 10.4 +19 15 25  12.92 11.82  DCEP      12.8996
GY SGE    19 35 13.6 +19 12 09  10.60  9.84  DCEP      51.0625
U SGR     18 31 53.3 -19 07 30   7.15  6.28  DCEP       6.745226
W SGR     18 05 01.2 -29 34 48   5.14  4.29  DCEP       7.59503
X SGR     17 47 33.6 -27 49 51   4.90  4.20  DCEP       7.01283
Y SGR     18 21 23.0 -18 51 36   6.24  5.25  DCEP       5.77335
VY SGR    18 12 04.6 -20 42 15  11.98 10.86  DCEP      13.5572
WZ SGR    18 16 59.7 -19 04 33   8.63  7.45  DCEP      21.849708
XX SGR    18 24 44.5 -16 47 50   9.28  8.41  CEP        6.424140
YZ SGR    18 49 28.6 -16 43 23   7.76  7.02  DCEP       9.553606
AP SGR    18 13 02.5 -23 07 02   7.41  6.52  DCEP       5.057875
AV SGR    18 04 48.8 -22 43 57  12.10 10.67  DCEP      15.415
AY SGR    18 23 19.1 -18 34 29  10.92 10.10  DCEP       6.56959
BB SGR    18 50 59.9 -20 17 43   7.30  6.55  DCEP       6.63699
EY SGR    19 37 22.6 -12 08 35  16.3  13.3   M        117.0
V350 SGR  18 45 17.5 -20 38 51   7.83  7.08  DCEP       5.15424
V773 SGR  17 54 18.  -26 45 32  12.72 12.00  DCEP       5.748445
V1004SGR  18 01 02.  -31 22 03  13.41 12.56  CWA       37.6375
V1185SGR  18 19 46.  -27 09 23  14.04 12.84  CWA       13.91246
V1290SGR  18 21 37.  -32 38 09  13.04 11.82  CWA       27.9516
V1711SGR  20 01 07.  -30 30 41  11.06 10.43  CWA       28.556
V1828SGR  18 13 33.  -26 23 44  13.62 12.71  DCEP      12.972
V1833SGR  18 15 52.  -31 07 10  15.8  13.1   CWA       48.87
V1954SGR  18 15 22.  -20 37 59  13.4  11.8   DCEP       6.1794489
V1996SGR  18 30 35.  -24 37 29  14.2  12.4   DCEP      18.15
V3820SGR  18 26 23.  -24 14 06  14.8  13.5   CEP:      14.        :
V4061SGR  18 56 18.  -27 30 09  14.0  12.9   CEP:      92.2
ST TAU    05 45 03.2 +13 34 35   8.62  7.79  DCEP       4.034299
SZ TAU    04 37 14.8 +18 32 35   6.75  6.33  DCEPS      3.14873
AE TAU    05 34 36.7 +26 12 09  13.5  12.5   CEP        3.89645
AV TAU    05 45 44.9 +27 04 05  14.0  13.0   DCEP       3.61581
EF TAU    05 43 31.8 +19 25 12  14.4  13.5   DCEP       3.44815
EU TAU    05 45 40.5 +18 39 25   8.25  7.90  DCEPS      2.10248
R TRA     15 19 45.7 -66 29 46   7.00  6.33  DCEP       3.389287
S TRA     16 01 10.7 -63 46 36   6.81  5.95  DCEP       6.32344
U TRA     16 07 19.0 -62 54 38   8.29  7.30  CEP(B)     2.568423
EN TRA    14 57 00.7 -68 50 23   9.1   8.7   CEP:      36.54
EW TRA    16 21 28.1 -61 31 21  16.0  15.1   CWA:      64.
LR TRA    15 30 49.8 -65 35 58   7.92  7.73  DCEPS
RX TUC    01 00 19.5 -72 38 39  16.7  15.5   DCEP       4.290777
SS TUC    01 01 49.5 -72 05 45  13.57 12.87  DCEP      49.684
SV TUC    01 03 12.3 -71 50 48  16.3  15.7   DCEP       5.584440
BE TUC    01 16 58.2 -73 43 11  14.65 13.62  DCEP      25.432997
BF TUC    01 17 53.0 -73 37 25  13.88 13.15  DCEP      22.646828
BH TUC    01 20 07.7 -72 54 19  14.58 13.57  DCEP      19.979036
BZ TUC    00 41 43.4 -73 43 24  12.44 11.53  DCEP     127.61
T VEL     08 37 40.8 -47 21 43   8.34  7.68  DCEP       4.63974
V VEL     09 22 16.2 -55 57 37   7.95  7.19  DCEP       4.370991
RY VEL    10 20 41.0 -55 19 17   8.89  7.86  DCEP      28.1357
RZ VEL    08 37 01.3 -44 06 53   7.64  6.42  DCEP      20.398240
ST VEL    08 44 55.9 -50 33 36  10.08  9.39  DCEP       5.8584249
SV VEL    10 44 56.3 -56 17 22   9.12  7.91  DCEP      14.09707
SW VEL    08 43 38.7 -47 24 11   8.96  7.44  DCEP      23.4410
SX VEL    08 44 53.5 -46 20 35   8.72  7.92  DCEP       9.54993
XX VEL    10 36 08.6 -56 02 36  11.22 10.25  DCEP       6.98457
AB VEL    10 19 52.1 -56 18 35  15.8  14.5   DCEP       6.24560
AE VEL    09 36 51.5 -53 01 58  10.73  9.88  DCEP       7.13357
AH VEL    08 12 00.0 -46 38 40   5.89  5.50  DCEPS      4.227171
AM VEL    08 35 37.1 -47 45 34  13.6  12.90: CEP        7.52326
AP VEL    08 39 45.8 -43 51 39  10.48  9.49  CEP(B)     3.12776
AX VEL    08 10 49.3 -47 41 55   8.48  7.93  CEP(B)     2.592891
BG VEL    09 08 15.7 -51 26 11   7.91  7.43  DCEP       6.923655
BH VEL    08 29 48.5 -41 13 26  13.5  13.1   DCEP       7.2008
BQ VEL    08 22 06.5 -47 18 14  15.1  14.0 : CEP        3.372462
CO VEL    08 29 41.3 -40 20 02  12.93 12.15  DCEP       4.27536
CP VEL    08 48 10.5 -48 39 33  13.8  13.1   DCEP       9.84226
CS VEL    09 41 10.3 -53 48 58  12.21 11.24  DCEP       5.90474
CX VEL    09 06 38.1 -52 21 27  13.3  12.36  DCEP       6.255425
DD VEL    09 12 09.6 -50 22 34  13.04 12.18  CWA       13.1948
DK VEL    09 17 16.7 -53 05 06  10.88 10.34  DCEP       2.48164
DP VEL    09 30 15.8 -53 03 31  12.20 11.51  DCEP       5.48438
EX VEL    09 20 01.5 -52 51 22  12.07 11.21  DCEP      13.2341
EZ VEL    09 25 07.4 -53 12 36  14.96 13.4   DCEP      34.5346
FG VEL    09 33 23.7 -52 45 21  12.13 11.54  DCEP       6.45320
FN VEL    09 48 41.5 -55 31 10  12.1  10.9   CEP        5.32422
S VUL     19 48 23.8 +27 17 11   9.42  8.69  DCEP      68.464
T VUL     20 51 28.3 +28 15 02   6.09  5.41  DCEP       4.435462
U VUL     19 36 37.7 +20 19 58   7.54  6.73  DCEP       7.990676
X VUL     19 57 28.6 +26 33 24   9.22  8.33  DCEP       6.319588
SV VUL    19 51 30.9 +27 27 38   7.79  6.72  DCEP      45.0121
AS VUL    19 47 46.  +27 54 24  12.71 11.76  DCEP      12.224726
BR VUL    19 46 36.  +22 53 13  12.8  11.8   DCEP       5.197170
DG VUL    19 58 39.  +27 40 24  11.87 10.73  CEP       13.60831
ET VUL    19 35 19.  +26 25 41  12.50 11.94  CWA       53.493
GQ VUL    19 47 59.  +26 00 01  14.10 13.03  DCEP      12.64387
NN VUL    19 29 55.  +25 14 55  15.0  13.82  CWA       30.87
