28 1000    56318.443       8.72041     -10.000      21         aq_car_0000   
28 1000    56318.443       8.70913     -10.000      21         aq_car_0000   
28 1000    56484.789       8.64939     -10.000      21         aq_car_0000   
28 1000    56484.789       8.64710     -10.000      21         aq_car_0000   
28 1000    56668.112       8.59006     -10.000      21         aq_car_0000   
28 1000    56668.112       8.58527     -10.000      21         aq_car_0000   
28 1000    56845.106       8.72600     -10.000      21         aq_car_0000   
28 1000    56845.106       8.72624     -10.000      21         aq_car_0000   
28 1000    57037.440       8.36241     -10.000      21         aq_car_0000   
28 1000    57037.440       8.35859     -10.000      21         aq_car_0000   
28 1000    56236.389       8.65641     -10.000      57         cd_cyg_0000   
28 1000    56236.389       8.65081     -10.000      57         cd_cyg_0000   
28 1000    56438.713       8.38268     -10.000      57         cd_cyg_0000   
28 1000    56438.713       8.38211     -10.000      57         cd_cyg_0000   
28 1000    56607.158       8.19695     -10.000      57         cd_cyg_0000   
28 1000    56607.158       8.19500     -10.000      57         cd_cyg_0000   
28 1000    56800.196       8.68500     -10.000      57         cd_cyg_0000   
28 1000    56800.196       8.68694     -10.000      57         cd_cyg_0000   
28 1000    56966.442       8.28974     -10.000      57         cd_cyg_0000   
28 1000    56966.442       8.28153     -10.000      57         cd_cyg_0000   
28 1000    56315.086       9.56503     -10.000      34         dd_cas_0000   
28 1000    56315.092       9.56783     -10.000      34         dd_cas_0000   
28 1000    56487.859       9.15011     -10.000      34         dd_cas_0000   
28 1000    56487.864       9.14754     -10.000      34         dd_cas_0000   
28 1000    56680.232       9.48068     -10.000      34         dd_cas_0000   
28 1000    56680.238       9.47892     -10.000      34        dd_cas_0000   
28 1000    56849.717       9.19912     -10.000      34        dd_cas_0000   
28 1000    56849.722       9.19721     -10.000      34        dd_cas_0000   
28 1000    57045.466       9.32788     -10.000      34        dd_cas_0000   
28 1000    57045.472       9.31096     -10.000      34        dd_cas_0000   
28 1000    56318.377       8.75065     -10.000      577        hw_car_0000   
28 1000    56318.377       8.74468     -10.000      577        hw_car_0000   
28 1000    56487.037       8.55030     -10.000      577        hw_car_0000   
28 1000    56487.037       8.55109     -10.000      577        hw_car_0000   
28 1000    56671.100       8.55707     -10.000      577        hw_car_0000   
28 1000    56671.100       8.55913     -10.000      577        hw_car_0000   
28 1000    56851.143       8.79154     -10.000      577        hw_car_0000   
28 1000    56851.143       8.79826     -10.000      577        hw_car_0000   
28 1000    57038.095       8.59654     -10.000      577        hw_car_0000   
28 1000    57038.095       8.59730     -10.000      577        hw_car_0000   
28 1000    56223.911       9.44692     -10.000      11        ss_cma_0000   
28 1000    56223.917       9.44293     -10.000      11        ss_cma_0000   
28 1000    56400.338       9.75588     -10.000      11        ss_cma_0000   
28 1000    56400.343       9.74702     -10.000      11        ss_cma_0000   
28 1000    56587.586       9.46476     -10.000      11        ss_cma_0000   
28 1000    56587.592       9.46484     -10.000      11        ss_cma_0000   
28 1000    56763.316       8.94123     -10.000      11        ss_cma_0000   
28 1000    56763.322       8.94050     -10.000      11        ss_cma_0000   
28 1000    56953.735       9.57897     -10.000      11        ss_cma_0000   
28 1000    56953.740       9.57843     -10.000      11        ss_cma_0000   
28 1000    56233.397       9.02711     -10.000      52        sz_cyg_0000   
28 1000    56233.403       9.02735     -10.000      52        sz_cyg_0000   
28 1000    56438.045       8.42935     -10.000      52        sz_cyg_0000   
28 1000    56438.051       8.42643     -10.000      52        sz_cyg_0000   
28 1000    56598.249       9.13120     -10.000      52        sz_cyg_0000   
28 1000    56802.781       8.58674     -10.000      52        sz_cyg_0000   
28 1000    56802.786       8.59471     -10.000      52        sz_cyg_0000   
28 1000    56963.524       8.94054     -10.000      52          sz_cyg_0000   
28 1000    56963.530       8.93502     -10.000      52          sz_cyg_0000   
28 1000    56330.936       8.46857     -10.000      82          vx_per_0000   
28 1000    56330.942       8.47031     -10.000      82          vx_per_0000   
28 1000    56532.679       9.05883     -10.000      82          vx_per_0000   
28 1000    56532.684       9.05420     -10.000      82          vx_per_0000   
28 1000    56697.025       8.87987     -10.000      82          vx_per_0000   
28 1000    56697.030       8.88157     -10.000      82          vx_per_0000   
28 1000    56886.763       8.61275     -10.000      82          vx_per_0000   
28 1000    56886.769       8.60154     -10.000      82          vx_per_0000   
28 1000    57062.504       8.79326     -10.000      82          vx_per_0000   
28 1000    57062.509       8.79070     -10.000      82          vx_per_0000   
28 1000    56146.782       8.91974     -10.000      18          xy_car_0000   
28 1000    56146.787       8.92336     -10.000      18          xy_car_0000   
28 1000    56318.243       9.12959     -10.000      18          xy_car_0000   
28 1000    56318.249       9.12234     -10.000      18          xy_car_0000   
28 1000    56512.190       8.58816     -10.000      18          xy_car_0000   
28 1000    56512.196       8.59523     -10.000      18          xy_car_0000   
28 1000    56682.848       8.72085     -10.000      18          xy_car_0000   
28 1000    56682.853       8.70782     -10.000      18          xy_car_0000   
28 1000    56876.381       9.00533     -10.000      18          xy_car_0000   
28 1000    56876.386       9.00697     -10.000      18          xy_car_0000   
28 1000    56325.556       7.98319     -10.000      19          xz_car_0000   
28 1000    56325.556       7.98936     -10.000      19          xz_car_0000   
28 1000    56530.983       8.46556     -10.000      19          xz_car_0000   
28 1000    56530.983       8.45153     -10.000      19          xz_car_0000   
28 1000    56691.748       8.00575     -10.000      19          xz_car_0000   
28 1000    56691.748       8.00372     -10.000      19          xz_car_0000   
28 1000    56894.094       8.21163     -10.000      19          xz_car_0000   
28 1000    56894.094       8.20450     -10.000      19          xz_car_0000   
28 1000    57052.789       7.59727     -10.000      19          xz_car_0000   
28 1000    57052.789       7.61289     -10.000      19          xz_car_0000   
28 1000    56203.867       9.07431     -10.000      105          z_sct_0000    
28 1000    56203.873       9.07278     -10.000      105          z_sct_0000    
28 1000    56385.874       8.75448     -10.000      105          z_sct_0000    
28 1000    56385.880       8.75335     -10.000      105          z_sct_0000    
28 1000    56567.423       8.60355     -10.000      105          z_sct_0000    
28 1000    56567.429       8.59746     -10.000      105          z_sct_0000    
28 1000    56748.742       8.68669     -10.000      105          z_sct_0000    
28 1000    56748.747       8.69185     -10.000      105          z_sct_0000    
28 1000    56933.527       9.14943     -10.000      105          z_sct_0000    
28 1000    56933.533       9.13906     -10.000      105          z_sct_0000    
28 1000    56231.297       7.88340     -10.000      88          aq_pup_0000   
28 1000    56231.302       7.88385     -10.000      88          aq_pup_0000   
28 1000    56400.804       7.46170     -10.000      88          aq_pup_0000   
28 1000    56400.810       7.45384     -10.000      88          aq_pup_0000   
28 1000    56598.746       8.10468     -10.000      88          aq_pup_0000   
28 1000    56598.752       8.09955     -10.000      88          aq_pup_0000   
28 1000    56764.378       7.49825     -10.000      88          aq_pup_0000   
28 1000    56764.383       7.49675     -10.000      88          aq_pup_0000   
28 1000    56962.825       8.13619     -10.000      88          aq_pup_0000   
28 1000    56962.830       8.13110     -10.000      88          aq_pup_0000  
